20
180.0
0;0;1;68.796;106.900
0;1;0;23.796;6.900
1;0;1;66.136;119.140
1;1;0;21.136;19.140
2;0;2;94.491;91.370
2;2;0;49.491;1.220
3;0;3;67.688;91.830
3;3;0;22.688;10.270
4;0;3;68.201;89.770
4;3;0;23.201;8.210
5;0;4;75.107;85.970
5;4;0;30.107;6.800
6;0;5;67.496;101.340
6;5;0;22.496;22.850
7;0;5;67.588;92.130
7;5;0;22.588;13.640
8;0;5;63.183;83.210
8;5;0;18.183;4.720
9;0;6;73.285;76.350
9;6;0;28.285;2.680
10;0;6;75.249;75.790
10;6;0;30.249;2.120
11;0;7;53.647;96.880
11;7;0;8.647;23.630
12;0;8;77.509;89.470
12;8;0;32.509;17.360
13;0;8;71.427;94.870
13;8;0;26.427;22.760
14;0;8;80.380;85.020
14;8;0;35.380;12.910
15;0;9;62.194;73.060
15;9;0;17.194;3.240
16;0;10;90.309;79.620
16;10;0;45.309;10.030
17;0;10;84.566;84.770
17;10;0;39.566;15.180
18;0;10;80.594;74.050
18;10;0;35.594;4.460
19;0;11;81.549;87.420
19;11;0;36.549;18.120
20;0;11;90.038;73.700
20;11;0;45.038;4.400
21;0;12;63.196;87.450
21;12;0;18.196;18.930
22;0;12;66.662;90.850
22;12;0;21.662;22.330
23;0;12;60.413;76.030
23;12;0;15.413;7.510
24;0;13;76.387;84.080
24;13;0;31.387;15.850
25;0;13;74.014;79.340
25;13;0;29.014;11.110
26;0;14;72.562;88.620
26;14;0;27.562;21.490
27;0;14;76.622;77.750
27;14;0;31.622;10.620
28;0;15;64.222;65.980
28;15;0;19.222;0.320
29;0;15;65.907;83.120
29;15;0;20.907;17.460
30;0;15;62.511;88.630
30;15;0;17.511;22.970
31;0;16;54.829;71.770
31;16;0;9.829;6.310
32;0;17;138.673;74.440
32;17;0;93.673;10.330
33;0;18;94.508;80.070
33;18;0;49.508;17.020
34;0;18;96.392;68.050
34;18;0;51.392;5.000
35;0;19;0.000;17.050
35;19;0;0.000;17.050
36;0;19;0.000;17.540
36;19;0;0.000;17.540
37;0;19;0.000;7.310
37;19;0;0.000;7.310
38;1;2;110.336;90.940
38;2;1;110.336;100.790
39;1;3;91.481;105.900
39;3;1;91.481;124.340
40;1;4;89.354;80.990
40;4;1;89.354;101.820
41;1;4;96.451;84.910
41;4;1;96.451;105.740
42;1;5;90.080;101.620
42;5;1;90.080;123.130
43;1;6;51.988;82.420
43;6;1;51.988;108.750
44;1;6;51.893;96.410
44;6;1;51.893;122.740
45;1;7;76.730;84.030
45;7;1;76.730;110.780
46;1;8;100.131;78.970
46;8;1;100.131;106.860
47;1;9;84.892;81.380
47;9;1;84.892;111.560
48;1;9;76.105;79.120
48;9;1;76.105;109.300
49;1;10;113.670;94.300
49;10;1;113.670;124.710
50;1;11;91.542;90.100
50;11;1;91.542;120.800
51;1;12;84.989;78.390
51;12;1;84.989;109.870
52;1;13;53.115;77.780
52;13;1;53.115;109.550
53;1;14;86.226;71.310
53;14;1;86.226;104.180
54;1;15;64.619;86.070
54;15;1;64.619;120.410
55;1;15;64.329;80.240
55;15;1;64.329;114.580
56;1;16;74.708;82.330
56;16;1;74.708;116.870
57;1;16;77.566;74.690
57;16;1;77.566;109.230
58;1;16;77.478;78.280
58;16;1;77.478;112.820
59;1;17;142.123;64.140
59;17;1;142.123;100.030
60;1;18;95.417;78.490
60;18;1;95.417;115.440
61;1;19;23.796;17.240
61;19;1;68.796;117.240
62;1;19;18.873;6.650
62;19;1;63.873;106.650
63;2;3;86.520;103.410
63;3;2;86.520;112.000
64;2;3;81.254;85.400
64;3;2;81.254;93.990
65;2;3;85.829;95.310
65;3;2;85.829;103.900
66;2;4;65.984;84.930
66;4;2;65.984;95.910
67;2;4;61.355;79.620
67;4;2;61.355;90.600
68;2;4;63.046;104.090
68;4;2;63.046;115.070
69;2;5;77.528;97.560
69;5;2;77.528;109.220
70;2;5;83.138;103.140
70;5;2;83.138;114.800
71;2;6;117.069;96.650
71;6;2;117.069;113.130
72;2;7;87.276;97.330
72;7;2;87.276;114.230
73;2;7;91.575;95.670
73;7;2;91.575;112.570
74;2;8;74.022;90.010
74;8;2;74.022;108.050
75;2;8;66.949;84.330
75;8;2;66.949;102.370
76;2;9;80.845;77.900
76;9;2;80.845;98.230
77;2;10;80.955;91.370
77;10;2;80.955;111.930
78;2;10;86.863;87.580
78;10;2;86.863;108.140
79;2;10;87.004;83.200
79;10;2;87.004;103.760
80;2;11;66.570;86.070
80;11;2;66.570;106.920
81;2;12;78.322;81.140
81;12;2;78.322;102.770
82;2;13;114.299;84.880
82;13;2;114.299;106.800
83;2;13;110.045;89.270
83;13;2;110.045;111.190
84;2;14;69.109;83.450
84;14;2;69.109;106.470
85;2;14;69.044;89.840
85;14;2;69.044;112.860
86;2;14;70.606;72.070
86;14;2;70.606;95.090
87;2;15;113.662;84.170
87;15;2;113.662;108.660
88;2;15;100.851;89.710
88;15;2;100.851;114.200
89;2;15;115.665;80.880
89;15;2;115.665;105.370
90;2;16;84.694;77.610
90;16;2;84.694;102.300
91;2;17;102.209;86.790
91;17;2;102.209;112.830
92;2;17;106.802;75.960
92;17;2;106.802;102.000
93;2;18;81.911;73.980
93;18;2;81.911;101.080
94;2;18;77.481;72.930
94;18;2;77.481;100.030
95;2;19;49.491;18.830
95;19;2;94.491;108.980
96;2;19;58.332;10.880
96;19;2;103.332;101.030
97;2;19;37.440;5.610
97;19;2;82.440;95.760
98;3;4;75.314;84.980
98;4;3;75.314;87.370
99;3;4;70.058;86.720
99;4;3;70.058;89.110
100;3;4;77.615;90.990
100;4;3;77.615;93.380
101;3;5;54.749;101.000
101;5;3;54.749;104.070
102;3;5;53.316;84.290
102;5;3;53.316;87.360
103;3;5;56.646;80.520
103;5;3;56.646;83.590
104;3;6;95.763;88.710
104;6;3;95.763;96.600
105;3;7;60.381;94.600
105;7;3;60.381;102.910
106;3;8;59.400;92.600
106;8;3;59.400;102.050
107;3;8;58.118;79.170
107;8;3;58.118;88.620
108;3;9;55.323;73.570
108;9;3;55.323;85.310
109;3;9;56.397;75.920
109;9;3;56.397;87.660
110;3;9;52.808;74.710
110;9;3;52.808;86.450
111;3;10;68.621;75.450
111;10;3;68.621;87.420
112;3;10;67.006;71.770
112;10;3;67.006;83.740
113;3;11;84.488;92.940
113;11;3;84.488;105.200
114;3;11;82.082;86.200
114;11;3;82.082;98.460
115;3;11;83.595;72.980
115;11;3;83.595;85.240
116;3;12;57.858;80.810
116;12;3;57.858;93.850
117;3;12;54.775;73.780
117;12;3;54.775;86.820
118;3;13;98.965;78.080
118;13;3;98.965;91.410
119;3;13;86.431;73.710
119;13;3;86.431;87.040
120;3;13;103.901;72.150
120;13;3;103.901;85.480
121;3;14;74.821;75.310
121;14;3;74.821;89.740
122;3;14;75.956;83.750
122;14;3;75.956;98.180
123;3;15;82.763;77.680
123;15;3;82.763;93.580
124;3;15;87.732;78.350
124;15;3;87.732;94.250
125;3;15;89.872;89.810
125;15;3;89.872;105.710
126;3;16;64.811;71.500
126;16;3;64.811;87.600
127;3;16;61.467;84.450
127;16;3;61.467;100.550
128;3;17;140.389;81.990
128;17;3;140.389;99.440
129;3;17;133.760;84.720
129;17;3;133.760;102.170
130;3;18;103.016;67.130
130;18;3;103.016;85.640
131;3;19;22.688;1.360
131;19;3;67.688;82.920
132;3;19;19.472;16.820
132;19;3;64.472;98.380
133;4;5;65.740;95.010
133;5;4;65.740;95.690
134;4;5;70.117;80.070
134;5;4;70.117;80.750
135;4;5;69.619;98.990
135;5;4;69.619;99.670
136;4;6;96.088;93.120
136;6;4;96.088;98.620
137;4;6;87.955;77.090
137;6;4;87.955;82.590
138;4;6;87.609;97.310
138;6;4;87.609;102.810
139;4;7;69.444;76.370
139;7;4;69.444;82.290
140;4;7;69.450;77.200
140;7;4;69.450;83.120
141;4;7;68.809;81.550
141;7;4;68.809;87.470
142;4;8;69.601;75.190
142;8;4;69.601;82.250
143;4;8;67.073;73.810
143;8;4;67.073;80.870
144;4;9;66.053;85.060
144;9;4;66.053;94.410
145;4;10;82.998;73.730
145;10;4;82.998;83.310
146;4;10;79.510;94.120
146;10;4;79.510;103.700
147;4;10;85.867;69.930
147;10;4;85.867;79.510
148;4;11;54.238;83.270
148;11;4;54.238;93.140
149;4;12;63.125;89.520
149;12;4;63.125;100.170
150;4;12;67.418;72.390
150;12;4;67.418;83.040
151;4;12;67.576;74.560
151;12;4;67.576;85.210
152;4;13;93.521;77.670
152;13;4;93.521;88.610
153;4;14;48.134;89.830
153;14;4;48.134;101.870
154;4;14;47.553;77.730
154;14;4;47.553;89.770
155;4;15;93.824;84.900
155;15;4;93.824;98.410
156;4;16;65.413;86.490
156;16;4;65.413;100.200
157;4;16;66.587;79.190
157;16;4;66.587;92.900
158;4;16;65.699;81.540
158;16;4;65.699;95.250
159;4;17;110.940;81.740
159;17;4;110.940;96.800
160;4;18;73.717;64.830
160;18;4;73.717;80.950
161;4;18;72.712;66.270
161;18;4;72.712;82.390
162;4;19;30.107;22.330
162;19;4;75.107;101.500
163;4;19;33.483;4.360
163;19;4;78.483;83.530
164;5;6;95.384;94.300
164;6;5;95.384;99.120
165;5;7;58.852;96.630
165;7;5;58.852;101.870
166;5;7;62.284;91.300
166;7;5;62.284;96.540
167;5;8;55.085;75.510
167;8;5;55.085;81.890
168;5;8;54.792;90.800
168;8;5;54.792;97.180
169;5;8;56.824;88.410
169;8;5;56.824;94.790
170;5;9;50.307;72.650
170;9;5;50.307;81.320
171;5;9;49.719;81.460
171;9;5;49.719;90.130
172;5;9;48.988;88.310
172;9;5;48.988;96.980
173;5;10;68.888;73.360
173;10;5;68.888;82.260
174;5;10;68.816;90.650
174;10;5;68.816;99.550
175;5;10;69.934;89.570
175;10;5;69.934;98.470
176;5;11;74.967;87.920
176;11;5;74.967;97.110
177;5;12;50.468;83.200
177;12;5;50.468;93.170
178;5;12;51.466;89.730
178;12;5;51.466;99.700
179;5;12;51.044;92.260
179;12;5;51.044;102.230
180;5;13;96.814;92.950
180;13;5;96.814;103.210
181;5;13;93.667;76.230
181;13;5;93.667;86.490
182;5;14;65.552;77.920
182;14;5;65.552;89.280
183;5;14;65.152;88.060
183;14;5;65.152;99.420
184;5;14;65.754;76.950
184;14;5;65.754;88.310
185;5;15;85.599;87.590
185;15;5;85.599;100.420
186;5;16;60.606;72.660
186;16;5;60.606;85.690
187;5;16;61.002;82.540
187;16;5;61.002;95.570
188;5;17;130.650;68.910
188;17;5;130.650;83.290
189;5;17;133.276;73.500
189;17;5;133.276;87.880
190;5;18;93.924;68.910
190;18;5;93.924;84.350
191;5;19;22.496;15.250
191;19;5;67.496;93.740
192;6;7;81.692;85.710
192;7;6;81.692;86.130
193;6;8;105.469;96.130
193;8;6;105.469;97.690
194;6;8;119.917;95.470
194;8;6;119.917;97.030
195;6;9;90.108;86.490
195;9;6;90.108;90.340
196;6;10;118.587;78.830
196;10;6;118.587;82.910
197;6;11;98.504;84.620
197;11;6;98.504;88.990
198;6;12;90.512;80.890
198;12;6;90.512;86.040
199;6;13;54.760;76.030
199;13;6;54.760;81.470
200;6;14;92.972;67.950
200;14;6;92.972;74.490
201;6;15;63.721;90.300
201;15;6;63.721;98.310
202;6;16;80.398;79.680
202;16;6;80.398;87.890
203;6;16;84.180;75.480
203;16;6;84.180;83.690
204;6;17;148.777;73.950
204;17;6;148.777;83.510
205;6;17;160.928;88.030
205;17;6;160.928;97.590
206;6;17;128.675;79.250
206;17;6;128.675;88.810
207;6;18;102.108;75.060
207;18;6;102.108;85.680
208;6;19;28.285;11.810
208;19;6;73.285;85.480
209;6;19;28.795;12.410
209;19;6;73.795;86.080
210;6;19;33.112;0.180
210;19;6;78.112;73.850
211;7;8;68.885;96.120
211;8;7;68.885;97.260
212;7;8;73.007;77.130
212;8;7;73.007;78.270
213;7;9;53.547;93.040
213;9;7;53.547;96.470
214;7;10;81.967;86.390
214;10;7;81.967;90.050
215;7;11;77.233;85.100
215;11;7;77.233;89.050
216;7;11;70.233;90.530
216;11;7;70.233;94.480
217;7;11;81.379;89.110
217;11;7;81.379;93.060
218;7;12;54.733;82.300
218;12;7;54.733;87.030
219;7;12;54.144;73.340
219;12;7;54.144;78.070
220;7;12;52.518;85.160
220;12;7;52.518;89.890
221;7;13;83.904;77.010
221;13;7;83.904;82.030
222;7;13;80.938;91.360
222;13;7;80.938;96.380
223;7;14;67.457;68.970
223;14;7;67.457;75.090
224;7;14;71.774;71.550
224;14;7;71.774;77.670
225;7;15;72.272;88.040
225;15;7;72.272;95.630
226;7;16;50.626;72.420
226;16;7;50.626;80.210
227;7;16;51.558;67.450
227;16;7;51.558;75.240
228;7;17;134.874;78.080
228;17;7;134.874;87.220
229;7;17;127.599;83.640
229;17;7;127.599;92.780
230;7;17;128.074;77.340
230;17;7;128.074;86.480
231;7;18;92.906;72.810
231;18;7;92.906;83.010
232;7;18;104.171;64.770
232;18;7;104.171;74.970
233;7;18;82.086;81.070
233;18;7;82.086;91.270
234;7;19;8.647;7.910
234;19;7;53.647;81.160
235;8;9;60.372;83.370
235;9;8;60.372;85.660
236;8;9;60.914;83.390
236;9;8;60.914;85.680
237;8;9;61.130;74.510
237;9;8;61.130;76.800
238;8;10;59.501;93.440
238;10;8;59.501;95.960
239;8;10;56.381;77.950
239;10;8;56.381;80.470
240;8;10;55.880;71.020
240;10;8;55.880;73.540
241;8;11;78.419;82.880
241;11;8;78.419;85.690
242;8;12;60.208;90.480
242;12;8;60.208;94.070
243;8;12;56.585;84.130
243;12;8;56.585;87.720
244;8;13;106.754;72.940
244;13;8;106.754;76.820
245;8;13;95.580;92.130
245;13;8;95.580;96.010
246;8;13;101.725;85.580
246;13;8;101.725;89.460
247;8;14;70.644;74.270
247;14;8;70.644;79.250
248;8;14;76.214;72.620
248;14;8;76.214;77.600
249;8;15;95.168;88.340
249;15;8;95.168;94.790
250;8;16;70.526;78.800
250;16;8;70.526;85.450
251;8;16;66.126;73.740
251;16;8;66.126;80.390
252;8;17;130.235;77.750
252;17;8;130.235;85.750
253;8;17;124.035;83.620
253;17;8;124.035;91.620
254;8;18;98.228;80.380
254;18;8;98.228;89.440
255;8;18;109.800;69.530
255;18;8;109.800;78.590
256;8;18;107.157;63.240
256;18;8;107.157;72.300
257;8;19;32.509;0.430
257;19;8;77.509;72.540
258;8;19;30.290;7.780
258;19;8;75.290;79.890
259;8;19;28.697;6.420
259;19;8;73.697;78.530
260;9;10;73.859;82.040
260;10;9;73.859;82.270
261;9;11;74.973;77.750
261;11;9;74.973;78.270
262;9;11;67.986;73.450
262;11;9;67.986;73.970
263;9;11;77.111;78.360
263;11;9;77.111;78.880
264;9;12;47.930;80.750
264;12;9;47.930;82.050
265;9;12;47.799;81.430
265;12;9;47.799;82.730
266;9;13;91.758;88.130
266;13;9;91.758;89.720
267;9;13;95.207;75.190
267;13;9;95.207;76.780
268;9;13;82.515;88.580
268;13;9;82.515;90.170
269;9;14;65.072;67.190
269;14;9;65.072;69.880
270;9;15;80.483;86.800
270;15;9;80.483;90.960
271;9;15;77.870;77.170
271;15;9;77.870;81.330
272;9;16;55.748;88.610
272;16;9;55.748;92.970
273;9;16;56.131;83.920
273;16;9;56.131;88.280
274;9;16;57.566;84.010
274;16;9;57.566;88.370
275;9;17;131.899;79.590
275;17;9;131.899;85.300
276;9;17;126.623;77.110
276;17;9;126.623;82.820
277;9;18;92.930;70.430
277;18;9;92.930;77.200
278;9;18;99.672;63.500
278;18;9;99.672;70.270
279;9;19;17.194;8.270
279;19;9;62.194;78.090
280;9;19;18.831;6.090
280;19;9;63.831;75.910
281;9;19;16.288;14.550
281;19;9;61.288;84.370
282;10;11;91.181;79.930
282;11;10;91.181;80.220
283;10;11;90.297;92.160
283;11;10;90.297;92.450
284;10;12;74.303;82.800
284;12;10;74.303;83.870
285;10;13;120.617;90.540
285;13;10;120.617;91.900
286;10;13;120.503;72.560
286;13;10;120.503;73.920
287;10;14;84.493;67.470
287;14;10;84.493;69.930
288;10;14;89.744;72.050
288;14;10;89.744;74.510
289;10;15;106.384;82.230
289;15;10;106.384;86.160
290;10;15;111.574;73.610
290;15;10;111.574;77.540
291;10;15;119.973;73.350
291;15;10;119.973;77.280
292;10;16;84.479;77.650
292;16;10;84.479;81.780
293;10;17;138.102;66.520
293;17;10;138.102;72.000
294;10;17;124.402;86.600
294;17;10;124.402;92.080
295;10;17;153.440;71.510
295;17;10;153.440;76.990
296;10;18;110.986;71.830
296;18;10;110.986;78.370
297;10;18;104.399;85.580
297;18;10;104.399;92.120
298;10;19;45.309;13.530
298;19;10;90.309;83.120
299;11;12;72.071;72.280
299;12;11;72.071;73.060
300;11;12;74.346;87.480
300;12;11;74.346;88.260
301;11;12;72.127;69.900
301;12;11;72.127;70.680
302;11;13;94.291;68.460
302;13;11;94.291;69.530
303;11;13;82.067;73.360
303;13;11;82.067;74.430
304;11;14;54.975;87.230
304;14;11;54.975;89.400
305;11;14;55.027;86.370
305;14;11;55.027;88.540
306;11;14;53.366;69.880
306;14;11;53.366;72.050
307;11;15;99.245;75.050
307;15;11;99.245;78.690
308;11;15;102.478;67.060
308;15;11;102.478;70.700
309;11;15;91.487;85.440
309;15;11;91.487;89.080
310;11;16;72.463;88.760
310;16;11;72.463;92.600
311;11;16;76.287;82.270
311;16;11;76.287;86.110
312;11;17;102.641;87.830
312;17;11;102.641;93.020
313;11;17;112.807;77.910
313;17;11;112.807;83.100
314;11;17;98.606;83.670
314;17;11;98.606;88.860
315;11;18;64.858;80.130
315;18;11;64.858;86.380
316;11;18;62.015;71.920
316;18;11;62.015;78.170
317;11;19;36.549;5.960
317;19;11;81.549;75.260
318;11;19;31.348;16.400
318;19;11;76.348;85.700
319;12;13;91.546;82.930
319;13;12;91.546;83.220
320;12;13;96.774;72.840
320;13;12;96.774;73.130
321;12;14;62.198;76.300
321;14;12;62.198;77.690
322;12;14;62.461;90.680
322;14;12;62.461;92.070
323;12;15;82.002;77.070
323;15;12;82.002;79.930
324;12;15;83.144;70.090
324;15;12;83.144;72.950
325;12;16;55.322;76.130
325;16;12;55.322;79.190
326;12;17;128.972;88.530
326;17;12;128.972;92.940
327;12;17;143.479;76.970
327;17;12;143.479;81.380
328;12;17;110.076;76.470
328;17;12;110.076;80.880
329;12;18;90.195;79.180
329;18;12;90.195;84.650
330;12;18;81.467;85.030
330;18;12;81.467;90.500
331;12;19;18.196;0.400
331;19;12;63.196;68.920
332;12;19;18.354;5.100
332;19;12;63.354;73.620
333;12;19;19.460;1.540
333;19;12;64.460;70.060
334;13;14;90.399;79.050
334;14;13;90.399;80.150
335;13;14;82.711;80.090
335;14;13;82.711;81.190
336;13;14;84.931;85.560
336;14;13;84.931;86.660
337;13;15;72.076;86.200
337;15;13;72.076;88.770
338;13;16;81.232;83.330
338;16;13;81.232;86.100
339;13;16;72.355;77.570
339;16;13;72.355;80.340
340;13;16;79.123;67.990
340;16;13;79.123;70.760
341;13;17;141.250;80.200
341;17;13;141.250;84.320
342;13;18;94.934;71.860
342;18;13;94.934;77.040
343;13;18;85.786;78.130
343;18;13;85.786;83.310
344;13;18;92.648;73.110
344;18;13;92.648;78.290
345;13;19;31.387;14.310
345;19;13;76.387;82.540
346;13;19;31.403;1.820
346;19;13;76.403;70.050
347;13;19;37.148;11.570
347;19;13;82.148;79.800
348;14;15;91.063;89.460
348;15;14;91.063;90.930
349;14;15;86.780;76.810
349;15;14;86.780;78.280
350;14;15;101.759;86.510
350;15;14;101.759;87.980
351;14;16;63.034;73.720
351;16;14;63.034;75.390
352;14;16;65.495;70.660
352;16;14;65.495;72.330
353;14;17;112.493;77.150
353;17;14;112.493;80.170
354;14;17;127.681;84.270
354;17;14;127.681;87.290
355;14;17;101.528;66.500
355;17;14;101.528;69.520
356;14;18;73.380;85.560
356;18;14;73.380;89.640
357;14;18;78.450;76.160
357;18;14;78.450;80.240
358;14;18;78.206;84.620
358;18;14;78.206;88.700
359;14;19;27.562;21.400
359;19;14;72.562;88.530
360;14;19;31.527;9.220
360;19;14;76.527;76.350
361;15;16;73.971;70.930
361;16;15;73.971;71.130
362;15;16;72.973;71.610
362;16;15;72.973;71.810
363;15;17;154.833;69.090
363;17;15;154.833;70.640
364;15;17;152.289;64.620
364;17;15;152.289;66.170
365;15;17;140.202;83.560
365;17;15;140.202;85.110
366;15;18;108.856;86.920
366;18;15;108.856;89.530
367;15;19;19.222;9.100
367;19;15;64.222;74.760
368;15;19;15.634;19.710
368;19;15;60.634;85.370
369;15;19;23.475;23.600
369;19;15;68.475;89.260
370;16;17;130.017;72.480
370;17;16;130.017;73.830
371;16;17;112.877;66.070
371;17;16;112.877;67.420
372;16;17;135.671;80.590
372;17;16;135.671;81.940
373;16;18;87.406;71.150
373;18;16;87.406;73.560
374;16;19;9.829;2.740
374;19;16;54.829;68.200
375;16;19;7.920;12.440
375;19;16;52.920;77.900
376;17;18;91.711;73.670
376;18;17;91.711;74.730
377;17;18;80.579;79.410
377;18;17;80.579;80.470
378;17;19;93.673;6.500
378;19;17;138.673;70.610
379;17;19;81.026;15.620
379;19;17;126.026;79.730
380;17;19;112.523;22.520
380;19;17;157.523;86.630
381;18;19;49.508;13.140
381;19;18;94.508;76.190
382;18;19;55.728;15.050
382;19;18;100.728;78.100
