20
300.0
0;0;1;94.491;107.060
0;1;0;49.491;10.760
1;0;1;101.571;108.890
1;1;0;56.571;12.590
2;0;1;91.039;120.290
2;1;0;46.039;23.990
3;0;2;53.647;102.570
3;2;0;8.647;13.400
4;0;2;54.949;104.190
4;2;0;9.949;15.020
5;0;2;53.609;92.600
5;2;0;8.609;3.430
6;0;3;73.285;108.020
6;3;0;28.285;19.080
7;0;3;71.039;112.770
7;3;0;26.039;23.830
8;0;4;81.549;98.480
8;4;0;36.549;12.560
9;0;4;88.599;99.620
9;4;0;43.599;13.700
10;0;5;75.107;86.570
10;5;0;30.107;3.550
11;0;5;70.751;87.990
11;5;0;25.751;4.970
12;0;6;62.194;94.460
12;6;0;17.194;14.300
13;0;6;63.053;95.190
13;6;0;18.053;15.030
14;0;7;90.309;84.440
14;7;0;45.309;4.840
15;0;7;79.965;101.440
15;7;0;34.965;21.840
16;0;8;77.509;87.050
16;8;0;32.509;7.610
17;0;9;68.796;90.840
17;9;0;23.796;12.810
18;0;9;64.200;95.200
18;9;0;19.200;17.170
19;0;9;68.961;79.260
19;9;0;23.961;1.230
20;0;10;67.688;89.590
20;10;0;22.688;12.480
21;0;10;70.754;100.620
21;10;0;25.754;23.510
22;0;11;64.222;86.140
22;11;0;19.222;9.120
23;0;12;76.387;82.770
23;12;0;31.387;6.660
24;0;13;72.562;87.000
24;13;0;27.562;13.430
25;0;14;124.572;79.250
25;14;0;79.572;6.890
26;0;14;108.605;88.410
26;14;0;63.605;16.050
27;0;14;138.870;88.600
27;14;0;93.870;16.240
28;0;15;116.350;80.730
28;15;0;71.350;10.640
29;0;15;116.445;75.700
29;15;0;71.445;5.610
30;0;16;94.508;93.930
30;16;0;49.508;24.870
31;0;17;119.442;78.500
31;17;0;74.442;10.670
32;0;17;129.585;86.680
32;17;0;84.585;18.850
33;0;18;138.673;70.170
33;18;0;93.673;3.870
34;0;18;135.307;88.680
34;18;0;90.307;22.380
35;0;19;0.000;16.610
35;19;0;0.000;16.610
36;0;19;0.000;10.420
36;19;0;0.000;10.420
37;0;19;0.000;22.230
37;19;0;0.000;22.230
38;1;2;87.276;110.490
38;2;1;87.276;117.620
39;1;2;95.401;108.860
39;2;1;95.401;115.990
40;1;2;82.362;92.570
40;2;1;82.362;99.700
41;1;3;117.069;109.670
41;3;1;117.069;117.030
42;1;3;125.835;112.050
42;3;1;125.835;119.410
43;1;4;66.570;105.810
43;4;1;66.570;116.190
44;1;4;68.992;102.410
44;4;1;68.992;112.790
45;1;4;67.589;97.660
45;4;1;67.589;108.040
46;1;5;65.984;85.940
46;5;1;65.984;99.220
47;1;5;69.417;101.810
47;5;1;69.417;115.090
48;1;5;63.709;92.320
48;5;1;63.709;105.600
49;1;6;80.845;81.210
49;6;1;80.845;97.350
50;1;6;84.128;80.420
50;6;1;84.128;96.560
51;1;6;75.741;96.600
51;6;1;75.741;112.740
52;1;7;80.955;92.790
52;7;1;80.955;109.490
53;1;7;73.764;88.120
53;7;1;73.764;104.820
54;1;7;73.281;85.230
54;7;1;73.281;101.930
55;1;8;74.022;100.480
55;8;1;74.022;117.340
56;1;9;110.336;98.120
56;9;1;110.336;116.390
57;1;9;109.482;79.750
57;9;1;109.482;98.020
58;1;10;86.520;92.840
58;10;1;86.520;112.030
59;1;11;113.662;86.480
59;11;1;113.662;105.760
60;1;11;98.674;93.670
60;11;1;98.674;112.950
61;1;11;112.863;87.500
61;11;1;112.863;106.780
62;1;12;114.299;97.490
62;12;1;114.299;117.680
63;1;12;120.361;89.830
63;12;1;120.361;110.020
64;1;12;109.886;79.680
64;12;1;109.886;99.870
65;1;13;69.109;96.280
65;13;1;69.109;119.010
66;1;13;63.407;90.360
66;13;1;63.407;113.090
67;1;14;96.851;84.720
67;14;1;96.851;108.660
68;1;14;103.457;97.030
68;14;1;103.457;120.970
69;1;14;96.224;73.940
69;14;1;96.224;97.880
70;1;15;79.185;93.450
70;15;1;79.185;119.660
71;1;16;81.911;85.270
71;16;1;81.911;112.510
72;1;17;97.504;74.420
72;17;1;97.504;102.890
73;1;18;102.209;75.960
73;18;1;102.209;105.960
74;1;18;98.281;66.790
74;18;1;98.281;96.790
75;1;19;49.491;10.300
75;19;1;94.491;106.600
76;2;3;81.692;111.780
76;3;2;81.692;112.010
77;2;4;77.233;88.920
77;4;2;77.233;92.170
78;2;4;82.674;108.650
78;4;2;82.674;111.900
79;2;5;69.444;105.680
79;5;2;69.444;111.830
80;2;6;53.547;104.310
80;6;2;53.547;113.320
81;2;6;52.035;98.040
81;6;2;52.035;107.050
82;2;6;53.752;89.640
82;6;2;53.752;98.650
83;2;7;81.967;90.780
83;7;2;81.967;100.350
84;2;8;68.885;85.640
84;8;2;68.885;95.370
85;2;9;76.730;78.670
85;9;2;76.730;89.810
86;2;10;60.381;80.990
86;10;2;60.381;93.050
87;2;10;64.128;95.480
87;10;2;64.128;107.540
88;2;10;59.872;100.560
88;10;2;59.872;112.620
89;2;11;72.272;88.920
89;11;2;72.272;101.070
90;2;11;71.735;86.690
90;11;2;71.735;98.840
91;2;11;65.951;97.350
91;11;2;65.951;109.500
92;2;12;83.904;78.060
92;12;2;83.904;91.120
93;2;12;89.477;77.090
93;12;2;89.477;90.150
94;2;12;85.201;96.880
94;12;2;85.201;109.940
95;2;13;67.457;80.100
95;13;2;67.457;95.700
96;2;13;71.875;73.790
96;13;2;71.875;89.390
97;2;14;116.038;73.600
97;14;2;116.038;90.410
98;2;14;108.853;87.230
98;14;2;108.853;104.040
99;2;15;111.918;88.130
99;15;2;111.918;107.210
100;2;15;118.654;81.850
100;15;2;118.654;100.930
101;2;16;92.906;83.750
101;16;2;92.906;103.860
102;2;16;92.964;80.980
102;16;2;92.964;101.090
103;2;17;111.092;80.780
103;17;2;111.092;102.120
104;2;17;120.697;77.150
104;17;2;120.697;98.490
105;2;17;123.824;92.610
105;17;2;123.824;113.950
106;2;18;134.874;77.230
106;18;2;134.874;100.100
107;2;18;124.799;85.760
107;18;2;124.799;108.630
108;2;19;8.647;23.240
108;19;2;53.647;112.410
109;2;19;8.816;20.150
109;19;2;53.816;109.320
110;2;19;8.024;3.760
110;19;2;53.024;92.930
111;3;4;98.504;89.170
111;4;3;98.504;92.190
112;3;4;99.830;104.970
112;4;3;99.830;107.990
113;3;4;97.161;90.880
113;4;3;97.161;93.900
114;3;5;96.088;90.130
114;5;3;96.088;96.050
115;3;6;90.108;93.790
115;6;3;90.108;102.570
116;3;7;118.587;104.250
116;7;3;118.587;113.590
117;3;8;105.469;96.530
117;8;3;105.469;106.030
118;3;8;106.889;81.680
118;8;3;106.889;91.180
119;3;8;118.598;90.670
119;8;3;118.598;100.170
120;3;9;51.988;94.040
120;9;3;51.988;104.950
121;3;9;53.717;91.280
121;9;3;53.717;102.190
122;3;10;95.763;96.140
122;10;3;95.763;107.970
123;3;10;85.138;94.510
123;10;3;85.138;106.340
124;3;10;83.409;79.770
124;10;3;83.409;91.600
125;3;11;63.721;94.710
125;11;3;63.721;106.630
126;3;11;60.886;86.660
126;11;3;60.886;98.580
127;3;12;54.760;85.210
127;12;3;54.760;98.040
128;3;13;92.972;86.030
128;13;3;92.972;101.400
129;3;14;152.715;78.450
129;14;3;152.715;95.030
130;3;14;162.741;87.670
130;14;3;162.741;104.250
131;3;15;129.661;76.740
131;15;3;129.661;95.590
132;3;15;143.819;70.250
132;15;3;143.819;89.100
133;3;16;102.108;75.910
133;16;3;102.108;95.790
134;3;17;147.722;84.360
134;17;3;147.722;105.470
135;3;17;153.723;92.790
135;17;3;153.723;113.900
136;3;17;159.189;83.680
136;17;3;159.189;104.790
137;3;18;148.777;70.040
137;18;3;148.777;92.680
138;3;18;128.823;70.640
138;18;3;128.823;93.280
139;3;19;28.285;10.330
139;19;3;73.285;99.270
140;3;19;35.051;3.980
140;19;3;80.051;92.920
141;4;5;54.238;94.140
141;5;4;54.238;97.040
142;4;5;55.376;97.900
142;5;4;55.376;100.800
143;4;5;53.846;84.960
143;5;4;53.846;87.860
144;4;6;74.973;89.300
144;6;4;74.973;95.060
145;4;6;73.814;91.850
145;6;4;73.814;97.610
146;4;7;91.181;84.170
146;7;4;91.181;90.490
147;4;8;78.419;96.500
147;8;4;78.419;102.980
148;4;9;91.542;93.020
148;9;4;91.542;100.910
149;4;9;98.580;97.730
149;9;4;98.580;105.620
150;4;10;84.488;92.000
150;10;4;84.488;100.810
151;4;10;77.166;89.330
151;10;4;77.166;98.140
152;4;11;99.245;94.700
152;11;4;99.245;103.600
153;4;12;94.291;84.010
153;12;4;94.291;93.820
154;4;12;87.122;98.170
154;12;4;87.122;107.980
155;4;13;54.975;88.610
155;13;4;54.975;100.960
156;4;13;53.946;77.020
156;13;4;53.946;89.370
157;4;13;53.280;89.710
157;13;4;53.280;102.060
158;4;14;115.732;92.780
158;14;4;115.732;106.340
159;4;14;124.525;90.280
159;14;4;124.525;103.840
160;4;14;117.160;92.590
160;14;4;117.160;106.150
161;4;15;79.854;82.900
161;15;4;79.854;98.730
162;4;15;86.258;74.180
162;15;4;86.258;90.010
163;4;16;64.858;71.760
163;16;4;64.858;88.620
164;4;16;64.683;93.500
164;16;4;64.683;110.360
165;4;16;66.744;79.360
165;16;4;66.744;96.220
166;4;17;114.654;68.380
166;17;4;114.654;86.470
167;4;17;125.518;91.590
167;17;4;125.518;109.680
168;4;18;102.641;68.860
168;18;4;102.641;88.480
169;4;19;36.549;15.150
169;19;4;81.549;101.070
170;4;19;27.566;4.340
170;19;4;72.566;90.260
171;5;6;66.053;102.460
171;6;5;66.053;105.320
172;5;6;66.450;100.280
172;6;5;66.450;103.140
173;5;6;70.985;93.310
173;6;5;70.985;96.170
174;5;7;82.998;98.580
174;7;5;82.998;102.000
175;5;7;77.027;89.510
175;7;5;77.027;92.930
176;5;8;69.601;80.130
176;8;5;69.601;83.710
177;5;8;67.209;86.880
177;8;5;67.209;90.460
178;5;9;89.354;98.650
178;9;5;89.354;103.640
179;5;9;83.352;94.260
179;9;5;83.352;99.250
180;5;9;98.995;93.710
180;9;5;98.995;98.700
181;5;10;75.314;89.600
181;10;5;75.314;95.510
182;5;11;93.824;99.430
182;11;5;93.824;105.430
183;5;12;93.521;78.840
183;12;5;93.521;85.750
184;5;12;94.116;84.550
184;12;5;94.116;91.460
185;5;13;48.134;77.400
185;13;5;48.134;86.850
186;5;13;47.688;92.790
186;13;5;47.688;102.240
187;5;14;110.123;92.360
187;14;5;110.123;103.020
188;5;14;116.648;84.760
188;14;5;116.648;95.420
189;5;14;116.185;80.700
189;14;5;116.185;91.360
190;5;15;87.679;91.070
190;15;5;87.679;104.000
191;5;16;73.717;90.330
191;16;5;73.717;104.290
192;5;16;78.911;71.940
192;16;5;78.911;85.900
193;5;17;108.137;74.800
193;17;5;108.137;89.990
194;5;18;110.940;89.140
194;18;5;110.940;105.860
195;5;18;123.903;82.070
195;18;5;123.903;98.790
196;5;18;110.060;83.390
196;18;5;110.060;100.110
197;5;19;30.107;18.180
197;19;5;75.107;101.200
198;6;7;73.859;88.860
198;7;6;73.859;89.420
199;6;7;80.680;89.510
199;7;6;80.680;90.070
200;6;7;66.731;101.490
200;7;6;66.731;102.050
201;6;8;60.372;93.970
201;8;6;60.372;94.690
202;6;9;84.892;100.440
202;9;6;84.892;102.570
203;6;9;84.095;89.330
203;9;6;84.095;91.460
204;6;9;93.053;99.490
204;9;6;93.053;101.620
205;6;10;55.323;93.110
205;10;6;55.323;96.160
206;6;10;55.952;95.140
206;10;6;55.952;98.190
207;6;11;80.483;79.410
207;11;6;80.483;82.550
208;6;11;78.114;100.780
208;11;6;78.114;103.920
209;6;11;78.405;77.680
209;11;6;78.405;80.820
210;6;12;91.758;97.590
210;12;6;91.758;101.640
211;6;13;65.072;92.550
211;13;6;65.072;99.140
212;6;13;63.315;88.630
212;13;6;63.315;95.220
213;6;13;67.798;84.240
213;13;6;67.798;90.830
214;6;14;107.614;73.410
214;14;6;107.614;81.210
215;6;14;94.304;95.810
215;14;6;94.304;103.610
216;6;15;108.490;70.580
216;15;6;108.490;80.650
217;6;15;112.386;83.840
217;15;6;112.386;93.910
218;6;16;92.930;80.580
218;16;6;92.930;91.680
219;6;16;93.508;88.350
219;16;6;93.508;99.450
220;6;17;102.892;90.070
220;17;6;102.892;102.400
221;6;17;91.650;76.870
221;17;6;91.650;89.200
222;6;18;131.899;82.400
222;18;6;131.899;96.260
223;6;18;124.878;85.070
223;18;6;124.878;98.930
224;6;19;17.194;5.260
224;19;6;62.194;85.420
225;6;19;13.905;17.440
225;19;6;58.905;97.600
226;6;19;16.886;18.850
226;19;6;61.886;99.010
227;7;8;59.501;96.380
227;8;7;59.501;96.540
228;7;9;113.670;96.410
228;9;7;113.670;97.980
229;7;10;68.621;88.710
229;10;7;68.621;91.200
230;7;10;64.528;79.010
230;10;7;64.528;81.500
231;7;10;68.555;100.590
231;10;7;68.555;103.080
232;7;11;106.384;96.690
232;11;7;106.384;99.270
233;7;11;96.011;94.510
233;11;7;96.011;97.090
234;7;12;120.617;88.970
234;12;7;120.617;92.460
235;7;12;129.520;78.840
235;12;7;129.520;82.330
236;7;12;113.482;94.290
236;12;7;113.482;97.780
237;7;13;84.493;81.670
237;13;7;84.493;87.700
238;7;13;89.030;88.870
238;13;7;89.030;94.900
239;7;14;79.657;93.920
239;14;7;79.657;101.160
240;7;15;115.123;92.270
240;15;7;115.123;101.780
241;7;15;123.925;75.390
241;15;7;123.925;84.900
242;7;15;106.022;75.050
242;15;7;106.022;84.560
243;7;16;110.986;90.140
243;16;7;110.986;100.680
244;7;16;118.301;77.600
244;16;7;118.301;88.140
245;7;17;74.136;69.400
245;17;7;74.136;81.170
246;7;17;77.952;69.960
246;17;7;77.952;81.730
247;7;18;138.102;90.110
247;18;7;138.102;103.410
248;7;18;116.585;74.340
248;18;7;116.585;87.640
249;7;19;45.309;15.740
249;19;7;90.309;95.340
250;7;19;45.940;21.390
250;19;7;90.940;100.990
251;8;9;100.131;100.050
251;9;8;100.131;101.460
252;8;9;94.745;81.900
252;9;8;94.745;83.310
253;8;9;100.989;85.460
253;9;8;100.989;86.870
254;8;10;59.400;91.730
254;10;8;59.400;94.060
255;8;10;62.019;78.200
255;10;8;62.019;80.530
256;8;11;95.168;77.570
256;11;8;95.168;79.990
257;8;11;92.452;100.460
257;11;8;92.452;102.880
258;8;12;106.754;96.490
258;12;8;106.754;99.820
259;8;12;108.185;83.890
259;12;8;108.185;87.220
260;8;12;111.842;100.190
260;12;8;111.842;103.520
261;8;13;70.644;86.340
261;13;8;70.644;92.210
262;8;14;92.290;97.100
262;14;8;92.290;104.180
263;8;15;106.687;70.460
263;15;8;106.687;79.810
264;8;16;98.228;92.280
264;16;8;98.228;102.660
265;8;17;87.910;77.510
265;17;8;87.910;89.120
266;8;17;91.100;76.530
266;17;8;91.100;88.140
267;8;17;93.102;86.630
267;17;8;93.102;98.240
268;8;18;130.235;67.960
268;18;8;130.235;81.100
269;8;19;32.509;11.360
269;19;8;77.509;90.800
270;9;10;91.481;77.220
270;10;9;91.481;78.140
271;9;11;64.619;100.160
271;11;9;64.619;101.170
272;9;11;62.060;97.510
272;11;9;62.060;98.520
273;9;11;63.026;81.370
273;11;9;63.026;82.380
274;9;12;53.115;92.130
274;12;9;53.115;94.050
275;9;12;53.447;87.610
275;12;9;53.447;89.530
276;9;13;86.226;88.220
276;13;9;86.226;92.680
277;9;13;95.323;83.830
277;13;9;95.323;88.290
278;9;13;90.612;92.230
278;13;9;90.612;96.690
279;9;14;147.414;96.330
279;14;9;147.414;102.000
280;9;15;122.761;85.140
280;15;9;122.761;93.080
281;9;15;107.409;71.360
281;15;9;107.409;79.300
282;9;15;108.058;91.020
282;15;9;108.058;98.960
283;9;16;95.417;90.690
283;16;9;95.417;99.660
284;9;17;142.767;72.290
284;17;9;142.767;82.490
285;9;17;162.072;88.820
285;17;9;162.072;99.020
286;9;17;141.406;89.780
286;17;9;141.406;99.980
287;9;18;142.123;83.290
287;18;9;142.123;95.020
288;9;19;23.796;8.310
288;19;9;68.796;86.340
289;10;11;82.763;79.000
289;11;10;82.763;79.090
290;10;12;98.965;78.070
290;12;10;98.965;79.070
291;10;12;91.326;91.330
291;12;10;91.326;92.330
292;10;13;74.821;86.370
292;13;10;74.821;89.910
293;10;13;74.707;91.080
293;13;10;74.707;94.620
294;10;13;70.640;84.450
294;13;10;70.640;87.990
295;10;14;103.279;84.190
295;14;10;103.279;88.940
296;10;14;91.323;83.910
296;14;10;91.323;88.660
297;10;15;116.810;74.280
297;15;10;116.810;81.300
298;10;15;115.203;82.230
298;15;10;115.203;89.250
299;10;15;128.781;90.520
299;15;10;128.781;97.540
300;10;16;103.016;82.530
300;16;10;103.016;90.580
301;10;16;89.147;82.800
301;16;10;89.147;90.850
302;10;17;97.433;82.790
302;17;10;97.433;92.070
303;10;17;108.621;75.910
303;17;10;108.621;85.190
304;10;18;140.389;71.150
304;18;10;140.389;81.960
305;10;18;162.798;88.660
305;18;10;162.798;99.470
306;10;19;22.688;8.620
306;19;10;67.688;85.730
307;10;19;26.763;14.150
307;19;10;71.763;91.260
308;10;19;21.659;4.100
308;19;10;66.659;81.210
309;11;12;72.076;86.660
309;12;11;72.076;87.570
310;11;12;69.692;88.850
310;12;11;69.692;89.760
311;11;12;66.041;98.980
311;12;11;66.041;99.890
312;11;13;91.063;79.980
312;13;11;91.063;83.430
313;11;13;87.588;94.880
313;13;11;87.588;98.330
314;11;13;90.363;74.470
314;13;11;90.363;77.920
315;11;14;141.041;93.830
315;14;11;141.041;98.490
316;11;15;133.461;73.560
316;15;11;133.461;80.490
317;11;15;135.872;75.070
317;15;11;135.872;82.000
318;11;15;152.406;73.500
318;15;11;152.406;80.430
319;11;16;108.856;74.730
319;16;11;108.856;82.690
320;11;17;135.045;67.930
320;17;11;135.045;77.120
321;11;17;157.213;84.210
321;17;11;157.213;93.400
322;11;18;154.833;84.750
322;18;11;154.833;95.470
323;11;18;142.792;70.740
323;18;11;142.792;81.460
324;11;19;19.222;11.330
324;19;11;64.222;88.350
325;12;13;90.399;77.600
325;13;12;90.399;80.140
326;12;13;95.328;91.710
326;13;12;95.328;94.250
327;12;13;86.711;90.050
327;13;12;86.711;92.590
328;12;14;153.905;74.910
328;14;12;153.905;78.660
329;12;15;123.233;85.710
329;15;12;123.233;91.730
330;12;15;127.528;81.050
330;15;12;127.528;87.070
331;12;16;94.934;82.100
331;16;12;94.934;89.150
332;12;16;104.390;87.630
332;16;12;104.390;94.680
333;12;16;103.679;72.210
333;16;12;103.679;79.260
334;12;17;149.601;87.090
334;17;12;149.601;95.370
335;12;18;141.250;82.520
335;18;12;141.250;92.330
336;12;18;135.775;68.230
336;18;12;135.775;78.040
337;12;19;31.387;4.250
337;19;12;76.387;80.360
338;13;14;112.603;92.270
338;14;13;112.603;93.480
339;13;14;128.288;86.080
339;14;13;128.288;87.290
340;13;14;110.254;95.010
340;14;13;110.254;96.220
341;13;15;89.461;93.070
341;15;13;89.461;96.550
342;13;15;95.166;91.870
342;15;13;95.166;95.350
343;13;16;73.380;87.490
343;16;13;73.380;92.000
344;13;16;75.989;72.310
344;16;13;75.989;76.820
345;13;17;110.343;92.300
345;17;13;110.343;98.040
346;13;18;112.493;84.000
346;18;13;112.493;91.270
347;13;18;112.338;79.100
347;18;13;112.338;86.370
348;13;18;99.162;85.310
348;18;13;99.162;92.580
349;13;19;27.562;6.110
349;19;13;72.562;79.680
350;13;19;26.031;13.280
350;19;13;71.031;86.850
351;13;19;21.358;12.300
351;19;13;66.358;85.870
352;14;15;126.254;71.080
352;15;14;126.254;73.350
353;14;16;133.529;73.900
353;16;14;133.529;77.200
354;14;16;120.666;72.620
354;16;14;120.666;75.920
355;14;17;53.891;80.050
355;17;14;53.891;84.580
356;14;17;54.434;78.410
356;17;14;54.434;82.940
357;14;17;52.541;76.760
357;17;14;52.541;81.290
358;14;18;145.386;78.450
358;18;14;145.386;84.510
359;14;19;79.572;12.840
359;19;14;124.572;85.200
360;15;16;73.838;93.640
360;16;15;73.838;94.670
361;15;17;128.961;79.920
361;17;15;128.961;82.180
362;15;18;68.616;88.790
362;18;15;68.616;92.580
363;15;18;70.729;71.060
363;18;15;70.729;74.850
364;15;18;66.278;68.600
364;18;15;66.278;72.390
365;15;19;71.350;20.770
365;19;15;116.350;90.860
366;15;19;64.857;4.720
366;19;15;109.857;74.810
367;15;19;59.421;5.960
367;19;15;104.421;76.050
368;16;17;133.328;75.250
368;17;16;133.328;76.480
369;16;18;91.711;86.770
369;18;16;91.711;89.530
370;16;18;85.105;72.470
370;18;16;85.105;75.230
371;16;19;49.508;16.430
371;19;16;94.508;85.490
372;16;19;48.014;15.300
372;19;16;93.014;84.360
373;17;18;149.258;79.790
373;18;17;149.258;81.320
374;17;18;166.014;90.700
374;18;17;166.014;92.230
375;17;19;74.442;14.230
375;19;17;119.442;82.060
376;17;19;85.823;11.130
376;19;17;130.823;78.960
377;17;19;75.430;9.110
377;19;17;120.430;76.940
378;18;19;93.673;23.680
378;19;18;138.673;89.980
