20
360.0
0;0;1;63.315;94.030
0;1;0;18.315;9.680
1;0;1;61.694;102.230
1;1;0;16.694;17.880
2;0;1;63.077;92.360
2;1;0;18.077;8.010
3;0;2;68.796;86.160
3;2;0;23.796;6.040
4;0;2;63.542;93.100
4;2;0;18.542;12.980
5;0;2;69.691;96.480
5;2;0;24.691;16.360
6;0;3;124.572;88.840
6;3;0;79.572;10.540
7;0;3;113.711;96.250
7;3;0;68.711;17.950
8;0;3;122.949;99.200
8;3;0;77.949;20.900
9;0;4;67.688;82.640
9;4;0;22.688;7.670
10;0;4;64.502;86.950
10;4;0;19.502;11.980
11;0;4;72.470;94.010
11;4;0;27.470;19.040
12;0;5;119.442;76.740
12;5;0;74.442;3.280
13;0;5;118.615;80.520
13;5;0;73.615;7.060
14;0;5;136.607;75.960
14;5;0;91.607;2.500
15;0;6;75.026;74.360
15;6;0;30.026;3.840
16;0;7;75.107;77.380
16;7;0;30.107;8.540
17;0;8;102.583;66.930
17;8;0;57.583;2.230
18;0;8;112.336;65.910
18;8;0;67.336;1.210
19;0;9;138.673;74.420
19;9;0;93.673;13.500
20;0;9;129.290;71.650
20;9;0;84.290;10.730
21;0;9;118.810;68.810
21;9;0;73.810;7.890
22;0;10;67.496;80.020
22;10;0;22.496;19.730
23;0;11;90.309;60.840
23;11;0;45.309;0.700
24;0;12;126.991;78.080
24;12;0;81.991;18.240
25;0;12;111.590;67.190
25;12;0;66.590;7.350
26;0;12;111.683;79.970
26;12;0;66.683;20.130
27;0;13;77.509;69.720
27;13;0;32.509;9.980
28;0;14;74.820;68.250
28;14;0;29.820;8.850
29;0;14;69.297;77.620
29;14;0;24.297;18.220
30;0;14;73.800;64.110
30;14;0;28.800;4.710
31;0;15;62.194;60.810
31;15;0;17.194;2.770
32;0;16;63.686;67.840
32;16;0;18.686;10.910
33;0;16;66.530;59.690
33;16;0;21.530;2.760
34;0;17;70.336;71.540
34;17;0;25.336;15.240
35;0;18;63.196;70.140
35;18;0;18.196;14.200
36;0;18;61.695;64.330
36;18;0;16.695;8.390
37;0;19;0.000;10.670
37;19;0;0.000;10.670
38;0;19;0.000;15.380
38;19;0;0.000;15.380
39;1;2;86.710;99.760
39;2;1;86.710;103.990
40;1;2;80.320;90.730
40;2;1;80.320;94.960
41;1;2;76.765;80.800
41;2;1;76.765;85.030
42;1;3;110.310;93.570
42;3;1;110.310;99.620
43;1;3;105.508;98.290
43;3;1;105.508;104.340
44;1;3;98.529;85.840
44;3;1;98.529;91.890
45;1;4;52.549;81.770
45;4;1;52.549;91.150
46;1;5;104.115;94.070
46;5;1;104.115;104.960
47;1;6;56.863;88.240
47;6;1;56.863;102.070
48;1;7;79.073;72.760
48;7;1;79.073;88.270
49;1;7;76.076;79.380
49;7;1;76.076;94.890
50;1;7;79.980;93.740
50;7;1;79.980;109.250
51;1;8;86.861;86.840
51;8;1;86.861;106.490
52;1;8;90.154;75.340
52;8;1;90.154;94.990
53;1;9;144.932;75.680
53;9;1;144.932;99.110
54;1;10;60.226;61.070
54;10;1;60.226;85.130
55;1;11;75.731;65.740
55;11;1;75.731;89.950
56;1;11;77.712;82.370
56;11;1;77.712;106.580
57;1;12;132.667;65.810
57;12;1;132.667;90.320
58;1;12;137.094;79.780
58;12;1;137.094;104.290
59;1;12;114.791;81.460
59;12;1;114.791;105.970
60;1;13;66.825;64.830
60;13;1;66.825;89.440
61;1;13;71.945;61.120
61;13;1;71.945;85.730
62;1;14;62.130;74.210
62;14;1;62.130;99.160
63;1;15;58.035;79.860
63;15;1;58.035;106.170
64;1;15;60.982;59.290
64;15;1;60.982;85.600
65;1;16;59.427;65.180
65;16;1;59.427;92.600
66;1;16;62.341;72.250
66;16;1;62.341;99.670
67;1;16;62.309;74.660
67;16;1;62.309;102.080
68;1;17;88.638;71.810
68;17;1;88.638;99.860
69;1;17;81.834;73.780
69;17;1;81.834;101.830
70;1;17;89.251;76.480
70;17;1;89.251;104.530
71;1;18;60.964;67.600
71;18;1;60.964;96.010
72;1;19;18.315;19.500
72;19;1;63.315;103.850
73;2;3;147.414;84.930
73;3;2;147.414;86.750
74;2;3;157.948;86.160
74;3;2;157.948;87.980
75;2;4;91.481;95.350
75;4;2;91.481;100.500
76;2;5;142.767;93.240
76;5;2;142.767;99.900
77;2;5;144.943;74.310
77;5;2;144.943;80.970
78;2;6;98.562;83.660
78;6;2;98.562;93.260
79;2;7;89.354;78.360
79;7;2;89.354;89.640
80;2;7;91.535;70.400
80;7;2;91.535;81.680
81;2;8;126.132;83.720
81;8;2;126.132;99.140
82;2;8;130.466;72.360
82;8;2;130.466;87.780
83;2;8;112.409;67.610
83;8;2;112.409;83.030
84;2;9;142.123;77.550
84;9;2;142.123;96.750
85;2;9;158.760;66.000
85;9;2;158.760;85.200
86;2;10;90.080;84.710
86;10;2;90.080;104.540
87;2;11;113.670;61.190
87;11;2;113.670;81.170
88;2;11;110.569;76.360
88;11;2;110.569;96.340
89;2;11;125.190;79.260
89;11;2;125.190;99.240
90;2;12;131.923;83.390
90;12;2;131.923;103.670
91;2;13;100.131;64.420
91;13;2;100.131;84.800
92;2;13;106.142;63.550
92;13;2;106.142;83.930
93;2;13;100.284;61.760
93;13;2;100.284;82.140
94;2;14;98.131;69.330
94;14;2;98.131;90.050
95;2;15;84.892;64.410
95;15;2;84.892;86.490
96;2;15;75.497;73.580
96;15;2;75.497;95.660
97;2;15;75.117;71.100
97;15;2;75.117;93.180
98;2;16;86.065;60.940
98;16;2;86.065;84.130
99;2;16;78.761;81.570
99;16;2;78.761;104.760
100;2;16;87.207;77.660
100;16;2;87.207;100.850
101;2;17;53.171;64.660
101;17;2;53.171;88.480
102;2;17;53.450;76.820
102;17;2;53.450;100.640
103;2;18;84.989;78.700
103;18;2;84.989;102.880
104;2;18;91.618;64.870
104;18;2;91.618;89.050
105;2;19;23.796;10.370
105;19;2;68.796;90.490
106;2;19;23.613;8.510
106;19;2;68.613;88.630
107;3;4;103.279;93.110
107;4;3;103.279;96.440
108;3;4;106.183;94.950
108;4;3;106.183;98.280
109;3;4;113.074;96.070
109;4;3;113.074;99.400
110;3;5;53.891;76.230
110;5;3;53.891;81.070
111;3;5;55.785;76.950
111;5;3;55.785;81.790
112;3;5;55.796;94.040
112;5;3;55.796;98.880
113;3;6;100.587;75.000
113;6;3;100.587;82.780
114;3;7;110.123;93.370
114;7;3;110.123;102.830
115;3;7;111.617;90.130
115;7;3;111.617;99.590
116;3;7;120.463;90.570
116;7;3;120.463;100.030
117;3;8;69.273;74.650
117;8;3;69.273;88.250
118;3;8;68.861;79.490
118;8;3;68.861;93.090
119;3;8;74.607;66.130
119;8;3;74.607;79.730
120;3;9;145.386;85.030
120;9;3;145.386;102.410
121;3;9;159.986;67.500
121;9;3;159.986;84.880
122;3;9;151.268;78.400
122;9;3;151.268;95.780
123;3;10;102.363;78.990
123;10;3;102.363;97.000
124;3;10;113.683;78.340
124;10;3;113.683;96.350
125;3;11;79.657;64.130
125;11;3;79.657;82.290
126;3;12;134.838;70.230
126;12;3;134.838;88.690
127;3;13;92.290;81.960
127;13;3;92.290;100.520
128;3;13;97.399;78.880
128;13;3;97.399;97.440
129;3;13;81.155;62.460
129;13;3;81.155;81.020
130;3;14;94.818;63.650
130;14;3;94.818;82.550
131;3;15;107.614;60.390
131;15;3;107.614;80.650
132;3;15;93.534;61.450
132;15;3;93.534;81.710
133;3;16;106.364;65.900
133;16;3;106.364;87.270
134;3;16;91.903;75.840
134;16;3;91.903;97.210
135;3;16;98.060;70.030
135;16;3;98.060;91.400
136;3;17;145.892;65.350
136;17;3;145.892;87.350
137;3;18;107.439;65.160
137;18;3;107.439;87.520
138;3;18;100.742;80.640
138;18;3;100.742;103.000
139;3;19;79.572;21.410
139;19;3;124.572;99.710
140;3;19;68.198;8.920
140;19;3;113.198;87.220
141;3;19;84.167;12.590
141;19;3;129.167;90.890
142;4;5;97.433;78.850
142;5;4;97.433;80.360
143;4;5;100.293;77.300
143;5;4;100.293;78.810
144;4;5;98.091;86.280
144;5;4;98.091;87.790
145;4;6;54.344;81.880
145;6;4;54.344;86.330
146;4;6;54.335;93.430
146;6;4;54.335;97.880
147;4;6;55.411;86.470
147;6;4;55.411;90.920
148;4;7;75.314;69.520
148;7;4;75.314;75.650
149;4;8;80.299;71.650
149;8;4;80.299;81.920
150;4;8;86.735;79.020
150;8;4;86.735;89.290
151;4;9;140.389;64.280
151;9;4;140.389;78.330
152;4;9;131.300;74.490
152;9;4;131.300;88.540
153;4;9;126.073;82.780
153;9;4;126.073;96.830
154;4;10;54.749;79.550
154;10;4;54.749;94.230
155;4;10;54.514;63.540
155;10;4;54.514;78.220
156;4;10;55.698;69.530
156;10;4;55.698;84.210
157;4;11;68.621;62.230
157;11;4;68.621;77.060
158;4;12;128.027;79.270
158;12;4;128.027;94.400
159;4;13;59.400;64.830
159;13;4;59.400;80.060
160;4;13;60.060;71.830
160;13;4;60.060;87.060
161;4;14;54.587;79.320
161;14;4;54.587;94.890
162;4;14;52.549;81.240
162;14;4;52.549;96.810
163;4;15;55.323;79.640
163;15;4;55.323;96.570
164;4;15;54.300;80.140
164;15;4;54.300;97.070
165;4;16;55.905;66.890
165;16;4;55.905;84.930
166;4;16;55.155;61.300
166;16;4;55.155;79.340
167;4;17;92.282;80.870
167;17;4;92.282;99.540
168;4;17;92.183;72.390
168;17;4;92.183;91.060
169;4;18;57.858;78.660
169;18;4;57.858;97.690
170;4;18;55.577;61.060
170;18;4;55.577;80.090
171;4;18;55.723;77.890
171;18;4;55.723;96.920
172;4;19;22.688;5.460
172;19;4;67.688;80.430
173;5;6;93.727;88.910
173;6;5;93.727;91.850
174;5;6;101.560;80.390
174;6;5;101.560;83.330
175;5;6;103.541;86.390
175;6;5;103.541;89.330
176;5;7;108.137;70.960
176;7;5;108.137;75.580
177;5;7;96.006;91.580
177;7;5;96.006;96.200
178;5;7;106.486;90.010
178;7;5;106.486;94.630
179;5;8;62.276;66.870
179;8;5;62.276;75.630
180;5;9;149.258;82.890
180;9;5;149.258;95.430
181;5;9;160.407;75.460
181;9;5;160.407;88.000
182;5;10;97.787;68.670
182;10;5;97.787;81.840
183;5;10;109.269;82.510
183;10;5;109.269;95.680
184;5;10;88.753;73.810
184;10;5;88.753;86.980
185;5;11;74.136;83.370
185;11;5;74.136;96.690
186;5;12;138.199;72.860
186;12;5;138.199;86.480
187;5;12;122.740;61.940
187;12;5;122.740;75.560
188;5;13;87.910;72.250
188;13;5;87.910;85.970
189;5;13;90.172;68.120
189;13;5;90.172;81.840
190;5;13;80.896;81.680
190;13;5;80.896;95.400
191;5;14;89.666;76.270
191;14;5;89.666;90.330
192;5;14;88.784;70.270
192;14;5;88.784;84.330
193;5;14;83.904;74.860
193;14;5;83.904;88.920
194;5;15;102.892;64.660
194;15;5;102.892;80.080
195;5;15;104.516;78.420
195;15;5;104.516;93.840
196;5;16;101.809;78.140
196;16;5;101.809;94.670
197;5;16;113.274;73.510
197;16;5;113.274;90.040
198;5;17;141.875;64.470
198;17;5;141.875;81.630
199;5;17;159.596;73.120
199;17;5;159.596;90.280
200;5;18;103.090;78.860
200;18;5;103.090;96.380
201;5;19;74.442;14.010
201;19;5;119.442;87.470
202;5;19;68.008;24.660
202;19;5;113.008;98.120
203;6;7;84.115;71.040
203;7;6;84.115;72.720
204;6;8;76.508;85.460
204;8;6;76.508;91.280
205;6;9;148.288;71.660
205;9;6;148.288;81.260
206;6;9;167.915;82.200
206;9;6;167.915;91.800
207;6;10;63.382;73.700
207;10;6;63.382;83.930
208;6;11;67.057;70.720
208;11;6;67.057;81.100
209;6;12;135.886;78.740
209;12;6;135.886;89.420
210;6;12;116.591;65.950
210;12;6;116.591;76.630
211;6;12;114.140;71.840
211;12;6;114.140;82.520
212;6;13;63.996;71.070
212;13;6;63.996;81.850
213;6;13;68.583;81.820
213;13;6;68.583;92.600
214;6;13;59.767;78.240
214;13;6;59.767;89.020
215;6;14;58.908;72.020
215;14;6;58.908;83.140
216;6;14;60.573;64.020
216;14;6;60.573;75.140
217;6;14;61.885;75.810
217;14;6;61.885;86.930
218;6;15;64.667;75.740
218;15;6;64.667;88.220
219;6;16;65.174;80.520
219;16;6;65.174;94.110
220;6;16;60.506;59.550
220;16;6;60.506;73.140
221;6;17;100.244;78.190
221;17;6;100.244;92.410
222;6;17;108.428;62.040
222;17;6;108.428;76.260
223;6;17;105.489;70.240
223;17;6;105.489;84.460
224;6;18;67.147;76.890
224;18;6;67.147;91.470
225;6;19;30.026;2.550
225;19;6;75.026;73.070
226;6;19;28.944;13.060
226;19;6;73.944;83.580
227;6;19;22.663;17.980
227;19;6;67.663;88.500
228;7;8;94.880;68.720
228;8;7;94.880;72.860
229;7;9;110.940;82.580
229;9;7;110.940;90.500
230;7;10;65.740;72.140
230;10;7;65.740;80.690
231;7;10;65.839;74.460
231;10;7;65.839;83.010
232;7;10;62.920;75.390
232;10;7;62.920;83.940
233;7;11;82.998;70.130
233;11;7;82.998;78.830
234;7;12;98.755;78.920
234;12;7;98.755;87.920
235;7;13;69.601;79.830
235;13;7;69.601;88.930
236;7;14;72.339;77.530
236;14;7;72.339;86.970
237;7;14;77.740;61.870
237;14;7;77.740;71.310
238;7;15;66.053;63.970
238;15;7;66.053;74.770
239;7;16;64.813;79.150
239;16;7;64.813;91.060
240;7;16;63.058;71.040
240;16;7;63.058;82.950
241;7;17;84.813;72.270
241;17;7;84.813;84.810
242;7;17;76.615;61.440
242;17;7;76.615;73.980
243;7;18;63.125;66.810
243;18;7;63.125;79.710
244;7;18;63.221;73.840
244;18;7;63.221;86.740
245;7;19;30.107;24.090
245;19;7;75.107;92.930
246;7;19;36.337;14.000
246;19;7;81.337;82.840
247;7;19;26.500;7.820
247;19;7;71.500;76.660
248;8;9;145.154;71.580
248;9;8;145.154;75.360
249;8;9;140.458;78.050
249;9;8;140.458;81.830
250;8;9;144.395;72.140
250;9;8;144.395;75.920
251;8;10;81.571;84.250
251;10;8;81.571;88.660
252;8;10;85.112;79.520
252;10;8;85.112;83.930
253;8;11;57.717;84.470
253;11;8;57.717;89.030
254;8;11;55.846;84.150
254;11;8;55.846;88.710
255;8;12;133.290;64.360
255;12;8;133.290;69.220
256;8;12;138.399;83.680
256;12;8;138.399;88.540
257;8;13;72.178;66.970
257;13;8;72.178;71.930
258;8;13;68.274;68.390
258;13;8;68.274;73.350
259;8;13;78.694;79.350
259;13;8;78.694;84.310
260;8;14;73.068;64.180
260;14;8;73.068;69.480
261;8;15;86.462;61.650
261;15;8;86.462;68.310
262;8;15;81.537;81.280
262;15;8;81.537;87.940
263;8;15;80.895;77.280
263;15;8;80.895;83.940
264;8;16;85.544;77.390
264;16;8;85.544;85.160
265;8;16;78.101;74.800
265;16;8;78.101;82.570
266;8;17;125.739;65.080
266;17;8;125.739;73.480
267;8;17;116.140;71.740
267;17;8;116.140;80.140
268;8;17;144.152;56.870
268;17;8;144.152;65.270
269;8;18;87.003;70.100
269;18;8;87.003;78.860
270;8;19;57.583;14.570
270;19;8;102.583;79.270
271;8;19;56.556;23.770
271;19;8;101.556;88.470
272;9;10;130.650;79.440
272;10;9;130.650;80.070
273;9;10;128.530;80.890
273;10;9;128.530;81.520
274;9;10;138.268;65.680
274;10;9;138.268;66.310
275;9;11;138.102;71.300
275;11;9;138.102;72.080
276;9;12;57.409;81.580
276;12;9;57.409;82.660
277;9;13;130.235;82.310
277;13;9;130.235;83.490
278;9;13;136.386;64.380
278;13;9;136.386;65.560
279;9;14;134.762;71.010
279;14;9;134.762;72.530
280;9;14;134.110;76.310
280;14;9;134.110;77.830
281;9;14;116.077;69.690
281;14;9;116.077;71.210
282;9;15;131.899;73.380
282;15;9;131.899;76.260
283;9;16;130.535;63.540
283;16;9;130.535;67.530
284;9;16;119.629;59.050
284;16;9;119.629;63.040
285;9;17;134.327;63.720
285;17;9;134.327;68.340
286;9;17;120.691;73.300
286;17;9;120.691;77.920
287;9;18;128.972;69.130
287;18;9;128.972;74.110
288;9;18;145.347;68.000
288;18;9;145.347;72.980
289;9;18;128.969;70.080
289;18;9;128.969;75.060
290;9;19;93.673;0.650
290;19;9;138.673;61.570
291;10;11;68.888;77.130
291;11;10;68.888;77.280
292;10;11;72.727;63.060
292;11;10;72.727;63.210
293;10;11;71.545;72.490
293;11;10;71.545;72.640
294;10;12;118.294;83.280
294;12;10;118.294;83.730
295;10;13;55.085;67.880
295;13;10;55.085;68.430
296;10;14;53.790;71.340
296;14;10;53.790;72.230
297;10;14;51.910;79.090
297;14;10;51.910;79.980
298;10;14;53.045;83.080
298;14;10;53.045;83.970
299;10;15;50.307;69.580
299;15;10;50.307;71.830
300;10;15;51.382;72.260
300;15;10;51.382;74.510
301;10;15;49.531;60.480
301;15;10;49.531;62.730
302;10;16;49.023;76.020
302;16;10;49.023;79.380
303;10;17;89.188;73.490
303;17;10;89.188;77.480
304;10;18;50.468;70.540
304;18;10;50.468;74.890
305;10;19;22.496;2.190
305;19;10;67.496;62.480
306;10;19;25.912;22.700
306;19;10;70.912;82.990
307;11;12;125.897;70.500
307;12;11;125.897;70.800
308;11;12;120.204;70.560
308;12;11;120.204;70.860
309;11;13;59.501;71.670
309;13;11;59.501;72.070
310;11;14;60.541;70.310
310;14;11;60.541;71.050
311;11;15;73.859;80.400
311;15;11;73.859;82.500
312;11;15;76.203;60.990
312;15;11;76.203;63.090
313;11;15;67.234;82.840
313;15;11;67.234;84.940
314;11;16;72.879;81.620
314;16;11;72.879;84.830
315;11;16;75.256;80.910
315;16;11;75.256;84.120
316;11;16;74.219;56.990
316;16;11;74.219;60.200
317;11;17;113.074;71.190
317;17;11;113.074;75.030
318;11;18;74.303;61.710
318;18;11;74.303;65.910
319;11;18;79.541;60.790
319;18;11;79.541;64.990
320;11;19;45.309;11.070
320;19;11;90.309;71.210
321;11;19;40.158;4.320
321;19;11;85.158;64.460
322;12;13;117.833;63.550
322;13;12;117.833;63.650
323;12;13;122.218;76.210
323;13;12;122.218;76.310
324;12;14;122.353;78.050
324;14;12;122.353;78.490
325;12;14;104.895;61.400
325;14;12;104.895;61.840
326;12;14;138.344;79.240
326;14;12;138.344;79.680
327;12;15;119.643;58.110
327;15;12;119.643;59.910
328;12;16;118.254;58.860
328;16;12;118.254;61.770
329;12;16;122.124;72.280
329;16;12;122.124;75.190
330;12;17;124.353;79.970
330;17;12;124.353;83.510
331;12;17;142.947;79.980
331;17;12;142.947;83.520
332;12;18;116.720;69.450
332;18;12;116.720;73.350
333;12;18;121.078;69.070
333;18;12;121.078;72.970
334;12;18;128.612;56.160
334;18;12;128.612;60.060
335;12;19;81.991;11.950
335;19;12;126.991;71.790
336;12;19;85.109;1.500
336;19;12;130.109;61.340
337;12;19;64.377;16.140
337;19;12;109.377;75.980
338;13;14;50.206;67.510
338;14;13;50.206;67.850
339;13;15;60.372;67.490
339;15;13;60.372;69.190
340;13;16;59.075;57.590
340;16;13;59.075;60.400
341;13;16;59.072;75.110
341;16;13;59.072;77.920
342;13;16;61.023;68.710
342;16;13;61.023;71.520
343;13;17;98.966;68.440
343;17;13;98.966;71.880
344;13;17;112.407;65.590
344;17;13;112.407;69.030
345;13;17;90.621;71.860
345;17;13;90.621;75.300
346;13;18;60.208;58.800
346;18;13;60.208;62.600
347;13;18;59.229;66.890
347;18;13;59.229;70.690
348;13;19;32.509;10.290
348;19;13;77.509;70.030
349;13;19;35.646;21.680
349;19;13;80.646;81.420
350;13;19;29.484;5.920
350;19;13;74.484;65.660
351;14;15;58.406;74.880
351;15;14;58.406;76.240
352;14;16;57.604;64.680
352;16;14;57.604;67.150
353;14;16;55.972;81.490
353;16;14;55.972;83.960
354;14;17;97.714;62.330
354;17;14;97.714;65.430
355;14;17;110.071;78.310
355;17;14;110.071;81.410
356;14;18;59.241;68.510
356;18;14;59.241;71.970
357;14;18;61.956;56.440
357;18;14;61.956;59.900
358;14;19;29.820;4.410
358;19;14;74.820;63.810
359;15;16;46.755;73.060
359;16;15;46.755;74.170
360;15;17;84.311;78.540
360;17;15;84.311;80.280
361;15;17;87.907;60.450
361;17;15;87.907;62.190
362;15;17;79.114;73.160
362;17;15;79.114;74.900
363;15;18;47.930;61.650
363;18;15;47.930;63.750
364;15;18;47.256;61.350
364;18;15;47.256;63.450
365;15;19;17.194;21.360
365;19;15;62.194;79.400
366;16;17;85.197;73.020
366;17;16;85.197;73.650
367;16;17;82.124;71.230
367;17;16;82.124;71.860
368;16;17;88.413;58.890
368;17;16;88.413;59.520
369;16;18;46.983;67.480
369;18;16;46.983;68.470
370;16;18;47.456;66.050
370;18;16;47.456;67.040
371;16;18;46.939;67.700
371;18;16;46.939;68.690
372;16;19;18.686;8.460
372;19;16;63.686;65.390
373;16;19;17.840;9.820
373;19;16;62.840;66.750
374;17;18;83.807;71.850
374;18;17;83.807;72.210
375;17;19;25.336;4.540
375;19;17;70.336;60.840
376;17;19;30.862;14.860
376;19;17;75.862;71.160
377;18;19;18.196;22.500
377;19;18;63.196;78.440
378;18;19;14.135;13.540
378;19;18;59.135;69.480
