30
540.0
0;0;1;94.491;96.600
0;1;0;49.491;8.370
1;0;1;99.123;109.420
1;1;0;54.123;21.190
2;0;2;68.796;91.450
2;2;0;23.796;4.190
3;0;2;70.339;87.380
3;2;0;25.339;0.120
4;0;2;62.950;93.720
4;2;0;17.950;6.460
5;0;3;73.285;90.260
5;3;0;28.285;5.550
6;0;4;53.647;84.970
6;4;0;8.647;2.400
7;0;4;53.065;107.280
7;4;0;8.065;24.710
8;0;4;55.295;96.660
8;4;0;10.295;14.090
9;0;5;67.688;96.380
9;5;0;22.688;15.370
10;0;6;75.107;99.270
10;6;0;30.107;19.520
11;0;7;81.549;103.790
11;7;0;36.549;24.950
12;0;8;77.509;96.180
12;8;0;32.509;18.410
13;0;8;74.670;79.000
13;8;0;29.670;1.230
14;0;8;78.539;102.610
14;8;0;33.539;24.840
15;0;9;62.194;102.010
15;9;0;17.194;24.340
16;0;9;65.652;84.490
16;9;0;20.652;6.820
17;0;10;90.309;95.120
17;10;0;45.309;18.100
18;0;11;64.222;89.210
18;11;0;19.222;16.540
19;0;11;65.344;75.070
19;11;0;20.344;2.400
20;0;11;68.291;86.720
20;11;0;23.291;14.050
21;0;12;76.387;76.080
21;12;0;31.387;4.180
22;0;13;124.572;91.630
22;13;0;79.572;19.910
23;0;14;72.562;80.720
23;14;0;27.562;9.730
24;0;14;66.952;82.500
24;14;0;21.952;11.510
25;0;15;119.442;69.680
25;15;0;74.442;2.260
26;0;15;106.878;89.020
26;15;0;61.878;21.600
27;0;15;118.410;70.470
27;15;0;73.410;3.050
28;0;16;138.673;88.920
28;16;0;93.673;21.880
29;0;17;63.196;79.840
29;17;0;18.196;14.420
30;0;18;116.350;68.000
30;18;0;71.350;3.530
31;0;19;63.315;67.750
31;19;0;18.315;3.710
32;0;20;67.496;70.060
32;20;0;22.496;6.330
33;0;20;63.606;81.440
33;20;0;18.606;17.710
34;0;21;54.829;73.390
34;21;0;9.829;10.210
35;0;22;63.686;78.430
35;22;0;18.686;17.240
36;0;23;63.520;69.140
36;23;0;18.520;8.070
37;0;24;65.827;68.510
37;24;0;20.827;7.760
38;0;25;51.651;62.210
38;25;0;6.651;1.820
39;0;25;50.538;71.670
39;25;0;5.538;11.280
40;0;26;70.336;60.400
40;26;0;25.336;0.250
41;0;27;121.973;75.330
41;27;0;76.973;15.830
42;0;28;74.690;77.560
42;28;0;29.690;18.080
43;0;29;0.000;14.140
43;29;0;0.000;14.140
44;0;29;0.000;8.040
44;29;0;0.000;8.040
45;0;29;0.000;0.980
45;29;0;0.000;0.980
46;1;2;110.336;99.180
46;2;1;110.336;100.150
47;1;3;117.069;99.700
47;3;1;117.069;103.220
48;1;4;87.276;88.670
48;4;1;87.276;94.330
49;1;4;92.303;94.870
49;4;1;92.303;100.530
50;1;4;82.943;104.060
50;4;1;82.943;109.720
51;1;5;86.520;98.170
51;5;1;86.520;105.390
52;1;5;91.543;87.520
52;5;1;91.543;94.740
53;1;6;65.984;83.670
53;6;1;65.984;92.150
54;1;6;61.684;97.560
54;6;1;61.684;106.040
55;1;6;68.172;97.960
55;6;1;68.172;106.440
56;1;7;66.570;90.810
56;7;1;66.570;100.200
57;1;7;69.032;83.560
57;7;1;69.032;92.950
58;1;7;62.454;81.830
58;7;1;62.454;91.220
59;1;8;74.022;99.210
59;8;1;74.022;109.670
60;1;8;72.152;80.510
60;8;1;72.152;90.970
61;1;8;77.102;79.030
61;8;1;77.102;89.490
62;1;9;80.845;88.270
62;9;1;80.845;98.830
63;1;10;80.955;97.640
63;10;1;80.955;108.850
64;1;10;76.363;99.480
64;10;1;76.363;110.690
65;1;11;113.662;73.470
65;11;1;113.662;89.030
66;1;11;129.921;77.760
66;11;1;129.921;93.320
67;1;11;111.309;73.150
67;11;1;111.309;88.710
68;1;12;114.299;76.620
68;12;1;114.299;92.950
69;1;12;110.643;76.610
69;12;1;110.643;92.940
70;1;12;103.064;74.520
70;12;1;103.064;90.850
71;1;13;96.851;89.350
71;13;1;96.851;105.860
72;1;13;89.974;81.440
72;13;1;89.974;97.950
73;1;14;69.109;86.340
73;14;1;69.109;103.580
74;1;15;97.504;68.550
74;15;1;97.504;89.360
75;1;15;91.045;75.940
75;15;1;91.045;96.750
76;1;16;102.209;84.280
76;16;1;102.209;105.470
77;1;16;95.472;80.480
77;16;1;95.472;101.670
78;1;17;78.322;75.010
78;17;1;78.322;97.820
79;1;17;71.853;76.650
79;17;1;71.853;99.460
80;1;17;85.056;68.670
80;17;1;85.056;91.480
81;1;18;79.185;67.840
81;18;1;79.185;91.600
82;1;19;92.752;75.580
82;19;1;92.752;99.770
83;1;19;96.456;69.470
83;19;1;96.456;93.660
84;1;19;99.432;76.270
84;19;1;99.432;100.460
85;1;20;77.528;67.040
85;20;1;77.528;91.540
86;1;21;84.694;84.400
86;21;1;84.694;109.450
87;1;21;80.854;68.170
87;21;1;80.854;93.220
88;1;22;79.129;80.670
88;22;1;79.129;107.710
89;1;22;84.880;82.000
89;22;1;84.880;109.040
90;1;23;78.457;71.360
90;23;1;78.457;98.520
91;1;23;73.487;75.600
91;23;1;73.487;102.760
92;1;24;73.902;75.490
92;24;1;73.902;102.970
93;1;24;70.322;67.460
93;24;1;70.322;94.940
94;1;24;69.638;68.460
94;24;1;69.638;95.940
95;1;25;88.091;69.080
95;25;1;88.091;96.920
96;1;26;105.577;63.910
96;26;1;105.577;91.990
97;1;27;76.549;61.690
97;27;1;76.549;90.420
98;1;27;79.363;78.640
98;27;1;79.363;107.370
99;1;28;68.587;73.750
99;28;1;68.587;102.500
100;1;28;71.348;75.120
100;28;1;71.348;103.870
101;1;29;49.491;12.700
101;29;1;94.491;100.930
102;1;29;53.004;4.460
102;29;1;98.004;92.690
103;1;29;48.571;5.930
103;29;1;93.571;94.160
104;2;3;51.988;107.660
104;3;2;51.988;110.210
105;2;3;50.481;91.220
105;3;2;50.481;93.770
106;2;4;76.730;104.270
106;4;2;76.730;108.960
107;2;4;80.369;105.280
107;4;2;80.369;109.970
108;2;5;91.481;88.840
108;5;2;91.481;95.090
109;2;5;82.001;89.350
109;5;2;82.001;95.600
110;2;5;80.058;97.400
110;5;2;80.058;103.650
111;2;6;89.354;99.730
111;6;2;89.354;107.240
112;2;6;86.262;96.430
112;6;2;86.262;103.940
113;2;6;98.411;102.850
113;6;2;98.411;110.360
114;2;7;91.542;95.000
114;7;2;91.542;103.420
115;2;7;80.167;84.240
115;7;2;80.167;92.660
116;2;7;102.385;96.410
116;7;2;102.385;104.830
117;2;8;100.131;83.230
117;8;2;100.131;92.720
118;2;8;88.069;81.820
118;8;2;88.069;91.310
119;2;9;84.892;93.940
119;9;2;84.892;103.530
120;2;10;113.670;81.460
120;10;2;113.670;91.700
121;2;11;64.619;84.630
121;11;2;64.619;99.220
122;2;12;53.115;88.130
122;12;2;53.115;103.490
123;2;13;147.414;94.840
123;13;2;147.414;110.380
124;2;14;86.226;75.000
124;14;2;86.226;91.270
125;2;15;142.767;72.090
125;15;2;142.767;91.930
126;2;15;138.380;73.220
126;15;2;138.380;93.060
127;2;15;144.729;68.200
127;15;2;144.729;88.040
128;2;16;142.123;75.940
128;16;2;142.123;96.160
129;2;16;146.772;87.260
129;16;2;146.772;107.480
130;2;16;122.309;74.650
130;16;2;122.309;94.870
131;2;17;84.989;69.150
131;17;2;84.989;90.990
132;2;17;86.017;69.320
132;17;2;86.017;91.160
133;2;18;122.761;68.630
133;18;2;122.761;91.420
134;2;19;86.710;69.600
134;19;2;86.710;92.820
135;2;20;90.080;67.710
135;20;2;90.080;91.240
136;2;20;85.079;76.940
136;20;2;85.079;100.470
137;2;20;80.397;86.650
137;20;2;80.397;110.180
138;2;21;74.708;74.490
138;21;2;74.708;98.570
139;2;21;81.570;82.450
139;21;2;81.570;106.530
140;2;21;75.473;80.920
140;21;2;75.473;105.000
141;2;22;86.065;73.140
141;22;2;86.065;99.210
142;2;23;85.525;73.500
142;23;2;85.525;99.690
143;2;24;82.779;63.780
143;24;2;82.779;90.290
144;2;24;74.105;64.810
144;24;2;74.105;91.320
145;2;24;77.627;65.540
145;24;2;77.627;92.050
146;2;25;71.558;76.380
146;25;2;71.558;103.250
147;2;25;67.307;64.170
147;25;2;67.307;91.040
148;2;25;77.447;71.560
148;25;2;77.447;98.430
149;2;26;53.171;76.860
149;26;2;53.171;103.970
150;2;27;132.213;65.250
150;27;2;132.213;93.010
151;2;28;86.989;63.720
151;28;2;86.989;91.500
152;2;28;80.426;76.420
152;28;2;80.426;104.200
153;2;28;92.502;75.680
153;28;2;92.502;103.460
154;2;29;23.796;10.470
154;29;2;68.796;97.730
155;2;29;26.082;24.370
155;29;2;71.082;111.630
156;3;4;81.692;101.870
156;4;3;81.692;104.010
157;3;4;88.457;90.800
157;4;3;88.457;92.940
158;3;4;86.990;85.880
158;4;3;86.990;88.020
159;3;5;95.763;97.770
159;5;3;95.763;101.470
160;3;5;85.529;104.690
160;5;3;85.529;108.390
161;3;5;95.576;86.530
161;5;3;95.576;90.230
162;3;6;96.088;86.330
162;6;3;96.088;91.290
163;3;6;85.096;103.410
163;6;3;85.096;108.370
164;3;7;98.504;93.220
164;7;3;98.504;99.090
165;3;7;85.695;100.700
165;7;3;85.695;106.570
166;3;8;105.469;99.480
166;8;3;105.469;106.420
167;3;9;90.108;92.950
167;9;3;90.108;99.990
168;3;9;92.893;85.960
168;9;3;92.893;93.000
169;3;9;93.982;96.970
169;9;3;93.982;104.010
170;3;10;118.587;86.600
170;10;3;118.587;94.290
171;3;11;63.721;93.940
171;11;3;63.721;105.980
172;3;12;54.760;84.260
172;12;3;54.760;97.070
173;3;13;152.715;83.230
173;13;3;152.715;96.220
174;3;14;92.972;81.800
174;14;3;92.972;95.520
175;3;14;101.979;73.400
175;14;3;101.979;87.120
176;3;15;147.722;77.350
176;15;3;147.722;94.640
177;3;16;148.777;72.600
177;16;3;148.777;90.270
178;3;17;90.512;85.160
178;17;3;90.512;104.450
179;3;18;129.661;68.670
179;18;3;129.661;88.910
180;3;19;90.296;84.180
180;19;3;90.296;104.850
181;3;20;95.384;82.120
181;20;3;95.384;103.100
182;3;20;85.502;76.420
182;20;3;85.502;97.400
183;3;20;93.342;67.000
183;20;3;93.342;87.980
184;3;21;80.398;71.030
184;21;3;80.398;92.560
185;3;22;91.414;81.280
185;22;3;91.414;104.800
186;3;22;90.157;73.990
186;22;3;90.157;97.510
187;3;23;90.992;74.360
187;23;3;90.992;98.000
188;3;23;83.394;72.180
188;23;3;83.394;95.820
189;3;23;81.445;66.620
189;23;3;81.445;90.260
190;3;24;89.149;77.430
190;24;3;89.149;101.390
191;3;24;79.660;79.090
191;24;3;79.660;103.050
192;3;24;83.000;83.380
192;24;3;83.000;107.340
193;3;25;77.067;81.300
193;25;3;77.067;105.620
194;3;25;77.005;83.370
194;25;3;77.005;107.690
195;3;26;59.458;79.940
195;26;3;59.458;104.500
196;3;27;139.200;67.790
196;27;3;139.200;93.000
197;3;27;121.062;61.080
197;27;3;121.062;86.290
198;3;27;127.082;61.650
198;27;3;127.082;86.860
199;3;28;93.832;82.980
199;28;3;93.832;108.210
200;3;28;84.013;60.950
200;28;3;84.013;86.180
201;3;28;94.447;64.030
201;28;3;94.447;89.260
202;3;29;28.285;2.820
202;29;3;73.285;87.530
203;3;29;31.944;18.730
203;29;3;76.944;103.440
204;4;5;60.381;90.540
204;5;4;60.381;92.100
205;4;5;62.806;82.210
205;5;4;62.806;83.770
206;4;6;69.444;82.140
206;6;4;69.444;84.960
207;4;6;67.947;104.690
207;6;4;67.947;107.510
208;4;6;72.507;82.180
208;6;4;72.507;85.000
209;4;7;77.233;85.050
209;7;4;77.233;88.780
210;4;7;76.859;102.520
210;7;4;76.859;106.250
211;4;8;68.885;86.150
211;8;4;68.885;90.950
212;4;8;66.351;86.620
212;8;4;66.351;91.420
213;4;9;53.547;96.800
213;9;4;53.547;101.700
214;4;9;55.460;85.020
214;9;4;55.460;89.920
215;4;10;81.967;100.350
215;10;4;81.967;105.900
216;4;10;74.303;92.220
216;10;4;74.303;97.770
217;4;11;72.272;93.690
217;11;4;72.272;103.590
218;4;12;83.904;80.470
218;12;4;83.904;91.140
219;4;12;85.045;78.570
219;12;4;85.045;89.240
220;4;12;86.369;74.040
220;12;4;86.369;84.710
221;4;13;116.038;78.990
221;13;4;116.038;89.840
222;4;13;105.486;74.070
222;13;4;105.486;84.920
223;4;14;67.457;77.560
223;14;4;67.457;89.140
224;4;14;72.750;92.000
224;14;4;72.750;103.580
225;4;15;111.092;85.180
225;15;4;111.092;100.330
226;4;16;134.874;78.150
226;16;4;134.874;93.680
227;4;16;139.043;73.070
227;16;4;139.043;88.600
228;4;17;54.733;85.990
228;17;4;54.733;103.140
229;4;17;55.190;70.020
229;17;4;55.190;87.170
230;4;18;111.918;82.380
230;18;4;111.918;100.480
231;4;18;104.392;73.480
231;18;4;104.392;91.580
232;4;18;101.358;67.410
232;18;4;101.358;85.510
233;4;19;58.400;76.270
233;19;4;58.400;94.800
234;4;19;59.567;80.990
234;19;4;59.567;99.520
235;4;19;59.494;84.220
235;19;4;59.494;102.750
236;4;20;58.852;76.280
236;20;4;58.852;95.120
237;4;21;50.626;75.040
237;21;4;50.626;94.430
238;4;21;51.946;71.060
238;21;4;51.946;90.450
239;4;21;49.644;82.420
239;21;4;49.644;101.810
240;4;22;55.056;71.320
240;22;4;55.056;92.700
241;4;22;54.243;71.550
241;22;4;54.243;92.930
242;4;23;54.975;64.220
242;23;4;54.975;85.720
243;4;24;59.887;81.400
243;24;4;59.887;103.220
244;4;25;51.171;78.110
244;25;4;51.171;100.290
245;4;25;51.161;80.750
245;25;4;51.161;102.930
246;4;25;51.442;67.770
246;25;4;51.442;89.950
247;4;26;76.945;76.940
247;26;4;76.945;99.360
248;4;26;82.832;71.820
248;26;4;82.832;94.240
249;4;27;116.122;60.640
249;27;4;116.122;83.710
250;4;27;130.325;64.790
250;27;4;130.325;87.860
251;4;28;70.001;62.940
251;28;4;70.001;86.030
252;4;29;8.647;3.480
252;29;4;53.647;86.050
253;5;6;75.314;104.570
253;6;5;75.314;105.830
254;5;6;73.003;83.580
254;6;5;73.003;84.840
255;5;7;84.488;81.490
255;7;5;84.488;83.660
256;5;7;84.091;86.540
256;7;5;84.091;88.710
257;5;8;59.400;99.080
257;8;5;59.400;102.320
258;5;8;60.987;85.340
258;8;5;60.987;88.580
259;5;9;55.323;95.900
259;9;5;55.323;99.240
260;5;9;54.647;98.160
260;9;5;54.647;101.500
261;5;10;68.621;92.000
261;10;5;68.621;95.990
262;5;10;74.425;92.850
262;10;5;74.425;96.840
263;5;11;82.763;87.020
263;11;5;82.763;95.360
264;5;11;78.365;92.960
264;11;5;78.365;101.300
265;5;12;98.965;87.310
265;12;5;98.965;96.420
266;5;13;103.279;78.490
266;13;5;103.279;87.780
267;5;13;99.432;72.460
267;13;5;99.432;81.750
268;5;14;74.821;84.560
268;14;5;74.821;94.580
269;5;15;97.433;78.310
269;15;5;97.433;91.900
270;5;15;109.784;83.780
270;15;5;109.784;97.370
271;5;16;140.389;79.420
271;16;5;140.389;93.390
272;5;16;143.219;86.650
272;16;5;143.219;100.620
273;5;16;153.154;72.850
273;16;5;153.154;86.820
274;5;17;57.858;68.270
274;17;5;57.858;83.860
275;5;17;57.571;73.060
275;17;5;57.571;88.650
276;5;17;55.890;68.460
276;17;5;55.890;84.050
277;5;18;116.810;83.440
277;18;5;116.810;99.980
278;5;18;134.644;65.190
278;18;5;134.644;81.730
279;5;18;125.706;81.940
279;18;5;125.706;98.480
280;5;19;52.549;64.920
280;19;5;52.549;81.890
281;5;19;51.366;66.690
281;19;5;51.366;83.660
282;5;19;51.876;76.860
282;19;5;51.876;93.830
283;5;20;54.749;73.390
283;20;5;54.749;90.670
284;5;21;64.811;85.010
284;21;5;64.811;102.840
285;5;22;55.905;69.470
285;22;5;55.905;89.290
286;5;22;54.183;80.990
286;22;5;54.183;100.810
287;5;23;57.156;82.280
287;23;5;57.156;102.220
288;5;24;67.821;85.600
288;24;5;67.821;105.860
289;5;25;66.487;62.700
289;25;5;66.487;83.320
290;5;25;69.177;83.890
290;25;5;69.177;104.510
291;5;26;92.282;66.040
291;26;5;92.282;86.900
292;5;26;99.246;74.400
292;26;5;99.246;95.260
293;5;27;117.778;70.000
293;27;5;117.778;91.510
294;5;27;112.847;69.790
294;27;5;112.847;91.300
295;5;28;77.620;71.160
295;28;5;77.620;92.690
296;5;29;22.688;4.090
296;29;5;67.688;85.100
297;5;29;28.092;16.970
297;29;5;73.092;97.980
298;6;7;54.238;88.200
298;7;6;54.238;89.110
299;6;7;53.609;102.480
299;7;6;53.609;103.390
300;6;8;69.601;97.180
300;8;6;69.601;99.160
301;6;8;68.232;92.750
301;8;6;68.232;94.730
302;6;9;66.053;98.960
302;9;6;66.053;101.040
303;6;9;69.456;82.320
303;9;6;69.456;84.400
304;6;9;66.385;84.370
304;9;6;66.385;86.450
305;6;10;82.998;93.860
305;10;6;82.998;96.590
306;6;11;93.824;94.670
306;11;6;93.824;101.750
307;6;11;85.463;87.930
307;11;6;85.463;95.010
308;6;11;99.358;89.640
308;11;6;99.358;96.720
309;6;12;93.521;72.790
309;12;6;93.521;80.640
310;6;12;89.288;73.600
310;12;6;89.288;81.450
311;6;12;101.410;74.990
311;12;6;101.410;82.840
312;6;13;110.123;83.590
312;13;6;110.123;91.620
313;6;13;101.668;92.530
313;13;6;101.668;100.560
314;6;14;48.134;87.440
314;14;6;48.134;96.200
315;6;15;108.137;92.240
315;15;6;108.137;104.570
316;6;15;114.103;72.270
316;15;6;114.103;84.600
317;6;16;110.940;68.810
317;16;6;110.940;81.520
318;6;16;99.439;68.810
318;16;6;99.439;81.520
319;6;16;121.686;78.300
319;16;6;121.686;91.010
320;6;17;63.125;78.020
320;17;6;63.125;92.350
321;6;18;87.679;72.640
321;18;6;87.679;87.920
322;6;19;79.073;64.760
322;19;6;79.073;80.470
323;6;19;71.828;71.000
323;19;6;71.828;86.710
324;6;19;73.637;81.370
324;19;6;73.637;97.080
325;6;20;65.740;68.780
325;20;6;65.740;84.800
326;6;20;65.921;65.140
326;20;6;65.921;81.160
327;6;21;65.413;68.980
327;21;6;65.413;85.550
328;6;21;60.614;82.600
328;21;6;60.614;99.170
329;6;22;64.813;64.970
329;22;6;64.813;83.530
330;6;22;62.932;77.840
330;22;6;62.932;96.400
331;6;23;63.660;70.730
331;23;6;63.660;89.410
332;6;24;54.569;72.420
332;24;6;54.569;91.420
333;6;25;68.466;73.290
333;25;6;68.466;92.650
334;6;25;67.505;71.210
334;25;6;67.505;90.570
335;6;25;72.231;80.040
335;25;6;72.231;99.400
336;6;26;84.813;77.950
336;26;6;84.813;97.550
337;6;26;78.088;63.170
337;26;6;78.088;82.770
338;6;26;87.490;84.100
338;26;6;87.490;103.700
339;6;27;91.911;63.330
339;27;6;91.911;83.580
340;6;27;100.995;69.870
340;27;6;100.995;90.120
341;6;28;48.827;67.360
341;28;6;48.827;87.630
342;6;29;30.107;0.490
342;29;6;75.107;80.240
343;7;8;78.419;80.060
343;8;7;78.419;81.130
344;7;8;73.012;99.920
344;8;7;73.012;100.990
345;7;9;74.973;82.120
345;9;7;74.973;83.290
346;7;10;91.181;100.910
346;10;7;91.181;102.730
347;7;10;99.583;80.680
347;10;7;99.583;82.500
348;7;11;99.245;82.080
348;11;7;99.245;88.250
349;7;11;102.954;82.830
349;11;7;102.954;89.000
350;7;12;94.291;79.940
350;12;7;94.291;86.880
351;7;12;99.335;76.780
351;12;7;99.335;83.720
352;7;13;115.732;93.880
352;13;7;115.732;101.000
353;7;13;126.534;79.810
353;13;7;126.534;86.930
354;7;13;119.650;79.460
354;13;7;119.650;86.580
355;7;14;54.975;93.280
355;14;7;54.975;101.130
356;7;14;56.834;94.110
356;14;7;56.834;101.960
357;7;14;53.291;72.740
357;14;7;53.291;80.590
358;7;15;114.654;84.170
358;15;7;114.654;95.590
359;7;15;125.144;82.200
359;15;7;125.144;93.620
360;7;15;103.977;75.000
360;15;7;103.977;86.420
361;7;16;102.641;84.500
361;16;7;102.641;96.300
362;7;17;72.071;66.270
362;17;7;72.071;79.690
363;7;17;76.739;87.060
363;17;7;76.739;100.480
364;7;18;79.854;77.730
364;18;7;79.854;92.100
365;7;18;85.266;76.770
365;18;7;85.266;91.140
366;7;19;87.897;68.950
366;19;7;87.897;83.750
367;7;19;95.183;79.180
367;19;7;95.183;93.980
368;7;19;79.397;66.490
368;19;7;79.397;81.290
369;7;20;74.967;65.470
369;20;7;74.967;80.580
370;7;21;72.463;67.050
370;21;7;72.463;82.710
371;7;21;70.580;72.710
371;21;7;70.580;88.370
372;7;21;73.636;78.830
372;21;7;73.636;94.490
373;7;22;73.847;71.120
373;22;7;73.847;88.770
374;7;22;73.428;67.180
374;22;7;73.428;84.830
375;7;22;78.069;80.440
375;22;7;78.069;98.090
376;7;23;72.657;82.810
376;23;7;72.657;100.580
377;7;23;66.929;62.650
377;23;7;66.929;80.420
378;7;24;62.667;63.610
378;24;7;62.667;81.700
379;7;24;66.223;74.790
379;24;7;66.223;92.880
380;7;24;58.487;81.820
380;24;7;58.487;99.910
381;7;25;74.991;75.250
381;25;7;74.991;93.700
382;7;25;74.259;63.350
382;25;7;74.259;81.800
383;7;25;70.743;64.970
383;25;7;70.743;83.420
384;7;26;85.666;73.130
384;26;7;85.666;91.820
385;7;27;86.270;68.520
385;27;7;86.270;87.860
386;7;28;52.264;79.540
386;28;7;52.264;98.900
387;7;28;53.485;84.120
387;28;7;53.485;103.480
388;7;29;36.549;9.740
388;29;7;81.549;88.580
389;7;29;35.391;21.090
389;29;7;80.391;99.930
390;7;29;45.656;5.520
390;29;7;90.656;84.360
391;8;9;60.372;90.920
391;9;8;60.372;91.020
392;8;9;58.834;81.980
392;9;8;58.834;82.080
393;8;10;59.501;86.220
393;10;8;59.501;86.970
394;8;11;95.168;86.470
394;11;8;95.168;91.570
395;8;11;95.958;74.460
395;11;8;95.958;79.560
396;8;11;106.934;96.920
396;11;8;106.934;102.020
397;8;12;106.754;75.830
397;12;8;106.754;81.700
398;8;12;92.815;89.080
398;12;8;92.815;94.950
399;8;13;92.290;73.820
399;13;8;92.290;79.870
400;8;13;101.989;96.470
400;13;8;101.989;102.520
401;8;14;70.644;77.980
401;14;8;70.644;84.760
402;8;14;73.186;89.820
402;14;8;73.186;96.600
403;8;15;87.910;85.640
403;15;8;87.910;95.990
404;8;16;130.235;89.820
404;16;8;130.235;100.550
405;8;17;60.208;80.020
405;17;8;60.208;92.370
406;8;17;58.170;76.820
406;17;8;58.170;89.170
407;8;18;106.687;80.720
407;18;8;106.687;94.020
408;8;18;109.989;71.740
408;18;8;109.989;85.040
409;8;18;118.610;83.990
409;18;8;118.610;97.290
410;8;19;66.825;88.410
410;19;8;66.825;102.140
411;8;20;55.085;82.730
411;20;8;55.085;96.770
412;8;21;70.526;73.400
412;21;8;70.526;87.990
413;8;21;76.594;71.310
413;21;8;76.594;85.900
414;8;22;59.075;83.530
414;22;8;59.075;100.110
415;8;22;60.934;68.720
415;22;8;60.934;85.300
416;8;22;60.090;82.180
416;22;8;60.090;98.760
417;8;23;59.627;78.020
417;23;8;59.627;94.720
418;8;23;58.983;65.580
418;23;8;58.983;82.280
419;8;24;66.551;65.350
419;24;8;66.551;82.370
420;8;24;65.201;65.050
420;24;8;65.201;82.070
421;8;25;73.573;64.670
421;25;8;73.573;82.050
422;8;25;71.916;66.710
422;25;8;71.916;84.090
423;8;26;98.966;81.660
423;26;8;98.966;99.280
424;8;26;110.636;78.130
424;26;8;110.636;95.750
425;8;27;105.565;76.010
425;27;8;105.565;94.280
426;8;27;103.081;67.990
426;27;8;103.081;86.260
427;8;27;103.700;79.750
427;27;8;103.700;98.020
428;8;28;73.044;60.600
428;28;8;73.044;78.890
429;8;28;78.010;62.450
429;28;8;78.010;80.740
430;8;29;32.509;2.240
430;29;8;77.509;80.010
431;9;10;73.859;90.190
431;10;9;73.859;90.840
432;9;10;70.385;83.550
432;10;9;70.385;84.200
433;9;10;79.900;84.530
433;10;9;79.900;85.180
434;9;11;80.483;75.410
434;11;9;80.483;80.410
435;9;11;79.815;89.250
435;11;9;79.815;94.250
436;9;12;91.758;78.420
436;12;9;91.758;84.190
437;9;12;96.030;87.380
437;12;9;96.030;93.150
438;9;12;85.189;92.230
438;12;9;85.189;98.000
439;9;13;107.614;82.220
439;13;9;107.614;88.170
440;9;13;95.895;92.220
440;13;9;95.895;98.170
441;9;13;109.988;74.120
441;13;9;109.988;80.070
442;9;14;65.072;88.260
442;14;9;65.072;94.940
443;9;14;67.654;86.880
443;14;9;67.654;93.560
444;9;15;102.892;75.940
444;15;9;102.892;86.190
445;9;16;131.899;82.340
445;16;9;131.899;92.970
446;9;16;148.515;86.460
446;16;9;148.515;97.090
447;9;16;117.125;75.190
447;16;9;117.125;85.820
448;9;17;47.930;87.890
448;17;9;47.930;100.140
449;9;17;48.571;81.630
449;17;9;48.571;93.880
450;9;17;48.365;89.490
450;17;9;48.365;101.740
451;9;18;108.490;70.160
451;18;9;108.490;83.360
452;9;18;113.149;66.860
452;18;9;113.149;80.060
453;9;18;122.158;79.110
453;18;9;122.158;92.310
454;9;19;58.035;67.840
454;19;9;58.035;81.470
455;9;19;57.660;66.830
455;19;9;57.660;80.460
456;9;19;59.608;67.940
456;19;9;59.608;81.570
457;9;20;50.307;83.790
457;20;9;50.307;97.730
458;9;21;55.748;85.590
458;21;9;55.748;100.080
459;9;22;46.755;80.230
459;22;9;46.755;96.710
460;9;22;46.826;73.810
460;22;9;46.826;90.290
461;9;23;47.493;79.460
461;23;9;47.493;96.060
462;9;24;57.704;84.490
462;24;9;57.704;101.410
463;9;24;59.990;70.980
463;24;9;59.990;87.900
464;9;24;58.302;73.960
464;24;9;58.302;90.880
465;9;25;58.413;65.240
465;25;9;58.413;82.520
466;9;25;57.675;78.890
466;25;9;57.675;96.170
467;9;25;57.993;78.130
467;25;9;57.993;95.410
468;9;26;84.311;84.170
468;26;9;84.311;101.690
469;9;26;90.066;74.820
469;26;9;90.066;92.340
470;9;26;93.154;67.940
470;26;9;93.154;85.460
471;9;27;111.028;80.070
471;27;9;111.028;98.240
472;9;28;67.870;65.190
472;28;9;67.870;83.380
473;9;29;17.194;18.670
473;29;9;62.194;96.340
474;9;29;18.785;22.570
474;29;9;63.785;100.240
475;9;29;15.655;10.060
475;29;9;60.655;87.730
476;10;11;106.384;76.160
476;11;10;106.384;80.510
477;10;11;99.328;85.340
477;11;10;99.328;89.690
478;10;12;120.617;94.900
478;12;10;120.617;100.020
479;10;13;79.657;94.890
479;13;10;79.657;100.190
480;10;14;84.493;86.700
480;14;10;84.493;92.730
481;10;15;74.136;68.510
481;15;10;74.136;78.110
482;10;15;67.074;84.310
482;15;10;67.074;93.910
483;10;15;72.323;83.880
483;15;10;72.323;93.480
484;10;16;138.102;89.030
484;16;10;138.102;99.010
485;10;17;74.303;81.390
485;17;10;74.303;92.990
486;10;17;68.443;90.270
486;17;10;68.443;101.870
487;10;18;115.123;74.710
487;18;10;115.123;87.260
488;10;19;75.731;87.610
488;19;10;75.731;100.590
489;10;19;69.862;71.870
489;19;10;69.862;84.850
490;10;20;68.888;80.780
490;20;10;68.888;94.070
491;10;20;66.934;72.910
491;20;10;66.934;86.200
492;10;21;84.479;65.660
492;21;10;84.479;79.500
493;10;21;88.157;75.760
493;21;10;88.157;89.600
494;10;22;72.879;84.740
494;22;10;72.879;100.570
495;10;22;72.218;82.120
495;22;10;72.218;97.950
496;10;23;73.647;85.090
496;23;10;73.647;101.040
497;10;23;77.899;69.340
497;23;10;77.899;85.290
498;10;23;78.813;61.670
498;23;10;78.813;77.620
499;10;24;81.011;67.880
499;24;10;81.011;84.150
500;10;24;73.613;74.320
500;24;10;73.613;90.590
501;10;24;85.951;82.300
501;24;10;85.951;98.570
502;10;25;87.272;77.110
502;25;10;87.272;93.740
503;10;25;94.314;71.690
503;25;10;94.314;88.320
504;10;26;113.074;76.080
504;26;10;113.074;92.950
505;10;26;99.325;69.880
505;26;10;99.325;86.750
506;10;26;110.125;81.100
506;26;10;110.125;97.970
507;10;27;111.005;83.090
507;27;10;111.005;100.610
508;10;27;104.067;65.800
508;27;10;104.067;83.320
509;10;28;86.666;61.200
509;28;10;86.666;78.740
510;10;28;95.189;66.170
510;28;10;95.189;83.710
511;10;28;91.715;80.070
511;28;10;91.715;97.610
512;10;29;45.309;13.980
512;29;10;90.309;91.000
513;10;29;34.787;6.260
513;29;10;79.787;83.280
514;11;12;72.076;74.070
514;12;11;72.076;74.840
515;11;13;141.041;92.360
515;13;11;141.041;93.310
516;11;14;91.063;79.120
516;14;11;91.063;80.800
517;11;14;91.049;91.570
517;14;11;91.049;93.250
518;11;14;80.296;92.600
518;14;11;80.296;94.280
519;11;15;135.045;76.640
519;15;11;135.045;81.890
520;11;15;115.554;79.930
520;15;11;115.554;85.180
521;11;15;129.335;87.110
521;15;11;129.335;92.360
522;11;16;154.833;84.660
522;16;11;154.833;90.290
523;11;17;82.002;79.620
523;17;11;82.002;86.870
524;11;18;133.461;73.780
524;18;11;133.461;81.980
525;11;19;75.947;83.860
525;19;11;75.947;92.490
526;11;19;73.171;80.060
526;19;11;73.171;88.690
527;11;20;85.599;87.020
527;20;11;85.599;95.960
528;11;21;73.971;65.190
528;21;11;73.971;74.680
529;11;21;68.487;84.760
529;21;11;68.487;94.250
530;11;21;73.550;71.040
530;21;11;73.550;80.530
531;11;22;82.142;73.930
531;22;11;82.142;85.410
532;11;23;82.210;83.240
532;23;11;82.210;94.840
533;11;23;79.138;62.760
533;23;11;79.138;74.360
534;11;24;84.848;81.250
534;24;11;84.848;93.170
535;11;24;94.206;73.910
535;24;11;94.206;85.830
536;11;24;81.252;83.680
536;24;11;81.252;95.600
537;11;25;70.585;63.150
537;25;11;70.585;75.430
538;11;26;71.588;63.670
538;26;11;71.588;76.190
539;11;27;140.326;70.140
539;27;11;140.326;83.310
540;11;27;138.607;78.800
540;27;11;138.607;91.970
541;11;28;92.882;81.980
541;28;11;92.882;95.170
542;11;29;19.222;15.560
542;29;11;64.222;88.230
543;11;29;22.351;23.220
543;29;11;67.351;95.890
544;12;13;153.905;72.520
544;13;12;153.905;72.700
545;12;14;90.399;79.810
545;14;12;90.399;80.720
546;12;14;98.057;85.820
546;14;12;98.057;86.730
547;12;14;90.654;95.740
547;14;12;90.654;96.650
548;12;15;149.601;89.980
548;15;12;149.601;94.460
549;12;16;141.250;82.510
549;16;12;141.250;87.370
550;12;17;91.546;85.690
550;17;12;91.546;92.170
551;12;17;83.641;67.470
551;17;12;83.641;73.950
552;12;17;99.182;82.770
552;17;12;99.182;89.250
553;12;18;123.233;66.190
553;18;12;123.233;73.620
554;12;18;104.441;74.390
554;18;12;104.441;81.820
555;12;18;106.137;71.510
555;18;12;106.137;78.940
556;12;19;94.527;73.040
556;19;12;94.527;80.900
557;12;19;100.382;67.120
557;19;12;100.382;74.980
558;12;19;85.096;65.840
558;19;12;85.096;73.700
559;12;20;96.814;83.460
559;20;12;96.814;91.630
560;12;21;81.232;84.390
560;21;12;81.232;93.110
561;12;22;92.793;73.270
561;22;12;92.793;83.980
562;12;22;92.560;67.740
562;22;12;92.560;78.450
563;12;22;94.700;64.690
563;22;12;94.700;75.400
564;12;23;92.138;75.830
564;23;12;92.138;86.660
565;12;23;91.309;77.320
565;23;12;91.309;88.150
566;12;23;93.886;79.370
566;23;12;93.886;90.200
567;12;24;88.076;82.780
567;24;12;88.076;93.930
568;12;24;94.069;80.960
568;24;12;94.069;92.110
569;12;25;78.346;74.480
569;25;12;78.346;85.990
570;12;25;86.216;76.890
570;25;12;86.216;88.400
571;12;26;53.722;77.590
571;26;12;53.722;89.340
572;12;26;55.707;64.090
572;26;12;55.707;75.840
573;12;27;133.825;74.570
573;27;12;133.825;86.970
574;12;28;90.714;76.730
574;28;12;90.714;89.150
575;12;28;96.028;68.290
575;28;12;96.028;80.710
576;12;28;99.332;72.610
576;28;12;99.332;85.030
577;12;29;31.387;12.350
577;29;12;76.387;84.250
578;12;29;33.296;23.090
578;29;12;78.296;94.990
579;13;14;112.603;77.310
579;14;13;112.603;78.040
580;13;15;53.891;79.950
580;15;13;53.891;84.250
581;13;15;54.355;92.150
581;15;13;54.355;96.450
582;13;15;55.466;73.170
582;15;13;55.466;77.470
583;13;16;145.386;79.030
583;16;13;145.386;83.710
584;13;17;107.439;77.690
584;17;13;107.439;83.990
585;13;17;100.279;81.670
585;17;13;100.279;87.970
586;13;17;105.129;73.250
586;17;13;105.129;79.550
587;13;18;126.254;80.950
587;18;13;126.254;88.200
588;13;19;110.310;69.470
588;19;13;110.310;77.150
589;13;19;97.809;70.250
589;19;13;97.809;77.930
590;13;20;102.363;69.540
590;20;13;102.363;77.530
591;13;20;89.340;65.670
591;20;13;89.340;73.660
592;13;21;117.753;67.000
592;21;13;117.753;75.540
593;13;22;106.364;79.280
593;22;13;106.364;89.810
594;13;22;116.048;80.950
594;22;13;116.048;91.480
595;13;23;106.891;71.820
595;23;13;106.891;82.470
596;13;24;111.786;80.430
596;24;13;111.786;91.400
597;13;25;120.858;78.990
597;25;13;120.858;90.320
598;13;25;128.901;82.250
598;25;13;128.901;93.580
599;13;26;145.892;77.640
599;26;13;145.892;89.210
600;13;27;115.801;70.450
600;27;13;115.801;82.670
601;13;28;113.917;66.690
601;28;13;113.917;78.930
602;13;28;121.896;81.020
602;28;13;121.896;93.260
603;13;28;108.276;82.290
603;28;13;108.276;94.530
604;13;29;79.572;3.690
604;29;13;124.572;75.410
605;14;15;110.343;72.080
605;15;14;110.343;75.650
606;14;16;112.493;70.590
606;16;14;112.493;74.540
607;14;17;62.198;71.040
607;17;14;62.198;76.610
608;14;17;64.737;77.710
608;17;14;64.737;83.280
609;14;18;89.461;83.870
609;18;14;89.461;90.390
610;14;19;77.940;86.240
610;19;14;77.940;93.190
611;14;20;65.552;71.210
611;20;14;65.552;78.470
612;14;21;63.034;86.310
612;21;14;63.034;94.120
613;14;21;63.198;73.420
613;21;14;63.198;81.230
614;14;21;65.532;71.270
614;21;14;65.532;79.080
615;14;22;64.032;71.980
615;22;14;64.032;81.780
616;14;22;61.184;62.270
616;22;14;61.184;72.070
617;14;22;67.998;79.130
617;22;14;67.998;88.930
618;14;23;62.815;71.650
618;23;14;62.815;81.570
619;14;23;64.366;85.340
619;23;14;64.366;95.260
620;14;23;63.946;64.830
620;23;14;63.946;74.750
621;14;24;52.708;76.820
621;24;14;52.708;87.060
622;14;25;65.912;79.000
622;25;14;65.912;89.600
623;14;25;61.150;69.940
623;25;14;61.150;80.540
624;14;26;81.695;74.400
624;26;14;81.695;85.240
625;14;26;76.944;73.970
625;26;14;76.944;84.810
626;14;27;94.420;78.810
626;27;14;94.420;90.300
627;14;27;89.107;83.370
627;27;14;89.107;94.860
628;14;27;93.807;67.820
628;27;14;93.807;79.310
629;14;28;47.805;66.180
629;28;14;47.805;77.690
630;14;29;27.562;21.650
630;29;14;72.562;92.640
631;14;29;28.699;11.720
631;29;14;73.699;82.710
632;15;16;149.258;90.050
632;16;15;149.258;90.430
633;15;16;133.330;77.170
633;16;15;133.330;77.550
634;15;17;103.090;71.550
634;17;15;103.090;73.550
635;15;18;128.961;77.810
635;18;15;128.961;80.760
636;15;18;119.992;68.400
636;18;15;119.992;71.350
637;15;18;119.349;65.140
637;18;15;119.349;68.090
638;15;19;104.115;81.960
638;19;15;104.115;85.340
639;15;19;91.088;67.930
639;19;15;91.088;71.310
640;15;19;105.181;80.850
640;19;15;105.181;84.230
641;15;20;97.787;71.560
641;20;15;97.787;75.250
642;15;20;86.759;85.010
642;20;15;86.759;88.700
643;15;20;87.398;84.530
643;20;15;87.398;88.220
644;15;21;113.379;71.530
644;21;15;113.379;75.770
645;15;22;101.809;83.610
645;22;15;101.809;89.840
646;15;22;101.408;75.880
646;22;15;101.408;82.110
647;15;22;111.780;65.560
647;22;15;111.780;71.790
648;15;23;102.478;79.590
648;23;15;102.478;85.940
649;15;24;108.550;67.140
649;24;15;108.550;73.810
650;15;25;116.292;76.580
650;25;15;116.292;83.610
651;15;25;123.431;85.010
651;25;15;123.431;92.040
652;15;25;100.151;68.670
652;25;15;100.151;75.700
653;15;26;141.875;80.940
653;26;15;141.875;88.210
654;15;27;119.772;80.310
654;27;15;119.772;88.230
655;15;27;131.361;63.540
655;27;15;131.361;71.460
656;15;28;111.963;64.020
656;28;15;111.963;71.960
657;15;28;97.320;75.610
657;28;15;97.320;83.550
658;15;29;74.442;9.410
658;29;15;119.442;76.830
659;15;29;61.923;3.150
659;29;15;106.923;70.570
660;15;29;71.057;4.330
660;29;15;116.057;71.750
661;16;17;128.972;75.630
661;17;16;128.972;77.250
662;16;17;126.871;85.080
662;17;16;126.871;86.700
663;16;18;68.616;83.660
663;18;16;68.616;86.230
664;16;18;71.262;88.770
664;18;16;71.262;91.340
665;16;18;73.530;69.020
665;18;16;73.530;71.590
666;16;19;144.932;86.180
666;19;16;144.932;89.180
667;16;20;130.650;85.560
667;20;16;130.650;88.870
668;16;21;130.017;87.140
668;21;16;130.017;91.000
669;16;21;141.888;67.700
669;21;16;141.888;71.560
670;16;22;130.535;85.860
670;22;16;130.535;91.710
671;16;22;151.667;67.350
671;22;16;151.667;73.200
672;16;22;123.464;74.890
672;22;16;123.464;80.740
673;16;23;129.450;81.670
673;23;16;129.450;87.640
674;16;23;147.516;62.130
674;23;16;147.516;68.100
675;16;23;132.626;69.050
675;23;16;132.626;75.020
676;16;24;120.189;68.260
676;24;16;120.189;74.550
677;16;25;132.307;79.580
677;25;16;132.307;86.230
678;16;25;137.834;76.850
678;25;16;137.834;83.500
679;16;25;140.231;66.220
679;25;16;140.231;72.870
680;16;26;134.327;65.380
680;26;16;134.327;72.270
681;16;26;118.467;83.750
681;26;16;118.467;90.640
682;16;26;133.461;62.610
682;26;16;133.461;69.500
683;16;27;74.586;72.000
683;27;16;74.586;79.540
684;16;28;109.881;77.310
684;28;16;109.881;84.870
685;16;28;111.674;61.440
685;28;16;111.674;69.000
686;16;29;93.673;0.730
686;29;16;138.673;67.770
687;16;29;99.701;22.100
687;29;16;144.701;89.140
688;16;29;114.792;7.010
688;29;16;159.792;74.050
689;17;18;105.572;79.570
689;18;17;105.572;80.520
690;17;19;60.964;76.730
690;19;17;60.964;78.110
691;17;19;57.243;64.210
691;19;17;57.243;65.590
692;17;19;64.346;75.350
692;19;17;64.346;76.730
693;17;20;50.468;64.020
693;20;17;50.468;65.710
694;17;20;51.340;67.190
694;20;17;51.340;68.880
695;17;20;50.832;68.410
695;20;17;50.832;70.100
696;17;21;55.322;74.060
696;21;17;55.322;76.300
697;17;21;54.367;65.780
697;21;17;54.367;68.020
698;17;22;46.983;68.350
698;22;17;46.983;72.580
699;17;22;46.974;65.040
699;22;17;46.974;69.270
700;17;23;45.760;80.120
700;23;17;45.760;84.470
701;17;24;54.969;75.540
701;24;17;54.969;80.210
702;17;25;58.464;67.330
702;25;17;58.464;72.360
703;17;25;55.438;64.780
703;25;17;55.438;69.810
704;17;26;83.807;75.390
704;26;17;83.807;80.660
705;17;27;108.257;64.650
705;27;17;108.257;70.570
706;17;27;120.518;82.760
706;27;17;120.518;88.680
707;17;28;65.000;67.940
707;28;17;65.000;73.880
708;17;28;64.162;83.370
708;28;17;64.162;89.310
709;17;28;65.502;81.330
709;28;17;65.502;87.270
710;17;29;18.196;19.340
710;29;17;63.196;84.760
711;17;29;19.078;10.440
711;29;17;64.078;75.860
712;17;29;20.925;21.250
712;29;17;65.925;86.670
713;18;19;121.504;84.450
713;19;18;121.504;84.880
714;18;19;110.774;88.950
714;19;18;110.774;89.380
715;18;20;107.080;86.730
715;20;18;107.080;87.470
716;18;20;116.587;64.290
716;20;18;116.587;65.030
717;18;21;107.303;84.860
717;21;18;107.303;86.150
718;18;21;117.567;70.050
718;21;18;117.567;71.340
719;18;21;93.685;84.090
719;21;18;93.685;85.380
720;18;22;107.083;84.020
720;22;18;107.083;87.300
721;18;23;106.024;69.790
721;23;18;106.024;73.190
722;18;23;93.343;77.890
722;23;18;93.343;81.290
723;18;23;114.982;69.850
723;23;18;114.982;73.250
724;18;24;97.091;82.220
724;24;18;97.091;85.940
725;18;25;109.830;66.920
725;25;18;109.830;71.000
726;18;25;121.468;62.820
726;25;18;121.468;66.900
727;18;26;115.480;67.070
727;26;18;115.480;71.390
728;18;27;60.436;81.480
728;27;18;60.436;86.450
729;18;27;58.403;74.320
729;27;18;58.403;79.290
730;18;27;56.807;78.870
730;27;18;56.807;83.840
731;18;28;86.967;70.400
731;28;18;86.967;75.390
732;18;28;86.642;68.450
732;28;18;86.642;73.440
733;18;28;81.583;61.070
733;28;18;81.583;66.060
734;18;29;71.350;13.780
734;29;18;116.350;78.250
735;18;29;69.616;12.990
735;29;18;114.616;77.460
736;18;29;54.056;7.440
736;29;18;99.056;71.910
737;19;20;60.226;73.010
737;20;19;60.226;73.320
738;19;21;63.896;66.690
738;21;19;63.896;67.550
739;19;21;61.321;85.010
739;21;19;61.321;85.870
740;19;21;66.155;70.170
740;21;19;66.155;71.030
741;19;22;59.427;73.870
741;22;19;59.427;76.720
742;19;23;60.483;83.720
742;23;19;60.483;86.690
743;19;23;63.577;75.570
743;23;19;63.577;78.540
744;19;23;60.633;69.430
744;23;19;60.633;72.400
745;19;24;70.351;71.900
745;24;19;70.351;75.190
746;19;25;64.327;68.640
746;25;19;64.327;72.290
747;19;26;88.638;61.640
747;26;19;88.638;65.530
748;19;26;82.359;62.100
748;26;19;82.359;65.990
749;19;26;82.428;67.500
749;26;19;82.428;71.390
750;19;27;123.579;65.630
750;27;19;123.579;70.170
751;19;28;80.714;67.540
751;28;19;80.714;72.100
752;19;28;82.697;63.180
752;28;19;82.697;67.740
753;19;28;75.987;84.240
753;28;19;75.987;88.800
754;19;29;18.315;2.620
754;29;19;63.315;66.660
755;19;29;22.626;1.300
755;29;19;67.626;65.340
756;19;29;16.084;18.270
756;29;19;61.084;82.310
757;20;21;60.606;73.220
757;21;20;60.606;73.770
758;20;21;59.019;63.200
758;21;20;59.019;63.750
759;20;22;49.023;65.720
759;22;20;49.023;68.260
760;20;22;48.222;82.300
760;22;20;48.222;84.840
761;20;23;49.777;69.690
761;23;20;49.777;72.350
762;20;23;49.960;79.110
762;23;20;49.960;81.770
763;20;24;59.254;62.820
763;24;20;59.254;65.800
764;20;24;58.498;83.900
764;24;20;58.498;86.880
765;20;24;58.736;64.840
765;24;20;58.736;67.820
766;20;25;63.534;78.300
766;25;20;63.534;81.640
767;20;25;67.858;81.870
767;25;20;67.858;85.210
768;20;25;64.686;61.190
768;25;20;64.686;64.530
769;20;26;89.188;83.590
769;26;20;89.188;87.170
770;20;27;108.438;79.720
770;27;20;108.438;83.950
771;20;27;121.223;66.530
771;27;20;121.223;70.760
772;20;27;121.861;79.420
772;27;20;121.861;83.650
773;20;28;68.312;67.350
773;28;20;68.312;71.600
774;20;29;22.496;12.580
774;29;20;67.496;76.310
775;20;29;23.904;14.770
775;29;20;68.904;78.500
776;21;22;56.600;61.460
776;22;21;56.600;63.450
777;21;22;56.829;61.950
777;22;21;56.829;63.940
778;21;22;55.530;85.500
778;22;21;55.530;87.490
779;21;23;55.906;70.240
779;23;21;55.906;72.350
780;21;23;55.120;65.600
780;23;21;55.120;67.710
781;21;23;54.391;77.870
781;23;21;54.391;79.980
782;21;24;56.015;61.060
782;24;21;56.015;63.490
783;21;25;48.511;68.470
783;25;21;48.511;71.260
784;21;25;48.951;61.920
784;25;21;48.951;64.710
785;21;26;73.603;78.090
785;26;21;73.603;81.120
786;21;27;112.324;78.650
786;27;21;112.324;82.330
787;21;27;127.167;60.940
787;27;21;127.167;64.620
788;21;28;65.363;61.350
788;28;21;65.363;65.050
789;21;29;9.829;20.660
789;29;21;54.829;83.840
790;22;23;46.253;80.230
790;23;22;46.253;80.350
791;22;23;46.497;69.880
791;23;22;46.497;70.000
792;22;24;56.916;76.480
792;24;22;56.916;76.920
793;22;25;59.514;73.330
793;25;22;59.514;74.130
794;22;26;85.197;76.690
794;26;22;85.197;77.730
795;22;26;85.056;60.440
795;26;22;85.056;61.480
796;22;27;109.413;83.730
796;27;22;109.413;85.420
797;22;27;103.952;83.020
797;27;22;103.952;84.710
798;22;28;66.837;76.800
798;28;22;66.837;78.510
799;22;29;18.686;14.310
799;29;22;63.686;75.500
800;23;24;55.664;83.300
800;24;23;55.664;83.620
801;23;24;54.603;77.520
801;24;23;54.603;77.840
802;23;25;58.977;64.020
802;25;23;58.977;64.700
803;23;25;59.460;78.550
803;25;23;59.460;79.230
804;23;26;84.442;77.790
804;26;23;84.442;78.710
805;23;27;108.546;77.260
805;27;23;108.546;78.830
806;23;27;94.397;68.850
806;27;23;94.397;70.420
807;23;27;102.848;82.570
807;27;23;102.848;84.140
808;23;28;65.620;68.710
808;28;23;65.620;70.300
809;23;28;67.737;76.960
809;28;23;67.737;78.550
810;23;28;65.688;63.460
810;28;23;65.688;65.050
811;23;29;18.520;20.320
811;29;23;63.520;81.390
812;23;29;14.632;1.510
812;29;23;59.632;62.580
813;23;29;15.212;23.410
813;29;23;60.212;84.480
814;24;25;59.274;75.680
814;25;24;59.274;76.040
815;24;25;60.671;68.220
815;25;24;60.671;68.580
816;24;26;79.629;84.370
816;26;24;79.629;84.970
817;24;27;101.410;83.990
817;27;24;101.410;85.240
818;24;27;97.837;80.600
818;27;24;97.837;81.850
819;24;27;108.783;70.060
819;27;24;108.783;71.310
820;24;28;55.416;60.230
820;28;24;55.416;61.500
821;24;29;20.827;13.240
821;29;24;65.827;73.990
822;24;29;23.087;15.980
822;29;24;68.087;76.730
823;24;29;19.467;12.270
823;29;24;64.467;73.020
824;25;26;71.038;75.430
824;26;25;71.038;75.670
825;25;27;115.322;71.730
825;27;25;115.322;72.620
826;25;28;68.066;82.930
826;28;25;68.066;83.840
827;25;28;63.446;78.250
827;28;25;63.446;79.160
828;25;28;66.635;59.620
828;28;25;66.635;60.530
829;25;29;6.651;23.720
829;29;25;51.651;84.110
830;26;27;125.577;69.840
830;27;26;125.577;70.490
831;26;27;136.168;78.760
831;27;26;136.168;79.410
832;26;27;116.299;83.140
832;27;26;116.299;83.790
833;26;28;81.992;74.770
833;28;26;81.992;75.440
834;26;29;25.336;20.060
834;29;26;70.336;80.210
835;27;28;92.454;72.380
835;28;27;92.454;72.400
836;27;28;100.987;80.920
836;28;27;100.987;80.940
837;27;29;76.973;4.720
837;29;27;121.973;64.220
838;28;29;29.690;1.210
838;29;28;74.690;60.690
