30
540.0
0;0;1;78.232;122.870
0;1;0;33.232;22.870
1;0;1;80.640;103.530
1;1;0;35.640;3.530
2;0;2;53.671;102.690
2;2;0;8.671;9.000
3;0;2;51.729;114.750
3;2;0;6.729;21.060
4;0;3;103.284;96.850
4;3;0;58.284;4.420
5;0;3;92.722;98.830
5;3;0;47.722;6.400
6;0;3;98.693;113.740
6;3;0;53.693;21.310
7;0;4;71.736;111.430
7;4;0;26.736;19.970
8;0;4;73.245;105.550
8;4;0;28.245;14.090
9;0;5;69.972;94.170
9;5;0;24.972;3.470
10;0;6;94.508;91.630
10;6;0;49.508;4.130
11;0;6;86.750;92.930
11;6;0;41.750;5.430
12;0;6;105.239;105.140
12;6;0;60.239;17.640
13;0;7;71.770;105.250
13;7;0;26.770;19.290
14;0;8;71.416;96.020
14;8;0;26.416;12.480
15;0;8;72.972;97.720
15;8;0;27.972;14.180
16;0;9;141.367;100.950
16;9;0;96.367;21.000
17;0;10;74.975;86.760
17;10;0;29.975;13.550
18;0;10;73.633;87.460
18;10;0;28.633;14.250
19;0;11;75.107;74.150
19;11;0;30.107;1.650
20;0;11;67.638;73.430
20;11;0;22.638;0.930
21;0;12;55.043;79.820
21;12;0;10.043;7.400
22;0;12;53.295;92.740
22;12;0;8.295;20.320
23;0;13;58.217;88.560
23;13;0;13.217;17.210
24;0;14;67.308;93.970
24;14;0;22.308;23.150
25;0;15;87.745;92.810
25;15;0;42.745;22.170
26;0;16;61.208;89.040
26;16;0;16.208;21.180
27;0;17;86.795;90.390
27;17;0;41.795;23.830
28;0;17;87.789;68.320
28;17;0;42.789;1.760
29;0;18;68.796;80.380
29;18;0;23.796;17.170
30;0;18;74.482;65.680
30;18;0;29.482;2.470
31;0;19;58.885;79.930
31;19;0;13.885;16.950
32;0;20;124.572;75.200
32;20;0;79.572;13.670
33;0;20;142.950;72.010
33;20;0;97.950;10.480
34;0;21;63.315;81.470
34;21;0;18.315;20.630
35;0;21;62.610;67.900
35;21;0;17.610;7.060
36;0;21;65.015;74.180
36;21;0;20.015;13.340
37;0;22;76.884;65.700
37;22;0;31.884;5.110
38;0;22;75.213;85.060
38;22;0;30.213;24.470
39;0;23;59.497;76.520
39;23;0;14.497;15.950
40;0;24;67.688;67.100
40;24;0;22.688;6.960
41;0;24;68.729;65.500
41;24;0;23.729;5.360
42;0;24;72.391;80.820
42;24;0;27.391;20.680
43;0;25;119.442;70.380
43;25;0;74.442;12.840
44;0;25;119.047;76.670
44;25;0;74.047;19.130
45;0;26;80.108;80.750
45;26;0;35.108;23.270
46;0;26;85.011;82.000
46;26;0;40.011;24.520
47;0;26;88.698;68.940
47;26;0;43.698;11.460
48;0;27;71.179;70.010
48;27;0;26.179;14.830
49;0;27;66.141;61.350
49;27;0;21.141;6.170
50;0;28;126.991;78.900
50;28;0;81.991;24.250
51;0;28;122.578;57.910
51;28;0;77.578;3.260
52;0;28;113.904;56.780
52;28;0;68.904;2.130
53;0;29;0.000;1.430
53;29;0;0.000;1.430
54;1;2;76.950;94.610
54;2;1;76.950;100.920
55;1;2;84.056;107.610
55;2;1;84.056;113.920
56;1;3;70.157;105.830
56;3;1;70.157;113.400
57;1;3;68.880;104.110
57;3;1;68.880;111.680
58;1;4;54.199;103.120
58;4;1;54.199;111.660
59;1;4;53.074;91.570
59;4;1;53.074;100.110
60;1;5;55.870;111.130
60;5;1;55.870;120.430
61;1;5;54.501;91.450
61;5;1;54.501;100.750
62;1;5;53.415;93.920
62;5;1;53.415;103.220
63;1;6;69.021;97.210
63;6;1;69.021;109.710
64;1;7;51.816;92.310
64;7;1;51.816;106.350
65;1;7;53.483;92.930
65;7;1;53.483;106.970
66;1;7;53.502;97.420
66;7;1;53.502;111.460
67;1;8;52.399;85.700
67;8;1;52.399;102.160
68;1;9;121.063;85.600
68;9;1;121.063;105.650
69;1;9;124.660;80.180
69;9;1;124.660;100.230
70;1;10;51.249;82.130
70;10;1;51.249;108.920
71;1;10;52.212;78.940
71;10;1;52.212;105.730
72;1;11;49.830;84.250
72;11;1;49.830;111.750
73;1;12;80.128;79.100
73;12;1;80.128;106.680
74;1;12;79.293;82.200
74;12;1;79.293;109.780
75;1;13;65.207;87.350
75;13;1;65.207;116.000
76;1;14;71.367;77.590
76;14;1;71.367;106.770
77;1;15;60.318;88.780
77;15;1;60.318;118.140
78;1;15;60.172;72.130
78;15;1;60.172;101.490
79;1;16;66.534;91.050
79;16;1;66.534;123.190
80;1;16;64.044;85.370
80;16;1;64.044;117.510
81;1;16;61.884;70.510
81;16;1;61.884;102.650
82;1;17;56.583;69.870
82;17;1;56.583;103.310
83;1;17;58.497;72.950
83;17;1;58.497;106.390
84;1;17;55.743;74.280
84;17;1;55.743;107.720
85;1;18;90.169;76.490
85;18;1;90.169;113.280
86;1;19;67.228;87.300
86;19;1;67.228;124.320
87;1;19;69.535;73.150
87;19;1;69.535;110.170
88;1;19;67.972;84.310
88;19;1;67.972;121.330
89;1;20;113.043;75.940
89;20;1;113.043;114.410
90;1;21;83.629;64.530
90;21;1;83.629;103.690
91;1;21;81.752;75.120
91;21;1;81.752;114.280
92;1;21;88.391;72.730
92;21;1;88.391;111.890
93;1;22;76.901;68.210
93;22;1;76.901;107.620
94;1;22;74.798;78.610
94;22;1;74.798;118.020
95;1;23;70.648;64.690
95;23;1;70.648;104.120
96;1;23;68.795;68.140
96;23;1;68.795;107.570
97;1;24;80.092;66.560
97;24;1;80.092;106.420
98;1;24;83.701;62.560
98;24;1;83.701;102.420
99;1;24;74.639;77.520
99;24;1;74.639;117.380
100;1;25;111.540;81.260
100;25;1;111.540;123.720
101;1;25;111.898;69.800
101;25;1;111.898;112.260
102;1;25;127.312;76.870
102;25;1;127.312;119.330
103;1;26;59.211;75.120
103;26;1;59.211;117.640
104;1;27;52.818;71.850
104;27;1;52.818;116.670
105;1;27;52.357;58.260
105;27;1;52.357;103.080
106;1;28;94.535;78.270
106;28;1;94.535;123.620
107;1;28;106.050;78.960
107;28;1;106.050;124.310
108;1;28;87.554;58.510
108;28;1;87.554;103.860
109;1;29;33.232;20.280
109;29;1;78.232;120.280
110;1;29;37.532;19.360
110;29;1;82.532;119.360
111;1;29;38.775;18.340
111;29;1;83.775;118.340
112;2;3;101.963;115.200
112;3;2;101.963;116.460
113;2;3;100.942;113.260
113;3;2;100.942;114.520
114;2;3;102.486;116.840
114;3;2;102.486;118.100
115;2;4;72.607;95.450
115;4;2;72.607;97.680
116;2;4;66.417;107.630
116;4;2;66.417;109.860
117;2;4;75.719;95.020
117;4;2;75.719;97.250
118;2;5;71.162;97.700
118;5;2;71.162;100.690
119;2;5;74.245;92.020
119;5;2;74.245;95.010
120;2;6;96.604;108.100
120;6;2;96.604;114.290
121;2;6;89.761;106.030
121;6;2;89.761;112.220
122;2;7;71.395;93.190
122;7;2;71.395;100.920
123;2;8;71.270;106.820
123;8;2;71.270;116.970
124;2;9;133.962;82.830
124;9;2;133.962;96.570
125;2;10;75.277;84.440
125;10;2;75.277;104.920
126;2;10;68.449;90.230
126;10;2;68.449;110.710
127;2;10;70.638;86.170
127;10;2;70.638;106.650
128;2;11;72.936;89.280
128;11;2;72.936;110.470
129;2;11;76.197;78.270
129;11;2;76.197;99.460
130;2;12;48.293;88.060
130;12;2;48.293;109.330
131;2;13;57.574;85.400
131;13;2;57.574;107.740
132;2;13;54.715;83.270
132;13;2;54.715;105.610
133;2;13;56.365;82.790
133;13;2;56.365;105.130
134;2;14;59.610;72.100
134;14;2;59.610;94.970
135;2;14;58.839;78.200
135;14;2;58.839;101.070
136;2;14;59.571;90.370
136;14;2;59.571;113.240
137;2;15;88.961;78.680
137;15;2;88.961;101.730
138;2;16;56.214;73.770
138;16;2;56.214;99.600
139;2;16;58.684;80.800
139;16;2;58.684;106.630
140;2;16;56.458;90.220
140;16;2;56.458;116.050
141;2;17;87.092;68.090
141;17;2;87.092;95.220
142;2;17;80.254;81.540
142;17;2;80.254;108.670
143;2;18;77.461;63.240
143;18;2;77.461;93.720
144;2;18;72.078;71.580
144;18;2;72.078;102.060
145;2;19;54.808;74.500
145;19;2;54.808;105.210
146;2;20;116.280;66.980
146;20;2;116.280;99.140
147;2;20;112.756;64.710
147;20;2;112.756;96.870
148;2;20;132.473;82.970
148;20;2;132.473;115.130
149;2;21;55.457;76.520
149;21;2;55.457;109.370
150;2;22;68.636;66.650
150;22;2;68.636;99.750
151;2;23;52.829;73.900
151;23;2;52.829;107.020
152;2;24;59.020;76.480
152;24;2;59.020;110.030
153;2;25;110.940;60.790
153;25;2;110.940;96.940
154;2;25;104.974;79.320
154;25;2;104.974;115.470
155;2;26;75.300;59.330
155;26;2;75.300;95.540
156;2;26;78.334;79.020
156;26;2;78.334;115.230
157;2;27;71.193;57.680
157;27;2;71.193;96.190
158;2;28;126.482;59.010
158;28;2;126.482;98.050
159;2;29;8.671;8.780
159;29;2;53.671;102.470
160;2;29;6.937;0.360
160;29;2;51.937;94.050
161;3;4;77.227;113.210
161;4;3;77.227;114.180
162;3;4;80.690;100.950
162;4;3;80.690;101.920
163;3;4;82.044;110.440
163;4;3;82.044;111.410
164;3;5;79.121;112.920
164;5;3;79.121;114.650
165;3;5;80.023;115.490
165;5;3;80.023;117.220
166;3;5;84.543;103.510
166;5;3;84.543;105.240
167;3;6;67.443;111.320
167;6;3;67.443;116.250
168;3;6;69.059;101.760
168;6;3;69.059;106.690
169;3;6;71.548;94.480
169;6;3;71.548;99.410
170;3;7;76.525;88.440
170;7;3;76.525;94.910
171;3;7;75.070;101.170
171;7;3;75.070;107.640
172;3;8;76.918;102.080
172;8;3;76.918;110.970
173;3;8;73.876;105.760
173;8;3;73.876;114.650
174;3;9;115.880;99.590
174;9;3;115.880;112.070
175;3;9;109.643;101.530
175;9;3;109.643;114.010
176;3;9;129.292;91.440
176;9;3;129.292;103.920
177;3;10;73.729;88.130
177;10;3;73.729;107.350
178;3;10;73.155;89.760
178;10;3;73.155;108.980
179;3;11;74.047;81.850
179;11;3;74.047;101.780
180;3;11;77.145;75.170
180;11;3;77.145;95.100
181;3;12;105.077;76.020
181;12;3;105.077;96.030
182;3;13;90.358;86.890
182;13;3;90.358;107.970
183;3;14;94.129;72.980
183;14;3;94.129;94.590
184;3;14;87.180;72.160
184;14;3;87.180;93.770
185;3;15;65.472;74.630
185;15;3;65.472;96.420
186;3;15;69.851;85.990
186;15;3;69.851;107.780
187;3;16;91.165;86.810
187;16;3;91.165;111.380
188;3;17;63.228;78.070
188;17;3;63.228;103.940
189;3;17;67.631;79.670
189;17;3;67.631;105.540
190;3;17;60.020;72.170
190;17;3;60.020;98.040
191;3;18;111.860;83.410
191;18;3;111.860;112.630
192;3;18;97.213;79.420
192;18;3;97.213;108.640
193;3;19;92.169;64.470
193;19;3;92.169;93.920
194;3;19;87.429;69.110
194;19;3;87.429;98.560
195;3;20;117.272;73.350
195;20;3;117.272;104.250
196;3;21;107.732;63.310
196;21;3;107.732;94.900
197;3;21;109.552;82.770
197;21;3;109.552;114.360
198;3;22;96.445;62.340
198;22;3;96.445;94.180
199;3;23;95.214;85.000
199;23;3;95.214;116.860
200;3;23;92.647;85.490
200;23;3;92.647;117.350
201;3;23;105.915;76.820
201;23;3;105.915;108.680
202;3;24;103.017;80.650
202;24;3;103.017;112.940
203;3;25;118.873;68.750
203;25;3;118.873;103.640
204;3;25;127.029;63.630
204;25;3;127.029;98.520
205;3;25;103.844;61.280
205;25;3;103.844;96.170
206;3;26;76.245;61.580
206;26;3;76.245;96.530
207;3;27;77.198;59.660
207;27;3;77.198;96.910
208;3;27;77.344;77.520
208;27;3;77.344;114.770
209;3;27;75.783;79.420
209;27;3;75.783;116.670
210;3;28;70.010;76.840
210;28;3;70.010;114.620
211;3;28;70.281;61.390
211;28;3;70.281;99.170
212;3;28;66.620;71.220
212;28;3;66.620;109.000
213;3;29;58.284;19.210
213;29;3;103.284;111.640
214;3;29;69.179;0.270
214;29;3;114.179;92.700
215;4;5;46.897;111.750
215;5;4;46.897;112.510
216;4;5;46.465;102.900
216;5;4;46.465;103.660
217;4;5;46.490;114.230
217;5;4;46.490;114.990
218;4;6;69.134;103.670
218;6;4;69.134;107.630
219;4;7;48.909;108.710
219;7;4;48.909;114.210
220;4;7;48.199;97.990
220;7;4;48.199;103.490
221;4;8;48.248;106.120
221;8;4;48.248;114.040
222;4;8;48.361;105.050
222;8;4;48.361;112.970
223;4;8;48.635;103.710
223;8;4;48.635;111.630
224;4;9;129.631;90.810
224;9;4;129.631;102.320
225;4;10;48.532;90.980
225;10;4;48.532;109.230
226;4;11;55.054;81.440
226;11;4;55.054;100.400
227;4;11;56.960;76.750
227;11;4;56.960;95.710
228;4;12;75.900;79.760
228;12;4;75.900;98.800
229;4;13;60.035;95.040
229;13;4;60.035;115.150
230;4;14;71.558;72.340
230;14;4;71.558;92.980
231;4;15;61.368;78.790
231;15;4;61.368;99.610
232;4;15;61.984;80.820
232;15;4;61.984;101.640
233;4;16;64.252;89.080
233;16;4;64.252;112.680
234;4;16;60.025;84.390
234;16;4;60.025;107.990
235;4;17;60.062;76.910
235;17;4;60.062;101.810
236;4;18;81.092;70.210
236;18;4;81.092;98.460
237;4;19;63.879;84.480
237;19;4;63.879;112.960
238;4;19;64.183;64.180
238;19;4;64.183;92.660
239;4;19;63.059;67.340
239;19;4;63.059;95.820
240;4;20;120.007;70.510
240;20;4;120.007;100.440
241;4;21;81.110;71.560
241;21;4;81.110;102.180
242;4;21;87.955;65.300
242;21;4;87.955;95.920
243;4;21;87.635;68.200
243;21;4;87.635;98.820
244;4;22;79.368;84.760
244;22;4;79.368;115.630
245;4;23;68.075;81.780
245;23;4;68.075;112.670
246;4;23;67.450;82.140
246;23;4;67.450;113.030
247;4;24;79.348;67.360
247;24;4;79.348;98.680
248;4;24;81.538;84.930
248;24;4;81.538;116.250
249;4;25;117.712;81.850
249;25;4;117.712;115.770
250;4;26;65.863;80.260
250;26;4;65.863;114.240
251;4;26;61.728;63.350
251;26;4;61.728;97.330
252;4;27;47.820;75.690
252;27;4;47.820;111.970
253;4;27;47.153;74.250
253;27;4;47.153;110.530
254;4;27;47.762;74.080
254;27;4;47.762;110.360
255;4;28;100.307;67.830
255;28;4;100.307;104.640
256;4;29;26.736;5.410
256;29;4;71.736;96.870
257;4;29;28.829;9.890
257;29;4;73.829;101.350
258;4;29;26.269;1.110
258;29;4;71.269;92.570
259;5;6;70.455;101.410
259;6;5;70.455;104.610
260;5;7;49.821;88.570
260;7;5;49.821;93.310
261;5;8;49.080;99.830
261;8;5;49.080;106.990
262;5;9;130.837;104.790
262;9;5;130.837;115.540
263;5;10;50.426;79.300
263;10;5;50.426;96.790
264;5;11;56.138;94.450
264;11;5;56.138;112.650
265;5;11;57.693;73.120
265;11;5;57.693;91.320
266;5;12;74.452;89.970
266;12;5;74.452;108.250
267;5;12;78.636;87.490
267;12;5;78.636;105.770
268;5;13;58.601;86.600
268;13;5;58.601;105.950
269;5;14;70.980;89.670
269;14;5;70.980;109.550
270;5;14;64.910;94.570
270;14;5;64.910;114.450
271;5;14;65.405;89.620
271;14;5;65.405;109.500
272;5;15;62.936;83.810
272;15;5;62.936;103.870
273;5;16;63.311;91.180
273;16;5;63.311;114.020
274;5;16;60.882;76.940
274;16;5;60.882;99.780
275;5;16;67.315;78.990
275;16;5;67.315;101.830
276;5;17;61.863;83.950
276;17;5;61.863;108.090
277;5;18;79.321;84.980
277;18;5;79.321;112.470
278;5;18;81.731;70.830
278;18;5;81.731;98.320
279;5;19;62.728;77.970
279;19;5;62.728;105.690
280;5;20;120.698;84.230
280;20;5;120.698;113.400
281;5;20;119.663;62.080
281;20;5;119.663;91.250
282;5;20;112.456;85.530
282;20;5;112.456;114.700
283;5;21;79.924;61.210
283;21;5;79.924;91.070
284;5;21;78.603;83.710
284;21;5;78.603;113.570
285;5;21;80.209;69.800
285;21;5;80.209;99.660
286;5;22;79.163;77.010
286;22;5;79.163;107.120
287;5;22;77.565;70.430
287;22;5;77.565;100.540
288;5;23;67.003;79.230
288;23;5;67.003;109.360
289;5;24;78.502;76.120
289;24;5;78.502;106.680
290;5;24;85.056;80.700
290;24;5;85.056;111.260
291;5;25;118.195;62.640
291;25;5;118.195;95.800
292;5;26;66.734;75.020
292;26;5;66.734;108.240
293;5;26;71.669;71.500
293;26;5;71.669;104.720
294;5;26;65.069;71.350
294;26;5;65.069;104.570
295;5;27;48.570;68.990
295;27;5;48.570;104.510
296;5;28;102.129;72.800
296;28;5;102.129;108.850
297;5;29;24.972;10.630
297;29;5;69.972;101.330
298;6;7;71.323;105.030
298;7;6;71.323;106.570
299;6;7;72.305;91.730
299;7;6;72.305;93.270
300;6;7;64.829;106.090
300;7;6;64.829;107.630
301;6;8;71.164;97.620
301;8;6;71.164;101.580
302;6;8;67.514;101.070
302;8;6;67.514;105.030
303;6;8;74.845;91.990
303;8;6;74.845;95.950
304;6;9;136.357;96.300
304;9;6;136.357;103.850
305;6;9;122.138;80.620
305;9;6;122.138;88.170
306;6;10;67.112;74.530
306;10;6;67.112;88.820
307;6;10;63.424;79.730
307;10;6;63.424;94.020
308;6;11;73.717;88.230
308;11;6;73.717;103.230
309;6;11;79.810;72.620
309;11;6;79.810;87.620
310;6;12;99.891;96.620
310;12;6;99.891;111.700
311;6;12;88.275;75.500
311;12;6;88.275;90.580
312;6;13;84.055;73.190
312;13;6;84.055;89.340
313;6;13;78.431;89.670
313;13;6;78.431;105.820
314;6;14;94.686;78.350
314;14;6;94.686;95.030
315;6;14;89.848;72.700
315;14;6;89.848;89.380
316;6;15;53.703;85.110
316;15;6;53.703;101.970
317;6;16;88.212;74.600
317;16;6;88.212;94.240
318;6;16;84.575;70.430
318;16;6;84.575;90.070
319;6;16;80.105;71.800
319;16;6;80.105;91.440
320;6;17;57.957;86.290
320;17;6;57.957;107.230
321;6;17;60.591;88.590
321;17;6;60.591;109.530
322;6;18;95.417;63.880
322;18;6;95.417;88.170
323;6;18;101.809;74.250
323;18;6;101.809;98.540
324;6;19;87.999;84.520
324;19;6;87.999;109.040
325;6;19;98.513;87.240
325;19;6;98.513;111.760
326;6;19;95.644;81.400
326;19;6;95.644;105.920
327;6;20;133.529;85.510
327;20;6;133.529;111.480
328;6;20;125.943;72.720
328;20;6;125.943;98.690
329;6;20;116.444;79.120
329;20;6;116.444;105.090
330;6;21;105.227;73.630
330;21;6;105.227;100.290
331;6;21;95.172;75.810
331;21;6;95.172;102.470
332;6;22;100.908;71.530
332;22;6;100.908;98.440
333;6;22;100.859;62.730
333;22;6;100.859;89.640
334;6;22;103.175;73.180
334;22;6;103.175;100.090
335;6;23;92.140;80.830
335;23;6;92.140;107.760
336;6;23;92.295;84.790
336;23;6;92.295;111.720
337;6;24;103.016;61.930
337;24;6;103.016;89.290
338;6;25;133.328;77.480
338;25;6;133.328;107.440
339;6;25;127.432;59.490
339;25;6;127.432;89.450
340;6;25;152.547;69.930
340;25;6;152.547;99.890
341;6;26;82.429;67.610
341;26;6;82.429;97.630
342;6;26;74.040;65.780
342;26;6;74.040;95.800
343;6;26;83.867;74.360
343;26;6;83.867;104.380
344;6;27;71.070;62.870
344;27;6;71.070;95.190
345;6;27;68.819;76.210
345;27;6;68.819;108.530
346;6;27;74.216;56.230
346;27;6;74.216;88.550
347;6;28;81.779;62.430
347;28;6;81.779;95.280
348;6;28;79.429;56.530
348;28;6;79.429;89.380
349;6;29;49.508;16.710
349;29;6;94.508;104.210
350;7;8;45.742;90.510
350;8;7;45.742;92.930
351;7;8;45.571;97.580
351;8;7;45.571;100.000
352;7;8;45.641;96.630
352;8;7;45.641;99.050
353;7;9;126.016;91.250
353;9;7;126.016;97.260
354;7;9;137.053;83.860
354;9;7;137.053;89.870
355;7;9;129.936;100.620
355;9;7;129.936;106.630
356;7;10;49.211;93.600
356;10;7;49.211;106.350
357;7;11;51.317;78.710
357;11;7;51.317;92.170
358;7;11;51.173;76.570
358;11;7;51.173;90.030
359;7;12;74.659;96.990
359;12;7;74.659;110.530
360;7;12;81.387;78.800
360;12;7;81.387;92.340
361;7;12;72.791;88.250
361;12;7;72.791;101.790
362;7;13;59.092;84.720
362;13;7;59.092;99.330
363;7;14;68.546;87.460
363;14;7;68.546;102.600
364;7;14;73.134;79.690
364;14;7;73.134;94.830
365;7;15;63.021;78.560
365;15;7;63.021;93.880
366;7;15;65.093;76.680
366;15;7;65.093;92.000
367;7;15;66.478;88.110
367;15;7;66.478;103.430
368;7;16;61.968;70.830
368;16;7;61.968;88.930
369;7;17;60.707;80.220
369;17;7;60.707;99.620
370;7;17;57.921;87.270
370;17;7;57.921;106.670
371;7;18;83.599;84.950
371;18;7;83.599;107.700
372;7;18;92.014;85.300
372;18;7;92.014;108.050
373;7;18;75.022;75.460
373;18;7;75.022;98.210
374;7;19;62.054;71.850
374;19;7;62.054;94.830
375;7;20;116.106;82.310
375;20;7;116.106;106.740
376;7;20;125.308;65.120
376;20;7;125.308;89.550
377;7;21;79.137;81.970
377;21;7;79.137;107.090
378;7;21;86.437;72.300
378;21;7;86.437;97.420
379;7;21;78.639;74.380
379;21;7;78.639;99.500
380;7;22;75.866;79.760
380;22;7;75.866;105.130
381;7;23;65.987;65.590
381;23;7;65.987;90.980
382;7;24;76.705;77.040
382;24;7;76.705;102.860
383;7;24;69.080;79.790
383;24;7;69.080;105.610
384;7;25;113.810;76.190
384;25;7;113.810;104.610
385;7;25;118.593;74.520
385;25;7;118.593;102.940
386;7;25;101.053;79.160
386;25;7;101.053;107.580
387;7;26;62.000;65.630
387;26;7;62.000;94.110
388;7;26;59.377;81.120
388;26;7;59.377;109.600
389;7;26;64.878;65.080
389;26;7;64.878;93.560
390;7;27;46.252;71.510
390;27;7;46.252;102.290
391;7;27;46.236;64.450
391;27;7;46.236;95.230
392;7;27;46.420;72.820
392;27;7;46.420;103.600
393;7;28;100.399;70.790
393;28;7;100.399;102.100
394;7;28;113.823;58.490
394;28;7;113.823;89.800
395;7;28;109.479;59.220
395;28;7;109.479;90.530
396;7;29;26.770;20.810
396;29;7;71.770;106.770
397;8;9;126.758;101.980
397;9;8;126.758;105.570
398;8;9;124.725;86.980
398;9;8;124.725;90.570
399;8;10;49.095;80.090
399;10;8;49.095;90.420
400;8;11;52.058;92.540
400;11;8;52.058;103.580
401;8;12;74.545;81.360
401;12;8;74.545;92.480
402;8;13;58.879;87.190
402;13;8;58.879;99.380
403;8;13;55.517;74.470
403;13;8;55.517;86.660
404;8;13;56.577;81.530
404;13;8;56.577;93.720
405;8;14;68.844;93.810
405;14;8;68.844;106.530
406;8;15;62.955;77.920
406;15;8;62.955;90.820
407;8;15;60.845;75.830
407;15;8;60.845;88.730
408;8;16;62.062;83.110
408;16;8;62.062;98.790
409;8;17;60.826;87.860
409;17;8;60.826;104.840
410;8;17;62.127;76.980
410;17;8;62.127;93.960
411;8;17;64.549;91.330
411;17;8;64.549;108.310
412;8;18;82.919;80.450
412;18;8;82.919;100.780
413;8;18;85.787;82.840
413;18;8;85.787;103.170
414;8;19;62.040;80.730
414;19;8;62.040;101.290
415;8;19;61.455;85.400
415;19;8;61.455;105.960
416;8;19;62.023;68.700
416;19;8;62.023;89.260
417;8;20;116.800;69.260
417;20;8;116.800;91.270
418;8;21;79.184;74.690
418;21;8;79.184;97.390
419;8;21;75.372;67.980
419;21;8;75.372;90.680
420;8;21;76.949;66.840
420;21;8;76.949;89.540
421;8;22;76.323;70.400
421;22;8;76.323;93.350
422;8;22;78.482;80.470
422;22;8;78.482;103.420
423;8;22;81.443;78.020
423;22;8;81.443;100.970
424;8;23;66.044;64.350
424;23;8;66.044;87.320
425;8;23;68.280;79.890
425;23;8;68.280;102.860
426;8;23;68.574;64.350
426;23;8;68.574;87.320
427;8;24;76.911;80.730
427;24;8;76.911;104.130
428;8;24;76.218;73.330
428;24;8;76.218;96.730
429;8;24;74.347;74.040
429;24;8;74.347;97.440
430;8;25;114.467;76.920
430;25;8;114.467;102.920
431;8;25;113.922;71.720
431;25;8;113.922;97.720
432;8;26;62.719;74.510
432;26;8;62.719;100.570
433;8;26;59.336;71.840
433;26;8;59.336;97.900
434;8;27;45.510;69.640
434;27;8;45.510;98.000
435;8;27;45.626;77.450
435;27;8;45.626;105.810
436;8;28;100.671;59.120
436;28;8;100.671;88.010
437;8;29;26.416;12.170
437;29;8;71.416;95.710
438;9;10;127.258;74.360
438;10;9;127.258;81.100
439;9;11;119.701;87.360
439;11;9;119.701;94.810
440;9;11;107.470;95.040
440;11;9;107.470;102.490
441;9;12;135.019;78.290
441;12;9;135.019;85.820
442;9;12;116.013;81.660
442;12;9;116.013;89.190
443;9;13;131.088;90.180
443;13;9;131.088;98.780
444;9;13;140.961;91.700
444;13;9;140.961;100.300
445;9;14;119.360;88.150
445;14;9;119.360;97.280
446;9;15;130.388;85.420
446;15;9;130.388;94.730
447;9;15;117.942;90.760
447;15;9;117.942;100.070
448;9;15;137.194;87.260
448;15;9;137.194;96.570
449;9;16;125.517;86.170
449;16;9;125.517;98.260
450;9;17;125.830;70.810
450;17;9;125.830;84.200
451;9;17;116.369;91.120
451;17;9;116.369;104.510
452;9;17;143.799;84.450
452;17;9;143.799;97.840
453;9;18;162.144;83.680
453;18;9;162.144;100.420
454;9;18;165.724;87.840
454;18;9;165.724;104.580
455;9;18;170.464;84.600
455;18;9;170.464;101.340
456;9;19;127.997;75.590
456;19;9;127.997;92.560
457;9;19;126.890;83.510
457;19;9;126.890;100.480
458;9;20;72.074;82.360
458;20;9;72.074;100.780
459;9;20;72.780;77.240
459;20;9;72.780;95.660
460;9;20;75.937;86.290
460;20;9;75.937;104.710
461;9;21;130.325;80.440
461;21;9;130.325;99.550
462;9;21;111.111;82.680
462;21;9;111.111;101.790
463;9;22;111.004;71.980
463;22;9;111.004;91.340
464;9;22;112.770;71.970
464;22;9;112.770;91.330
465;9;22;123.626;72.090
465;22;9;123.626;91.450
466;9;23;126.894;71.190
466;23;9;126.894;90.570
467;9;23;130.861;67.790
467;23;9;130.861;87.170
468;9;23;115.947;71.300
468;23;9;115.947;90.680
469;9;24;122.822;62.400
469;24;9;122.822;82.210
470;9;24;122.824;79.250
470;24;9;122.824;99.060
471;9;24;114.802;71.430
471;24;9;114.802;91.240
472;9;25;80.917;64.000
472;25;9;80.917;86.410
473;9;25;77.649;70.980
473;25;9;77.649;93.390
474;9;26;109.575;63.400
474;26;9;109.575;85.870
475;9;27;127.268;61.980
475;27;9;127.268;86.750
476;9;27;135.023;66.070
476;27;9;135.023;90.840
477;9;27;132.451;70.180
477;27;9;132.451;94.950
478;9;28;126.461;78.810
478;28;9;126.461;104.110
479;9;29;96.367;18.170
479;29;9;141.367;98.120
480;9;29;75.570;17.310
480;29;9;120.570;97.260
481;10;11;53.554;94.420
481;11;10;53.554;95.130
482;10;11;53.008;94.090
482;11;10;53.008;94.800
483;10;11;55.541;95.760
483;11;10;55.541;96.470
484;10;12;78.559;93.290
484;12;10;78.559;94.080
485;10;12;77.186;93.290
485;12;10;77.186;94.080
486;10;13;62.796;77.010
486;13;10;62.796;78.870
487;10;13;67.093;95.600
487;13;10;67.093;97.460
488;10;13;65.449;95.380
488;13;10;65.449;97.240
489;10;14;72.714;91.160
489;14;10;72.714;93.550
490;10;14;79.154;92.280
490;14;10;79.154;94.670
491;10;15;58.861;72.820
491;15;10;58.861;75.390
492;10;15;60.319;85.290
492;15;10;60.319;87.860
493;10;15;57.429;89.640
493;15;10;57.429;92.210
494;10;16;66.146;86.460
494;16;10;66.146;91.810
495;10;17;56.906;86.230
495;17;10;56.906;92.880
496;10;18;84.495;75.490
496;18;10;84.495;85.490
497;10;18;83.163;87.780
497;18;10;83.163;97.780
498;10;18;79.348;69.600
498;18;10;79.348;79.600
499;10;19;66.127;80.780
499;19;10;66.127;91.010
500;10;20;118.593;76.480
500;20;10;118.593;88.160
501;10;20;110.685;72.790
501;20;10;110.685;84.470
502;10;21;83.278;69.610
502;21;10;83.278;81.980
503;10;21;92.330;67.260
503;21;10;92.330;79.630
504;10;22;79.770;83.830
504;22;10;79.770;96.450
505;10;22;71.575;81.800
505;22;10;71.575;94.420
506;10;22;79.356;69.470
506;22;10;79.356;82.090
507;10;23;70.137;66.360
507;23;10;70.137;79.000
508;10;23;70.430;66.160
508;23;10;70.430;78.800
509;10;23;68.630;75.430
509;23;10;68.630;88.070
510;10;24;80.915;68.590
510;24;10;80.915;81.660
511;10;24;86.473;67.080
511;24;10;86.473;80.150
512;10;24;77.513;81.190
512;24;10;77.513;94.260
513;10;25;116.690;72.490
513;25;10;116.690;88.160
514;10;26;64.386;69.150
514;26;10;64.386;84.880
515;10;26;61.146;63.500
515;26;10;61.146;79.230
516;10;26;67.871;73.650
516;26;10;67.871;89.380
517;10;27;49.094;61.790
517;27;10;49.094;79.820
518;10;28;97.016;57.230
518;28;10;97.016;75.790
519;10;29;29.975;14.520
519;29;10;74.975;87.730
520;11;12;76.032;94.190
520;12;11;76.032;94.270
521;11;12;78.836;84.530
521;12;11;78.836;84.610
522;11;13;61.893;91.010
522;13;11;61.893;92.160
523;11;13;61.904;91.230
523;13;11;61.904;92.380
524;11;14;66.555;81.490
524;14;11;66.555;83.170
525;11;14;71.404;72.960
525;14;11;71.404;74.640
526;11;15;65.023;72.210
526;15;11;65.023;74.070
527;11;15;60.088;84.810
527;15;11;60.088;86.670
528;11;15;60.183;81.970
528;15;11;60.183;83.830
529;11;16;62.161;85.710
529;16;11;62.161;90.350
530;11;16;59.474;71.090
530;16;11;59.474;75.730
531;11;16;63.780;92.080
531;16;11;63.780;96.720
532;11;17;61.410;86.830
532;17;11;61.410;92.770
533;11;18;89.354;86.750
533;18;11;89.354;96.040
534;11;18;84.424;84.200
534;18;11;84.424;93.490
535;11;19;63.132;65.690
535;19;11;63.132;75.210
536;11;20;110.123;71.440
536;20;11;110.123;82.410
537;11;20;114.665;77.350
537;20;11;114.665;88.320
538;11;21;79.073;72.400
538;21;11;79.073;84.060
539;11;21;87.265;83.340
539;21;11;87.265;95.000
540;11;21;84.616;74.530
540;21;11;84.616;86.190
541;11;22;72.199;83.470
541;22;11;72.199;95.380
542;11;22;74.791;72.070
542;22;11;74.791;83.980
543;11;22;67.831;63.400
543;22;11;67.831;75.310
544;11;23;66.248;75.570
544;23;11;66.248;87.500
545;11;24;75.314;80.080
545;24;11;75.314;92.440
546;11;24;80.474;79.610
546;24;11;80.474;91.970
547;11;25;108.137;69.720
547;25;11;108.137;84.680
548;11;26;55.896;73.970
548;26;11;55.896;88.990
549;11;26;58.573;65.300
549;26;11;58.573;80.320
550;11;26;57.791;74.950
550;26;11;57.791;89.970
551;11;27;52.568;59.520
551;27;11;52.568;76.840
552;11;27;54.371;78.400
552;27;11;54.371;95.720
553;11;27;52.574;55.590
553;27;11;52.574;72.910
554;11;28;98.755;74.390
554;28;11;98.755;92.240
555;11;28;94.034;74.120
555;28;11;94.034;91.970
556;11;28;85.406;68.810
556;28;11;85.406;86.660
557;11;29;30.107;21.060
557;29;11;75.107;93.560
558;11;29;35.578;6.630
558;29;11;80.578;79.130
559;12;13;60.867;91.810
559;13;12;60.867;92.880
560;12;14;61.005;85.180
560;14;12;61.005;86.780
561;12;14;58.394;75.270
561;14;12;58.394;76.870
562;12;14;63.025;83.720
562;14;12;63.025;85.320
563;12;15;92.253;89.450
563;15;12;92.253;91.230
564;12;15;86.815;76.400
564;15;12;86.815;78.180
565;12;16;59.076;74.940
565;16;12;59.076;79.500
566;12;16;62.544;69.500
566;16;12;62.544;74.060
567;12;17;90.361;68.750
567;17;12;90.361;74.610
568;12;17;79.205;79.350
568;17;12;79.205;85.210
569;12;17;87.230;82.170
569;17;12;87.230;88.030
570;12;18;78.565;70.020
570;18;12;78.565;79.230
571;12;18;83.278;77.010
571;18;12;83.278;86.220
572;12;19;57.916;69.960
572;19;12;57.916;79.400
573;12;20;116.524;69.360
573;20;12;116.524;80.250
574;12;21;53.272;64.920
574;21;12;53.272;76.500
575;12;21;53.440;82.580
575;21;12;53.440;94.160
576;12;22;69.198;76.240
576;22;12;69.198;88.070
577;12;22;72.826;77.140
577;22;12;72.826;88.970
578;12;22;75.012;61.130
578;22;12;75.012;72.960
579;12;23;55.329;82.410
579;23;12;55.329;94.260
580;12;23;56.129;66.300
580;23;12;56.129;78.150
581;12;24;58.441;67.380
581;24;12;58.441;79.660
582;12;24;57.147;66.030
582;24;12;57.147;78.310
583;12;25;110.849;72.380
583;25;12;110.849;87.260
584;12;25;112.053;63.830
584;25;12;112.053;78.710
585;12;25;121.708;80.960
585;25;12;121.708;95.840
586;12;26;77.816;59.320
586;26;12;77.816;74.260
587;12;26;71.895;80.330
587;26;12;71.895;95.270
588;12;26;83.653;64.190
588;26;12;83.653;79.130
589;12;27;74.473;62.650
589;27;12;74.473;79.890
590;12;27;72.136;74.010
590;27;12;72.136;91.250
591;12;27;80.604;59.990
591;27;12;80.604;77.230
592;12;28;129.661;57.560
592;28;12;129.661;75.330
593;12;28;123.755;61.110
593;28;12;123.755;78.880
594;12;29;10.043;24.020
594;29;12;55.043;96.440
595;12;29;11.152;12.280
595;29;12;56.152;84.700
596;12;29;10.245;7.240
596;29;12;55.245;79.660
597;13;14;60.908;89.700
597;14;13;60.908;90.230
598;13;14;61.911;95.770
598;14;13;61.911;96.300
599;13;15;76.396;72.580
599;15;13;76.396;73.290
600;13;15;69.140;93.990
600;15;13;69.140;94.700
601;13;15;80.478;77.260
601;15;13;80.478;77.970
602;13;16;52.096;86.930
602;16;13;52.096;90.420
603;13;16;51.239;86.810
603;16;13;51.239;90.300
604;13;17;74.679;87.620
604;17;13;74.679;92.410
605;13;18;76.108;74.290
605;18;13;76.108;82.430
606;13;19;50.192;63.480
606;19;13;50.192;71.850
607;13;19;50.063;82.030
607;19;13;50.063;90.400
608;13;19;49.689;85.070
608;19;13;49.689;93.440
609;13;20;116.861;71.950
609;20;13;116.861;81.770
610;13;21;66.603;72.250
610;21;13;66.603;82.760
611;13;21;67.948;68.980
611;21;13;67.948;79.490
612;13;21;65.957;78.220
612;21;13;65.957;88.730
613;13;22;70.710;63.570
613;22;13;70.710;74.330
614;13;22;72.526;82.320
614;22;13;72.526;93.080
615;13;23;54.425;82.950
615;23;13;54.425;93.730
616;13;23;52.413;82.960
616;23;13;52.413;93.740
617;13;23;54.172;70.260
617;23;13;54.172;81.040
618;13;24;66.444;62.010
618;24;13;66.444;73.220
619;13;24;67.577;81.300
619;24;13;67.577;92.510
620;13;25;112.888;75.790
620;25;13;112.888;89.600
621;13;25;129.814;79.200
621;25;13;129.814;93.010
622;13;25;109.573;64.960
622;25;13;109.573;78.770
623;13;26;67.715;57.640
623;26;13;67.715;71.510
624;13;26;65.530;64.160
624;26;13;65.530;78.030
625;13;27;58.750;79.340
625;27;13;58.750;95.510
626;13;28;114.475;62.530
626;28;13;114.475;79.230
627;13;29;13.217;9.110
627;29;13;58.217;80.460
628;13;29;12.949;22.610
628;29;13;57.949;93.960
629;14;15;86.135;84.110
629;15;14;86.135;84.290
630;14;15;79.587;88.150
630;15;14;79.587;88.330
631;14;16;53.820;92.090
631;16;14;53.820;95.050
632;14;16;55.414;92.710
632;16;14;55.414;95.670
633;14;17;82.895;87.790
633;17;14;82.895;92.050
634;14;18;90.082;64.400
634;18;14;90.082;72.010
635;14;18;81.292;67.670
635;18;14;81.292;75.280
636;14;19;55.920;77.580
636;19;14;55.920;85.420
637;14;19;53.387;76.370
637;19;14;53.387;84.210
638;14;20;102.415;80.460
638;20;14;102.415;89.750
639;14;21;59.446;65.980
639;21;14;59.446;75.960
640;14;21;62.458;74.440
640;21;14;62.458;84.420
641;14;21;56.473;73.970
641;21;14;56.473;83.950
642;14;22;55.018;77.360
642;22;14;55.018;87.590
643;14;23;52.984;83.260
643;23;14;52.984;93.510
644;14;24;53.905;60.450
644;24;14;53.905;71.130
645;14;24;54.353;62.490
645;24;14;54.353;73.170
646;14;24;54.193;63.010
646;24;14;54.193;73.690
647;14;25;97.723;58.780
647;25;14;97.723;72.060
648;14;26;63.804;80.910
648;26;14;63.804;94.250
649;14;27;69.059;79.630
649;27;14;69.059;95.270
650;14;27;67.454;69.850
650;27;14;67.454;85.490
651;14;28;119.139;61.110
651;28;14;119.139;77.280
652;14;28;108.282;59.420
652;28;14;108.282;75.590
653;14;28;107.541;78.460
653;28;14;107.541;94.630
654;14;29;22.308;11.940
654;29;14;67.308;82.760
655;14;29;27.201;10.460
655;29;14;72.201;81.280
656;14;29;19.535;8.500
656;29;14;64.535;79.320
657;15;16;79.989;85.270
657;16;15;79.989;88.050
658;15;16;73.249;68.440
658;16;15;73.249;71.220
659;15;16;86.425;80.700
659;16;15;86.425;83.480
660;15;17;49.753;78.350
660;17;15;49.753;82.430
661;15;18;92.145;81.870
661;18;15;92.145;89.300
662;15;18;94.631;78.840
662;18;15;94.631;86.270
663;15;18;84.510;67.490
663;18;15;84.510;74.920
664;15;19;79.976;78.520
664;19;15;79.976;86.180
665;15;19;85.961;79.690
665;19;15;85.961;87.350
666;15;20;125.906;63.380
666;20;15;125.906;72.490
667;15;20;136.870;86.410
667;20;15;136.870;95.520
668;15;20;123.708;69.400
668;20;15;123.708;78.510
669;15;21;97.139;73.880
669;21;15;97.139;83.680
670;15;21;107.340;80.700
670;21;15;107.340;90.500
671;15;22;92.207;70.420
671;22;15;92.207;80.470
672;15;22;101.870;80.300
672;22;15;101.870;90.350
673;15;22;80.475;65.690
673;22;15;80.475;75.740
674;15;23;83.996;79.060
674;23;15;83.996;89.130
675;15;24;94.578;78.720
675;24;15;94.578;89.220
676;15;24;106.859;73.750
676;24;15;106.859;84.250
677;15;24;95.469;75.200
677;24;15;95.469;85.700
678;15;25;125.306;71.460
678;25;15;125.306;84.560
679;15;25;110.010;65.900
679;25;15;110.010;79.000
680;15;26;73.875;73.330
680;26;15;73.875;86.490
681;15;26;80.474;79.130
681;26;15;80.474;92.290
682;15;27;62.931;78.280
682;27;15;62.931;93.740
683;15;27;63.868;67.110
683;27;15;63.868;82.570
684;15;27;60.718;79.330
684;27;15;60.718;94.790
685;15;28;85.269;67.290
685;28;15;85.269;83.280
686;15;29;42.745;24.620
686;29;15;87.745;95.260
687;15;29;34.534;10.640
687;29;15;79.534;81.280
688;16;17;77.433;75.400
688;17;16;77.433;76.700
689;16;17;84.974;81.860
689;17;16;84.974;83.160
690;16;18;82.266;77.660
690;18;16;82.266;82.310
691;16;18;78.597;81.290
691;18;16;78.597;85.940
692;16;18;85.168;80.300
692;18;16;85.168;84.950
693;16;19;47.497;76.960
693;19;16;47.497;81.840
694;16;20;110.235;76.350
694;20;16;110.235;82.680
695;16;20;115.491;79.510
695;20;16;115.491;85.840
696;16;21;62.217;77.810
696;21;16;62.217;84.830
697;16;22;63.636;78.150
697;22;16;63.636;85.420
698;16;23;49.116;69.260
698;23;16;49.116;76.550
699;16;23;48.333;82.790
699;23;16;48.333;90.080
700;16;23;48.958;73.530
700;23;16;48.958;80.820
701;16;24;60.221;62.670
701;24;16;60.221;70.390
702;16;25;106.007;62.790
702;25;16;106.007;73.110
703;16;26;64.284;78.460
703;26;16;64.284;88.840
704;16;27;62.142;66.720
704;27;16;62.142;79.400
705;16;27;62.014;77.330
705;27;16;62.014;90.010
706;16;28;115.915;68.740
706;28;16;115.915;81.950
707;16;29;16.208;9.150
707;29;16;61.208;77.010
708;16;29;20.191;2.500
708;29;16;65.191;70.360
709;17;18;93.633;65.530
709;18;17;93.633;68.880
710;17;19;77.723;67.570
710;19;17;77.723;71.150
711;17;20;121.158;64.640
711;20;17;121.158;69.670
712;17;21;94.649;76.940
712;21;17;94.649;82.660
713;17;21;90.981;62.330
713;21;17;90.981;68.050
714;17;22;88.358;84.740
714;22;17;88.358;90.710
715;17;23;81.521;78.560
715;23;17;81.521;84.550
716;17;23;85.623;74.030
716;23;17;85.623;80.020
717;17;23;79.153;70.990
717;23;17;79.153;76.980
718;17;24;91.542;76.870
718;24;17;91.542;83.290
719;17;25;120.613;57.890
719;25;17;120.613;66.910
720;17;25;106.331;72.160
720;25;17;106.331;81.180
721;17;25;114.414;60.050
721;25;17;114.414;69.070
722;17;26;69.486;75.210
722;26;17;69.486;84.290
723;17;26;72.405;60.120
723;26;17;72.405;69.200
724;17;26;73.911;58.350
724;26;17;73.911;67.430
725;17;27;60.930;57.430
725;27;17;60.930;68.810
726;17;27;64.061;55.880
726;27;17;64.061;67.260
727;17;27;60.092;73.700
727;27;17;60.092;85.080
728;17;28;85.272;61.980
728;28;17;85.272;73.890
729;17;28;85.259;72.300
729;28;17;85.259;84.210
730;17;29;41.795;8.690
730;29;17;86.795;75.250
731;17;29;38.986;22.730
731;29;17;83.986;89.290
732;17;29;52.207;23.960
732;29;17;97.207;90.520
733;18;19;79.786;68.900
733;19;18;79.786;69.130
734;18;19;88.232;72.410
734;19;18;88.232;72.640
735;18;20;147.414;79.410
735;20;18;147.414;81.090
736;18;20;159.559;82.620
736;20;18;159.559;84.300
737;18;20;130.396;79.870
737;20;18;130.396;81.550
738;18;21;86.710;68.670
738;21;18;86.710;71.040
739;18;22;100.020;67.580
739;22;18;100.020;70.200
740;18;22;109.244;78.220
740;22;18;109.244;80.840
741;18;22;110.629;78.860
741;22;18;110.629;81.480
742;18;23;82.111;64.130
742;23;18;82.111;66.770
743;18;23;84.589;61.820
743;23;18;84.589;64.460
744;18;23;90.941;67.100
744;23;18;90.941;69.740
745;18;24;91.481;70.610
745;24;18;91.481;73.680
746;18;25;142.767;74.370
746;25;18;142.767;80.040
747;18;25;145.582;74.110
747;25;18;145.582;79.780
748;18;26;98.025;66.750
748;26;18;98.025;72.480
749;18;26;95.148;81.830
749;26;18;95.148;87.560
750;18;27;82.451;68.730
750;27;18;82.451;76.760
751;18;27;80.302;68.530
751;27;18;80.302;76.560
752;18;28;131.923;70.640
752;28;18;131.923;79.200
753;18;28;151.346;76.190
753;28;18;151.346;84.750
754;18;28;136.869;66.290
754;28;18;136.869;74.850
755;18;29;23.796;5.130
755;29;18;68.796;68.340
756;18;29;18.005;13.480
756;29;18;63.005;76.690
757;18;29;18.255;3.440
757;29;18;63.255;66.650
758;19;20;112.686;76.660
758;20;19;112.686;78.110
759;19;21;62.231;67.490
759;21;19;62.231;69.630
760;19;22;65.875;82.150
760;22;19;65.875;84.540
761;19;22;67.007;63.940
761;22;19;67.007;66.330
762;19;22;60.674;72.970
762;22;19;60.674;75.360
763;19;23;49.363;72.960
763;23;19;49.363;75.370
764;19;23;49.030;79.630
764;23;19;49.030;82.040
765;19;24;61.327;60.850
765;24;19;61.327;63.690
766;19;24;59.004;83.360
766;24;19;59.004;86.200
767;19;24;60.547;69.860
767;24;19;60.547;72.700
768;19;25;108.383;61.410
768;25;19;108.383;66.850
769;19;25;111.750;62.670
769;25;19;111.750;68.110
770;19;25;113.429;73.050
770;25;19;113.429;78.490
771;19;26;66.337;77.680
771;26;19;66.337;83.180
772;19;26;62.951;62.680
772;26;19;62.951;68.180
773;19;26;61.067;81.430
773;26;19;61.067;86.930
774;19;27;62.046;71.130
774;27;19;62.046;78.930
775;19;28;116.754;68.010
775;28;19;116.754;76.340
776;19;28;110.302;77.410
776;28;19;110.302;85.740
777;19;28;134.172;69.750
777;28;19;134.172;78.080
778;19;29;13.885;23.520
778;29;19;58.885;86.500
779;19;29;10.440;0.710
779;29;19;55.440;63.690
780;20;21;110.310;70.960
780;21;20;110.310;71.650
781;20;21;114.308;69.690
781;21;20;114.308;70.380
782;20;21;118.963;81.510
782;21;20;118.963;82.200
783;20;22;92.692;69.180
783;22;20;92.692;70.120
784;20;22;94.442;66.220
784;22;20;94.442;67.160
785;20;22;101.540;69.470
785;22;20;101.540;70.410
786;20;23;110.396;79.400
786;23;20;110.396;80.360
787;20;23;105.068;77.620
787;23;20;105.068;78.580
788;20;23;104.699;76.010
788;23;20;104.699;76.970
789;20;24;103.279;72.450
789;24;20;103.279;73.840
790;20;24;97.144;84.640
790;24;20;97.144;86.030
791;20;24;93.748;65.180
791;24;20;93.748;66.570
792;20;25;53.891;72.540
792;25;20;53.891;76.530
793;20;25;52.005;79.350
793;25;20;52.005;83.340
794;20;25;53.782;66.210
794;25;20;53.782;70.200
795;20;26;99.228;75.370
795;26;20;99.228;79.420
796;20;27;117.277;64.690
796;27;20;117.277;71.040
797;20;27;109.683;78.040
797;27;20;109.683;84.390
798;20;27;111.013;79.630
798;27;20;111.013;85.980
799;20;28;134.838;60.400
799;28;20;134.838;67.280
800;20;28;118.299;71.200
800;28;20;118.299;78.080
801;20;28;123.366;54.660
801;28;20;123.366;61.540
802;20;29;79.572;12.870
802;29;20;124.572;74.400
803;20;29;92.840;16.580
803;29;20;137.840;78.110
804;20;29;62.121;12.990
804;29;20;107.121;74.520
805;21;22;64.544;69.190
805;22;21;64.544;69.440
806;21;22;63.343;83.990
806;22;21;63.343;84.240
807;21;22;60.297;63.410
807;22;21;60.297;63.660
808;21;23;58.151;82.830
808;23;21;58.151;83.100
809;21;24;52.549;78.560
809;24;21;52.549;79.260
810;21;24;54.257;62.360
810;24;21;54.257;63.060
811;21;25;104.115;68.490
811;25;21;104.115;71.790
812;21;25;104.587;75.270
812;25;21;104.587;78.570
813;21;25;107.281;73.710
813;25;21;107.281;77.010
814;21;26;78.169;73.870
814;26;21;78.169;77.230
815;21;26;84.409;64.110
815;26;21;84.409;67.470
816;21;26;76.820;79.110
816;26;21;76.820;82.470
817;21;27;79.222;57.770
817;27;21;79.222;63.430
818;21;27;75.837;62.040
818;27;21;75.837;67.700
819;21;27;80.276;57.880
819;27;21;80.276;63.540
820;21;28;132.667;69.850
820;28;21;132.667;76.040
821;21;28;115.958;72.630
821;28;21;115.958;78.820
822;21;28;148.239;79.240
822;28;21;148.239;85.430
823;21;29;18.315;7.830
823;29;21;63.315;68.670
824;21;29;22.021;15.990
824;29;21;67.021;76.830
825;21;29;15.693;21.430
825;29;21;60.693;82.270
826;22;23;62.921;66.110
826;23;22;62.921;66.130
827;22;24;57.000;80.040
827;24;22;57.000;80.490
828;22;24;57.241;77.480
828;24;22;57.241;77.930
829;22;25;87.748;66.450
829;25;22;87.748;69.500
830;22;25;88.146;67.240
830;25;22;88.146;70.290
831;22;26;65.283;82.160
831;26;22;65.283;85.270
832;22;26;63.653;63.650
832;26;22;63.653;66.760
833;22;26;69.674;73.350
833;26;22;69.674;76.460
834;22;27;76.642;80.160
834;27;22;76.642;85.570
835;22;28;121.152;58.960
835;28;22;121.152;64.900
836;22;28;110.889;57.250
836;28;22;110.889;63.190
837;22;29;31.884;23.390
837;29;22;76.884;83.980
838;22;29;24.632;7.510
838;29;22;69.632;68.100
839;22;29;27.321;0.090
839;29;22;72.321;60.680
840;23;24;57.019;85.070
840;24;23;57.019;85.500
841;23;24;58.716;84.460
841;24;23;58.716;84.890
842;23;25;105.667;64.800
842;25;23;105.667;67.830
843;23;25;103.225;71.750
843;25;23;103.225;74.780
844;23;26;67.525;81.480
844;26;23;67.525;84.570
845;23;26;67.100;67.460
845;26;23;67.100;70.550
846;23;27;66.095;78.030
846;27;23;66.095;83.420
847;23;27;69.301;65.590
847;27;23;69.301;70.980
848;23;27;63.311;76.410
848;27;23;63.311;81.800
849;23;28;120.001;74.510
849;28;23;120.001;80.430
850;23;29;14.497;3.760
850;29;23;59.497;64.330
851;23;29;16.578;2.130
851;29;23;61.578;62.700
852;24;25;97.433;82.400
852;25;24;97.433;85.000
853;24;26;72.411;62.430
853;26;24;72.411;65.090
854;24;26;70.105;81.300
854;26;24;70.105;83.960
855;24;26;77.363;74.930
855;26;24;77.363;77.590
856;24;27;77.059;69.610
856;27;24;77.059;74.570
857;24;27;83.731;64.990
857;27;24;83.731;69.950
858;24;28;128.027;58.330
858;28;24;128.027;63.820
859;24;29;22.688;22.860
859;29;24;67.688;83.000
860;24;29;20.430;6.810
860;29;24;65.430;66.950
861;24;29;19.781;10.860
861;29;24;64.781;71.000
862;25;26;97.388;58.910
862;26;25;97.388;58.970
863;25;26;105.016;64.940
863;26;25;105.016;65.000
864;25;26;97.392;70.520
864;26;25;97.392;70.580
865;25;27;114.918;61.850
865;27;25;114.918;64.210
866;25;27;115.625;62.900
866;27;25;115.625;65.260
867;25;28;138.199;57.540
867;28;25;138.199;60.430
868;25;28;139.769;66.320
868;28;25;139.769;69.210
869;25;28;146.340;79.170
869;28;25;146.340;82.060
870;25;29;74.442;12.930
870;29;25;119.442;70.470
871;26;27;63.213;80.100
871;27;26;63.213;82.400
872;26;28;101.111;65.000
872;28;26;101.111;67.830
873;26;29;35.108;20.100
873;29;26;80.108;77.580
874;27;28;100.866;74.920
874;28;27;100.866;75.450
875;27;28;92.009;73.760
875;28;27;92.009;74.290
876;27;29;26.179;2.420
876;29;27;71.179;57.600
877;27;29;27.010;12.310
877;29;27;72.010;67.490
878;28;29;81.991;7.420
878;29;28;126.991;62.070
879;28;29;70.671;23.030
879;29;28;115.671;77.680
880;28;29;88.526;10.120
880;29;28;133.526;64.770
