30
600.0
0;0;1;68.796;110.230
0;1;0;23.796;23.970
1;0;1;72.807;92.310
1;1;0;27.807;6.050
2;0;1;73.896;91.410
2;1;0;28.896;5.150
3;0;2;67.688;91.040
3;2;0;22.688;11.250
4;0;2;70.987;88.240
4;2;0;25.987;8.450
5;0;2;62.946;96.190
5;2;0;17.946;16.400
6;0;3;73.285;78.570
6;3;0;28.285;0.990
7;0;3;73.772;89.040
7;3;0;28.772;11.460
8;0;3;70.264;78.280
8;3;0;25.264;0.700
9;0;4;75.107;94.000
9;4;0;30.107;18.950
10;0;5;94.491;77.950
10;5;0;49.491;2.910
11;0;5;101.429;96.580
11;5;0;56.429;21.540
12;0;6;124.572;88.210
12;6;0;79.572;14.890
13;0;6;110.734;83.340
13;6;0;65.734;10.020
14;0;6;134.483;86.220
14;6;0;89.483;12.900
15;0;7;77.509;81.760
15;7;0;32.509;8.680
16;0;7;83.129;97.170
16;7;0;38.129;24.090
17;0;7;83.819;81.060
17;7;0;38.819;7.980
18;0;8;62.194;72.780
18;8;0;17.194;0.130
19;0;9;53.647;91.280
19;9;0;8.647;18.660
20;0;9;52.687;84.160
20;9;0;7.687;11.540
21;0;9;54.909;92.140
21;9;0;9.909;19.520
22;0;10;90.309;85.850
22;10;0;45.309;13.430
23;0;10;97.609;90.490
23;10;0;52.609;18.070
24;0;11;63.315;87.650
24;11;0;18.315;18.100
25;0;11;62.436;76.610
25;11;0;17.436;7.060
26;0;11;67.005;69.940
26;11;0;22.005;0.390
27;0;12;119.442;88.270
27;12;0;74.442;19.350
28;0;12;113.741;74.390
28;12;0;68.741;5.470
29;0;12;133.565;85.080
29;12;0;88.565;16.160
30;0;13;81.549;88.080
30;13;0;36.549;19.690
31;0;13;89.805;88.450
31;13;0;44.805;20.060
32;0;13;88.377;90.020
32;13;0;43.377;21.630
33;0;14;138.673;83.910
33;14;0;93.673;18.620
34;0;14;146.359;76.640
34;14;0;101.359;11.350
35;0;14;161.106;68.560
35;14;0;116.106;3.270
36;0;15;64.222;81.620
36;15;0;19.222;16.840
37;0;15;64.429;71.340
37;15;0;19.429;6.560
38;0;16;72.562;84.640
38;16;0;27.562;19.970
39;0;16;70.114;75.630
39;16;0;25.114;10.960
40;0;16;73.816;66.250
40;16;0;28.816;1.580
41;0;17;76.387;74.900
41;17;0;31.387;11.340
42;0;17;74.742;67.230
42;17;0;29.742;3.670
43;0;18;67.496;82.280
43;18;0;22.496;19.360
44;0;18;69.698;82.650
44;18;0;24.698;19.730
45;0;19;63.196;77.660
45;19;0;18.196;15.440
46;0;20;75.026;76.560
46;20;0;30.026;16.420
47;0;20;78.293;66.670
47;20;0;33.293;6.530
48;0;20;75.426;81.070
48;20;0;30.426;20.930
49;0;21;63.686;59.700
49;21;0;18.686;0.570
50;0;21;62.634;70.990
50;21;0;17.634;11.860
51;0;21;65.879;81.510
51;21;0;20.879;22.380
52;0;22;70.336;63.570
52;22;0;25.336;4.860
53;0;23;51.651;70.800
53;23;0;6.651;13.620
54;0;23;52.795;73.500
54;23;0;7.795;16.320
55;0;23;52.279;74.850
55;23;0;7.279;17.670
56;0;24;63.520;72.680
56;24;0;18.520;15.940
57;0;25;121.973;62.380
57;25;0;76.973;5.650
58;0;25;106.088;72.450
58;25;0;61.088;15.720
59;0;25;113.185;71.920
59;25;0;68.185;15.190
60;0;26;54.829;81.020
60;26;0;9.829;24.530
61;0;26;56.154;73.130
61;26;0;11.154;16.640
62;0;26;56.372;71.950
62;26;0;11.372;15.460
63;0;27;116.350;69.700
63;27;0;71.350;13.490
64;0;27;131.844;76.670
64;27;0;86.844;20.460
65;0;28;102.583;56.640
65;28;0;57.583;0.730
66;0;28;109.390;77.360
66;28;0;64.390;21.450
67;0;29;0.000;21.400
67;29;0;0.000;21.400
68;1;2;91.481;87.730
68;2;1;91.481;94.200
69;1;2;100.220;87.100
69;2;1;100.220;93.570
70;1;3;51.988;83.030
70;3;1;51.988;91.710
71;1;3;52.690;83.970
71;3;1;52.690;92.650
72;1;3;53.128;101.660
72;3;1;53.128;110.340
73;1;4;89.354;99.900
73;4;1;89.354;111.110
74;1;4;92.290;84.320
74;4;1;92.290;95.530
75;1;4;83.014;90.680
75;4;1;83.014;101.890
76;1;5;110.336;97.020
76;5;1;110.336;108.240
77;1;5;105.577;94.340
77;5;1;105.577;105.560
78;1;6;147.414;94.570
78;6;1;147.414;107.510
79;1;7;100.131;89.310
79;7;1;100.131;102.490
80;1;7;89.564;82.730
80;7;1;89.564;95.910
81;1;7;93.684;81.570
81;7;1;93.684;94.750
82;1;8;84.892;75.940
82;8;1;84.892;89.550
83;1;8;84.588;80.230
83;8;1;84.588;93.840
84;1;8;79.519;81.310
84;8;1;79.519;94.920
85;1;9;76.730;74.610
85;9;1;76.730;88.250
86;1;9;70.523;83.780
86;9;1;70.523;97.420
87;1;9;69.426;73.580
87;9;1;69.426;87.220
88;1;10;113.670;86.020
88;10;1;113.670;99.860
89;1;11;86.710;71.000
89;11;1;86.710;87.710
90;1;11;86.938;83.130
90;11;1;86.938;99.840
91;1;11;94.627;89.650
91;11;1;94.627;106.360
92;1;12;142.767;74.130
92;12;1;142.767;91.470
93;1;12;165.039;80.690
93;12;1;165.039;98.030
94;1;13;91.542;92.760
94;13;1;91.542;110.630
95;1;13;99.468;72.140
95;13;1;99.468;90.010
96;1;14;142.123;82.240
96;14;1;142.123;103.210
97;1;14;142.913;83.340
97;14;1;142.913;104.310
98;1;15;64.619;86.030
98;15;1;64.619;107.510
99;1;16;86.226;70.210
99;16;1;86.226;91.800
100;1;16;83.025;89.190
100;16;1;83.025;110.780
101;1;16;96.161;84.560
101;16;1;96.161;106.150
102;1;17;53.115;74.670
102;17;1;53.115;97.370
103;1;18;90.080;76.230
103;18;1;90.080;99.570
104;1;19;84.989;76.440
104;19;1;84.989;100.480
105;1;20;98.562;80.150
105;20;1;98.562;106.270
106;1;20;100.838;70.430
106;20;1;100.838;96.550
107;1;20;91.698;67.210
107;20;1;91.698;93.330
108;1;21;86.065;69.160
108;21;1;86.065;96.290
109;1;21;87.700;78.150
109;21;1;87.700;105.280
110;1;21;79.507;68.570
110;21;1;79.507;95.700
111;1;22;53.171;70.820
111;22;1;53.171;98.370
112;1;22;54.179;69.480
112;22;1;54.179;97.030
113;1;22;55.050;77.620
113;22;1;55.050;105.170
114;1;23;71.558;60.660
114;23;1;71.558;89.740
115;1;23;72.407;69.920
115;23;1;72.407;99.000
116;1;23;75.654;69.770
116;23;1;75.654;98.850
117;1;24;85.525;81.090
117;24;1;85.525;110.610
118;1;25;132.213;72.000
118;25;1;132.213;101.530
119;1;25;141.064;61.360
119;25;1;141.064;90.890
120;1;26;74.708;60.160
120;26;1;74.708;89.930
121;1;26;79.421;60.720
121;26;1;79.421;90.490
122;1;27;122.761;81.040
122;27;1;122.761;111.090
123;1;27;120.003;76.000
123;27;1;120.003;106.050
124;1;28;126.132;69.040
124;28;1;126.132;99.390
125;1;29;23.796;14.950
125;29;1;68.796;101.210
126;1;29;27.156;4.050
126;29;1;72.156;90.310
127;1;29;18.472;14.330
127;29;1;63.472;100.590
128;2;3;95.763;80.150
128;3;2;95.763;82.360
129;2;4;75.314;97.940
129;4;2;75.314;102.680
130;2;4;78.311;87.780
130;4;2;78.311;92.520
131;2;4;76.843;78.470
131;4;2;76.843;83.210
132;2;5;86.520;90.870
132;5;2;86.520;95.620
133;2;5;93.994;92.920
133;5;2;93.994;97.670
134;2;5;84.011;78.690
134;5;2;84.011;83.440
135;2;6;103.279;86.010
135;6;2;103.279;92.480
136;2;6;112.847;74.000
136;6;2;112.847;80.470
137;2;6;96.083;87.290
137;6;2;96.083;93.760
138;2;7;59.400;81.700
138;7;2;59.400;88.410
139;2;7;61.034;78.950
139;7;2;61.034;85.660
140;2;7;59.160;83.370
140;7;2;59.160;90.080
141;2;8;55.323;90.150
141;8;2;55.323;97.290
142;2;8;53.707;79.010
142;8;2;53.707;86.150
143;2;8;57.713;83.150
143;8;2;57.713;90.290
144;2;9;60.381;73.630
144;9;2;60.381;80.800
145;2;10;68.621;92.980
145;10;2;68.621;100.350
146;2;10;63.814;91.320
146;10;2;63.814;98.690
147;2;10;71.677;90.190
147;10;2;71.677;97.560
148;2;11;52.549;84.430
148;11;2;52.549;94.670
149;2;11;53.587;78.650
149;11;2;53.587;88.890
150;2;12;97.433;90.730
150;12;2;97.433;101.600
151;2;12;100.004;73.460
151;12;2;100.004;84.330
152;2;12;109.385;79.500
152;12;2;109.385;90.370
153;2;13;84.488;85.790
153;13;2;84.488;97.190
154;2;14;140.389;73.830
154;14;2;140.389;88.330
155;2;14;160.205;73.290
155;14;2;160.205;87.790
156;2;15;82.763;69.750
156;15;2;82.763;84.760
157;2;16;74.821;71.170
157;16;2;74.821;86.290
158;2;17;98.965;78.350
158;17;2;98.965;94.580
159;2;17;106.268;74.590
159;17;2;106.268;90.820
160;2;18;54.749;79.290
160;18;2;54.749;96.160
161;2;18;52.739;70.790
161;18;2;52.739;87.660
162;2;18;53.951;75.800
162;18;2;53.951;92.670
163;2;19;57.858;71.060
163;19;2;57.858;88.630
164;2;19;57.465;78.620
164;19;2;57.465;96.190
165;2;19;57.838;71.270
165;19;2;57.838;88.840
166;2;20;54.344;84.620
166;20;2;54.344;104.270
167;2;20;55.544;64.860
167;20;2;55.544;84.510
168;2;20;56.182;77.680
168;20;2;56.182;97.330
169;2;21;55.905;82.160
169;21;2;55.905;102.820
170;2;21;55.241;65.870
170;21;2;55.241;86.530
171;2;22;92.282;73.510
171;22;2;92.282;94.590
172;2;22;94.204;64.930
172;22;2;94.204;86.010
173;2;23;66.487;57.350
173;23;2;66.487;79.960
174;2;23;70.888;65.910
174;23;2;70.888;88.520
175;2;24;57.156;70.340
175;24;2;57.156;93.390
176;2;24;58.431;80.370
176;24;2;58.431;103.420
177;2;24;56.762;75.910
177;24;2;56.762;98.960
178;2;25;117.778;76.140
178;25;2;117.778;99.200
179;2;25;108.210;80.860
179;25;2;108.210;103.920
180;2;25;103.299;61.960
180;25;2;103.299;85.020
181;2;26;64.811;68.360
181;26;2;64.811;91.660
182;2;26;69.660;63.960
182;26;2;69.660;87.260
183;2;26;65.972;79.100
183;26;2;65.972;102.400
184;2;27;116.810;63.390
184;27;2;116.810;86.970
185;2;27;102.366;69.660
185;27;2;102.366;93.240
186;2;27;108.424;62.090
186;27;2;108.424;85.670
187;2;28;80.299;79.830
187;28;2;80.299;103.710
188;2;28;86.786;66.050
188;28;2;86.786;89.930
189;2;29;22.688;24.950
189;29;2;67.688;104.740
190;2;29;22.980;14.820
190;29;2;67.980;94.610
191;3;4;96.088;95.540
191;4;3;96.088;98.070
192;3;5;117.069;93.990
192;5;3;117.069;96.530
193;3;6;152.715;74.960
193;6;3;152.715;79.220
194;3;6;129.280;96.430
194;6;3;129.280;100.690
195;3;6;163.698;91.910
195;6;3;163.698;96.170
196;3;7;105.469;97.550
196;7;3;105.469;102.050
197;3;8;90.108;76.210
197;8;3;90.108;81.140
198;3;9;81.692;85.760
198;9;3;81.692;90.720
199;3;9;80.120;85.260
199;9;3;80.120;90.220
200;3;10;118.587;96.490
200;10;3;118.587;101.650
201;3;10;133.754;80.420
201;10;3;133.754;85.580
202;3;11;90.296;72.380
202;11;3;90.296;80.410
203;3;11;82.120;76.960
203;11;3;82.120;84.990
204;3;11;92.235;91.800
204;11;3;92.235;99.830
205;3;12;147.722;87.140
205;12;3;147.722;95.800
206;3;12;123.162;87.210
206;12;3;123.162;95.870
207;3;12;125.510;87.860
207;12;3;125.510;96.520
208;3;13;98.504;73.710
208;13;3;98.504;82.900
209;3;13;96.983;80.650
209;13;3;96.983;89.840
210;3;14;148.777;68.510
210;14;3;148.777;80.800
211;3;15;63.721;66.950
211;15;3;63.721;79.750
212;3;15;62.840;85.740
212;15;3;62.840;98.540
213;3;16;92.972;89.230
213;16;3;92.972;102.140
214;3;16;86.276;79.640
214;16;3;86.276;92.550
215;3;17;54.760;64.950
215;17;3;54.760;78.970
216;3;18;95.384;68.530
216;18;3;95.384;83.190
217;3;18;95.021;72.940
217;18;3;95.021;87.600
218;3;19;90.512;83.480
218;19;3;90.512;98.840
219;3;20;102.121;81.430
219;20;3;102.121;98.870
220;3;21;91.414;62.760
220;21;3;91.414;81.210
221;3;22;59.458;80.600
221;22;3;59.458;99.470
222;3;23;77.067;67.920
222;23;3;77.067;88.320
223;3;23;83.398;79.550
223;23;3;83.398;99.950
224;3;24;90.992;70.760
224;24;3;90.992;91.600
225;3;24;97.016;74.590
225;24;3;97.016;95.430
226;3;24;88.882;66.020
226;24;3;88.882;86.860
227;3;25;139.200;60.880
227;25;3;139.200;81.730
228;3;26;80.398;78.650
228;26;3;80.398;99.740
229;3;26;85.813;70.080
229;26;3;85.813;91.170
230;3;26;74.924;78.450
230;26;3;74.924;99.540
231;3;27;129.661;69.450
231;27;3;129.661;90.820
232;3;27;134.652;59.840
232;27;3;134.652;81.210
233;3;27;126.850;63.300
233;27;3;126.850;84.670
234;3;28;130.857;61.020
234;28;3;130.857;82.690
235;3;28;123.963;75.520
235;28;3;123.963;97.190
236;3;28;129.318;75.260
236;28;3;129.318;96.930
237;3;29;28.285;14.760
237;29;3;73.285;92.340
238;3;29;22.230;6.090
238;29;3;67.230;83.670
239;4;5;65.984;83.840
239;5;4;65.984;83.850
240;4;5;69.951;93.380
240;5;4;69.951;93.390
241;4;6;110.123;74.620
241;6;4;110.123;76.350
242;4;6;123.647;98.230
242;6;4;123.647;99.960
243;4;6;101.573;87.180
243;6;4;101.573;88.910
244;4;7;69.601;76.430
244;7;4;69.601;78.400
245;4;8;66.053;81.060
245;8;4;66.053;83.460
246;4;9;69.444;91.080
246;9;4;69.444;93.510
247;4;9;71.577;75.940
247;9;4;71.577;78.370
248;4;9;65.970;90.970
248;9;4;65.970;93.400
249;4;10;82.998;85.880
249;10;4;82.998;88.510
250;4;10;90.768;75.920
250;10;4;90.768;78.550
251;4;11;79.073;72.060
251;11;4;79.073;77.560
252;4;12;108.137;88.730
252;12;4;108.137;94.860
253;4;12;113.163;73.820
253;12;4;113.163;79.950
254;4;13;54.238;72.470
254;13;4;54.238;79.130
255;4;13;52.310;81.270
255;13;4;52.310;87.930
256;4;13;56.329;87.730
256;13;4;56.329;94.390
257;4;14;110.940;88.880
257;14;4;110.940;98.640
258;4;15;93.824;69.980
258;15;4;93.824;80.250
259;4;16;48.134;79.330
259;16;4;48.134;89.710
260;4;16;48.357;88.070
260;16;4;48.357;98.450
261;4;17;93.521;78.950
261;17;4;93.521;90.440
262;4;18;65.740;85.250
262;18;4;65.740;97.380
263;4;19;63.125;81.820
263;19;4;63.125;94.650
264;4;19;62.174;65.050
264;19;4;62.174;77.880
265;4;20;84.115;73.900
265;20;4;84.115;88.810
266;4;20;86.684;62.850
266;20;4;86.684;77.760
267;4;21;64.813;83.130
267;21;4;64.813;99.050
268;4;21;60.945;79.340
268;21;4;60.945;95.260
269;4;22;84.813;59.650
269;22;4;84.813;75.990
270;4;22;90.298;80.020
270;22;4;90.298;96.360
271;4;22;86.608;79.560
271;22;4;86.608;95.900
272;4;23;68.466;80.520
272;23;4;68.466;98.390
273;4;24;63.660;64.330
273;24;4;63.660;82.640
274;4;24;61.144;61.010
274;24;4;61.144;79.320
275;4;24;65.153;58.230
275;24;4;65.153;76.540
276;4;25;91.911;68.280
276;25;4;91.911;86.600
277;4;26;65.413;74.000
277;26;4;65.413;92.560
278;4;26;63.538;66.610
278;26;4;63.538;85.170
279;4;27;87.679;71.370
279;27;4;87.679;90.210
280;4;27;86.685;74.370
280;27;4;86.685;93.210
281;4;28;94.880;59.220
281;28;4;94.880;78.360
282;4;29;30.107;8.050
282;29;4;75.107;83.100
283;4;29;35.751;0.090
283;29;4;80.751;75.140
284;5;6;96.851;96.920
284;6;5;96.851;98.640
285;5;6;89.023;80.620
285;6;5;89.023;82.340
286;5;6;102.170;78.820
286;6;5;102.170;80.540
287;5;7;74.022;87.480
287;7;5;74.022;89.440
288;5;7;73.695;76.030
288;7;5;73.695;77.990
289;5;8;80.845;81.840
289;8;5;80.845;84.230
290;5;8;76.444;88.740
290;8;5;76.444;91.130
291;5;9;87.276;74.890
291;9;5;87.276;77.310
292;5;9;77.865;85.010
292;9;5;77.865;87.430
293;5;10;80.955;88.860
293;10;5;80.955;91.480
294;5;11;92.752;78.570
294;11;5;92.752;84.060
295;5;11;85.175;89.160
295;11;5;85.175;94.650
296;5;11;82.153;76.650
296;11;5;82.153;82.140
297;5;12;97.504;75.470
297;12;5;97.504;81.590
298;5;12;84.431;72.480
298;12;5;84.431;78.600
299;5;13;66.570;82.120
299;13;5;66.570;88.770
300;5;14;102.209;83.450
300;14;5;102.209;93.200
301;5;14;103.803;87.400
301;14;5;103.803;97.150
302;5;14;103.693;88.600
302;14;5;103.693;98.350
303;5;15;113.662;67.850
303;15;5;113.662;78.110
304;5;16;69.109;77.450
304;16;5;69.109;87.820
305;5;16;69.952;80.880
305;16;5;69.952;91.250
306;5;17;114.299;83.710
306;17;5;114.299;95.190
307;5;18;77.528;76.900
307;18;5;77.528;89.020
308;5;18;75.084;63.430
308;18;5;75.084;75.550
309;5;18;70.387;64.540
309;18;5;70.387;76.660
310;5;19;78.322;75.070
310;19;5;78.322;87.890
311;5;19;75.095;80.370
311;19;5;75.095;93.190
312;5;20;92.913;72.740
312;20;5;92.913;87.640
313;5;20;81.626;82.640
313;20;5;81.626;97.540
314;5;21;79.129;59.820
314;21;5;79.129;75.730
315;5;21;77.023;81.100
315;21;5;77.023;97.010
316;5;21;77.848;65.500
316;21;5;77.848;81.410
317;5;22;105.577;65.740
317;22;5;105.577;82.070
318;5;23;88.091;65.680
318;23;5;88.091;83.540
319;5;24;78.457;64.900
319;24;5;78.457;83.200
320;5;24;81.702;62.530
320;24;5;81.702;80.830
321;5;25;76.549;73.750
321;25;5;76.549;92.060
322;5;26;84.694;66.370
322;26;5;84.694;84.920
323;5;27;79.185;60.490
323;27;5;79.185;79.320
324;5;28;89.204;61.070
324;28;5;89.204;80.200
325;5;29;49.491;11.350
325;29;5;94.491;86.390
326;5;29;54.674;3.850
326;29;5;99.674;78.890
327;6;7;92.290;74.560
327;7;6;92.290;74.800
328;6;7;86.166;91.100
328;7;6;86.166;91.340
329;6;8;107.614;86.370
329;8;6;107.614;87.040
330;6;9;116.038;78.340
330;9;6;116.038;79.040
331;6;9;128.520;78.640
331;9;6;128.520;79.340
332;6;9;121.961;75.730
332;9;6;121.961;76.430
333;6;10;79.657;75.270
333;10;6;79.657;76.170
334;6;10;83.756;84.690
334;10;6;83.756;85.590
335;6;10;73.256;83.490
335;10;6;73.256;84.390
336;6;11;110.310;84.230
336;11;6;110.310;88.000
337;6;12;53.891;82.180
337;12;6;53.891;86.580
338;6;12;52.838;69.860
338;12;6;52.838;74.260
339;6;12;53.050;89.330
339;12;6;53.050;93.730
340;6;13;115.732;92.650
340;13;6;115.732;97.580
341;6;13;102.814;78.030
341;13;6;102.814;82.960
342;6;14;145.386;82.700
342;14;6;145.386;90.730
343;6;15;141.041;72.570
343;15;6;141.041;81.110
344;6;15;139.967;81.180
344;15;6;139.967;89.720
345;6;16;112.603;88.610
345;16;6;112.603;97.260
346;6;17;153.905;75.410
346;17;6;153.905;85.170
347;6;18;102.363;82.040
347;18;6;102.363;92.440
348;6;18;112.895;70.710
348;18;6;112.895;81.110
349;6;18;113.585;71.860
349;18;6;113.585;82.260
350;6;19;107.439;82.620
350;19;6;107.439;93.720
351;6;20;100.587;73.700
351;20;6;100.587;86.880
352;6;20;110.814;69.510
352;20;6;110.814;82.690
353;6;21;106.364;78.990
353;21;6;106.364;93.180
354;6;22;145.892;77.920
354;22;6;145.892;92.530
355;6;23;120.858;64.340
355;23;6;120.858;80.480
356;6;23;129.434;67.430
356;23;6;129.434;83.570
357;6;23;106.737;63.370
357;23;6;106.737;79.510
358;6;24;106.891;65.750
358;24;6;106.891;82.330
359;6;24;108.466;59.400
359;24;6;108.466;75.980
360;6;25;115.801;64.420
360;25;6;115.801;81.010
361;6;26;117.753;73.140
361;26;6;117.753;89.970
362;6;26;105.472;68.390
362;26;6;105.472;85.220
363;6;26;118.360;69.580
363;26;6;118.360;86.410
364;6;27;126.254;58.300
364;27;6;126.254;75.410
365;6;28;69.273;68.370
365;28;6;69.273;85.780
366;6;29;79.572;12.710
366;29;6;124.572;86.030
367;7;8;60.372;80.200
367;8;7;60.372;80.630
368;7;8;62.224;93.090
368;8;7;62.224;93.520
369;7;8;59.092;73.440
369;8;7;59.092;73.870
370;7;9;68.885;75.840
370;9;7;68.885;76.300
371;7;10;59.501;80.910
371;10;7;59.501;81.570
372;7;10;60.232;79.630
372;10;7;60.232;80.290
373;7;11;66.825;74.700
373;11;7;66.825;78.230
374;7;11;62.927;92.050
374;11;7;62.927;95.580
375;7;12;87.910;85.660
375;12;7;87.910;89.820
376;7;12;79.704;75.650
376;12;7;79.704;79.810
377;7;12;97.325;81.920
377;12;7;97.325;86.080
378;7;13;78.419;82.960
378;13;7;78.419;87.650
379;7;14;130.235;73.290
379;14;7;130.235;81.080
380;7;14;142.656;78.770
380;14;7;142.656;86.560
381;7;14;117.571;68.560
381;14;7;117.571;76.350
382;7;15;95.168;73.810
382;15;7;95.168;82.110
383;7;15;94.968;84.660
383;15;7;94.968;92.960
384;7;15;103.548;68.360
384;15;7;103.548;76.660
385;7;16;70.644;87.720
385;16;7;70.644;96.130
386;7;16;72.417;70.370
386;16;7;72.417;78.780
387;7;17;106.754;88.490
387;17;7;106.754;98.010
388;7;17;98.091;76.260
388;17;7;98.091;85.780
389;7;18;55.085;82.320
389;18;7;55.085;92.480
390;7;18;56.780;81.960
390;18;7;56.780;92.120
391;7;18;52.662;76.570
391;18;7;52.662;86.730
392;7;19;60.208;68.670
392;19;7;60.208;79.530
393;7;19;57.117;76.230
393;19;7;57.117;87.090
394;7;20;63.996;67.290
394;20;7;63.996;80.230
395;7;20;59.615;76.920
395;20;7;59.615;89.860
396;7;20;63.777;76.640
396;20;7;63.777;89.580
397;7;21;59.075;76.280
397;21;7;59.075;90.230
398;7;22;98.966;74.180
398;22;7;98.966;88.550
399;7;22;91.054;59.100
399;22;7;91.054;73.470
400;7;23;73.573;59.630
400;23;7;73.573;75.530
401;7;23;73.171;59.840
401;23;7;73.171;75.740
402;7;24;59.627;75.920
402;24;7;59.627;92.260
403;7;24;62.477;75.610
403;24;7;62.477;91.950
404;7;24;57.710;70.110
404;24;7;57.710;86.450
405;7;25;105.565;61.250
405;25;7;105.565;77.600
406;7;25;104.043;63.990
406;25;7;104.043;80.340
407;7;25;111.718;74.820
407;25;7;111.718;91.170
408;7;26;70.526;70.590
408;26;7;70.526;87.180
409;7;26;64.229;58.970
409;26;7;64.229;75.560
410;7;26;76.388;57.200
410;26;7;76.388;73.790
411;7;27;106.687;59.250
411;27;7;106.687;76.120
412;7;27;101.136;79.510
412;27;7;101.136;96.380
413;7;28;72.178;66.950
413;28;7;72.178;84.120
414;7;28;71.516;68.070
414;28;7;71.516;85.240
415;7;29;32.509;14.490
415;29;7;77.509;87.570
416;7;29;28.218;11.000
416;29;7;73.218;84.080
417;8;9;53.547;83.000
417;9;8;53.547;83.030
418;8;9;52.051;89.420
418;9;8;52.051;89.450
419;8;10;73.859;81.850
419;10;8;73.859;82.080
420;8;11;58.035;84.430
420;11;8;58.035;87.530
421;8;12;102.892;89.260
421;12;8;102.892;92.990
422;8;13;74.973;86.830
422;13;8;74.973;91.090
423;8;13;80.796;84.290
423;13;8;80.796;88.550
424;8;13;75.572;70.990
424;13;8;75.572;75.250
425;8;14;131.899;84.910
425;14;8;131.899;92.270
426;8;15;80.483;70.980
426;15;8;80.483;78.850
427;8;15;80.769;70.510
427;15;8;80.769;78.380
428;8;16;65.072;83.700
428;16;8;65.072;91.680
429;8;16;64.872;87.150
429;16;8;64.872;95.130
430;8;16;66.656;66.050
430;16;8;66.656;74.030
431;8;17;91.758;84.470
431;17;8;91.758;93.560
432;8;18;50.307;71.400
432;18;8;50.307;81.130
433;8;18;51.564;79.070
433;18;8;51.564;88.800
434;8;19;47.930;75.650
434;19;8;47.930;86.080
435;8;19;47.924;73.520
435;19;8;47.924;83.950
436;8;20;64.667;65.460
436;20;8;64.667;77.970
437;8;20;68.683;84.900
437;20;8;68.683;97.410
438;8;20;61.949;84.620
438;20;8;61.949;97.130
439;8;21;46.755;82.150
439;21;8;46.755;95.670
440;8;21;46.482;73.920
440;21;8;46.482;87.440
441;8;21;46.404;66.800
441;21;8;46.404;80.320
442;8;22;84.311;75.220
442;22;8;84.311;89.160
443;8;23;58.413;66.050
443;23;8;58.413;81.520
444;8;23;58.179;67.710
444;23;8;58.179;83.180
445;8;23;58.909;58.820
445;23;8;58.909;74.290
446;8;24;47.493;62.870
446;24;8;47.493;78.780
447;8;24;47.667;60.250
447;24;8;47.667;76.160
448;8;25;111.028;76.160
448;25;8;111.028;92.080
449;8;25;108.201;70.110
449;25;8;108.201;86.030
450;8;26;55.748;64.080
450;26;8;55.748;80.240
451;8;26;56.763;70.090
451;26;8;56.763;86.250
452;8;26;56.841;63.230
452;26;8;56.841;79.390
453;8;27;108.490;69.790
453;27;8;108.490;86.230
454;8;28;86.462;68.260
454;28;8;86.462;85.000
455;8;28;91.613;78.240
455;28;8;91.613;94.980
456;8;28;93.965;57.410
456;28;8;93.965;74.150
457;8;29;17.194;15.990
457;29;8;62.194;88.640
458;9;10;81.967;88.620
458;10;9;81.967;88.820
459;9;10;84.274;93.500
459;10;9;84.274;93.700
460;9;11;58.400;76.560
460;11;9;58.400;79.630
461;9;11;58.590;75.240
461;11;9;58.590;78.310
462;9;11;60.621;70.180
462;11;9;60.621;73.250
463;9;12;111.092;93.410
463;12;9;111.092;97.110
464;9;12;114.481;92.500
464;12;9;114.481;96.200
465;9;12;126.527;87.980
465;12;9;126.527;91.680
466;9;13;77.233;76.860
466;13;9;77.233;81.090
467;9;14;134.874;84.120
467;14;9;134.874;91.450
468;9;14;149.546;85.040
468;14;9;149.546;92.370
469;9;14;153.909;86.770
469;14;9;153.909;94.100
470;9;15;72.272;67.400
470;15;9;72.272;75.240
471;9;16;67.457;65.190
471;16;9;67.457;73.140
472;9;16;66.453;69.710
472;16;9;66.453;77.660
473;9;16;70.405;76.300
473;16;9;70.405;84.250
474;9;17;83.904;68.920
474;17;9;83.904;77.980
475;9;18;58.852;63.150
475;18;9;58.852;72.850
476;9;19;54.733;85.510
476;19;9;54.733;95.910
477;9;19;52.807;65.940
477;19;9;52.807;76.340
478;9;19;55.744;65.470
478;19;9;55.744;75.870
479;9;20;68.888;72.870
479;20;9;68.888;85.350
480;9;20;73.727;67.950
480;20;9;73.727;80.430
481;9;20;71.494;75.760
481;20;9;71.494;88.240
482;9;21;55.056;63.380
482;21;9;55.056;76.870
483;9;22;76.945;65.190
483;22;9;76.945;79.100
484;9;23;51.171;64.390
484;23;9;51.171;79.830
485;9;23;50.933;68.530
485;23;9;50.933;83.970
486;9;24;54.975;76.430
486;24;9;54.975;92.310
487;9;24;52.680;71.280
487;24;9;52.680;87.160
488;9;25;116.122;59.170
488;25;9;116.122;75.060
489;9;25;118.901;77.530
489;25;9;118.901;93.420
490;9;26;50.626;63.970
490;26;9;50.626;80.100
491;9;26;52.010;58.900
491;26;9;52.010;75.030
492;9;26;51.201;68.040
492;26;9;51.201;84.170
493;9;27;111.918;66.640
493;27;9;111.918;83.050
494;9;27;102.446;79.840
494;27;9;102.446;96.250
495;9;28;94.403;63.390
495;28;9;94.403;80.100
496;9;29;8.647;2.560
496;29;9;53.647;75.180
497;9;29;10.698;16.170
497;29;9;55.698;88.790
498;9;29;10.179;2.070
498;29;9;55.179;74.690
499;10;11;75.731;77.720
499;11;10;75.731;80.590
500;10;12;74.136;93.550
500;12;10;74.136;97.050
501;10;12;68.868;69.160
501;12;10;68.868;72.660
502;10;13;91.181;87.000
502;13;10;91.181;91.030
503;10;13;96.466;74.940
503;13;10;96.466;78.970
504;10;14;138.102;85.650
504;14;10;138.102;92.780
505;10;14;146.431;80.570
505;14;10;146.431;87.700
506;10;15;106.384;89.380
506;15;10;106.384;97.020
507;10;15;100.795;81.640
507;15;10;100.795;89.280
508;10;15;96.383;79.920
508;15;10;96.383;87.560
509;10;16;84.493;74.450
509;16;10;84.493;82.200
510;10;16;81.056;66.600
510;16;10;81.056;74.350
511;10;17;120.617;79.950
511;17;10;120.617;88.810
512;10;18;68.888;74.910
512;18;10;68.888;84.410
513;10;19;74.303;70.990
513;19;10;74.303;81.190
514;10;19;68.380;68.280
514;19;10;68.380;78.480
515;10;19;78.098;78.850
515;19;10;78.098;89.050
516;10;20;67.057;78.410
516;20;10;67.057;90.690
517;10;20;65.574;72.930
517;20;10;65.574;85.210
518;10;20;68.831;83.520
518;20;10;68.831;95.800
519;10;21;72.879;83.430
519;21;10;72.879;96.720
520;10;21;69.374;59.870
520;21;10;69.374;73.160
521;10;22;113.074;81.460
521;22;10;113.074;95.170
522;10;22;112.964;83.160
522;22;10;112.964;96.870
523;10;23;87.272;67.790
523;23;10;87.272;83.030
524;10;23;84.326;61.960
524;23;10;84.326;77.200
525;10;24;73.647;71.020
525;24;10;73.647;86.700
526;10;24;72.071;72.480
526;24;10;72.071;88.160
527;10;24;76.342;73.500
527;24;10;76.342;89.180
528;10;25;111.005;74.230
528;25;10;111.005;89.920
529;10;25;122.614;71.070
529;25;10;122.614;86.760
530;10;26;84.479;74.620
530;26;10;84.479;90.550
531;10;26;93.972;60.780
531;26;10;93.972;76.710
532;10;27;115.123;65.680
532;27;10;115.123;81.890
533;10;27;101.600;57.830
533;27;10;101.600;74.040
534;10;27;124.566;67.070
534;27;10;124.566;83.280
535;10;28;57.717;66.020
535;28;10;57.717;82.530
536;10;28;56.633;76.930
536;28;10;56.633;93.440
537;10;29;45.309;3.870
537;29;10;90.309;76.290
538;10;29;47.833;11.380
538;29;10;92.833;83.800
539;11;12;104.115;88.360
539;12;11;104.115;88.990
540;11;12;116.415;79.420
540;12;11;116.415;80.050
541;11;13;87.897;83.950
541;13;11;87.897;85.110
542;11;14;144.932;68.730
542;14;11;144.932;72.990
543;11;14;141.161;82.050
543;14;11;141.161;86.310
544;11;14;123.692;69.960
544;14;11;123.692;74.220
545;11;15;75.947;75.980
545;15;11;75.947;80.750
546;11;15;73.965;81.800
546;15;11;73.965;86.570
547;11;15;68.374;87.720
547;15;11;68.374;92.490
548;11;16;77.940;81.350
548;16;11;77.940;86.230
549;11;16;72.365;84.190
549;16;11;72.365;89.070
550;11;17;94.527;67.290
550;17;11;94.527;73.280
551;11;17;103.890;74.400
551;17;11;103.890;80.390
552;11;18;60.226;85.960
552;18;11;60.226;92.590
553;11;19;60.964;82.650
553;19;11;60.964;89.980
554;11;20;56.863;79.680
554;20;11;56.863;89.090
555;11;21;59.427;60.600
555;21;11;59.427;71.020
556;11;21;57.609;70.840
556;21;11;57.609;81.260
557;11;21;58.691;81.370
557;21;11;58.691;91.790
558;11;22;88.638;66.610
558;22;11;88.638;77.450
559;11;22;80.461;81.440
559;22;11;80.461;92.280
560;11;22;95.752;76.120
560;22;11;95.752;86.960
561;11;23;64.327;58.200
561;23;11;64.327;70.570
562;11;24;60.483;69.780
562;24;11;60.483;82.590
563;11;24;62.722;64.670
563;24;11;62.722;77.480
564;11;25;123.579;65.750
564;25;11;123.579;78.570
565;11;25;137.947;73.300
565;25;11;137.947;86.120
566;11;25;122.428;78.850
566;25;11;122.428;91.670
567;11;26;63.896;76.110
567;26;11;63.896;89.170
568;11;26;60.008;66.980
568;26;11;60.008;80.040
569;11;27;121.504;78.070
569;27;11;121.504;91.410
570;11;28;86.861;66.320
570;28;11;86.861;79.960
571;11;28;88.080;78.700
571;28;11;88.080;92.340
572;11;28;92.709;76.790
572;28;11;92.709;90.430
573;11;29;18.315;4.020
573;29;11;63.315;73.570
574;11;29;20.434;1.440
574;29;11;65.434;70.990
575;11;29;17.149;8.200
575;29;11;62.149;77.750
576;12;13;114.654;83.620
576;13;12;114.654;84.150
577;12;13;112.368;77.960
577;13;12;112.368;78.490
578;12;14;149.258;78.280
578;14;12;149.258;81.910
579;12;14;160.593;88.270
579;14;12;160.593;91.900
580;12;14;140.103;88.240
580;14;12;140.103;91.870
581;12;15;135.045;89.640
581;15;12;135.045;93.780
582;12;15;148.302;67.510
582;15;12;148.302;71.650
583;12;16;110.343;71.240
583;16;12;110.343;75.490
584;12;16;119.368;68.460
584;16;12;119.368;72.710
585;12;17;149.601;72.510
585;17;12;149.601;77.870
586;12;17;127.314;75.220
586;17;12;127.314;80.580
587;12;17;141.159;76.900
587;17;12;141.159;82.260
588;12;18;97.787;62.930
588;18;12;97.787;68.930
589;12;19;103.090;86.780
589;19;12;103.090;93.480
590;12;19;97.391;72.680
590;19;12;97.391;79.380
591;12;20;93.727;81.630
591;20;12;93.727;90.410
592;12;20;85.130;66.070
592;20;12;85.130;74.850
593;12;21;101.809;73.170
593;21;12;101.809;82.960
594;12;21;87.700;82.360
594;21;12;87.700;92.150
595;12;22;141.875;80.980
595;22;12;141.875;91.190
596;12;22;135.491;83.690
596;22;12;135.491;93.900
597;12;23;116.292;64.450
597;23;12;116.292;76.190
598;12;23;104.086;76.940
598;23;12;104.086;88.680
599;12;23;102.444;78.480
599;23;12;102.444;90.220
600;12;24;102.478;69.750
600;24;12;102.478;81.930
601;12;24;109.804;57.330
601;24;12;109.804;69.510
602;12;25;119.772;79.150
602;25;12;119.772;91.340
603;12;26;113.379;63.680
603;26;12;113.379;76.110
604;12;26;97.901;61.790
604;26;12;97.901;74.220
605;12;26;113.059;71.040
605;26;12;113.059;83.470
606;12;27;128.961;78.460
606;27;12;128.961;91.170
607;12;27;148.635;80.880
607;27;12;148.635;93.590
608;12;28;62.276;66.610
608;28;12;62.276;79.620
609;12;28;58.772;69.540
609;28;12;58.772;82.550
610;12;29;74.442;21.240
610;29;12;119.442;90.160
611;12;29;85.551;20.910
611;29;12;130.551;89.830
612;12;29;85.688;3.970
612;29;12;130.688;72.890
613;13;14;102.641;89.990
613;14;13;102.641;93.090
614;13;15;99.245;88.690
614;15;13;99.245;92.300
615;13;16;54.975;77.320
615;16;13;54.975;81.040
616;13;16;52.617;77.170
616;16;13;52.617;80.890
617;13;17;94.291;84.150
617;17;13;94.291;88.980
618;13;17;96.189;86.130
618;17;13;96.189;90.960
619;13;17;92.830;75.850
619;17;13;92.830;80.680
620;13;18;74.967;82.140
620;18;13;74.967;87.610
621;13;18;73.453;65.210
621;18;13;73.453;70.680
622;13;18;68.320;67.840
622;18;13;68.320;73.310
623;13;19;72.071;77.590
623;19;13;72.071;83.760
624;13;19;68.967;66.740
624;19;13;68.967;72.910
625;13;20;93.346;75.530
625;20;13;93.346;83.780
626;13;20;87.517;84.650
626;20;13;87.517;92.900
627;13;20;91.009;71.940
627;20;13;91.009;80.190
628;13;21;73.847;82.180
628;21;13;73.847;91.440
629;13;22;85.666;66.150
629;22;13;85.666;75.830
630;13;23;74.991;57.400
630;23;13;74.991;68.610
631;13;24;72.657;68.620
631;24;13;72.657;80.270
632;13;24;68.748;63.390
632;24;13;68.748;75.040
633;13;24;74.328;66.300
633;24;13;74.328;77.950
634;13;25;86.270;64.890
634;25;13;86.270;76.550
635;13;25;95.727;63.840
635;25;13;95.727;75.500
636;13;25;80.524;57.920
636;25;13;80.524;69.580
637;13;26;72.463;68.790
637;26;13;72.463;80.690
638;13;26;66.557;65.500
638;26;13;66.557;77.400
639;13;27;79.854;57.450
639;27;13;79.854;69.630
640;13;27;85.444;58.440
640;27;13;85.444;70.620
641;13;27;75.106;76.060
641;27;13;75.106;88.240
642;13;28;102.552;64.520
642;28;13;102.552;77.000
643;13;28;94.577;56.800
643;28;13;94.577;69.280
644;13;28;107.713;59.810
644;28;13;107.713;72.290
645;13;29;36.549;14.940
645;29;13;81.549;83.330
646;14;15;154.833;82.610
646;15;14;154.833;83.120
647;14;15;165.314;82.470
647;15;14;165.314;82.980
648;14;16;112.493;85.710
648;16;14;112.493;86.330
649;14;16;105.127;74.380
649;16;14;105.127;75.000
650;14;16;108.276;65.270
650;16;14;108.276;65.890
651;14;17;141.250;76.520
651;17;14;141.250;78.250
652;14;18;130.650;84.830
652;18;14;130.650;87.200
653;14;18;141.182;74.820
653;18;14;141.182;77.190
654;14;19;128.972;66.930
654;19;14;128.972;70.000
655;14;20;148.288;65.130
655;20;14;148.288;70.280
656;14;20;159.701;70.690
656;20;14;159.701;75.840
657;14;20;138.414;74.770
657;20;14;138.414;79.920
658;14;21;130.535;64.490
658;21;14;130.535;70.650
659;14;21;130.902;82.860
659;21;14;130.902;89.020
660;14;22;134.327;77.370
660;22;14;134.327;83.950
661;14;23;132.307;63.020
661;23;14;132.307;71.130
662;14;23;147.994;63.020
662;23;14;147.994;71.130
663;14;23;131.885;64.200
663;23;14;131.885;72.310
664;14;24;129.450;68.330
664;24;14;129.450;76.880
665;14;24;110.856;63.430
665;24;14;110.856;71.980
666;14;24;116.260;78.050
666;24;14;116.260;86.600
667;14;25;74.586;68.220
667;25;14;74.586;76.780
668;14;25;79.482;80.520
668;25;14;79.482;89.080
669;14;26;130.017;69.270
669;26;14;130.017;78.070
670;14;27;68.616;58.470
670;27;14;68.616;67.550
671;14;28;145.154;69.880
671;28;14;145.154;79.260
672;14;28;147.629;79.030
672;28;14;147.629;88.410
673;14;29;93.673;22.770
673;29;14;138.673;88.060
674;14;29;99.280;11.600
674;29;14;144.280;76.890
675;14;29;98.186;22.490
675;29;14;143.186;87.780
676;15;16;91.063;77.110
676;16;15;91.063;77.220
677;15;16;79.812;82.900
677;16;15;79.812;83.010
678;15;16;97.052;84.250
678;16;15;97.052;84.360
679;15;17;72.076;64.100
679;17;15;72.076;65.320
680;15;18;85.599;79.230
680;18;15;85.599;81.090
681;15;18;81.739;78.700
681;18;15;81.739;80.560
682;15;18;89.676;75.160
682;18;15;89.676;77.020
683;15;19;82.002;62.980
683;19;15;82.002;65.540
684;15;19;79.121;85.310
684;19;15;79.121;87.870
685;15;20;87.085;68.920
685;20;15;87.085;73.560
686;15;20;89.093;82.090
686;20;15;89.093;86.730
687;15;21;82.142;76.760
687;21;15;82.142;82.410
688;15;21;75.270;82.120
688;21;15;75.270;87.770
689;15;21;82.900;76.800
689;21;15;82.900;82.450
690;15;22;71.588;66.650
690;22;15;71.588;72.720
691;15;22;71.335;73.030
691;22;15;71.335;79.100
692;15;22;70.110;75.870
692;22;15;70.110;81.940
693;15;23;70.585;61.740
693;23;15;70.585;69.340
694;15;23;68.264;81.660
694;23;15;68.264;89.260
695;15;24;82.210;60.820
695;24;15;82.210;68.860
696;15;25;140.326;70.900
696;25;15;140.326;78.950
697;15;26;73.971;61.600
697;26;15;73.971;69.890
698;15;27;133.461;70.660
698;27;15;133.461;79.230
699;15;27;117.424;64.980
699;27;15;117.424;73.550
700;15;27;114.471;75.460
700;27;15;114.471;84.030
701;15;28;117.802;64.280
701;28;15;117.802;73.150
702;15;28;128.180;73.940
702;28;15;128.180;82.810
703;15;29;19.222;18.800
703;29;15;64.222;83.580
704;15;29;23.801;22.670
704;29;15;68.801;87.450
705;16;17;90.399;67.390
705;17;16;90.399;68.500
706;16;18;65.552;74.760
706;18;16;65.552;76.510
707;16;18;69.930;79.810
707;18;16;69.930;81.560
708;16;19;62.198;86.800
708;19;16;62.198;89.250
709;16;19;65.970;69.430
709;19;16;65.970;71.880
710;16;19;59.679;86.130
710;19;16;59.679;88.580
711;16;20;83.871;75.990
711;20;16;83.871;80.520
712;16;21;64.032;74.080
712;21;16;64.032;79.620
713;16;22;81.695;75.790
713;22;16;81.695;81.750
714;16;22;88.114;76.840
714;22;16;88.114;82.800
715;16;22;82.393;75.460
715;22;16;82.393;81.420
716;16;23;65.912;72.700
716;23;16;65.912;80.190
717;16;24;62.815;68.730
717;24;16;62.815;76.660
718;16;24;60.374;81.280
718;24;16;60.374;89.210
719;16;25;94.420;75.220
719;25;16;94.420;83.160
720;16;25;87.790;76.530
720;25;16;87.790;84.470
721;16;25;91.181;67.200
721;25;16;91.181;75.140
722;16;26;63.034;60.970
722;26;16;63.034;69.150
723;16;26;60.524;65.060
723;26;16;60.524;73.240
724;16;27;89.461;60.020
724;27;16;89.461;68.480
725;16;28;96.627;73.890
725;28;16;96.627;82.650
726;16;28;103.013;60.500
726;28;16;103.013;69.260
727;16;28;94.300;68.790
727;28;16;94.300;77.550
728;16;29;27.562;9.580
728;29;16;72.562;74.250
729;16;29;28.171;11.360
729;29;16;73.171;76.030
730;16;29;31.191;6.630
730;29;16;76.191;71.300
731;17;18;96.814;77.930
731;18;17;96.814;78.570
732;17;18;106.610;80.810
732;18;17;106.610;81.450
733;17;18;98.544;65.090
733;18;17;98.544;65.730
734;17;19;91.546;71.070
734;19;17;91.546;72.410
735;17;19;90.129;85.140
735;19;17;90.129;86.480
736;17;20;106.346;81.460
736;20;17;106.346;84.880
737;17;20;105.762;79.740
737;20;17;105.762;83.160
738;17;20;112.234;79.010
738;20;17;112.234;82.430
739;17;21;92.793;74.580
739;21;17;92.793;79.010
740;17;21;88.564;72.730
740;21;17;88.564;77.160
741;17;21;95.452;83.890
741;21;17;95.452;88.320
742;17;22;53.722;61.310
742;22;17;53.722;66.160
743;17;22;51.856;82.890
743;22;17;51.856;87.740
744;17;22;55.587;83.130
744;22;17;55.587;87.980
745;17;23;78.346;61.960
745;23;17;78.346;68.340
746;17;23;74.711;70.220
746;23;17;74.711;76.600
747;17;24;92.138;73.420
747;24;17;92.138;80.240
748;17;25;133.825;60.940
748;25;17;133.825;67.770
749;17;25;145.932;73.260
749;25;17;145.932;80.090
750;17;26;81.232;77.670
750;26;17;81.232;84.740
751;17;26;90.169;56.700
751;26;17;90.169;63.770
752;17;26;85.650;63.470
752;26;17;85.650;70.540
753;17;27;123.233;73.920
753;27;17;123.233;81.270
754;17;27;119.032;75.270
754;27;17;119.032;82.620
755;17;27;116.789;61.100
755;27;17;116.789;68.450
756;17;28;133.195;73.790
756;28;17;133.195;81.440
757;17;29;31.387;6.800
757;29;17;76.387;70.360
758;17;29;35.938;14.880
758;29;17;80.938;78.440
759;17;29;33.355;14.080
759;29;17;78.355;77.640
760;18;19;50.468;74.030
760;19;18;50.468;74.730
761;18;19;51.508;77.080
761;19;18;51.508;77.780
762;18;19;50.681;70.650
762;19;18;50.681;71.350
763;18;20;63.382;83.080
763;20;18;63.382;85.860
764;18;21;49.023;62.270
764;21;18;49.023;66.060
765;18;21;49.874;81.050
765;21;18;49.874;84.840
766;18;22;89.188;74.050
766;22;18;89.188;78.260
767;18;23;63.534;73.140
767;23;18;63.534;78.880
768;18;23;66.159;59.510
768;23;18;66.159;65.250
769;18;23;60.939;79.550
769;23;18;60.939;85.290
770;18;24;49.777;77.620
770;24;18;49.777;83.800
771;18;24;49.842;81.070
771;24;18;49.842;87.250
772;18;24;49.379;61.560
772;24;18;49.379;67.740
773;18;25;108.438;79.180
773;25;18;108.438;85.370
774;18;25;108.802;75.260
774;25;18;108.802;81.450
775;18;26;60.606;79.220
775;26;18;60.606;85.650
776;18;27;107.080;75.640
776;27;18;107.080;82.350
777;18;27;96.700;59.170
777;27;18;96.700;65.880
778;18;28;81.571;64.770
778;28;18;81.571;71.780
779;18;28;73.283;59.850
779;28;18;73.283;66.860
780;18;28;82.497;66.260
780;28;18;82.497;73.270
781;18;29;22.496;3.700
781;29;18;67.496;66.620
782;19;20;67.147;60.910
782;20;19;67.147;62.990
783;19;20;67.286;68.020
783;20;19;67.286;70.100
784;19;21;46.983;71.810
784;21;19;46.983;74.900
785;19;21;46.998;72.100
785;21;19;46.998;75.190
786;19;21;47.318;82.240
786;21;19;47.318;85.330
787;19;22;83.807;62.620
787;22;19;83.807;66.130
788;19;22;78.839;62.440
788;22;19;78.839;65.950
789;19;23;58.464;77.540
789;23;19;58.464;82.580
790;19;23;58.913;62.790
790;23;19;58.913;67.830
791;19;23;56.565;72.490
791;23;19;56.565;77.530
792;19;24;45.760;81.480
792;24;19;45.760;86.960
793;19;24;45.882;59.880
793;24;19;45.882;65.360
794;19;25;108.257;59.170
794;25;19;108.257;64.660
795;19;25;99.841;58.220
795;25;19;99.841;63.710
796;19;26;55.322;77.150
796;26;19;55.322;82.880
797;19;26;54.294;58.880
797;26;19;54.294;64.610
798;19;26;54.571;79.310
798;26;19;54.571;85.040
799;19;27;105.572;60.780
799;27;19;105.572;66.790
800;19;27;114.836;76.120
800;27;19;114.836;82.130
801;19;28;87.003;64.050
801;28;19;87.003;70.360
802;19;29;18.196;21.460
802;29;19;63.196;83.680
803;19;29;16.332;14.300
803;29;19;61.332;76.520
804;20;21;65.174;70.140
804;21;20;65.174;71.150
805;20;22;100.244;72.600
805;22;20;100.244;74.030
806;20;22;103.917;76.540
806;22;20;103.917;77.970
807;20;22;89.755;65.830
807;22;20;89.755;67.260
808;20;23;75.057;80.080
808;23;20;75.057;83.040
809;20;23;71.087;81.560
809;23;20;71.087;84.520
810;20;24;66.427;79.130
810;24;20;66.427;82.530
811;20;24;64.043;73.180
811;24;20;64.043;76.580
812;20;25;124.455;59.700
812;25;20;124.455;63.110
813;20;26;73.791;57.140
813;26;20;73.791;60.790
814;20;26;73.582;59.540
814;26;20;73.582;63.190
815;20;26;73.322;62.250
815;26;20;73.322;65.900
816;20;27;124.672;73.420
816;27;20;124.672;77.350
817;20;27;108.279;64.250
817;27;20;108.279;68.180
818;20;27;123.934;78.240
818;27;20;123.934;82.170
819;20;28;76.508;75.230
819;28;20;76.508;79.460
820;20;28;71.457;65.080
820;28;20;71.457;69.310
821;20;29;30.026;17.480
821;29;20;75.026;77.620
822;20;29;32.651;17.300
822;29;20;77.651;77.440
823;21;22;85.197;60.270
823;22;21;85.197;60.690
824;21;22;89.706;62.510
824;22;21;89.706;62.930
825;21;22;84.638;76.620
825;22;21;84.638;77.040
826;21;23;59.514;69.000
826;23;21;59.514;70.950
827;21;23;56.712;59.210
827;23;21;56.712;61.160
828;21;24;46.253;69.370
828;24;21;46.253;71.760
829;21;25;109.413;66.920
829;25;21;109.413;69.320
830;21;25;121.807;58.820
830;25;21;121.807;61.220
831;21;26;56.600;69.870
831;26;21;56.600;72.510
832;21;26;57.681;73.880
832;26;21;57.681;76.520
833;21;26;58.575;64.140
833;26;21;58.575;66.780
834;21;27;107.083;74.120
834;27;21;107.083;77.040
835;21;27;110.935;58.970
835;27;21;110.935;61.890
836;21;27;102.038;59.700
836;27;21;102.038;62.620
837;21;28;85.544;75.450
837;28;21;85.544;78.670
838;21;28;87.599;78.220
838;28;21;87.599;81.440
839;21;28;79.813;57.560
839;28;21;79.813;60.780
840;21;29;18.686;18.080
840;29;21;63.686;77.210
841;21;29;16.052;9.130
841;29;21;61.052;68.260
842;22;23;71.038;59.090
842;23;22;71.038;60.620
843;22;23;65.389;59.470
843;23;22;65.389;61.000
844;22;23;71.125;74.670
844;23;22;71.125;76.200
845;22;24;84.442;80.680
845;24;22;84.442;82.650
846;22;24;76.435;58.670
846;24;22;76.435;60.640
847;22;24;79.706;78.710
847;24;22;79.706;80.680
848;22;25;125.577;79.620
848;25;22;125.577;81.600
849;22;26;73.603;68.920
849;26;22;73.603;71.140
850;22;26;73.629;64.010
850;26;22;73.629;66.230
851;22;27;115.480;61.850
851;27;22;115.480;64.350
852;22;28;125.739;77.970
852;28;22;125.739;80.770
853;22;28;117.932;70.410
853;28;22;117.932;73.210
854;22;28;144.588;63.140
854;28;22;144.588;65.940
855;22;29;25.336;1.210
855;29;22;70.336;59.920
856;23;24;58.977;65.560
856;24;23;58.977;66.000
857;23;24;57.318;68.280
857;24;23;57.318;68.720
858;23;24;61.947;81.470
858;24;23;61.947;81.910
859;23;25;115.322;63.380
859;25;23;115.322;63.830
860;23;25;108.938;70.750
860;25;23;108.938;71.200
861;23;26;48.511;75.500
861;26;23;48.511;76.190
862;23;26;49.349;64.500
862;26;23;49.349;65.190
863;23;27;109.830;75.960
863;27;23;109.830;76.930
864;23;27;100.029;63.500
864;27;23;100.029;64.470
865;23;27;93.819;62.310
865;27;23;93.819;63.280
866;23;28;99.858;66.520
866;28;23;99.858;67.790
867;23;28;88.403;67.560
867;28;23;88.403;68.830
868;23;28;100.985;63.870
868;28;23;100.985;65.140
869;23;29;6.651;14.120
869;29;23;51.651;71.300
870;24;25;108.546;57.210
870;25;24;108.546;57.220
871;24;26;55.906;80.790
871;26;24;55.906;81.040
872;24;27;106.024;56.980
872;27;24;106.024;57.510
873;24;27;107.980;73.050
873;27;24;107.980;73.580
874;24;27;117.263;63.970
874;27;24;117.263;64.500
875;24;28;86.339;77.360
875;28;24;86.339;78.190
876;24;28;84.632;69.390
876;28;24;84.632;70.220
877;24;29;18.520;20.280
877;29;24;63.520;77.020
878;24;29;15.414;5.940
878;29;24;60.414;62.680
879;24;29;18.927;11.130
879;29;24;63.927;67.870
880;25;26;112.324;66.040
880;26;25;112.324;66.280
881;25;26;121.335;78.450
881;26;25;121.335;78.690
882;25;26;104.933;61.700
882;26;25;104.933;61.940
883;25;27;60.436;74.090
883;27;25;60.436;74.610
884;25;27;57.180;79.450
884;27;25;57.180;79.970
885;25;27;57.544;62.970
885;27;25;57.544;63.490
886;25;28;116.704;76.320
886;28;25;116.704;77.140
887;25;28;123.313;80.000
887;28;25;123.313;80.820
888;25;28;103.933;75.970
888;28;25;103.933;76.790
889;25;29;76.973;25.000
889;29;25;121.973;81.730
890;25;29;92.858;17.520
890;29;25;137.858;74.250
891;25;29;83.361;20.540
891;29;25;128.361;77.270
892;26;27;107.303;68.950
892;27;26;107.303;69.230
893;26;27;102.615;57.190
893;27;26;102.615;57.470
894;26;28;97.136;77.440
894;28;26;97.136;78.020
895;26;28;91.582;59.740
895;28;26;91.582;60.320
896;26;28;88.407;60.020
896;28;26;88.407;60.600
897;26;29;9.829;11.550
897;29;26;54.829;68.040
898;26;29;7.998;20.840
898;29;26;52.998;77.330
899;26;29;7.540;18.190
899;29;26;52.540;74.680
900;27;28;123.008;63.260
900;28;27;123.008;63.560
901;27;28;129.281;58.680
901;28;27;129.281;58.980
902;27;29;71.350;16.640
902;29;27;116.350;72.850
903;27;29;86.698;8.040
903;29;27;131.698;64.250
904;27;29;67.614;5.020
904;29;27;112.614;61.230
905;28;29;57.583;3.220
905;29;28;102.583;59.130
