30
420.0
0;0;1;78.232;112.670
0;1;0;33.232;12.670
1;0;2;103.284;104.550
1;2;0;58.284;10.270
2;0;3;69.972;91.280
2;3;0;24.972;0.630
3;0;3;72.847;92.490
3;3;0;27.847;1.840
4;0;4;71.736;110.960
4;4;0;26.736;21.150
5;0;4;73.072;102.250
5;4;0;28.072;12.440
6;0;4;77.736;90.200
6;4;0;32.736;0.390
7;0;5;68.796;110.160
7;5;0;23.796;24.420
8;0;5;71.815;102.500
8;5;0;26.815;16.760
9;0;5;70.231;106.700
9;5;0;25.231;20.960
10;0;6;71.770;87.100
10;6;0;26.770;1.930
11;0;6;67.829;96.390
11;6;0;22.829;11.220
12;0;6;65.744;92.060
12;6;0;20.744;6.890
13;0;7;94.508;100.960
13;7;0;49.508;16.220
14;0;8;141.367;90.040
14;8;0;96.367;5.330
15;0;8;126.651;91.720
15;8;0;81.651;7.010
16;0;9;71.416;91.550
16;9;0;26.416;7.290
17;0;9;74.341;96.050
17;9;0;29.341;11.790
18;0;10;53.671;105.140
18;10;0;8.671;21.850
19;0;11;67.496;97.010
19;11;0;22.496;22.670
20;0;11;63.642;81.480
20;11;0;18.642;7.140
21;0;12;74.975;80.640
21;12;0;29.975;6.380
22;0;12;76.175;97.440
22;12;0;31.175;23.180
23;0;13;55.043;92.040
23;13;0;10.043;18.520
24;0;13;57.363;96.760
24;13;0;12.363;23.240
25;0;14;67.308;80.240
25;14;0;22.308;7.420
26;0;15;75.107;89.230
26;15;0;30.107;16.510
27;0;15;79.278;82.150
27;15;0;34.278;9.430
28;0;16;58.217;90.850
28;16;0;13.217;19.150
29;0;17;87.745;94.520
29;17;0;42.745;23.400
30;0;18;86.795;88.760
30;18;0;41.795;17.950
31;0;18;91.513;80.990
31;18;0;46.513;10.180
32;0;19;61.208;89.630
32;19;0;16.208;21.090
33;0;19;64.147;90.450
33;19;0;19.147;21.910
34;0;20;94.491;84.970
34;20;0;49.491;18.450
35;0;21;67.688;70.950
35;21;0;22.688;5.330
36;0;21;69.843;70.280
36;21;0;24.843;4.660
37;0;22;58.885;82.510
37;22;0;13.885;17.790
38;0;23;76.884;87.470
38;23;0;31.884;23.450
39;0;24;59.497;75.060
39;24;0;14.497;13.410
40;0;24;58.865;67.390
40;24;0;13.865;5.740
41;0;24;62.628;71.640
41;24;0;17.628;9.990
42;0;25;63.196;84.790
42;25;0;18.196;24.420
43;0;26;80.108;71.590
43;26;0;35.108;14.530
44;0;27;76.553;69.950
44;27;0;31.553;14.890
45;0;28;138.673;58.820
45;28;0;93.673;7.560
46;0;29;0.000;21.770
46;29;0;0.000;21.770
47;0;29;0.000;15.300
47;29;0;0.000;15.300
48;0;29;0.000;10.110
48;29;0;0.000;10.110
49;1;2;70.157;117.440
49;2;1;70.157;123.160
50;1;3;55.870;107.210
50;3;1;55.870;116.560
51;1;3;58.381;98.010
51;3;1;58.381;107.360
52;1;4;54.199;111.560
52;4;1;54.199;121.750
53;1;4;54.446;95.460
53;4;1;54.446;105.650
54;1;5;90.169;100.000
54;5;1;90.169;114.260
55;1;5;92.171;94.350
55;5;1;92.171;108.610
56;1;5;97.123;108.310
56;5;1;97.123;122.570
57;1;6;51.816;97.940
57;6;1;51.816;112.770
58;1;6;51.331;100.780
58;6;1;51.331;115.610
59;1;6;52.669;109.210
59;6;1;52.669;124.040
60;1;7;69.021;86.790
60;7;1;69.021;102.050
61;1;7;74.014;84.850
61;7;1;74.014;100.110
62;1;8;121.063;97.900
62;8;1;121.063;113.190
63;1;9;52.399;100.000
63;9;1;52.399;115.740
64;1;10;76.950;103.590
64;10;1;76.950;120.300
65;1;10;78.912;92.710
65;10;1;78.912;109.420
66;1;11;70.556;93.240
66;11;1;70.556;118.900
67;1;11;76.440;91.220
67;11;1;76.440;116.880
68;1;11;75.902;90.640
68;11;1;75.902;116.300
69;1;12;51.249;78.010
69;12;1;51.249;103.750
70;1;13;80.128;83.940
70;13;1;80.128;110.420
71;1;13;71.965;95.910
71;13;1;71.965;122.390
72;1;13;88.595;83.750
72;13;1;88.595;110.230
73;1;14;71.367;76.060
73;14;1;71.367;103.240
74;1;15;49.830;96.930
74;15;1;49.830;124.210
75;1;15;49.318;78.850
75;15;1;49.318;106.130
76;1;15;48.763;96.610
76;15;1;48.763;123.890
77;1;16;65.207;79.160
77;16;1;65.207;107.460
78;1;16;68.312;84.960
78;16;1;68.312;113.260
79;1;17;60.318;77.520
79;17;1;60.318;106.400
80;1;17;58.584;92.660
80;17;1;58.584;121.540
81;1;18;56.583;80.370
81;18;1;56.583;109.560
82;1;18;55.232;77.890
82;18;1;55.232;107.080
83;1;18;54.454;93.770
83;18;1;54.454;122.960
84;1;19;66.534;75.510
84;19;1;66.534;106.970
85;1;19;66.463;82.400
85;19;1;66.463;113.860
86;1;20;65.896;68.210
86;20;1;65.896;101.690
87;1;20;63.337;91.330
87;20;1;63.337;124.810
88;1;21;80.092;69.000
88;21;1;80.092;103.380
89;1;21;82.240;88.020
89;21;1;82.240;122.400
90;1;22;67.228;72.850
90;22;1;67.228;108.130
91;1;23;76.901;77.740
91;23;1;76.901;113.720
92;1;23;75.627;85.880
92;23;1;75.627;121.860
93;1;24;70.648;77.670
93;24;1;70.648;116.020
94;1;24;75.834;73.580
94;24;1;75.834;111.930
95;1;24;75.968;76.860
95;24;1;75.968;115.210
96;1;25;67.745;76.800
96;25;1;67.745;116.430
97;1;25;73.151;68.090
97;25;1;73.151;107.720
98;1;25;62.842;66.040
98;25;1;62.842;105.670
99;1;26;59.211;75.470
99;26;1;59.211;118.410
100;1;26;60.871;63.810
100;26;1;60.871;106.750
101;1;26;60.943;73.970
101;26;1;60.943;116.910
102;1;27;93.138;67.070
102;27;1;93.138;112.010
103;1;27;88.818;64.820
103;27;1;88.818;109.760
104;1;27;93.037;61.820
104;27;1;93.037;106.760
105;1;28;106.618;74.770
105;28;1;106.618;123.510
106;1;28;121.422;65.450
106;28;1;121.422;114.190
107;1;29;33.232;7.740
107;29;1;78.232;107.740
108;2;3;79.121;103.800
108;3;2;79.121;107.430
109;2;3;84.755;96.580
109;3;2;84.755;100.210
110;2;3;76.156;107.670
110;3;2;76.156;111.300
111;2;4;77.227;90.270
111;4;2;77.227;94.740
112;2;5;111.860;87.490
112;5;2;111.860;96.030
113;2;5;116.703;100.580
113;5;2;116.703;109.120
114;2;6;76.525;91.880
114;6;2;76.525;100.990
115;2;7;67.443;92.730
115;7;2;67.443;102.270
116;2;7;64.323;91.550
116;7;2;64.323;101.090
117;2;8;115.880;104.580
117;8;2;115.880;114.150
118;2;8;129.514;94.200
118;8;2;129.514;103.770
119;2;8;106.104;89.470
119;8;2;106.104;99.040
120;2;9;76.918;89.570
120;9;2;76.918;99.590
121;2;10;101.963;101.840
121;10;2;101.963;112.830
122;2;10;89.260;92.330
122;10;2;89.260;103.320
123;2;11;93.284;77.890
123;11;2;93.284;97.830
124;2;11;84.347;82.580
124;11;2;84.347;102.520
125;2;11;89.173;90.070
125;11;2;89.173;110.010
126;2;12;73.729;74.580
126;12;2;73.729;94.600
127;2;12;77.553;93.580
127;12;2;77.553;113.600
128;2;12;67.406;77.830
128;12;2;67.406;97.850
129;2;13;105.077;76.540
129;13;2;105.077;97.300
130;2;13;92.046;74.870
130;13;2;92.046;95.630
131;2;13;90.183;90.310
131;13;2;90.183;111.070
132;2;14;94.129;87.100
132;14;2;94.129;108.560
133;2;15;74.047;79.240
133;15;2;74.047;100.800
134;2;15;78.307;91.490
134;15;2;78.307;113.050
135;2;15;73.597;82.110
135;15;2;73.597;103.670
136;2;16;90.358;72.610
136;16;2;90.358;95.190
137;2;16;88.815;85.520
137;16;2;88.815;108.100
138;2;16;98.070;92.220
138;16;2;98.070;114.800
139;2;17;65.472;83.890
139;17;2;65.472;107.050
140;2;17;62.591;90.290
140;17;2;62.591;113.450
141;2;17;61.864;92.250
141;17;2;61.864;115.410
142;2;18;63.228;71.550
142;18;2;63.228;95.020
143;2;18;66.824;88.320
143;18;2;66.824;111.790
144;2;18;65.006;76.550
144;18;2;65.006;100.020
145;2;19;91.165;79.610
145;19;2;91.165;105.350
146;2;19;97.097;75.920
146;19;2;97.097;101.660
147;2;19;92.401;68.900
147;19;2;92.401;94.640
148;2;20;66.975;85.200
148;20;2;66.975;112.960
149;2;20;62.418;77.660
149;20;2;62.418;105.420
150;2;20;66.600;89.880
150;20;2;66.600;117.640
151;2;21;103.017;75.100
151;21;2;103.017;103.760
152;2;21;103.567;83.610
152;21;2;103.567;112.270
153;2;22;92.169;73.440
153;22;2;92.169;103.000
154;2;22;80.856;79.490
154;22;2;80.856;109.050
155;2;23;96.445;82.340
155;23;2;96.445;112.600
156;2;24;95.214;72.520
156;24;2;95.214;105.150
157;2;24;90.167;83.650
157;24;2;90.167;116.280
158;2;24;85.516;75.550
158;24;2;85.516;108.180
159;2;25;91.819;72.710
159;25;2;91.819;106.620
160;2;25;83.090;71.670
160;25;2;83.090;105.580
161;2;26;76.245;72.930
161;26;2;76.245;110.150
162;2;26;80.301;58.120
162;26;2;80.301;95.340
163;2;26;71.892;80.880
163;26;2;71.892;118.100
164;2;27;112.696;77.400
164;27;2;112.696;116.620
165;2;27;103.270;68.510
165;27;2;103.270;107.730
166;2;28;82.380;71.380
166;28;2;82.380;114.400
167;2;28;89.300;62.400
167;28;2;89.300;105.420
168;2;29;58.284;1.640
168;29;2;103.284;95.920
169;2;29;47.253;12.860
169;29;2;92.253;107.140
170;2;29;64.889;12.370
170;29;2;109.889;106.650
171;3;4;46.897;99.020
171;4;3;46.897;99.860
172;3;4;46.971;112.400
172;4;3;46.971;113.240
173;3;4;46.791;95.810
173;4;3;46.791;96.650
174;3;5;79.321;97.140
174;5;3;79.321;102.050
175;3;5;71.524;106.250
175;5;3;71.524;111.160
176;3;6;49.821;101.750
176;6;3;49.821;107.230
177;3;6;50.962;99.500
177;6;3;50.962;104.980
178;3;7;70.455;84.900
178;7;3;70.455;90.810
179;3;7;71.432;88.400
179;7;3;71.432;94.310
180;3;8;130.837;87.380
180;8;3;130.837;93.320
181;3;9;49.080;92.060
181;9;3;49.080;98.450
182;3;9;48.938;97.690
182;9;3;48.938;104.080
183;3;9;49.703;96.820
183;9;3;49.703;103.210
184;3;10;71.162;84.320
184;10;3;71.162;91.680
185;3;10;68.372;92.170
185;10;3;68.372;99.530
186;3;10;70.488;101.430
186;10;3;70.488;108.790
187;3;11;70.339;88.040
187;11;3;70.339;104.350
188;3;11;74.801;85.420
188;11;3;74.801;101.730
189;3;11;66.831;96.600
189;11;3;66.831;112.910
190;3;12;50.426;85.290
190;12;3;50.426;101.680
191;3;13;74.452;91.780
191;13;3;74.452;108.910
192;3;13;67.925;83.210
192;13;3;67.925;100.340
193;3;14;70.980;72.840
193;14;3;70.980;90.670
194;3;15;56.138;79.330
194;15;3;56.138;97.260
195;3;16;58.601;72.370
195;16;3;58.601;91.320
196;3;17;62.936;87.210
196;17;3;62.936;106.740
197;3;18;61.863;85.610
197;18;3;61.863;105.450
198;3;18;58.943;83.470
198;18;3;58.943;103.310
199;3;19;63.311;80.440
199;19;3;63.311;102.550
200;3;20;76.517;79.700
200;20;3;76.517;103.830
201;3;21;78.502;84.990
201;21;3;78.502;110.020
202;3;21;86.268;66.180
202;21;3;86.268;91.210
203;3;22;62.728;80.820
203;22;3;62.728;106.750
204;3;23;79.163;84.400
204;23;3;79.163;111.030
205;3;23;74.473;78.890
205;23;3;74.473;105.520
206;3;24;67.003;67.430
206;24;3;67.003;96.430
207;3;24;68.108;77.550
207;24;3;68.108;106.550
208;3;24;69.987;65.060
208;24;3;69.987;94.060
209;3;25;65.726;63.440
209;25;3;65.726;93.720
210;3;25;60.621;68.460
210;25;3;60.621;98.740
211;3;25;64.081;69.050
211;25;3;64.081;99.330
212;3;26;66.734;75.990
212;26;3;66.734;109.580
213;3;27;82.362;63.040
213;27;3;82.362;98.630
214;3;27;75.042;62.230
214;27;3;75.042;97.820
215;3;27;79.098;70.810
215;27;3;79.098;106.400
216;3;28;113.717;65.220
216;28;3;113.717;104.610
217;3;28;124.273;76.080
217;28;3;124.273;115.470
218;3;29;24.972;13.380
218;29;3;69.972;104.030
219;3;29;18.845;24.410
219;29;3;63.845;115.060
220;3;29;25.509;20.020
220;29;3;70.509;110.670
221;4;5;81.092;90.160
221;5;4;81.092;94.230
222;4;5;76.559;95.980
222;5;4;76.559;100.050
223;4;5;85.637;102.700
223;5;4;85.637;106.770
224;4;6;48.909;86.550
224;6;4;48.909;91.190
225;4;7;69.134;102.960
225;7;4;69.134;108.030
226;4;7;69.354;93.510
226;7;4;69.354;98.580
227;4;7;67.935;94.170
227;7;4;67.935;99.240
228;4;8;129.631;94.170
228;8;4;129.631;99.270
229;4;8;110.490;105.100
229;8;4;110.490;110.200
230;4;9;48.248;103.120
230;9;4;48.248;108.670
231;4;9;47.697;104.660
231;9;4;47.697;110.210
232;4;9;47.480;90.980
232;9;4;47.480;96.530
233;4;10;72.607;106.880
233;10;4;72.607;113.400
234;4;10;67.347;102.460
234;10;4;67.347;108.980
235;4;11;70.880;75.610
235;11;4;70.880;91.080
236;4;11;73.206;93.270
236;11;4;73.206;108.740
237;4;11;67.748;89.490
237;11;4;67.748;104.960
238;4;12;48.532;82.270
238;12;4;48.532;97.820
239;4;12;49.054;85.860
239;12;4;49.054;101.410
240;4;12;47.802;78.690
240;12;4;47.802;94.240
241;4;13;75.900;93.010
241;13;4;75.900;109.300
242;4;13;74.433;89.810
242;13;4;74.433;106.100
243;4;14;71.558;80.620
243;14;4;71.558;97.610
244;4;15;55.054;90.250
244;15;4;55.054;107.340
245;4;15;56.966;90.720
245;15;4;56.966;107.810
246;4;16;60.035;88.860
246;16;4;60.035;106.970
247;4;17;61.368;88.340
247;17;4;61.368;107.030
248;4;17;59.695;95.120
248;17;4;59.695;113.810
249;4;18;60.062;91.760
249;18;4;60.062;110.760
250;4;19;64.252;91.810
250;19;4;64.252;113.080
251;4;19;63.151;74.550
251;19;4;63.151;95.820
252;4;19;68.132;76.010
252;19;4;68.132;97.280
253;4;20;74.997;70.340
253;20;4;74.997;93.630
254;4;21;79.348;70.820
254;21;4;79.348;95.010
255;4;21;70.794;67.250
255;21;4;70.794;91.440
256;4;22;63.879;66.770
256;22;4;63.879;91.860
257;4;22;59.704;74.470
257;22;4;59.704;99.560
258;4;22;63.223;72.650
258;22;4;63.223;97.740
259;4;23;79.368;88.100
259;23;4;79.368;113.890
260;4;24;68.075;77.000
260;24;4;68.075;105.160
261;4;25;66.505;79.500
261;25;4;66.505;108.940
262;4;25;65.879;78.240
262;25;4;65.879;107.680
263;4;26;65.863;63.880
263;26;4;65.863;96.630
264;4;26;60.892;69.380
264;26;4;60.892;102.130
265;4;26;63.506;79.180
265;26;4;63.506;111.930
266;4;27;83.943;66.880
266;27;4;83.943;101.630
267;4;27;92.571;79.030
267;27;4;92.571;113.780
268;4;28;111.937;58.030
268;28;4;111.937;96.580
269;4;28;108.459;66.780
269;28;4;108.459;105.330
270;4;29;26.736;16.730
270;29;4;71.736;106.540
271;4;29;21.212;8.700
271;29;4;66.212;98.510
272;5;6;83.599;88.090
272;6;5;83.599;88.660
273;5;6;83.859;99.120
273;6;5;83.859;99.690
274;5;7;95.417;109.090
274;7;5;95.417;110.090
275;5;8;162.144;90.210
275;8;5;162.144;91.240
276;5;9;82.919;104.860
276;9;5;82.919;106.340
277;5;10;77.461;95.610
277;10;5;77.461;98.060
278;5;10;79.901;104.630
278;10;5;79.901;107.080
279;5;10;69.687;88.590
279;10;5;69.687;91.040
280;5;11;90.080;88.920
280;11;5;90.080;100.320
281;5;12;84.495;97.150
281;12;5;84.495;108.630
282;5;12;92.605;81.380
282;12;5;92.605;92.860
283;5;13;78.565;97.070
283;13;5;78.565;109.290
284;5;13;70.455;97.510
284;13;5;70.455;109.730
285;5;13;74.720;92.190
285;13;5;74.720;104.410
286;5;14;90.082;92.490
286;14;5;90.082;105.410
287;5;14;86.824;87.640
287;14;5;86.824;100.560
288;5;15;89.354;86.780
288;15;5;89.354;99.800
289;5;15;93.314;93.230
289;15;5;93.314;106.250
290;5;15;86.835;73.750
290;15;5;86.835;86.770
291;5;16;76.108;73.980
291;16;5;76.108;88.020
292;5;16;68.847;75.730
292;16;5;68.847;89.770
293;5;17;92.145;73.820
293;17;5;92.145;88.440
294;5;18;93.633;72.060
294;18;5;93.633;86.990
295;5;18;85.284;83.450
295;18;5;85.284;98.380
296;5;19;82.266;83.890
296;19;5;82.266;101.090
297;5;20;110.336;74.280
297;20;5;110.336;93.500
298;5;20;95.867;66.990
298;20;5;95.867;86.210
299;5;20;104.625;79.200
299;20;5;104.625;98.420
300;5;21;91.481;67.330
300;21;5;91.481;87.450
301;5;21;101.420;81.160
301;21;5;101.420;101.280
302;5;22;79.786;76.210
302;22;5;79.786;97.230
303;5;23;100.020;81.230
303;23;5;100.020;102.950
304;5;23;110.711;84.420
304;23;5;110.711;106.140
305;5;24;82.111;69.890
305;24;5;82.111;93.980
306;5;24;77.919;65.390
306;24;5;77.919;89.480
307;5;24;86.043;83.880
307;24;5;86.043;107.970
308;5;25;84.989;67.200
308;25;5;84.989;92.570
309;5;25;77.978;66.480
309;25;5;77.978;91.850
310;5;26;98.025;76.400
310;26;5;98.025;105.080
311;5;27;53.558;59.250
311;27;5;53.558;89.930
312;5;27;54.311;59.490
312;27;5;54.311;90.170
313;5;27;54.942;72.420
313;27;5;54.942;103.100
314;5;28;142.123;58.120
314;28;5;142.123;92.600
315;5;28;119.422;75.160
315;28;5;119.422;109.640
316;5;28;147.372;69.110
316;28;5;147.372;103.590
317;5;29;23.796;0.070
317;29;5;68.796;85.810
318;5;29;23.164;12.210
318;29;5;68.164;97.950
319;5;29;29.384;18.750
319;29;5;74.384;104.490
320;6;7;71.323;107.340
320;7;6;71.323;107.770
321;6;7;72.227;95.170
321;7;6;72.227;95.600
322;6;8;126.016;104.020
322;8;6;126.016;104.480
323;6;8;108.682;93.500
323;8;6;108.682;93.960
324;6;9;45.742;101.710
324;9;6;45.742;102.620
325;6;10;71.395;96.220
325;10;6;71.395;98.100
326;6;11;67.821;95.480
326;11;6;67.821;106.310
327;6;11;71.192;77.830
327;11;6;71.192;88.660
328;6;12;49.211;77.740
328;12;6;49.211;88.650
329;6;12;49.131;82.940
329;12;6;49.131;93.850
330;6;12;48.891;82.100
330;12;6;48.891;93.010
331;6;13;74.659;74.150
331;13;6;74.659;85.800
332;6;14;68.546;78.070
332;14;6;68.546;90.420
333;6;14;62.884;96.450
333;14;6;62.884;108.800
334;6;14;73.118;75.430
334;14;6;73.118;87.780
335;6;15;51.317;94.420
335;15;6;51.317;106.870
336;6;16;59.092;77.690
336;16;6;59.092;91.160
337;6;16;57.163;72.190
337;16;6;57.163;85.660
338;6;16;61.117;88.330
338;16;6;61.117;101.800
339;6;17;63.021;92.680
339;17;6;63.021;106.730
340;6;18;60.707;86.710
340;18;6;60.707;101.070
341;6;19;61.968;69.930
341;19;6;61.968;86.560
342;6;19;58.349;82.250
342;19;6;58.349;98.880
343;6;19;58.673;77.650
343;19;6;58.673;94.280
344;6;20;71.892;78.500
344;20;6;71.892;97.150
345;6;20;74.417;75.940
345;20;6;74.417;94.590
346;6;21;76.705;84.170
346;21;6;76.705;103.720
347;6;21;77.748;65.860
347;21;6;77.748;85.410
348;6;21;68.865;70.220
348;21;6;68.865;89.770
349;6;22;62.054;73.400
349;22;6;62.054;93.850
350;6;22;64.020;72.160
350;22;6;64.020;92.610
351;6;22;62.135;76.970
351;22;6;62.135;97.420
352;6;23;75.866;72.550
352;23;6;75.866;93.700
353;6;24;65.987;83.950
353;24;6;65.987;107.470
354;6;25;63.873;66.570
354;25;6;63.873;91.370
355;6;25;62.780;61.150
355;25;6;62.780;85.950
356;6;26;62.000;70.150
356;26;6;62.000;98.260
357;6;26;60.730;59.400
357;26;6;60.730;87.510
358;6;26;64.433;78.570
358;26;6;64.433;106.680
359;6;27;87.008;71.670
359;27;6;87.008;101.780
360;6;27;83.228;57.980
360;27;6;83.228;88.090
361;6;27;86.184;72.500
361;27;6;86.184;102.610
362;6;28;112.282;60.000
362;28;6;112.282;93.910
363;6;28;128.651;56.460
363;28;6;128.651;90.370
364;6;29;26.770;8.400
364;29;6;71.770;93.570
365;6;29;31.849;6.410
365;29;6;76.849;91.580
366;7;8;136.357;92.210
366;8;7;136.357;92.240
367;7;8;146.136;90.460
367;8;7;146.136;90.490
368;7;9;71.164;92.230
368;9;7;71.164;92.710
369;7;10;96.604;102.380
369;10;7;96.604;103.830
370;7;10;88.956;88.630
370;10;7;88.956;90.080
371;7;10;93.523;93.990
371;10;7;93.523;95.440
372;7;11;93.924;85.440
372;11;7;93.924;95.840
373;7;11;91.904;91.540
373;11;7;91.904;101.940
374;7;12;67.112;83.880
374;12;7;67.112;94.360
375;7;12;69.032;84.860
375;12;7;69.032;95.340
376;7;12;66.376;97.810
376;12;7;66.376;108.290
377;7;13;99.891;79.400
377;13;7;99.891;90.620
378;7;13;102.560;82.000
378;13;7;102.560;93.220
379;7;13;111.895;96.140
379;13;7;111.895;107.360
380;7;14;94.686;96.060
380;14;7;94.686;107.980
381;7;15;73.717;80.480
381;15;7;73.717;92.500
382;7;15;70.056;87.640
382;15;7;70.056;99.660
383;7;15;74.501;85.460
383;15;7;74.501;97.480
384;7;16;84.055;77.290
384;16;7;84.055;90.330
385;7;16;85.944;93.910
385;16;7;85.944;106.950
386;7;17;53.703;77.470
386;17;7;53.703;91.090
387;7;17;53.687;74.240
387;17;7;53.687;87.860
388;7;17;52.229;78.700
388;17;7;52.229;92.320
389;7;18;57.957;76.320
389;18;7;57.957;90.250
390;7;18;61.084;85.320
390;18;7;61.084;99.250
391;7;18;55.111;84.750
391;18;7;55.111;98.680
392;7;19;88.212;90.760
392;19;7;88.212;106.960
393;7;19;88.375;90.510
393;19;7;88.375;106.710
394;7;20;81.911;85.190
394;20;7;81.911;103.410
395;7;20;79.871;90.930
395;20;7;79.871;109.150
396;7;21;103.016;65.820
396;21;7;103.016;84.940
397;7;22;87.999;65.120
397;22;7;87.999;85.140
398;7;22;95.097;79.130
398;22;7;95.097;99.150
399;7;23;100.908;80.190
399;23;7;100.908;100.910
400;7;24;92.140;71.560
400;24;7;92.140;94.650
401;7;24;84.238;66.560
401;24;7;84.238;89.650
402;7;25;90.195;67.450
402;25;7;90.195;91.820
403;7;26;82.429;74.040
403;26;7;82.429;101.720
404;7;27;94.181;65.090
404;27;7;94.181;94.770
405;7;27;96.053;70.480
405;27;7;96.053;100.160
406;7;27;98.473;65.840
406;27;7;98.473;95.520
407;7;28;91.711;51.350
407;28;7;91.711;84.830
408;7;28;97.334;64.730
408;28;7;97.334;98.210
409;7;29;49.508;20.540
409;29;7;94.508;105.280
410;7;29;60.178;4.550
410;29;7;105.178;89.290
411;8;9;126.758;95.730
411;9;8;126.758;96.180
412;8;9;111.798;89.430
412;9;8;111.798;89.880
413;8;10;133.962;85.710
413;10;8;133.962;87.130
414;8;10;151.004;88.960
414;10;8;151.004;90.380
415;8;11;119.040;74.430
415;11;8;119.040;84.800
416;8;11;115.042;90.440
416;11;8;115.042;100.810
417;8;11;111.460;76.600
417;11;8;111.460;86.970
418;8;12;127.258;83.620
418;12;8;127.258;94.070
419;8;13;135.019;91.180
419;13;8;135.019;102.370
420;8;13;147.598;78.210
420;13;8;147.598;89.400
421;8;13;134.207;86.320
421;13;8;134.207;97.510
422;8;14;119.360;83.700
422;14;8;119.360;95.590
423;8;14;121.851;76.630
423;14;8;121.851;88.520
424;8;14;129.865;93.010
424;14;8;129.865;104.900
425;8;15;119.701;91.180
425;15;8;119.701;103.170
426;8;15;120.946;84.070
426;15;8;120.946;96.060
427;8;16;131.088;72.800
427;16;8;131.088;85.810
428;8;17;130.388;90.390
428;17;8;130.388;103.980
429;8;18;125.830;91.120
429;18;8;125.830;105.020
430;8;18;110.698;80.440
430;18;8;110.698;94.340
431;8;19;125.517;86.010
431;19;8;125.517;102.180
432;8;19;123.993;73.530
432;19;8;123.993;89.700
433;8;20;100.850;78.950
433;20;8;100.850;97.140
434;8;20;102.414;77.270
434;20;8;102.414;95.460
435;8;20;88.134;78.380
435;20;8;88.134;96.570
436;8;21;122.822;87.320
436;21;8;122.822;106.410
437;8;21;123.738;83.650
437;21;8;123.738;102.740
438;8;22;127.997;86.380
438;22;8;127.997;106.370
439;8;22;144.435;67.000
439;22;8;144.435;86.990
440;8;23;111.004;69.390
440;23;8;111.004;90.080
441;8;23;123.930;69.500
441;23;8;123.930;90.190
442;8;23;95.024;66.100
442;23;8;95.024;86.790
443;8;24;126.894;75.350
443;24;8;126.894;98.410
444;8;24;129.724;82.470
444;24;8;129.724;105.530
445;8;24;137.428;84.850
445;24;8;137.428;107.910
446;8;25;123.211;64.740
446;25;8;123.211;89.080
447;8;25;142.167;79.430
447;25;8;142.167;103.770
448;8;26;109.575;77.420
448;26;8;109.575;105.070
449;8;27;167.224;77.210
449;27;8;167.224;106.860
450;8;28;134.770;60.550
450;28;8;134.770;94.000
451;8;29;96.367;13.370
451;29;8;141.367;98.080
452;8;29;83.879;14.880
452;29;8;128.879;99.590
453;8;29;88.432;14.580
453;29;8;133.432;99.290
454;9;10;71.270;88.480
454;10;9;71.270;89.450
455;9;10;70.722;97.230
455;10;9;70.722;98.200
456;9;10;73.273;97.430
456;10;9;73.273;98.400
457;9;11;68.133;88.310
457;11;9;68.133;98.230
458;9;12;49.095;75.750
458;12;9;49.095;85.750
459;9;12;48.425;79.080
459;12;9;48.425;89.080
460;9;13;74.545;90.710
460;13;9;74.545;101.450
461;9;13;78.626;74.660
461;13;9;78.626;85.400
462;9;13;78.396;83.810
462;13;9;78.396;94.550
463;9;14;68.844;96.260
463;14;9;68.844;107.700
464;9;15;52.058;85.010
464;15;9;52.058;96.550
465;9;16;58.879;87.680
465;16;9;58.879;100.240
466;9;17;62.955;85.230
466;17;9;62.955;98.370
467;9;18;60.826;75.980
467;18;9;60.826;89.430
468;9;18;57.149;89.600
468;18;9;57.149;103.050
469;9;19;62.062;84.450
469;19;9;62.062;100.170
470;9;20;72.608;70.740
470;20;9;72.608;88.480
471;9;21;76.911;73.550
471;21;9;76.911;92.190
472;9;21;74.598;77.750
472;21;9;74.598;96.390
473;9;21;68.934;89.770
473;21;9;68.934;108.410
474;9;22;62.040;78.960
474;22;9;62.040;98.500
475;9;23;76.323;80.930
475;23;9;76.323;101.170
476;9;24;66.044;86.410
476;24;9;66.044;109.020
477;9;24;65.660;84.790
477;24;9;65.660;107.400
478;9;25;64.060;82.070
478;25;9;64.060;105.960
479;9;26;62.719;61.870
479;26;9;62.719;89.070
480;9;26;65.182;67.600
480;26;9;65.182;94.800
481;9;26;58.921;79.960
481;26;9;58.921;107.160
482;9;27;86.284;76.610
482;27;9;86.284;105.810
483;9;28;112.512;64.950
483;28;9;112.512;97.950
484;9;28;110.656;68.700
484;28;9;110.656;101.700
485;9;28;102.493;65.050
485;28;9;102.493;98.050
486;9;29;26.416;9.300
486;29;9;71.416;93.560
487;9;29;27.711;5.240
487;29;9;72.711;89.500
488;10;11;59.979;81.410
488;11;10;59.979;90.360
489;10;12;75.277;77.850
489;12;10;75.277;86.880
490;10;12;74.514;85.260
490;12;10;74.514;94.290
491;10;13;48.293;94.650
491;13;10;48.293;104.420
492;10;13;48.679;82.840
492;13;10;48.679;92.610
493;10;14;59.610;76.090
493;14;10;59.610;86.560
494;10;14;59.124;80.660
494;14;10;59.124;91.130
495;10;14;58.755;74.340
495;14;10;58.755;84.810
496;10;15;72.936;90.690
496;15;10;72.936;101.260
497;10;15;72.465;97.610
497;15;10;72.465;108.180
498;10;16;57.574;76.620
498;16;10;57.574;88.210
499;10;16;56.395;87.720
499;16;10;56.395;99.310
500;10;17;88.961;77.990
500;17;10;88.961;90.160
501;10;17;95.297;89.700
501;17;10;95.297;101.870
502;10;17;81.539;95.100
502;17;10;81.539;107.270
503;10;18;87.092;71.140
503;18;10;87.092;83.620
504;10;18;77.843;84.140
504;18;10;77.843;96.620
505;10;19;56.214;71.040
505;19;10;56.214;85.790
506;10;19;57.452;83.700
506;19;10;57.452;98.450
507;10;20;90.133;67.940
507;20;10;90.133;84.710
508;10;21;59.020;67.930
508;21;10;59.020;85.600
509;10;21;56.999;81.750
509;21;10;56.999;99.420
510;10;22;54.808;75.440
510;22;10;54.808;94.010
511;10;22;52.902;83.430
511;22;10;52.902;102.000
512;10;23;68.636;67.970
512;23;10;68.636;87.240
513;10;23;73.213;77.640
513;23;10;73.213;96.910
514;10;24;52.829;70.930
514;24;10;52.829;92.570
515;10;25;56.952;76.930
515;25;10;56.952;99.850
516;10;26;75.300;66.800
516;26;10;75.300;93.030
517;10;27;85.119;60.550
517;27;10;85.119;88.780
518;10;27;93.865;65.440
518;27;10;93.865;93.670
519;10;27;75.523;68.640
519;27;10;75.523;96.870
520;10;28;138.521;74.790
520;28;10;138.521;106.820
521;10;28;157.636;51.340
521;28;10;157.636;83.370
522;10;28;161.365;67.880
522;28;10;161.365;99.910
523;10;29;8.671;3.840
523;29;10;53.671;87.130
524;11;12;71.979;77.210
524;12;11;71.979;77.290
525;11;13;61.512;90.120
525;13;11;61.512;90.940
526;11;14;45.845;95.410
526;14;11;45.845;96.930
527;11;14;45.770;76.920
527;14;11;45.770;78.440
528;11;15;65.740;77.310
528;15;11;65.740;78.930
529;11;15;69.428;84.690
529;15;11;69.428;86.310
530;11;16;60.584;87.290
530;16;11;60.584;89.930
531;11;16;58.824;92.100
531;16;11;58.824;94.740
532;11;16;61.451;82.350
532;16;11;61.451;84.990
533;11;17;85.360;89.890
533;17;11;85.360;93.110
534;11;17;88.995;82.880
534;17;11;88.995;86.100
535;11;18;82.094;80.890
535;18;11;82.094;84.420
536;11;18;84.441;89.050
536;18;11;84.441;92.580
537;11;19;53.489;86.550
537;19;11;53.489;92.350
538;11;19;52.881;78.400
538;19;11;52.881;84.200
539;11;20;77.528;70.980
539;20;11;77.528;78.800
540;11;21;54.749;87.670
540;21;11;54.749;96.390
541;11;21;55.178;74.070
541;21;11;55.178;82.790
542;11;22;55.694;78.200
542;22;11;55.694;87.820
543;11;22;57.110;87.480
543;22;11;57.110;97.100
544;11;22;55.881;81.410
544;22;11;55.881;91.030
545;11;23;55.181;83.100
545;23;11;55.181;93.420
546;11;23;55.216;71.140
546;23;11;55.216;81.460
547;11;23;53.994;82.150
547;23;11;53.994;92.470
548;11;24;53.061;76.540
548;24;11;53.061;89.230
549;11;25;50.468;76.680
549;25;11;50.468;90.650
550;11;25;50.871;64.710
550;25;11;50.871;78.680
551;11;25;51.387;81.210
551;25;11;51.387;95.180
552;11;26;62.990;79.900
552;26;11;62.990;97.180
553;11;26;64.012;65.290
553;26;11;64.012;82.570
554;11;26;58.648;81.860
554;26;11;58.648;99.140
555;11;27;96.773;73.960
555;27;11;96.773;93.240
556;11;27;103.551;73.870
556;27;11;103.551;93.150
557;11;28;130.650;70.110
557;28;11;130.650;93.190
558;11;28;122.452;72.040
558;28;11;122.452;95.120
559;11;28;126.837;61.320
559;28;11;126.837;84.400
560;11;29;22.496;15.500
560;29;11;67.496;89.840
561;11;29;18.019;15.460
561;29;11;63.019;89.800
562;11;29;22.303;18.080
562;29;11;67.303;92.420
563;12;13;78.559;94.680
563;13;12;78.559;95.420
564;12;14;72.714;82.810
564;14;12;72.714;84.250
565;12;15;53.554;92.960
565;15;12;53.554;94.500
566;12;16;62.796;77.770
566;16;12;62.796;80.330
567;12;16;63.967;80.180
567;16;12;63.967;82.740
568;12;16;61.413;90.680
568;16;12;61.413;93.240
569;12;17;58.861;72.060
569;17;12;58.861;75.200
570;12;17;56.643;84.680
570;17;12;56.643;87.820
571;12;18;56.906;83.000
571;18;12;56.906;86.450
572;12;19;66.146;79.060
572;19;12;66.146;84.780
573;12;20;72.129;90.290
573;20;12;72.129;98.030
574;12;20;66.933;89.510
574;20;12;66.933;97.250
575;12;21;80.915;74.880
575;21;12;80.915;83.520
576;12;21;80.083;77.080
576;21;12;80.083;85.720
577;12;22;66.127;72.230
577;22;12;66.127;81.770
578;12;22;68.845;81.490
578;22;12;68.845;91.030
579;12;23;79.770;77.620
579;23;12;79.770;87.860
580;12;23;77.517;86.200
580;23;12;77.517;96.440
581;12;24;70.137;69.330
581;24;12;70.137;81.940
582;12;24;73.926;85.510
582;24;12;73.926;98.120
583;12;25;68.084;85.260
583;25;12;68.084;99.150
584;12;25;64.282;71.190
584;25;12;64.282;85.080
585;12;25;64.079;63.300
585;25;12;64.079;77.190
586;12;26;64.386;60.650
586;26;12;64.386;77.850
587;12;27;87.077;78.700
587;27;12;87.077;97.900
588;12;27;77.627;69.660
588;27;12;77.627;88.860
589;12;27;81.951;61.100
589;27;12;81.951;80.300
590;12;28;108.744;60.950
590;28;12;108.744;83.950
591;12;29;29.975;22.240
591;29;12;74.975;96.500
592;12;29;33.473;15.780
592;29;12;78.473;90.040
593;13;14;61.005;75.710
593;14;13;61.005;76.410
594;13;14;59.321;92.740
594;14;13;59.321;93.440
595;13;14;61.959;80.910
595;14;13;61.959;81.610
596;13;15;76.032;74.820
596;15;13;76.032;75.620
597;13;15;72.982;77.540
597;15;13;72.982;78.340
598;13;16;60.867;84.100
598;16;13;60.867;85.920
599;13;17;92.253;94.570
599;17;13;92.253;96.970
600;13;17;89.648;89.530
600;17;13;89.648;91.930
601;13;17;82.124;75.570
601;17;13;82.124;77.970
602;13;18;90.361;74.620
602;18;13;90.361;77.330
603;13;19;59.076;85.540
603;19;13;59.076;90.520
604;13;20;92.682;76.150
604;20;13;92.682;83.150
605;13;20;84.685;89.390
605;20;13;84.685;96.390
606;13;21;58.441;71.190
606;21;13;58.441;79.090
607;13;21;56.786;69.240
607;21;13;56.786;77.140
608;13;22;57.916;88.510
608;22;13;57.916;97.310
609;13;22;55.058;67.470
609;22;13;55.058;76.270
610;13;22;60.331;77.690
610;22;13;60.331;86.490
611;13;23;69.198;72.500
611;23;13;69.198;82.000
612;13;23;66.622;68.410
612;23;13;66.622;77.910
613;13;23;74.830;79.700
613;23;13;74.830;89.200
614;13;24;55.329;74.810
614;24;13;55.329;86.680
615;13;24;52.935;80.000
615;24;13;52.935;91.870
616;13;25;59.361;66.510
616;25;13;59.361;79.660
617;13;25;62.756;64.700
617;25;13;62.756;77.850
618;13;26;77.816;60.730
618;26;13;77.816;77.190
619;13;26;73.880;61.790
619;26;13;73.880;78.250
620;13;27;86.514;67.480
620;27;13;86.514;85.940
621;13;27;88.031;62.380
621;27;13;88.031;80.840
622;13;28;141.727;65.090
622;28;13;141.727;87.350
623;13;28;157.352;58.160
623;28;13;157.352;80.420
624;13;29;10.043;9.530
624;29;13;55.043;83.050
625;13;29;9.111;2.610
625;29;13;54.111;76.130
626;13;29;11.818;1.590
626;29;13;56.818;75.110
627;14;15;66.555;88.760
627;15;14;66.555;88.860
628;14;15;62.319;80.780
628;15;14;62.319;80.880
629;14;16;60.908;95.980
629;16;14;60.908;97.100
630;14;17;86.135;85.910
630;17;14;86.135;87.610
631;14;17;78.550;88.150
631;17;14;78.550;89.850
632;14;18;82.895;80.220
632;18;14;82.895;82.230
633;14;19;53.820;83.990
633;19;14;53.820;88.270
634;14;19;52.063;82.930
634;19;14;52.063;87.210
635;14;19;54.590;88.810
635;19;14;54.590;93.090
636;14;20;78.306;68.500
636;20;14;78.306;74.800
637;14;21;53.905;66.420
637;21;14;53.905;73.620
638;14;21;52.787;66.570
638;21;14;52.787;73.770
639;14;21;52.595;66.500
639;21;14;52.595;73.700
640;14;22;55.920;75.160
640;22;14;55.920;83.260
641;14;22;58.514;69.860
641;22;14;58.514;77.960
642;14;23;55.018;78.440
642;23;14;55.018;87.240
643;14;23;56.301;75.170
643;23;14;56.301;83.970
644;14;24;52.984;64.470
644;24;14;52.984;75.640
645;14;24;54.072;68.700
645;24;14;54.072;79.870
646;14;25;50.808;75.310
646;25;14;50.808;87.760
647;14;25;50.609;79.790
647;25;14;50.609;92.240
648;14;26;63.804;74.910
648;26;14;63.804;90.670
649;14;26;66.601;68.040
649;26;14;66.601;83.800
650;14;27;96.868;57.070
650;27;14;96.868;74.830
651;14;27;91.574;66.440
651;27;14;91.574;84.200
652;14;27;95.813;78.700
652;27;14;95.813;96.460
653;14;28;131.494;65.200
653;28;14;131.494;86.760
654;14;29;22.308;19.060
654;29;14;67.308;91.880
655;15;16;61.893;84.460
655;16;15;61.893;85.480
656;15;17;65.023;83.780
656;17;15;65.023;85.380
657;15;17;62.026;82.270
657;17;15;62.026;83.870
658;15;17;65.390;86.710
658;17;15;65.390;88.310
659;15;18;61.410;73.050
659;18;15;61.410;74.960
660;15;18;64.465;91.470
660;18;15;64.465;93.380
661;15;19;62.161;75.030
661;19;15;62.161;79.210
662;15;19;61.457;79.890
662;19;15;61.457;84.070
663;15;19;59.764;75.500
663;19;15;59.764;79.680
664;15;20;65.984;70.990
664;20;15;65.984;77.190
665;15;21;75.314;66.650
665;21;15;75.314;73.750
666;15;21;72.256;82.860
666;21;15;72.256;89.960
667;15;22;63.132;80.010
667;22;15;63.132;88.010
668;15;22;59.419;87.600
668;22;15;59.419;95.600
669;15;22;58.610;86.600
669;22;15;58.610;94.600
670;15;23;72.199;87.380
670;23;15;72.199;96.080
671;15;23;72.111;72.530
671;23;15;72.111;81.230
672;15;23;74.465;66.860
672;23;15;74.465;75.560
673;15;24;66.248;77.770
673;24;15;66.248;88.840
674;15;25;63.125;61.180
674;25;15;63.125;73.530
675;15;25;60.922;85.020
675;25;15;60.922;97.370
676;15;26;55.896;61.290
676;26;15;55.896;76.950
677;15;26;57.372;68.580
677;26;15;57.372;84.240
678;15;26;56.287;61.190
678;26;15;56.287;76.850
679;15;27;93.137;55.320
679;27;15;93.137;72.980
680;15;27;87.955;58.280
680;27;15;87.955;75.940
681;15;28;110.940;73.950
681;28;15;110.940;95.410
682;15;28;106.286;54.870
682;28;15;106.286;76.330
683;15;29;30.107;23.220
683;29;15;75.107;95.940
684;16;17;76.396;72.260
684;17;16;76.396;72.840
685;16;17;69.791;78.220
685;17;16;69.791;78.800
686;16;18;74.679;90.730
686;18;16;74.679;91.620
687;16;19;52.096;86.070
687;19;16;52.096;89.230
688;16;19;51.671;71.810
688;19;16;51.671;74.970
689;16;20;81.604;83.400
689;20;16;81.604;88.580
690;16;20;85.773;80.480
690;20;16;85.773;85.660
691;16;21;66.444;72.030
691;21;16;66.444;78.110
692;16;21;69.622;86.250
692;21;16;69.622;92.330
693;16;21;70.837;69.820
693;21;16;70.837;75.900
694;16;22;50.192;69.330
694;22;16;50.192;76.310
695;16;22;49.124;85.900
695;22;16;49.124;92.880
696;16;23;70.710;86.210
696;23;16;70.710;93.890
697;16;23;66.199;79.810
697;23;16;66.199;87.490
698;16;24;54.425;83.200
698;24;16;54.425;93.250
699;16;25;55.118;83.790
699;25;16;55.118;95.120
700;16;25;54.132;78.780
700;25;16;54.132;90.110
701;16;26;67.715;61.360
701;26;16;67.715;76.000
702;16;27;81.957;57.500
702;27;16;81.957;74.140
703;16;28;126.373;62.450
703;28;16;126.373;82.890
704;16;28;141.980;68.150
704;28;16;141.980;88.590
705;16;28;116.982;57.470
705;28;16;116.982;77.910
706;16;29;13.217;22.410
706;29;16;58.217;94.110
707;17;18;49.753;95.150
707;18;17;49.753;95.460
708;17;18;50.045;79.030
708;18;17;50.045;79.340
709;17;18;50.128;77.460
709;18;17;50.128;77.770
710;17;19;79.989;71.620
710;19;17;79.989;74.200
711;17;19;78.099;72.120
711;19;17;78.099;74.700
712;17;20;74.925;81.520
712;20;17;74.925;86.120
713;17;20;73.885;78.790
713;20;17;73.885;83.390
714;17;21;94.578;68.820
714;21;17;94.578;74.320
715;17;21;83.566;75.280
715;21;17;83.566;80.780
716;17;21;103.816;78.580
716;21;17;103.816;84.080
717;17;22;79.976;85.170
717;22;17;79.976;91.570
718;17;23;92.207;87.050
718;23;17;92.207;94.150
719;17;23;96.604;84.440
719;23;17;96.604;91.540
720;17;24;83.996;81.360
720;24;17;83.996;90.830
721;17;24;84.775;63.620
721;24;17;84.775;73.090
722;17;25;81.819;64.520
722;25;17;81.819;75.270
723;17;25;83.877;66.160
723;25;17;83.877;76.910
724;17;26;73.875;72.390
724;26;17;73.875;86.450
725;17;26;70.055;58.460
725;26;17;70.055;72.520
726;17;26;67.316;66.100
726;26;17;67.316;80.160
727;17;27;92.374;76.450
727;27;17;92.374;92.510
728;17;27;81.071;65.140
728;27;17;81.071;81.200
729;17;27;88.805;55.800
729;27;17;88.805;71.860
730;17;28;96.357;67.960
730;28;17;96.357;87.820
731;17;28;97.157;71.510
731;28;17;97.157;91.370
732;17;28;108.126;59.620
732;28;17;108.126;79.480
733;17;29;42.745;1.300
733;29;17;87.745;72.420
734;17;29;50.478;7.210
734;29;17;95.478;78.330
735;17;29;50.058;13.470
735;29;17;95.058;84.590
736;18;19;77.433;87.730
736;19;18;77.433;90.000
737;18;19;82.652;77.370
737;19;18;82.652;79.640
738;18;19;81.394;68.760
738;19;18;81.394;71.030
739;18;20;70.235;88.720
739;20;18;70.235;93.010
740;18;21;91.542;78.480
740;21;18;91.542;83.670
741;18;22;77.723;80.690
741;22;18;77.723;86.780
742;18;23;88.358;85.390
742;23;18;88.358;92.180
743;18;24;81.521;83.660
743;24;18;81.521;92.820
744;18;24;79.545;70.830
744;24;18;79.545;79.990
745;18;24;73.517;62.310
745;24;18;73.517;71.470
746;18;25;78.979;80.750
746;25;18;78.979;91.190
747;18;25;84.855;73.750
747;25;18;84.855;84.190
748;18;25;78.467;73.560
748;25;18;78.467;84.000
749;18;26;69.486;72.850
749;26;18;69.486;86.600
750;18;26;71.708;81.780
750;26;18;71.708;95.530
751;18;26;74.976;72.760
751;26;18;74.976;86.510
752;18;27;94.635;62.640
752;27;18;94.635;78.390
753;18;28;96.879;71.730
753;28;18;96.879;91.280
754;18;28;88.993;64.340
754;28;18;88.993;83.890
755;18;29;41.795;0.180
755;29;18;86.795;70.990
756;19;20;79.030;84.810
756;20;19;79.030;86.830
757;19;20;79.138;68.520
757;20;19;79.138;70.540
758;19;21;60.221;71.470
758;21;19;60.221;74.390
759;19;21;56.553;68.020
759;21;19;56.553;70.940
760;19;21;63.108;82.010
760;21;19;63.108;84.930
761;19;22;47.497;78.160
761;22;19;47.497;81.980
762;19;22;48.067;86.990
762;22;19;48.067;90.810
763;19;22;48.036;81.620
763;22;19;48.036;85.440
764;19;23;63.636;76.890
764;23;19;63.636;81.410
765;19;23;62.614;64.430
765;23;19;62.614;68.950
766;19;24;49.116;83.880
766;24;19;49.116;90.770
767;19;24;49.928;62.900
767;24;19;49.928;69.790
768;19;25;48.022;70.240
768;25;19;48.022;78.410
769;19;25;48.765;77.630
769;25;19;48.765;85.800
770;19;26;64.284;81.020
770;26;19;64.284;92.500
771;19;26;60.743;71.900
771;26;19;60.743;83.380
772;19;26;67.242;58.870
772;26;19;67.242;70.350
773;19;27;88.605;57.300
773;27;19;88.605;70.780
774;19;28;128.084;74.930
774;28;19;128.084;92.210
775;19;29;16.208;15.630
775;29;19;61.208;84.170
776;20;21;86.520;79.540
776;21;20;86.520;80.440
777;20;21;91.032;88.260
777;21;20;91.032;89.160
778;20;22;80.952;80.350
778;22;20;80.952;82.150
779;20;22;86.133;78.220
779;22;20;86.133;80.020
780;20;22;82.833;76.180
780;22;20;82.833;77.980
781;20;23;77.378;88.870
781;23;20;77.378;91.370
782;20;23;80.926;85.900
782;23;20;80.926;88.400
783;20;23;75.374;74.710
783;23;20;75.374;77.210
784;20;24;82.382;67.400
784;24;20;82.382;72.270
785;20;25;78.322;68.490
785;25;20;78.322;74.640
786;20;25;72.120;71.420
786;25;20;72.120;77.570
787;20;25;82.062;77.170
787;25;20;82.062;83.320
788;20;26;59.867;74.230
788;26;20;59.867;83.690
789;20;27;113.875;75.980
789;27;20;113.875;87.440
790;20;27;100.313;75.390
790;27;20;100.313;86.850
791;20;28;102.209;66.720
791;28;20;102.209;81.980
792;20;28;113.206;72.810
792;28;20;113.206;88.070
793;20;29;49.491;15.720
793;29;20;94.491;82.240
794;21;22;61.327;78.680
794;22;21;61.327;79.580
795;21;22;62.164;70.490
795;22;21;62.164;71.390
796;21;22;58.981;70.110
796;22;21;58.981;71.010
797;21;23;57.000;65.460
797;23;21;57.000;67.060
798;21;23;54.624;82.330
798;23;21;54.624;83.930
799;21;23;57.031;75.240
799;23;21;57.031;76.840
800;21;24;57.019;86.310
800;24;21;57.019;90.280
801;21;25;57.858;78.130
801;25;21;57.858;83.380
802;21;25;55.959;60.540
802;25;21;55.959;65.790
803;21;25;56.178;75.060
803;25;21;56.178;80.310
804;21;26;72.411;62.660
804;26;21;72.411;71.220
805;21;26;74.526;75.530
805;26;21;74.526;84.090
806;21;26;72.266;76.680
806;26;21;72.266;85.240
807;21;27;99.080;65.470
807;27;21;99.080;76.030
808;21;27;91.901;70.090
808;27;21;91.901;80.650
809;21;28;140.389;69.840
809;28;21;140.389;84.200
810;21;28;150.205;63.880
810;28;21;150.205;78.240
811;21;28;144.421;61.050
811;28;21;144.421;75.410
812;21;29;22.688;14.010
812;29;21;67.688;79.630
813;21;29;17.322;7.960
813;29;21;62.322;73.580
814;21;29;26.754;24.050
814;29;21;71.754;89.670
815;22;23;65.875;66.890
815;23;22;65.875;67.590
816;22;24;49.363;73.240
816;24;22;49.363;76.310
817;22;24;50.401;70.740
817;24;22;50.401;73.810
818;22;25;50.294;72.470
818;25;22;50.294;76.820
819;22;25;50.176;67.600
819;25;22;50.176;71.950
820;22;26;66.337;58.330
820;26;22;66.337;65.990
821;22;26;68.844;70.390
821;26;22;68.844;78.050
822;22;26;64.605;65.330
822;26;22;64.605;72.990
823;22;27;86.192;73.540
823;27;22;86.192;83.200
824;22;27;88.586;58.760
824;27;22;88.586;68.420
825;22;28;128.844;73.570
825;28;22;128.844;87.030
826;22;29;13.885;12.970
826;29;22;58.885;77.690
827;22;29;16.663;10.120
827;29;22;61.663;74.840
828;22;29;17.206;2.790
828;29;22;62.206;67.510
829;23;24;62.921;83.120
829;24;23;62.921;85.490
830;23;24;60.834;72.990
830;24;23;60.834;75.360
831;23;25;60.628;83.190
831;25;23;60.628;86.840
832;23;26;65.283;64.540
832;26;23;65.283;71.500
833;23;26;62.548;68.310
833;26;23;62.548;75.270
834;23;26;66.199;70.560
834;26;23;66.199;77.520
835;23;27;106.881;69.170
835;27;23;106.881;78.130
836;23;27;103.894;66.890
836;27;23;103.894;75.850
837;23;27;91.731;79.340
837;27;23;91.731;88.300
838;23;28;133.556;58.750
838;28;23;133.556;71.510
839;23;28;154.942;74.670
839;28;23;154.942;87.430
840;23;29;31.884;18.620
840;29;23;76.884;82.640
841;23;29;32.846;13.160
841;29;23;77.846;77.180
842;23;29;27.455;14.410
842;29;23;72.455;78.430
843;24;25;49.123;68.410
843;25;24;49.123;69.690
844;24;25;49.077;73.930
844;25;24;49.077;75.210
845;24;25;49.209;60.510
845;25;24;49.209;61.790
846;24;26;67.525;66.140
846;26;24;67.525;70.730
847;24;26;62.554;73.170
847;26;24;62.554;77.760
848;24;27;89.002;64.440
848;27;24;89.002;71.030
849;24;28;132.183;60.530
849;28;24;132.183;70.920
850;24;28;112.545;54.570
850;28;24;112.545;64.960
851;24;28;111.784;52.240
851;28;24;111.784;62.630
852;24;29;14.497;22.190
852;29;24;59.497;83.840
853;24;29;14.227;12.780
853;29;24;59.227;74.430
854;24;29;17.115;5.100
854;29;24;62.115;66.750
855;25;26;63.455;60.320
855;26;25;63.455;63.630
856;25;26;61.122;65.570
856;26;25;61.122;68.880
857;25;26;66.654;80.800
857;26;25;66.654;84.110
858;25;27;91.480;76.630
858;27;25;91.480;81.940
859;25;27;86.412;55.850
859;27;25;86.412;61.160
860;25;27;100.492;75.080
860;27;25;100.492;80.390
861;25;28;128.972;69.230
861;28;25;128.972;78.340
862;25;29;18.196;3.540
862;29;25;63.196;63.910
863;25;29;20.937;19.280
863;29;25;65.937;79.650
864;26;27;102.683;69.650
864;27;26;102.683;71.650
865;26;27;99.350;56.350
865;27;26;99.350;58.350
866;26;28;113.519;54.070
866;28;26;113.519;59.870
867;26;29;35.108;2.920
867;29;26;80.108;59.980
868;27;28;140.462;56.330
868;28;27;140.462;60.130
869;27;28;116.936;53.490
869;28;27;116.936;57.290
870;27;28;155.579;65.610
870;28;27;155.579;69.410
871;27;29;31.553;13.980
871;29;27;76.553;69.040
872;27;29;32.024;4.950
872;29;27;77.024;60.010
873;28;29;93.673;0.070
873;29;28;138.673;51.330
874;28;29;100.573;1.250
874;29;28;145.573;52.510
875;28;29;115.757;4.970
875;29;28;160.757;56.230
