30
540.0
0;0;1;63.315;93.560
0;1;0;18.315;0.550
1;0;1;62.147;117.450
1;1;0;17.147;24.440
2;0;2;124.572;97.850
2;2;0;79.572;15.810
3;0;2;122.953;83.780
3;2;0;77.953;1.740
4;0;3;75.026;88.160
4;3;0;30.026;11.440
5;0;3;70.663;94.200
5;3;0;25.663;17.480
6;0;4;119.442;90.830
6;4;0;74.442;14.260
7;0;4;127.560;87.920
7;4;0;82.560;11.350
8;0;4;109.089;94.960
8;4;0;64.089;18.390
9;0;5;102.583;78.260
9;5;0;57.583;8.250
10;0;5;93.723;94.630
10;5;0;48.723;24.620
11;0;5;89.214;88.080
11;5;0;44.214;18.070
12;0;6;74.820;86.780
12;6;0;29.820;19.180
13;0;6;78.404;88.480
13;6;0;33.404;20.880
14;0;7;73.285;68.600
14;7;0;28.285;5.200
15;0;7;79.977;70.290
15;7;0;34.977;6.890
16;0;8;67.688;80.780
16;8;0;22.688;18.610
17;0;8;71.933;79.080
17;8;0;26.933;16.910
18;0;8;72.769;77.880
18;8;0;27.769;15.710
19;0;9;90.309;85.310
19;9;0;45.309;24.300
20;0;10;62.194;81.890
20;10;0;17.194;21.700
21;0;10;64.866;79.600
21;10;0;19.866;19.410
22;0;10;64.396;74.450
22;10;0;19.396;14.260
23;0;11;126.991;63.990
23;11;0;81.991;4.300
24;0;11;137.883;72.990
24;11;0;92.883;13.300
25;0;11;128.485;76.070
25;11;0;83.485;16.380
26;0;12;75.107;74.100
26;12;0;30.107;14.470
27;0;13;77.509;75.400
27;13;0;32.509;16.540
28;0;13;70.366;63.620
28;13;0;25.366;4.760
29;0;13;79.680;61.960
29;13;0;34.680;3.100
30;0;14;70.217;60.440
30;14;0;25.217;3.050
31;0;15;144.628;72.000
31;15;0;99.628;15.260
32;0;16;138.673;77.600
32;16;0;93.673;22.990
33;0;17;53.647;66.240
33;17;0;8.647;12.730
34;0;17;52.140;73.230
34;17;0;7.140;19.720
35;0;18;106.520;62.270
35;18;0;61.520;9.070
36;0;18;111.385;54.640
36;18;0;66.385;1.440
37;0;19;68.796;54.950
37;19;0;23.796;2.170
38;0;19;68.561;68.700
38;19;0;23.561;15.920
39;0;19;63.698;60.110
39;19;0;18.698;7.330
40;0;20;70.336;64.750
40;20;0;25.336;12.030
41;0;20;71.744;70.860
41;20;0;26.744;18.140
42;0;21;63.686;62.530
42;21;0;18.686;10.080
43;0;22;93.744;53.610
43;22;0;48.744;1.890
44;0;23;117.243;65.140
44;23;0;72.243;13.900
45;0;23;132.895;63.470
45;23;0;87.895;12.230
46;0;24;62.549;68.570
46;24;0;17.549;17.700
47;0;25;81.575;56.320
47;25;0;36.575;6.190
48;0;25;72.608;51.550
48;25;0;27.608;1.420
49;0;25;75.421;63.760
49;25;0;30.421;13.630
50;0;26;121.973;52.980
50;26;0;76.973;3.400
51;0;26;135.635;66.060
51;26;0;90.635;16.480
52;0;27;81.549;59.860
52;27;0;36.549;10.680
53;0;28;112.243;56.220
53;28;0;67.243;7.170
54;0;28;128.266;50.350
54;28;0;83.266;1.300
55;0;29;0.000;21.370
55;29;0;0.000;21.370
56;0;29;0.000;2.680
56;29;0;0.000;2.680
57;0;29;0.000;3.240
57;29;0;0.000;3.240
58;1;2;110.310;97.510
58;2;1;110.310;108.480
59;1;2;101.251;90.570
59;2;1;101.251;101.540
60;1;3;56.863;93.620
60;3;1;56.863;109.910
61;1;4;104.115;95.460
61;4;1;104.115;111.900
62;1;4;118.117;76.710
62;4;1;118.117;93.150
63;1;4;107.671;76.680
63;4;1;107.671;93.120
64;1;5;86.861;71.340
64;5;1;86.861;94.340
65;1;5;96.829;92.270
65;5;1;96.829;115.270
66;1;6;62.130;83.370
66;6;1;62.130;108.780
67;1;6;62.980;76.240
67;6;1;62.980;101.650
68;1;6;60.858;80.810
68;6;1;60.858;106.220
69;1;7;90.296;81.510
69;7;1;90.296;111.120
70;1;7;82.628;68.070
70;7;1;82.628;97.680
71;1;8;52.549;70.190
71;8;1;52.549;101.030
72;1;8;54.046;73.460
72;8;1;54.046;104.300
73;1;8;53.162;84.650
73;8;1;53.162;115.490
74;1;9;75.731;66.450
74;9;1;75.731;98.450
75;1;10;58.035;68.970
75;10;1;58.035;101.790
76;1;10;57.809;83.050
76;10;1;57.809;115.870
77;1;11;132.667;75.540
77;11;1;132.667;108.860
78;1;12;79.073;72.730
78;12;1;79.073;106.110
79;1;12;73.092;73.930
79;12;1;73.092;107.310
80;1;12;83.754;69.350
80;12;1;83.754;102.730
81;1;13;66.825;62.570
81;13;1;66.825;96.720
82;1;13;62.239;81.050
82;13;1;62.239;115.200
83;1;14;54.317;58.330
83;14;1;54.317;93.950
84;1;14;52.209;74.930
84;14;1;52.209;110.550
85;1;15;144.269;72.540
85;15;1;144.269;108.810
86;1;15;138.709;62.480
86;15;1;138.709;98.750
87;1;16;144.932;71.480
87;16;1;144.932;109.880
88;1;17;58.400;62.880
88;17;1;58.400;102.380
89;1;18;124.039;63.650
89;18;1;124.039;103.460
90;1;19;86.710;75.540
90;19;1;86.710;115.770
91;1;19;78.266;66.240
91;19;1;78.266;106.470
92;1;20;88.638;64.760
92;20;1;88.638;105.050
93;1;20;87.250;61.780
93;20;1;87.250;102.070
94;1;21;59.427;76.360
94;21;1;59.427;116.920
95;1;22;77.734;67.740
95;22;1;77.734;109.030
96;1;22;81.992;58.070
96;22;1;81.992;99.360
97;1;22;75.341;52.020
97;22;1;75.341;93.310
98;1;23;134.808;67.350
98;23;1;134.808;109.120
99;1;23;143.163;55.170
99;23;1;143.163;96.940
100;1;23;115.447;73.750
100;23;1;115.447;115.520
101;1;24;80.644;56.440
101;24;1;80.644;98.580
102;1;24;82.878;52.370
102;24;1;82.878;94.510
103;1;25;64.495;58.340
103;25;1;64.495;101.220
104;1;25;65.592;61.910
104;25;1;65.592;104.790
105;1;26;123.579;61.980
105;26;1;123.579;105.410
106;1;26;138.782;60.410
106;26;1;138.782;103.840
107;1;27;87.897;55.390
107;27;1;87.897;99.220
108;1;27;92.822;58.880
108;27;1;92.822;102.710
109;1;28;96.657;58.060
109;28;1;96.657;102.020
110;1;29;18.315;2.600
110;29;1;63.315;95.610
111;1;29;20.725;18.980
111;29;1;65.725;111.990
112;1;29;22.341;23.070
112;29;1;67.341;116.080
113;2;3;100.587;92.580
113;3;2;100.587;97.900
114;2;3;103.543;93.950
114;3;2;103.543;99.270
115;2;3;99.489;92.620
115;3;2;99.489;97.940
116;2;4;53.891;80.160
116;4;2;53.891;85.630
117;2;4;55.035;81.120
117;4;2;55.035;86.590
118;2;4;54.002;79.700
118;4;2;54.002;85.170
119;2;5;69.273;83.300
119;5;2;69.273;95.330
120;2;5;68.752;83.640
120;5;2;68.752;95.670
121;2;6;94.818;83.970
121;6;2;94.818;98.410
122;2;6;101.216;84.910
122;6;2;101.216;99.350
123;2;7;152.715;79.130
123;7;2;152.715;97.770
124;2;7;137.994;78.800
124;7;2;137.994;97.440
125;2;7;151.089;84.570
125;7;2;151.089;103.210
126;2;8;103.279;66.320
126;8;2;103.279;86.190
127;2;9;79.657;67.620
127;9;2;79.657;88.650
128;2;10;107.614;74.890
128;10;2;107.614;96.740
129;2;10;98.988;72.420
129;10;2;98.988;94.270
130;2;10;120.778;63.890
130;10;2;120.778;85.740
131;2;11;134.838;62.040
131;11;2;134.838;84.390
132;2;11;115.730;81.370
132;11;2;115.730;103.720
133;2;12;110.123;71.980
133;12;2;110.123;94.390
134;2;12;98.781;79.360
134;12;2;98.781;101.770
135;2;13;92.290;71.070
135;13;2;92.290;94.250
136;2;13;80.750;63.570
136;13;2;80.750;86.750
137;2;14;111.755;82.100
137;14;2;111.755;106.750
138;2;14;116.653;70.960
138;14;2;116.653;95.610
139;2;15;121.640;71.110
139;15;2;121.640;96.410
140;2;15;114.207;66.540
140;15;2;114.207;91.840
141;2;15;105.884;78.420
141;15;2;105.884;103.720
142;2;16;145.386;57.870
142;16;2;145.386;85.300
143;2;17;116.038;54.950
143;17;2;116.038;83.480
144;2;17;126.372;69.280
144;17;2;126.372;97.810
145;2;18;171.093;69.160
145;18;2;171.093;98.000
146;2;18;152.058;65.650
146;18;2;152.058;94.490
147;2;19;147.414;72.460
147;19;2;147.414;101.720
148;2;20;145.892;57.960
148;20;2;145.892;87.280
149;2;20;128.521;75.410
149;20;2;128.521;104.730
150;2;21;106.364;59.180
150;21;2;106.364;88.770
151;2;21;93.376;65.650
151;21;2;93.376;95.240
152;2;21;118.976;68.350
152;21;2;118.976;97.940
153;2;22;78.144;51.850
153;22;2;78.144;82.170
154;2;22;71.199;71.250
154;22;2;71.199;101.570
155;2;23;180.954;75.560
155;23;2;180.954;106.360
156;2;23;187.057;74.130
156;23;2;187.057;104.930
157;2;24;141.087;51.170
157;24;2;141.087;82.340
158;2;24;139.595;58.440
158;24;2;139.595;89.610
159;2;24;118.286;54.340
159;24;2;118.286;85.510
160;2;25;91.664;60.660
160;25;2;91.664;92.570
161;2;25;99.268;60.260
161;25;2;99.268;92.170
162;2;25;90.178;66.700
162;25;2;90.178;98.610
163;2;26;115.801;54.920
163;26;2;115.801;87.380
164;2;26;103.279;64.400
164;26;2;103.279;96.860
165;2;26;109.002;53.110
165;26;2;109.002;85.570
166;2;27;115.732;67.300
166;27;2;115.732;100.160
167;2;28;60.379;73.040
167;28;2;60.379;106.030
168;2;28;56.841;66.580
168;28;2;56.841;99.570
169;2;29;79.572;9.900
169;29;2;124.572;91.940
170;3;4;93.727;79.420
170;4;3;93.727;79.570
171;3;4;92.455;84.030
171;4;3;92.455;84.180
172;3;5;76.508;92.080
172;5;3;76.508;98.790
173;3;5;71.453;87.400
173;5;3;71.453;94.110
174;3;6;58.908;88.080
174;6;3;58.908;97.200
175;3;6;56.712;91.040
175;6;3;56.712;100.160
176;3;6;58.103;87.010
176;6;3;58.103;96.130
177;3;7;102.121;70.170
177;7;3;102.121;83.490
178;3;7;103.364;75.540
178;7;3;103.364;88.860
179;3;7;105.901;87.600
179;7;3;105.901;100.920
180;3;8;54.344;76.150
180;8;3;54.344;90.700
181;3;8;53.547;81.980
181;8;3;53.547;96.530
182;3;8;56.278;68.950
182;8;3;56.278;83.500
183;3;9;67.057;74.500
183;9;3;67.057;90.210
184;3;9;68.799;80.410
184;9;3;68.799;96.120
185;3;9;70.205;76.810
185;9;3;70.205;92.520
186;3;10;64.667;74.740
186;10;3;64.667;91.270
187;3;10;61.203;77.500
187;10;3;61.203;94.030
188;3;11;135.886;83.100
188;11;3;135.886;100.130
189;3;12;84.115;72.440
189;12;3;84.115;89.530
190;3;12;86.306;80.740
190;12;3;86.306;97.830
191;3;12;92.862;61.390
191;12;3;92.862;78.480
192;3;13;63.996;78.600
192;13;3;63.996;96.460
193;3;13;62.609;65.730
193;13;3;62.609;83.590
194;3;13;59.737;81.620
194;13;3;59.737;99.480
195;3;14;56.285;72.220
195;14;3;56.285;91.550
196;3;14;56.301;70.670
196;14;3;56.301;90.000
197;3;15;143.397;63.970
197;15;3;143.397;83.950
198;3;15;138.302;72.130
198;15;3;138.302;92.110
199;3;15;160.447;72.320
199;15;3;160.447;92.300
200;3;16;148.288;63.030
200;16;3;148.288;85.140
201;3;16;136.854;68.580
201;16;3;136.854;90.690
202;3;17;68.888;77.100
202;17;3;68.888;100.310
203;3;17;70.737;54.060
203;17;3;70.737;77.270
204;3;18;134.796;60.030
204;18;3;134.796;83.550
205;3;18;123.565;67.310
205;18;3;123.565;90.830
206;3;19;98.562;76.020
206;19;3;98.562;99.960
207;3;19;89.680;65.420
207;19;3;89.680;89.360
208;3;19;103.062;76.810
208;19;3;103.062;100.750
209;3;20;100.244;56.930
209;20;3;100.244;80.930
210;3;21;65.174;67.260
210;21;3;65.174;91.530
211;3;22;67.456;65.900
211;22;3;67.456;90.900
212;3;22;68.648;52.650
212;22;3;68.648;77.650
213;3;22;70.989;59.720
213;22;3;70.989;84.720
214;3;23;145.562;71.300
214;23;3;145.562;96.780
215;3;23;141.380;64.060
215;23;3;141.380;89.540
216;3;23;124.095;56.360
216;23;3;124.095;81.840
217;3;24;92.464;63.500
217;24;3;92.464;89.350
218;3;24;87.012;63.510
218;24;3;87.012;89.360
219;3;25;53.937;50.990
219;25;3;53.937;77.580
220;3;25;55.498;68.590
220;25;3;55.498;95.180
221;3;25;55.101;69.080
221;25;3;55.101;95.670
222;3;26;124.455;53.730
222;26;3;124.455;80.870
223;3;27;93.346;63.100
223;27;3;93.346;90.640
224;3;27;91.213;50.900
224;27;3;91.213;78.440
225;3;28;86.196;58.540
225;28;3;86.196;86.210
226;3;28;95.996;69.200
226;28;3;95.996;96.870
227;3;28;85.616;65.160
227;28;3;85.616;92.830
228;3;29;30.026;4.120
228;29;3;75.026;80.840
229;3;29;25.451;8.720
229;29;3;70.451;85.440
230;3;29;27.825;15.740
230;29;3;72.825;92.460
231;4;5;62.276;72.780
231;5;4;62.276;79.340
232;4;5;66.289;80.600
232;5;4;66.289;87.160
233;4;5;64.356;89.920
233;5;4;64.356;96.480
234;4;6;89.666;75.910
234;6;4;89.666;84.880
235;4;6;90.549;74.440
235;6;4;90.549;83.410
236;4;6;88.745;89.220
236;6;4;88.745;98.190
237;4;7;147.722;74.190
237;7;4;147.722;87.360
238;4;7;138.158;79.110
238;7;4;138.158;92.280
239;4;8;97.433;75.580
239;8;4;97.433;89.980
240;4;9;74.136;83.040
240;9;4;74.136;98.600
241;4;9;73.455;77.590
241;9;4;73.455;93.150
242;4;9;67.418;73.660
242;9;4;67.418;89.220
243;4;10;102.892;75.550
243;10;4;102.892;91.930
244;4;10;98.828;61.900
244;10;4;98.828;78.280
245;4;10;106.654;74.320
245;10;4;106.654;90.700
246;4;11;138.199;82.690
246;11;4;138.199;99.570
247;4;11;145.086;70.010
247;11;4;145.086;86.890
248;4;12;108.137;67.370
248;12;4;108.137;84.310
249;4;12;100.390;78.930
249;12;4;100.390;95.870
250;4;13;87.910;66.250
250;13;4;87.910;83.960
251;4;14;104.687;61.590
251;14;4;104.687;80.770
252;4;14;93.192;63.980
252;14;4;93.192;83.160
253;4;15;127.781;61.860
253;15;4;127.781;81.690
254;4;16;149.258;65.700
254;16;4;149.258;87.660
255;4;16;171.680;76.000
255;16;4;171.680;97.960
256;4;17;111.092;73.150
256;17;4;111.092;96.210
257;4;17;106.393;56.540
257;17;4;106.393;79.600
258;4;18;169.133;77.660
258;18;4;169.133;101.030
259;4;18;150.058;53.680
259;18;4;150.058;77.050
260;4;18;161.365;56.000
260;18;4;161.365;79.370
261;4;19;142.767;54.160
261;19;4;142.767;77.950
262;4;20;141.875;61.610
262;20;4;141.875;85.460
263;4;20;139.565;76.170
263;20;4;139.565;100.020
264;4;21;101.809;70.090
264;21;4;101.809;94.210
265;4;22;71.413;60.820
265;22;4;71.413;85.670
266;4;23;179.262;60.580
266;23;4;179.262;85.910
267;4;23;147.551;63.280
267;23;4;147.551;88.610
268;4;23;198.728;69.220
268;23;4;198.728;94.550
269;4;24;136.412;69.820
269;24;4;136.412;95.520
270;4;24;149.003;68.530
270;24;4;149.003;94.230
271;4;25;84.929;53.650
271;25;4;84.929;80.090
272;4;26;119.772;56.600
272;26;4;119.772;83.590
273;4;27;114.654;58.150
273;27;4;114.654;85.540
274;4;27;123.593;59.720
274;27;4;123.593;87.110
275;4;28;52.534;58.800
275;28;4;52.534;86.320
276;4;28;52.270;58.400
276;28;4;52.270;85.920
277;4;29;74.442;1.910
277;29;4;119.442;78.480
278;4;29;63.149;23.030
278;29;4;108.149;99.600
279;4;29;66.010;6.460
279;29;4;111.010;83.030
280;5;6;73.068;75.360
280;6;5;73.068;77.770
281;5;6;69.970;91.210
281;6;5;69.970;93.620
282;5;7;130.857;76.830
282;7;5;130.857;83.440
283;5;8;80.299;68.480
283;8;5;80.299;76.320
284;5;8;83.505;74.990
284;8;5;83.505;82.830
285;5;8;86.142;68.070
285;8;5;86.142;75.910
286;5;9;57.717;80.020
286;9;5;57.717;89.020
287;5;9;59.262;65.040
287;9;5;59.262;74.040
288;5;10;86.462;60.640
288;10;5;86.462;70.460
289;5;10;79.435;61.900
289;10;5;79.435;71.720
290;5;11;133.290;65.120
290;11;5;133.290;75.440
291;5;11;133.339;74.560
291;11;5;133.339;84.880
292;5;11;114.175;80.410
292;11;5;114.175;90.730
293;5;12;94.880;74.970
293;12;5;94.880;85.350
294;5;12;99.982;77.230
294;12;5;99.982;87.610
295;5;13;72.178;58.980
295;13;5;72.178;70.130
296;5;13;75.016;62.100
296;13;5;75.016;73.250
297;5;13;66.068;75.670
297;13;5;66.068;86.820
298;5;14;87.571;76.350
298;14;5;87.571;88.970
299;5;14;94.414;67.620
299;14;5;94.414;80.240
300;5;14;83.787;62.440
300;14;5;83.787;75.060
301;5;15;129.420;58.690
301;15;5;129.420;71.960
302;5;16;145.154;68.460
302;16;5;145.154;83.860
303;5;17;94.403;57.540
303;17;5;94.403;74.040
304;5;17;86.629;74.490
304;17;5;86.629;90.990
305;5;18;155.013;75.860
305;18;5;155.013;92.670
306;5;18;153.142;53.420
306;18;5;153.142;70.230
307;5;19;126.132;75.540
307;19;5;126.132;92.770
308;5;19;131.079;54.770
308;19;5;131.079;72.000
309;5;20;125.739;57.730
309;20;5;125.739;75.020
310;5;20;137.500;66.010
310;20;5;137.500;83.300
311;5;21;85.544;68.730
311;21;5;85.544;86.290
312;5;21;88.738;55.450
312;21;5;88.738;73.010
313;5;21;94.501;72.850
313;21;5;94.501;90.410
314;5;22;54.138;68.320
314;22;5;54.138;86.610
315;5;23;165.412;68.420
315;23;5;165.412;87.190
316;5;23;162.828;71.200
316;23;5;162.828;89.970
317;5;23;160.608;65.920
317;23;5;160.608;84.690
318;5;24;119.782;66.060
318;24;5;119.782;85.200
319;5;24;127.096;52.740
319;24;5;127.096;71.880
320;5;25;67.666;63.040
320;25;5;67.666;82.920
321;5;26;116.704;51.360
321;26;5;116.704;71.790
322;5;26;133.431;66.430
322;26;5;133.431;86.860
323;5;26;111.877;50.260
323;26;5;111.877;70.690
324;5;27;102.552;49.690
324;27;5;102.552;70.520
325;5;27;103.446;52.640
325;27;5;103.446;73.470
326;5;28;54.797;71.330
326;28;5;54.797;92.290
327;5;28;55.328;66.820
327;28;5;55.328;87.780
328;5;28;54.435;66.800
328;28;5;54.435;87.760
329;5;29;57.583;7.700
329;29;5;102.583;77.710
330;6;7;103.075;71.440
330;7;6;103.075;75.640
331;6;7;91.999;64.020
331;7;6;91.999;68.220
332;6;7;101.778;68.670
332;7;6;101.778;72.870
333;6;8;54.587;84.420
333;8;6;54.587;89.850
334;6;8;56.781;65.740
334;8;6;56.781;71.170
335;6;8;54.451;75.340
335;8;6;54.451;80.770
336;6;9;60.541;68.950
336;9;6;60.541;75.540
337;6;9;60.373;72.460
337;9;6;60.373;79.050
338;6;10;58.406;71.230
338;10;6;58.406;78.640
339;6;10;59.842;83.140
339;10;6;59.842;90.550
340;6;10;56.274;78.380
340;10;6;56.274;85.790
341;6;11;122.353;78.460
341;11;6;122.353;86.370
342;6;11;115.433;67.410
342;11;6;115.433;75.320
343;6;12;72.339;69.750
343;12;6;72.339;77.720
344;6;13;50.206;62.760
344;13;6;50.206;71.500
345;6;13;49.203;76.730
345;13;6;49.203;85.470
346;6;14;67.886;78.090
346;14;6;67.886;88.300
347;6;14;69.187;66.700
347;14;6;69.187;76.910
348;6;14;66.825;58.150
348;14;6;66.825;68.360
349;6;15;129.642;58.320
349;15;6;129.642;69.180
350;6;15;149.916;70.750
350;15;6;149.916;81.610
351;6;16;134.762;58.720
351;16;6;134.762;71.710
352;6;17;66.427;74.810
352;17;6;66.427;88.900
353;6;17;62.601;64.710
353;17;6;62.601;78.800
354;6;17;62.495;56.410
354;17;6;62.495;70.500
355;6;18;128.626;74.360
355;18;6;128.626;88.760
356;6;18;129.469;76.260
356;18;6;129.469;90.660
357;6;18;131.009;66.150
357;18;6;131.009;80.550
358;6;19;98.131;68.580
358;19;6;98.131;83.400
359;6;19;108.093;75.350
359;19;6;108.093;90.170
360;6;19;107.799;68.240
360;19;6;107.799;83.060
361;6;20;97.714;67.170
361;20;6;97.714;82.050
362;6;20;110.721;75.690
362;20;6;110.721;90.570
363;6;20;90.220;69.630
363;20;6;90.220;84.510
364;6;21;57.604;53.410
364;21;6;57.604;68.560
365;6;21;54.547;70.560
365;21;6;54.547;85.710
366;6;22;64.696;76.050
366;22;6;64.696;91.930
367;6;22;65.871;58.750
367;22;6;65.871;74.630
368;6;23;139.249;72.660
368;23;6;139.249;89.020
369;6;23;139.660;56.250
369;23;6;139.660;72.610
370;6;24;91.776;54.670
370;24;6;91.776;71.400
371;6;24;99.572;59.690
371;24;6;99.572;76.420
372;6;24;97.720;69.710
372;24;6;97.720;86.440
373;6;25;56.567;63.150
373;25;6;56.567;80.620
374;6;26;110.552;52.620
374;26;6;110.552;70.640
375;6;26;109.812;68.860
375;26;6;109.812;86.880
376;6;27;81.461;72.000
376;27;6;81.461;90.420
377;6;28;82.567;54.670
377;28;6;82.567;73.220
378;6;29;29.820;8.570
378;29;6;74.820;76.170
379;7;8;95.763;72.550
379;8;7;95.763;73.780
380;7;9;118.587;77.090
380;9;7;118.587;79.480
381;7;10;90.108;62.990
381;10;7;90.108;66.200
382;7;10;89.121;71.770
382;10;7;89.121;74.980
383;7;10;80.448;66.120
383;10;7;80.448;69.330
384;7;11;138.718;69.080
384;11;7;138.718;72.790
385;7;12;96.088;78.250
385;12;7;96.088;82.020
386;7;12;86.473;63.210
386;12;7;86.473;66.980
387;7;13;105.469;60.430
387;13;7;105.469;64.970
388;7;13;103.661;69.190
388;13;7;103.661;73.730
389;7;13;119.549;76.530
389;13;7;119.549;81.070
390;7;14;94.518;73.740
390;14;7;94.518;79.750
391;7;15;162.882;60.630
391;15;7;162.882;67.290
392;7;15;135.942;72.450
392;15;7;135.942;79.110
393;7;15;187.483;74.470
393;15;7;187.483;81.130
394;7;16;148.777;60.880
394;16;7;148.777;69.670
395;7;16;140.830;70.060
395;16;7;140.830;78.850
396;7;16;123.166;55.080
396;16;7;123.166;63.870
397;7;17;81.692;59.870
397;17;7;81.692;69.760
398;7;17;83.982;72.520
398;17;7;83.982;82.410
399;7;17;87.815;71.710
399;17;7;87.815;81.600
400;7;18;92.077;61.540
400;18;7;92.077;71.740
401;7;19;51.988;55.270
401;19;7;51.988;65.890
402;7;19;51.966;62.440
402;19;7;51.966;73.060
403;7;19;51.542;56.650
403;19;7;51.542;67.270
404;7;20;59.458;75.660
404;20;7;59.458;86.340
405;7;20;57.841;63.310
405;20;7;57.841;73.990
406;7;21;91.414;56.940
406;21;7;91.414;67.890
407;7;21;93.845;64.220
407;21;7;93.845;75.170
408;7;22;121.973;62.460
408;22;7;121.973;74.140
409;7;22;110.898;59.330
409;22;7;110.898;71.010
410;7;22;115.464;70.010
410;22;7;115.464;81.690
411;7;23;101.499;69.980
411;23;7;101.499;82.140
412;7;23;94.547;73.870
412;23;7;94.547;86.030
413;7;24;57.233;68.900
413;24;7;57.233;81.430
414;7;25;109.471;68.300
414;25;7;109.471;81.570
415;7;25;98.777;65.330
415;25;7;98.777;78.600
416;7;25;100.730;64.530
416;25;7;100.730;77.800
417;7;26;139.200;55.210
417;26;7;139.200;69.030
418;7;27;98.504;49.310
418;27;7;98.504;63.530
419;7;28;140.527;57.490
419;28;7;140.527;71.840
420;7;28;126.186;53.190
420;28;7;126.186;67.540
421;7;28;145.018;57.360
421;28;7;145.018;71.710
422;7;29;28.285;5.760
422;29;7;73.285;69.160
423;7;29;30.446;15.930
423;29;7;75.446;79.330
424;8;9;68.621;74.430
424;9;8;68.621;75.590
425;8;9;70.558;64.440
425;9;8;70.558;65.600
426;8;10;55.323;81.030
426;10;8;55.323;83.010
427;8;11;128.027;63.970
427;11;8;128.027;66.450
428;8;11;114.596;77.260
428;11;8;114.596;79.740
429;8;12;75.314;63.050
429;12;8;75.314;65.590
430;8;13;59.400;72.910
430;13;8;59.400;76.220
431;8;13;56.279;72.610
431;13;8;56.279;75.920
432;8;13;62.179;79.560
432;13;8;62.179;82.870
433;8;14;59.255;64.880
433;14;8;59.255;69.660
434;8;14;59.698;80.490
434;14;8;59.698;85.270
435;8;14;57.517;76.480
435;14;8;57.517;81.260
436;8;15;137.838;81.680
436;15;8;137.838;87.110
437;8;15;146.772;70.060
437;15;8;146.772;75.490
438;8;16;140.389;59.990
438;16;8;140.389;67.550
439;8;16;138.258;62.190
439;16;8;138.258;69.750
440;8;17;60.381;58.720
440;17;8;60.381;67.380
441;8;18;125.865;73.610
441;18;8;125.865;82.580
442;8;18;122.464;67.550
442;18;8;122.464;76.520
443;8;19;91.481;70.900
443;19;8;91.481;80.290
444;8;19;93.448;67.590
444;19;8;93.448;76.980
445;8;20;92.282;53.480
445;20;8;92.282;62.930
446;8;20;88.401;56.890
446;20;8;88.401;66.340
447;8;20;101.402;56.570
447;20;8;101.402;66.020
448;8;21;55.905;53.450
448;21;8;55.905;63.170
449;8;21;56.661;70.170
449;21;8;56.661;79.890
450;8;21;56.144;68.970
450;21;8;56.144;78.690
451;8;22;71.283;54.820
451;22;8;71.283;65.270
452;8;22;72.537;68.900
452;22;8;72.537;79.350
453;8;22;76.929;73.280
453;22;8;76.929;83.730
454;8;23;136.617;56.920
454;23;8;136.617;67.850
455;8;24;85.204;74.430
455;24;8;85.204;85.730
456;8;24;88.742;55.650
456;24;8;88.742;66.950
457;8;25;58.931;61.130
457;25;8;58.931;73.170
458;8;25;57.028;64.390
458;25;8;57.028;76.430
459;8;25;56.617;55.730
459;25;8;56.617;67.770
460;8;26;117.778;64.190
460;26;8;117.778;76.780
461;8;26;122.462;52.800
461;26;8;122.462;65.390
462;8;26;128.923;67.400
462;26;8;128.923;79.990
463;8;27;84.488;56.940
463;27;8;84.488;69.930
464;8;27;85.247;52.080
464;27;8;85.247;65.070
465;8;27;90.088;55.840
465;27;8;90.088;68.830
466;8;28;90.067;50.880
466;28;8;90.067;64.000
467;8;28;94.850;62.100
467;28;8;94.850;75.220
468;8;29;22.688;17.650
468;29;8;67.688;79.820
469;8;29;26.711;5.940
469;29;8;71.711;68.110
470;8;29;19.159;22.660
470;29;8;64.159;84.830
471;9;10;73.859;77.690
471;10;9;73.859;78.510
472;9;10;74.036;63.030
472;10;9;74.036;63.850
473;9;10;74.227;83.390
473;10;9;74.227;84.210
474;9;11;125.897;68.320
474;11;9;125.897;69.640
475;9;11;115.329;68.240
475;11;9;115.329;69.560
476;9;11;117.020;76.090
476;11;9;117.020;77.410
477;9;12;82.998;62.290
477;12;9;82.998;63.670
478;9;12;89.447;76.940
478;12;9;89.447;78.320
479;9;12;89.879;72.720
479;12;9;89.879;74.100
480;9;13;59.501;66.400
480;13;9;59.501;68.550
481;9;13;58.817;61.360
481;13;9;58.817;63.510
482;9;14;78.310;73.480
482;14;9;78.310;77.100
483;9;15;126.733;58.220
483;15;9;126.733;62.490
484;9;15;126.895;70.660
484;15;9;126.895;74.930
485;9;16;138.102;73.780
485;16;9;138.102;80.180
486;9;17;81.967;68.120
486;17;9;81.967;75.620
487;9;18;142.511;53.210
487;18;9;142.511;61.020
488;9;19;113.670;62.990
488;19;9;113.670;71.220
489;9;19;114.307;69.720
489;19;9;114.307;77.950
490;9;20;113.074;62.680
490;20;9;113.074;70.970
491;9;20;101.358;75.350
491;20;9;101.358;83.640
492;9;21;72.879;65.310
492;21;9;72.879;73.870
493;9;21;67.294;61.480
493;21;9;67.294;70.040
494;9;22;51.162;56.430
494;22;9;51.162;65.720
495;9;22;50.271;64.580
495;22;9;50.271;73.870
496;9;23;152.971;57.260
496;23;9;152.971;67.030
497;9;23;159.315;75.980
497;23;9;159.315;85.750
498;9;24;107.314;64.080
498;24;9;107.314;74.220
499;9;24;92.699;58.120
499;24;9;92.699;68.260
500;9;25;58.417;68.450
500;25;9;58.417;79.330
501;9;25;58.005;50.800
501;25;9;58.005;61.680
502;9;26;111.005;62.460
502;26;9;111.005;73.890
503;9;27;91.181;52.080
503;27;9;91.181;63.910
504;9;28;67.038;58.500
504;28;9;67.038;70.460
505;9;29;45.309;8.310
505;29;9;90.309;69.320
506;9;29;36.760;1.250
506;29;9;81.760;62.260
507;9;29;54.998;21.820
507;29;9;99.998;82.830
508;10;11;119.643;63.120
508;11;10;119.643;63.620
509;10;11;138.234;82.230
509;11;10;138.234;82.730
510;10;12;66.053;83.700
510;12;10;66.053;84.260
511;10;12;62.712;72.870
511;12;10;62.712;73.430
512;10;13;60.372;74.370
512;13;10;60.372;75.700
513;10;13;58.698;70.740
513;13;10;58.698;72.070
514;10;13;59.560;69.070
514;13;10;59.560;70.400
515;10;14;67.218;74.940
515;14;10;67.218;77.740
516;10;14;68.313;66.840
516;14;10;68.313;69.640
517;10;15;132.309;72.540
517;15;10;132.309;75.990
518;10;16;131.899;54.780
518;16;10;131.899;60.360
519;10;17;53.547;61.020
519;17;10;53.547;67.700
520;10;17;52.298;72.360
520;17;10;52.298;79.040
521;10;18;116.180;70.260
521;18;10;116.180;77.250
522;10;18;123.023;64.950
522;18;10;123.023;71.940
523;10;19;84.892;53.780
523;19;10;84.892;61.190
524;10;20;84.311;74.020
524;20;10;84.311;81.490
525;10;20;92.737;56.800
525;20;10;92.737;64.270
526;10;21;46.755;73.800
526;21;10;46.755;81.540
527;10;21;46.899;70.060
527;21;10;46.899;77.800
528;10;21;46.837;72.120
528;21;10;46.837;79.860
529;10;22;78.058;72.230
529;22;10;78.058;80.700
530;10;23;126.893;66.170
530;23;10;126.893;75.120
531;10;23;119.314;54.590
531;23;10;119.314;63.540
532;10;24;78.542;51.840
532;24;10;78.542;61.160
533;10;24;78.145;71.480
533;24;10;78.145;80.800
534;10;24;84.930;55.940
534;24;10;84.930;65.260
535;10;25;67.813;51.810
535;25;10;67.813;61.870
536;10;25;73.303;53.490
536;25;10;73.303;63.550
537;10;25;65.008;67.560
537;25;10;65.008;77.620
538;10;26;111.028;72.410
538;26;10;111.028;83.020
539;10;27;74.973;52.340
539;27;10;74.973;63.350
540;10;28;95.895;68.630
540;28;10;95.895;79.770
541;10;28;108.060;56.550
541;28;10;108.060;67.690
542;10;28;88.650;72.660
542;28;10;88.650;83.800
543;10;29;17.194;2.890
543;29;10;62.194;63.080
544;11;12;98.755;69.450
544;12;11;98.755;69.510
545;11;12;104.036;67.600
545;12;11;104.036;67.660
546;11;13;117.833;76.370
546;13;11;117.833;77.200
547;11;13;127.368;59.380
547;13;11;127.368;60.210
548;11;13;115.773;82.410
548;13;11;115.773;83.240
549;11;14;141.700;63.170
549;14;11;141.700;65.470
550;11;15;78.937;76.900
550;15;11;78.937;79.850
551;11;15;79.739;71.840
551;15;11;79.739;74.790
552;11;15;72.705;62.720
552;15;11;72.705;65.670
553;11;16;57.409;77.570
553;16;11;57.409;82.650
554;11;16;59.584;75.500
554;16;11;59.584;80.580
555;11;17;122.863;63.350
555;17;11;122.863;69.530
556;11;18;117.524;57.970
556;18;11;117.524;64.460
557;11;18;100.540;74.500
557;18;11;100.540;80.990
558;11;19;131.923;64.590
558;19;11;131.923;71.500
559;11;19;140.719;70.420
559;19;11;140.719;77.330
560;11;20;124.353;60.130
560;20;11;124.353;67.100
561;11;20;140.357;58.090
561;20;11;140.357;65.060
562;11;20;111.952;73.040
562;20;11;111.952;80.010
563;11;21;118.254;65.250
563;21;11;118.254;72.490
564;11;21;124.900;75.050
564;21;11;124.900;82.290
565;11;22;131.839;65.440
565;22;11;131.839;73.410
566;11;22;141.463;66.560
566;22;11;141.463;74.530
567;11;23;122.043;67.430
567;23;11;122.043;75.880
568;11;23;121.127;63.770
568;23;11;121.127;72.220
569;11;23;134.992;62.190
569;23;11;134.992;70.640
570;11;24;129.042;67.400
570;24;11;129.042;76.220
571;11;24;130.266;53.970
571;24;11;130.266;62.790
572;11;25;132.951;54.450
572;25;11;132.951;64.010
573;11;25;150.581;53.290
573;25;11;150.581;62.850
574;11;25;129.245;70.030
574;25;11;129.245;79.590
575;11;26;64.736;53.530
575;26;11;64.736;63.640
576;11;27;90.674;64.790
576;27;11;90.674;75.300
577;11;27;83.519;55.040
577;27;11;83.519;65.550
578;11;28;136.347;63.650
578;28;11;136.347;74.290
579;11;29;81.991;13.880
579;29;11;126.991;73.570
580;11;29;98.427;4.550
580;29;11;143.427;64.240
581;11;29;78.648;6.380
581;29;11;123.648;66.070
582;12;13;69.601;64.590
582;13;12;69.601;65.360
583;12;13;65.583;70.930
583;13;12;65.583;71.700
584;12;14;88.266;75.690
584;14;12;88.266;77.930
585;12;14;79.691;71.230
585;14;12;79.691;73.470
586;12;14;85.664;81.790
586;14;12;85.664;84.030
587;12;15;114.552;73.550
587;15;12;114.552;76.440
588;12;16;110.940;61.630
588;16;12;110.940;66.650
589;12;16;121.441;70.300
589;16;12;121.441;75.320
590;12;17;69.444;60.210
590;17;12;69.444;66.330
591;12;18;106.055;74.210
591;18;12;106.055;80.640
592;12;18;92.791;76.470
592;18;12;92.791;82.900
593;12;19;89.354;75.310
593;19;12;89.354;82.160
594;12;19;90.789;59.010
594;19;12;90.789;65.860
595;12;19;83.435;72.600
595;19;12;83.435;79.450
596;12;20;84.813;55.970
596;20;12;84.813;62.880
597;12;21;64.813;77.410
597;21;12;64.813;84.590
598;12;21;67.632;55.350
598;21;12;67.632;62.530
599;12;22;88.897;53.530
599;22;12;88.897;61.440
600;12;22;80.679;70.200
600;22;12;80.679;78.110
601;12;23;116.126;69.870
601;23;12;116.126;78.260
602;12;23;121.100;56.850
602;23;12;121.100;65.240
603;12;24;84.012;54.400
603;24;12;84.012;63.160
604;12;25;83.905;55.520
604;25;12;83.905;65.020
605;12;25;80.542;51.760
605;25;12;80.542;61.260
606;12;25;89.045;71.730
606;25;12;89.045;81.230
607;12;26;91.911;63.840
607;26;12;91.911;73.890
608;12;26;99.140;58.620
608;26;12;99.140;68.670
609;12;27;54.238;53.420
609;27;12;54.238;63.870
610;12;28;102.545;54.390
610;28;12;102.545;64.970
611;12;28;108.632;70.310
611;28;12;108.632;80.890
612;12;28;94.220;55.150
612;28;12;94.220;65.730
613;12;29;30.107;24.020
613;29;12;75.107;83.650
614;12;29;30.316;22.870
614;29;12;75.316;82.500
615;13;14;73.053;59.150
615;14;13;73.053;60.620
616;13;14;67.404;74.660
616;14;13;67.404;76.130
617;13;15;124.458;79.040
617;15;13;124.458;81.160
618;13;16;130.235;70.480
618;16;13;130.235;74.730
619;13;16;131.664;66.280
619;16;13;131.664;70.530
620;13;17;68.885;77.450
620;17;13;68.885;82.800
621;13;18;128.075;66.500
621;18;13;128.075;72.160
622;13;19;100.131;67.740
622;19;13;100.131;73.820
623;13;20;98.966;77.350
623;20;13;98.966;83.490
624;13;20;93.945;59.480
624;20;13;93.945;65.620
625;13;20;109.689;67.580
625;20;13;109.689;73.720
626;13;21;59.075;74.750
626;21;13;59.075;81.160
627;13;22;64.822;66.920
627;22;13;64.822;74.060
628;13;23;138.576;62.690
628;23;13;138.576;70.310
629;13;23;149.941;58.280
629;23;13;149.941;65.900
630;13;24;93.799;67.670
630;24;13;93.799;75.660
631;13;25;60.219;50.240
631;25;13;60.219;58.970
632;13;26;105.565;57.760
632;26;13;105.565;67.040
633;13;26;96.307;54.890
633;26;13;96.307;64.170
634;13;26;119.722;54.240
634;26;13;119.722;63.520
635;13;27;78.419;57.640
635;27;13;78.419;67.320
636;13;27;76.197;55.280
636;27;13;76.197;64.960
637;13;27;80.630;67.890
637;27;13;80.630;77.570
638;13;28;81.175;70.200
638;28;13;81.175;80.010
639;13;28;78.368;70.100
639;28;13;78.368;79.910
640;13;28;75.026;58.070
640;28;13;75.026;67.880
641;13;29;32.509;20.110
641;29;13;77.509;78.970
642;13;29;39.582;1.570
642;29;13;84.582;60.430
643;13;29;31.362;13.680
643;29;13;76.362;72.540
644;14;15;152.070;56.970
644;15;14;152.070;57.620
645;14;15;149.201;72.970
645;15;14;149.201;73.620
646;14;15;133.473;63.420
646;15;14;133.473;64.070
647;14;16;154.004;70.670
647;16;14;154.004;73.450
648;14;17;67.196;69.190
648;17;14;67.196;73.070
649;14;17;65.365;63.470
649;17;14;65.365;67.350
650;14;17;66.874;64.570
650;17;14;66.874;68.450
651;14;18;131.719;72.330
651;18;14;131.719;76.520
652;14;19;92.029;54.440
652;19;14;92.029;59.050
653;14;19;86.425;57.610
653;19;14;86.425;62.220
654;14;20;95.180;54.110
654;20;14;95.180;58.780
655;14;20;91.259;72.060
655;20;14;91.259;76.730
656;14;20;85.857;68.780
656;20;14;85.857;73.450
657;14;21;68.490;66.240
657;21;14;68.490;71.180
658;14;22;78.613;53.950
658;22;14;78.613;59.620
659;14;23;142.452;74.290
659;23;14;142.452;80.440
660;14;23;120.506;65.140
660;23;14;120.506;71.290
661;14;23;118.288;57.960
661;23;14;118.288;64.110
662;14;24;86.406;54.280
662;24;14;86.406;60.800
663;14;24;82.485;55.390
663;24;14;82.485;61.910
664;14;24;85.265;58.170
664;24;14;85.265;64.690
665;14;25;65.193;68.540
665;25;14;65.193;75.800
666;14;26;131.982;64.890
666;26;14;131.982;72.700
667;14;26;148.847;65.780
667;26;14;148.847;73.590
668;14;27;97.165;69.560
668;27;14;97.165;77.770
669;14;27;89.654;72.250
669;27;14;89.654;80.460
670;14;28;97.156;50.020
670;28;14;97.156;58.360
671;14;28;104.306;68.130
671;28;14;104.306;76.470
672;14;29;25.217;22.440
672;29;14;70.217;79.830
673;14;29;23.146;0.640
673;29;14;68.146;58.030
674;15;16;81.032;69.310
674;16;15;81.032;71.440
675;15;16;75.665;61.580
675;16;15;75.665;63.710
676;15;17;138.205;68.870
676;17;15;138.205;72.100
677;15;17;121.190;53.780
677;17;15;121.190;57.010
678;15;17;126.043;68.940
678;17;15;126.043;72.170
679;15;18;149.773;54.450
679;18;15;149.773;57.990
680;15;18;175.595;73.210
680;18;15;175.595;76.750
681;15;18;136.845;66.760
681;18;15;136.845;70.300
682;15;19;155.894;54.610
682;19;15;155.894;58.570
683;15;19;129.062;62.430
683;19;15;129.062;66.390
684;15;19;133.968;53.590
684;19;15;133.968;57.550
685;15;20;149.317;55.870
685;20;15;149.317;59.890
686;15;21;130.613;62.220
686;21;15;130.613;66.510
687;15;21;120.396;68.030
687;21;15;120.396;72.320
688;15;21;113.139;54.330
688;21;15;113.139;58.620
689;15;22;131.545;73.440
689;22;15;131.545;78.460
690;15;22;139.296;60.910
690;22;15;139.296;65.930
691;15;22;145.819;73.360
691;22;15;145.819;78.380
692;15;23;155.233;68.310
692;23;15;155.233;73.810
693;15;23;157.949;57.740
693;23;15;157.949;63.240
694;15;24;151.670;72.630
694;24;15;151.670;78.500
695;15;24;157.055;66.400
695;24;15;157.055;72.270
696;15;25;137.654;56.080
696;25;15;137.654;62.690
697;15;25;152.534;69.170
697;25;15;152.534;75.780
698;15;25;148.486;59.400
698;25;15;148.486;66.010
699;15;26;68.748;61.170
699;26;15;68.748;68.330
700;15;26;64.770;72.520
700;26;15;64.770;79.680
701;15;27;109.689;71.990
701;27;15;109.689;79.550
702;15;27;117.939;53.730
702;27;15;117.939;61.290
703;15;27;93.707;54.790
703;27;15;93.707;62.350
704;15;28;128.736;52.580
704;28;15;128.736;60.270
705;15;29;99.628;8.050
705;29;15;144.628;64.790
706;15;29;114.927;3.890
706;29;15;159.927;60.630
707;16;17;134.874;66.400
707;17;16;134.874;67.500
708;16;17;116.218;72.920
708;17;16;116.218;74.020
709;16;17;114.493;54.770
709;17;16;114.493;55.870
710;16;18;123.109;75.460
710;18;16;123.109;76.870
711;16;19;142.123;69.680
711;19;16;142.123;71.510
712;16;19;150.990;67.790
712;19;16;150.990;69.620
713;16;20;134.327;57.580
713;20;16;134.327;59.470
714;16;21;130.535;55.820
714;21;16;130.535;57.980
715;16;22;144.000;73.660
715;22;16;144.000;76.550
716;16;23;126.135;73.250
716;23;16;126.135;76.620
717;16;23;117.851;66.450
717;23;16;117.851;69.820
718;16;23;132.847;55.510
718;23;16;132.847;58.880
719;16;24;139.672;56.800
719;24;16;139.672;60.540
720;16;25;145.341;64.340
720;25;16;145.341;68.820
721;16;25;135.343;54.090
721;25;16;135.343;58.570
722;16;25;161.992;56.970
722;25;16;161.992;61.450
723;16;26;74.586;56.390
723;26;16;74.586;61.420
724;16;27;102.641;49.940
724;27;16;102.641;55.370
725;16;28;147.797;56.430
725;28;16;147.797;61.990
726;16;28;169.958;69.470
726;28;16;169.958;75.030
727;16;29;93.673;4.320
727;29;16;138.673;58.930
728;16;29;109.961;11.190
728;29;16;154.961;65.800
729;16;29;77.054;5.230
729;29;16;122.054;59.840
730;17;18;110.954;77.860
730;18;17;110.954;78.170
731;17;18;115.966;53.520
731;18;17;115.966;53.830
732;17;18;114.969;74.440
732;18;17;114.969;74.750
733;17;19;76.730;70.330
733;19;17;76.730;71.060
734;17;19;74.517;73.400
734;19;17;74.517;74.130
735;17;20;76.945;76.550
735;20;17;76.945;77.340
736;17;21;55.056;53.950
736;21;17;55.056;55.010
737;17;21;52.911;69.170
737;21;17;52.911;70.230
738;17;22;85.724;73.260
738;22;17;85.724;75.050
739;17;23;121.725;64.340
739;23;17;121.725;66.610
740;17;23;124.754;73.460
740;23;17;124.754;75.730
741;17;24;70.379;68.890
741;24;17;70.379;71.530
742;17;24;73.085;58.280
742;24;17;73.085;60.920
743;17;25;74.232;65.910
743;25;17;74.232;69.290
744;17;25;80.526;53.830
744;25;17;80.526;57.210
745;17;25;74.349;65.800
745;25;17;74.349;69.180
746;17;26;116.122;55.370
746;26;17;116.122;59.300
747;17;26;115.475;70.540
747;26;17;115.475;74.470
748;17;27;77.233;60.800
748;27;17;77.233;65.130
749;17;27;81.452;50.260
749;27;17;81.452;54.590
750;17;27;75.025;53.910
750;27;17;75.025;58.240
751;17;28;103.977;62.480
751;28;17;103.977;66.940
752;17;29;8.647;0.140
752;29;17;53.647;53.650
753;17;29;9.258;8.410
753;29;17;54.258;61.920
754;17;29;9.798;18.510
754;29;17;54.798;72.020
755;18;19;89.275;61.240
755;19;18;89.275;61.660
756;18;19;89.811;58.060
756;19;18;89.811;58.480
757;18;19;88.564;65.550
757;19;18;88.564;65.970
758;18;20;82.907;61.460
758;20;18;82.907;61.940
759;18;20;87.312;72.850
759;20;18;87.312;73.330
760;18;20;87.021;67.060
760;20;18;87.021;67.540
761;18;21;116.411;66.740
761;21;18;116.411;67.490
762;18;21;116.278;73.250
762;21;18;116.278;74.000
763;18;21;133.735;67.620
763;21;18;133.735;68.370
764;18;22;147.844;66.820
764;22;18;147.844;68.300
765;18;22;149.976;64.160
765;22;18;149.976;65.640
766;18;22;159.024;76.440
766;22;18;159.024;77.920
767;18;23;55.772;72.760
767;23;18;55.772;74.720
768;18;24;92.554;61.290
768;24;18;92.554;63.620
769;18;24;91.950;61.020
769;24;18;91.950;63.350
770;18;24;103.360;75.610
770;24;18;103.360;77.940
771;18;25;138.986;70.850
771;25;18;138.986;73.920
772;18;26;127.793;67.310
772;26;18;127.793;70.930
773;18;27;100.783;71.130
773;27;18;100.783;75.150
774;18;27;87.442;61.460
774;27;18;87.442;65.480
775;18;27;107.507;71.950
775;27;18;107.507;75.970
776;18;28;163.287;62.820
776;28;18;163.287;66.970
777;18;28;187.749;67.920
777;28;18;187.749;72.070
778;18;29;61.520;14.010
778;29;18;106.520;67.210
779;18;29;75.884;21.100
779;29;18;120.884;74.300
780;18;29;57.468;4.040
780;29;18;102.468;57.240
781;19;20;53.171;70.670
781;20;19;53.171;70.730
782;19;21;86.065;64.690
782;21;19;86.065;65.020
783;19;21;78.008;67.910
783;21;19;78.008;68.240
784;19;22;117.410;58.290
784;22;19;117.410;59.350
785;19;22;115.704;55.960
785;22;19;115.704;57.020
786;19;22;134.654;57.540
786;22;19;134.654;58.600
787;19;23;99.294;74.370
787;23;19;99.294;75.910
788;19;23;101.276;61.240
788;23;19;101.276;62.780
789;19;24;51.355;57.820
789;24;19;51.355;59.730
790;19;24;52.112;53.290
790;24;19;52.112;55.200
791;19;25;105.370;74.190
791;25;19;105.370;76.840
792;19;25;120.118;60.680
792;25;19;120.118;63.330
793;19;26;132.213;66.130
793;26;19;132.213;69.330
794;19;26;143.991;73.050
794;26;19;143.991;76.250
795;19;26;112.150;68.890
795;26;19;112.150;72.090
796;19;27;91.542;61.870
796;27;19;91.542;65.470
797;19;28;135.696;58.920
797;28;19;135.696;62.650
798;19;28;126.613;55.660
798;28;19;126.613;59.390
799;19;28;127.218;73.630
799;28;19;127.218;77.360
800;19;29;23.796;17.660
800;29;19;68.796;70.440
801;20;21;85.197;64.030
801;21;20;85.197;64.300
802;20;21;87.403;74.800
802;21;20;87.403;75.070
803;20;22;117.357;56.960
803;22;20;117.357;57.960
804;20;22;115.121;63.250
804;22;20;115.121;64.250
805;20;22;133.461;51.990
805;22;20;133.461;52.990
806;20;23;93.319;57.620
806;23;20;93.319;59.100
807;20;23;93.652;57.420
807;23;20;93.652;58.900
808;20;23;82.037;55.220
808;23;20;82.037;56.700
809;20;24;54.650;60.730
809;24;20;54.650;62.580
810;20;25;106.174;57.180
810;25;20;106.174;59.770
811;20;25;100.436;74.610
811;25;20;100.436;77.200
812;20;25;112.064;63.330
812;25;20;112.064;65.920
813;20;26;125.577;66.950
813;26;20;125.577;70.090
814;20;26;142.022;70.710
814;26;20;142.022;73.850
815;20;26;119.089;65.380
815;26;20;119.089;68.520
816;20;27;85.666;60.590
816;27;20;85.666;64.130
817;20;27;93.979;61.350
817;27;20;93.979;64.890
818;20;27;79.774;49.830
818;27;20;79.774;53.370
819;20;28;135.057;69.580
819;28;20;135.057;73.250
820;20;29;25.336;0.930
820;29;20;70.336;53.650
821;20;29;25.871;15.700
821;29;20;70.871;68.420
822;21;22;77.299;57.280
822;22;21;77.299;58.010
823;21;22;77.133;59.500
823;22;21;77.133;60.230
824;21;23;127.095;56.290
824;23;21;127.095;57.500
825;21;23;129.962;53.780
825;23;21;129.962;54.990
826;21;23;133.126;58.600
826;23;21;133.126;59.810
827;21;24;79.729;73.780
827;24;21;79.729;75.360
828;21;24;86.750;53.910
828;24;21;86.750;55.490
829;21;24;74.949;72.650
829;24;21;74.949;74.230
830;21;25;67.623;73.640
830;25;21;67.623;75.960
831;21;25;67.041;69.460
831;25;21;67.041;71.780
832;21;25;72.448;55.800
832;25;21;72.448;58.120
833;21;26;109.413;67.620
833;26;21;109.413;70.490
834;21;26;114.330;64.620
834;26;21;114.330;67.490
835;21;27;73.847;61.180
835;27;21;73.847;64.450
836;21;27;72.728;50.840
836;27;21;72.728;54.110
837;21;27;74.867;73.330
837;27;21;74.867;76.600
838;21;28;94.887;70.030
838;28;21;94.887;73.430
839;21;29;18.686;23.410
839;29;21;63.686;75.860
840;22;23;158.374;59.580
840;23;22;158.374;60.060
841;22;23;183.727;71.230
841;23;22;183.727;71.710
842;22;23;168.501;55.510
842;23;22;168.501;55.990
843;22;24;111.073;54.350
843;24;22;111.073;55.200
844;22;24;103.621;52.320
844;24;22;103.621;53.170
845;22;24;99.292;59.260
845;24;22;99.292;60.110
846;22;25;58.563;66.210
846;25;22;58.563;67.800
847;22;25;55.829;51.050
847;25;22;55.829;52.640
848;22;25;60.818;63.590
848;25;22;60.818;65.180
849;22;26;116.591;55.150
849;26;22;116.591;57.290
850;22;26;109.893;72.200
850;26;22;109.893;74.340
851;22;26;110.076;61.990
851;26;22;110.076;64.130
852;22;27;97.219;68.810
852;27;22;97.219;71.350
853;22;27;91.854;59.810
853;27;22;91.854;62.350
854;22;28;63.928;50.660
854;28;22;63.928;53.330
855;22;29;48.744;3.780
855;29;22;93.744;55.500
856;22;29;45.677;13.270
856;29;22;90.677;64.990
857;23;24;102.932;52.150
857;24;23;102.932;52.520
858;23;24;96.959;53.280
858;24;23;96.959;53.650
859;23;24;96.775;63.750
859;24;23;96.775;64.120
860;23;25;149.690;69.700
860;25;23;149.690;70.810
861;23;26;134.190;52.730
861;26;23;134.190;54.390
862;23;26;143.621;53.100
862;26;23;143.621;54.760
863;23;27;110.337;52.210
863;27;23;110.337;54.270
864;23;27;101.948;63.110
864;27;23;101.948;65.170
865;23;27;118.238;68.710
865;27;23;118.238;70.770
866;23;28;173.550;55.450
866;28;23;173.550;57.640
867;23;28;201.903;73.130
867;28;23;201.903;75.320
868;23;28;177.046;65.660
868;28;23;177.046;67.850
869;23;29;72.243;0.100
869;29;23;117.243;51.340
870;23;29;71.919;7.920
870;29;23;116.919;59.160
871;24;25;99.113;65.910
871;25;24;99.113;66.650
872;24;25;108.302;57.000
872;25;24;108.302;57.740
873;24;25;94.975;72.380
873;25;24;94.975;73.120
874;24;26;128.108;68.650
874;26;24;128.108;69.940
875;24;26;148.362;51.850
875;26;24;148.362;53.140
876;24;27;87.022;67.920
876;27;24;87.022;69.610
877;24;27;85.105;74.130
877;27;24;85.105;75.820
878;24;28;129.341;59.090
878;28;24;129.341;60.910
879;24;29;17.549;21.860
879;29;24;62.549;72.730
880;24;29;20.374;15.370
880;29;24;65.374;66.240
881;24;29;21.128;11.100
881;29;24;66.128;61.970
882;25;26;120.003;52.150
882;26;25;120.003;52.700
883;25;26;131.928;54.550
883;26;25;131.928;55.100
884;25;26;134.540;56.790
884;26;25;134.540;57.340
885;25;27;93.014;51.080
885;27;25;93.014;52.030
886;25;27;98.018;56.940
886;27;25;98.018;57.890
887;25;28;77.413;54.110
887;28;25;77.413;55.190
888;25;28;70.666;54.890
888;28;25;70.666;55.970
889;25;29;36.575;18.110
889;29;25;81.575;68.240
890;25;29;31.934;21.230
890;29;25;76.934;71.360
891;25;29;32.383;11.980
891;29;25;77.383;62.110
892;26;27;86.270;53.530
892;27;26;86.270;53.930
893;26;28;118.623;56.730
893;28;26;118.623;57.260
894;26;28;111.214;57.800
894;28;26;111.214;58.330
895;26;29;76.973;17.420
895;29;26;121.973;67.000
896;26;29;79.155;3.080
896;29;26;124.155;52.660
897;27;28;109.587;59.480
897;28;27;109.587;59.610
898;27;29;36.549;3.270
898;29;27;81.549;52.450
899;27;29;44.301;13.560
899;29;27;89.301;62.740
900;28;29;67.243;3.800
900;29;28;112.243;52.850
901;28;29;74.734;12.710
901;29;28;119.734;61.760
