30
300.0
0;0;1;68.796;116.010
0;1;0;23.796;16.010
1;0;2;94.491;122.390
1;2;0;49.491;24.130
2;0;2;93.140;103.160
2;2;0;48.140;4.900
3;0;3;53.647;93.330
3;3;0;8.647;12.400
4;0;3;54.167;83.930
4;3;0;9.167;3.000
5;0;4;67.688;103.200
5;4;0;22.688;23.120
6;0;4;70.930;91.760
6;4;0;25.930;11.680
7;0;4;63.173;88.850
7;4;0;18.173;8.770
8;0;5;73.285;87.500
8;5;0;28.285;8.970
9;0;6;81.549;83.530
9;6;0;36.549;5.540
10;0;6;86.384;79.480
10;6;0;41.384;1.490
11;0;7;67.496;97.280
11;7;0;22.496;19.670
12;0;7;69.828;91.820
12;7;0;24.828;14.210
13;0;7;70.281;92.980
13;7;0;25.281;15.370
14;0;8;75.107;81.690
14;8;0;30.107;5.330
15;0;8;73.474;90.020
15;8;0;28.474;13.660
16;0;8;69.908;87.480
16;8;0;24.908;11.120
17;0;9;76.387;91.560
17;9;0;31.387;16.960
18;0;10;77.509;97.660
18;10;0;32.509;24.030
19;0;10;76.449;87.220
19;10;0;31.449;13.590
20;0;11;64.222;93.640
20;11;0;19.222;21.680
21;0;11;64.124;83.210
21;11;0;19.124;11.250
22;0;12;62.194;74.200
22;12;0;17.194;2.380
23;0;12;58.028;90.440
23;12;0;13.028;18.620
24;0;12;61.794;82.120
24;12;0;16.794;10.300
25;0;13;72.562;92.990
25;13;0;27.562;21.720
26;0;14;90.309;93.470
26;14;0;45.309;23.050
27;0;14;100.932;78.680
27;14;0;55.932;8.260
28;0;15;54.829;86.180
28;15;0;9.829;16.280
29;0;15;52.557;85.200
29;15;0;7.557;15.300
30;0;15;55.103;75.900
30;15;0;10.103;6.000
31;0;16;63.196;81.080
31;16;0;18.196;13.450
32;0;17;138.673;75.570
32;17;0;93.673;13.130
33;0;17;154.238;77.870
33;17;0;109.238;15.430
34;0;17;147.159;68.580
34;17;0;102.159;6.140
35;0;18;116.350;76.470
35;18;0;71.350;14.190
36;0;18;109.629;63.900
36;18;0;64.629;1.620
37;0;18;117.718;65.500
37;18;0;72.718;3.220
38;0;19;63.520;66.210
38;19;0;18.520;4.210
39;0;19;62.014;65.090
39;19;0;17.014;3.090
40;0;20;74.690;75.460
40;20;0;29.690;13.930
41;0;20;75.612;65.420
41;20;0;30.612;3.890
42;0;21;63.520;61.800
42;21;0;18.520;2.110
43;0;21;66.186;80.420
43;21;0;21.186;20.730
44;0;21;67.906;69.440
44;21;0;22.906;9.750
45;0;22;66.172;83.280
45;22;0;21.172;24.000
46;0;22;67.329;66.590
46;22;0;22.329;7.310
47;0;23;65.827;69.070
47;23;0;20.827;9.800
48;0;23;63.025;80.520
48;23;0;18.025;21.250
49;0;24;76.884;64.000
49;24;0;31.884;5.660
50;0;24;79.272;70.110
50;24;0;34.272;11.770
51;0;24;77.968;59.410
51;24;0;32.968;1.070
52;0;25;64.290;65.320
52;25;0;19.290;8.530
53;0;25;59.474;61.510
53;25;0;14.474;4.720
54;0;25;62.860;59.480
54;25;0;17.860;2.690
55;0;26;94.508;59.230
55;26;0;49.508;3.450
56;0;26;95.554;64.520
56;26;0;50.554;8.740
57;0;26;103.617;72.510
57;26;0;58.617;16.730
58;0;27;52.648;73.080
58;27;0;7.648;17.430
59;0;27;54.403;70.650
59;27;0;9.403;15.000
60;0;27;51.991;77.510
60;27;0;6.991;21.860
61;0;28;51.651;55.370
61;28;0;6.651;0.100
62;0;29;0.000;1.490
62;29;0;0.000;1.490
63;1;2;110.336;107.250
63;2;1;110.336;108.990
64;1;2;98.189;103.530
64;2;1;98.189;105.270
65;1;3;76.730;100.040
65;3;1;76.730;119.110
66;1;3;76.969;92.010
66;3;1;76.969;111.080
67;1;3;79.035;83.200
67;3;1;79.035;102.270
68;1;4;91.481;88.800
68;4;1;91.481;108.720
69;1;5;51.988;92.300
69;5;1;51.988;113.770
70;1;5;52.080;79.650
70;5;1;52.080;101.120
71;1;5;53.368;103.210
71;5;1;53.368;124.680
72;1;6;91.542;99.360
72;6;1;91.542;121.370
73;1;7;90.080;95.790
73;7;1;90.080;118.180
74;1;8;89.354;89.620
74;8;1;89.354;113.260
75;1;9;53.115;82.320
75;9;1;53.115;107.720
76;1;9;54.350;75.180
76;9;1;54.350;100.580
77;1;10;100.131;86.280
77;10;1;100.131;112.650
78;1;11;64.619;77.170
78;11;1;64.619;105.210
79;1;12;84.892;87.170
79;12;1;84.892;115.350
80;1;12;76.763;78.760
80;12;1;76.763;106.940
81;1;12;82.721;85.560
81;12;1;82.721;113.740
82;1;13;86.226;76.970
82;13;1;86.226;105.700
83;1;14;113.670;78.180
83;14;1;113.670;107.760
84;1;15;74.708;87.140
84;15;1;74.708;117.240
85;1;15;69.176;92.220
85;15;1;69.176;122.320
86;1;16;84.989;70.000
86;16;1;84.989;102.370
87;1;16;81.582;72.810
87;16;1;81.582;105.180
88;1;16;82.658;82.890
88;16;1;82.658;115.260
89;1;17;142.123;84.140
89;17;1;142.123;121.700
90;1;18;122.761;83.020
90;18;1;122.761;120.740
91;1;18;108.958;70.310
91;18;1;108.958;108.030
92;1;18;109.372;85.180
92;18;1;109.372;122.900
93;1;19;85.525;83.570
93;19;1;85.525;121.570
94;1;20;86.989;79.460
94;20;1;86.989;117.930
95;1;20;80.813;74.900
95;20;1;80.813;113.370
96;1;20;84.972;75.000
96;20;1;84.972;113.470
97;1;21;85.525;82.570
97;21;1;85.525;122.880
98;1;22;89.356;64.600
98;22;1;89.356;105.320
99;1;22;82.205;63.820
99;22;1;82.205;104.540
100;1;23;82.779;70.120
100;23;1;82.779;110.850
101;1;23;80.487;75.800
101;23;1;80.487;116.530
102;1;24;100.020;78.710
102;24;1;100.020;120.370
103;1;25;84.024;80.140
103;25;1;84.024;123.350
104;1;25;83.493;67.320
104;25;1;83.493;110.530
105;1;25;85.067;67.370
105;25;1;85.067;110.580
106;1;26;95.417;76.030
106;26;1;95.417;120.250
107;1;26;105.746;63.410
107;26;1;105.746;107.630
108;1;27;76.099;63.920
108;27;1;76.099;108.270
109;1;27;81.990;57.160
109;27;1;81.990;101.510
110;1;27;75.449;72.350
110;27;1;75.449;116.700
111;1;28;71.558;59.010
111;28;1;71.558;103.740
112;1;28;73.325;65.410
112;28;1;73.325;110.140
113;1;29;23.796;20.420
113;29;1;68.796;120.420
114;1;29;29.737;21.810
114;29;1;74.737;121.810
115;1;29;23.780;2.810
115;29;1;68.780;102.810
116;2;3;87.276;81.360
116;3;2;87.276;98.690
117;2;3;94.811;83.320
117;3;2;94.811;100.650
118;2;4;86.520;86.370
118;4;2;86.520;104.550
119;2;4;82.563;89.200
119;4;2;82.563;107.380
120;2;5;117.069;101.870
120;5;2;117.069;121.600
121;2;6;66.570;97.090
121;6;2;66.570;117.360
122;2;7;77.528;94.600
122;7;2;77.528;115.250
123;2;8;65.984;99.600
123;8;2;65.984;121.500
124;2;9;114.299;93.440
124;9;2;114.299;117.100
125;2;9;103.316;78.740
125;9;2;103.316;102.400
126;2;9;101.314;87.890
126;9;2;101.314;111.550
127;2;10;74.022;79.160
127;10;2;74.022;103.790
128;2;10;70.847;91.830
128;10;2;70.847;116.460
129;2;11;113.662;83.130
129;11;2;113.662;109.430
130;2;12;80.845;77.190
130;12;2;80.845;103.630
131;2;12;78.107;77.550
131;12;2;78.107;103.990
132;2;12;73.424;80.400
132;12;2;73.424;106.840
133;2;13;69.109;72.930
133;13;2;69.109;99.920
134;2;13;68.232;85.230
134;13;2;68.232;112.220
135;2;13;66.842;75.040
135;13;2;66.842;102.030
136;2;14;80.955;81.560
136;14;2;80.955;109.400
137;2;14;74.298;82.860
137;14;2;74.298;110.700
138;2;15;84.694;70.450
138;15;2;84.694;98.810
139;2;15;80.611;87.900
139;15;2;80.611;116.260
140;2;16;78.322;68.820
140;16;2;78.322;99.450
141;2;16;72.055;69.030
141;16;2;72.055;99.660
142;2;16;70.246;76.130
142;16;2;70.246;106.760
143;2;17;102.209;78.030
143;17;2;102.209;113.850
144;2;18;79.185;68.610
144;18;2;79.185;104.590
145;2;18;71.266;86.110
145;18;2;71.266;122.090
146;2;19;78.457;65.890
146;19;2;78.457;102.150
147;2;20;68.587;82.640
147;20;2;68.587;119.370
148;2;20;72.819;69.820
148;20;2;72.819;106.550
149;2;20;73.384;69.110
149;20;2;73.384;105.840
150;2;21;78.457;83.410
150;21;2;78.457;121.980
151;2;21;78.889;73.980
151;21;2;78.889;112.550
152;2;21;84.697;79.230
152;21;2;84.697;117.800
153;2;22;80.589;63.160
153;22;2;80.589;102.140
154;2;23;73.902;77.350
154;23;2;73.902;116.340
155;2;24;77.378;65.480
155;24;2;77.378;105.400
156;2;25;75.463;74.110
156;25;2;75.463;115.580
157;2;25;72.662;68.250
157;25;2;72.662;109.720
158;2;26;81.911;60.610
158;26;2;81.911;103.090
159;2;26;79.429;61.660
159;26;2;79.429;104.140
160;2;27;93.438;58.000
160;27;2;93.438;100.610
161;2;28;88.091;76.120
161;28;2;88.091;119.110
162;2;28;79.626;58.020
162;28;2;79.626;101.010
163;2;28;93.529;56.240
163;28;2;93.529;99.230
164;2;29;49.491;14.850
164;29;2;94.491;113.110
165;2;29;55.222;0.270
165;29;2;100.222;98.530
166;3;4;60.381;103.630
166;4;3;60.381;104.480
167;3;4;58.082;97.720
167;4;3;58.082;98.570
168;3;5;81.692;95.410
168;5;3;81.692;97.810
169;3;6;77.233;84.640
169;6;3;77.233;87.580
170;3;7;58.852;88.280
170;7;3;58.852;91.600
171;3;7;57.306;93.240
171;7;3;57.306;96.560
172;3;8;69.444;89.380
172;8;3;69.444;93.950
173;3;9;83.904;84.800
173;9;3;83.904;91.130
174;3;10;68.885;75.700
174;10;3;68.885;83.000
175;3;10;68.006;91.850
175;10;3;68.006;99.150
176;3;10;65.785;88.640
176;10;3;65.785;95.940
177;3;11;72.272;86.420
177;11;3;72.272;95.390
178;3;12;53.547;82.300
178;12;3;53.547;91.410
179;3;13;67.457;95.050
179;13;3;67.457;104.710
180;3;13;63.362;86.690
180;13;3;63.362;96.350
181;3;13;63.630;77.800
181;13;3;63.630;87.460
182;3;14;81.967;94.770
182;14;3;81.967;105.280
183;3;14;82.126;90.740
183;14;3;82.126;101.250
184;3;15;50.626;94.400
184;15;3;50.626;105.430
185;3;16;54.733;87.960
185;16;3;54.733;101.260
186;3;16;56.783;81.900
186;16;3;56.783;95.200
187;3;16;54.262;73.160
187;16;3;54.262;86.460
188;3;17;134.874;66.090
188;17;3;134.874;84.580
189;3;17;145.716;82.220
189;17;3;145.716;100.710
190;3;18;111.918;62.720
190;18;3;111.918;81.370
191;3;18;118.287;69.480
191;18;3;118.287;88.130
192;3;19;54.975;82.160
192;19;3;54.975;101.090
193;3;19;52.981;64.520
193;19;3;52.981;83.450
194;3;19;53.703;65.220
194;19;3;53.703;84.150
195;3;20;70.001;76.170
195;20;3;70.001;95.570
196;3;20;67.816;79.330
196;20;3;67.816;98.730
197;3;21;54.975;65.590
197;21;3;54.975;86.830
198;3;21;52.751;63.920
198;21;3;52.751;85.160
199;3;22;57.678;64.110
199;22;3;57.678;85.760
200;3;23;59.887;83.460
200;23;3;59.887;105.120
201;3;24;68.397;74.090
201;24;3;68.397;96.680
202;3;24;62.984;73.400
202;24;3;62.984;95.990
203;3;25;56.840;59.170
203;25;3;56.840;83.310
204;3;25;58.019;57.710
204;25;3;58.019;81.850
205;3;25;57.898;63.280
205;25;3;57.898;87.420
206;3;26;92.906;74.670
206;26;3;92.906;99.820
207;3;26;84.012;75.540
207;26;3;84.012;100.690
208;3;26;93.784;77.270
208;26;3;93.784;102.420
209;3;27;51.574;67.270
209;27;3;51.574;92.550
210;3;27;51.058;74.230
210;27;3;51.058;99.510
211;3;27;52.256;71.360
211;27;3;52.256;96.640
212;3;28;51.171;61.230
212;28;3;51.171;86.890
213;3;28;51.965;77.720
213;28;3;51.965;103.380
214;3;28;50.595;59.470
214;28;3;50.595;85.130
215;3;29;8.647;14.900
215;29;3;53.647;95.830
216;3;29;10.196;12.490
216;29;3;55.196;93.420
217;4;5;95.763;101.060
217;5;4;95.763;102.610
218;4;6;84.488;96.050
218;6;4;84.488;98.140
219;4;7;54.749;77.630
219;7;4;54.749;80.100
220;4;8;75.314;89.200
220;8;4;75.314;92.920
221;4;8;82.394;77.990
221;8;4;82.394;81.710
222;4;9;98.965;79.150
222;9;4;98.965;84.630
223;4;10;59.400;80.650
223;10;4;59.400;87.100
224;4;10;62.954;88.820
224;10;4;62.954;95.270
225;4;11;82.763;78.550
225;11;4;82.763;86.670
226;4;11;88.467;78.600
226;11;4;88.467;86.720
227;4;11;76.980;90.340
227;11;4;76.980;98.460
228;4;12;55.323;75.380
228;12;4;55.323;83.640
229;4;13;74.821;88.780
229;13;4;74.821;97.590
230;4;13;69.490;80.030
230;13;4;69.490;88.840
231;4;14;68.621;87.830
231;14;4;68.621;97.490
232;4;14;73.190;93.000
232;14;4;73.190;102.660
233;4;14;67.890;78.950
233;14;4;67.890;88.610
234;4;15;64.811;70.590
234;15;4;64.811;80.770
235;4;15;62.211;94.440
235;15;4;62.211;104.620
236;4;16;57.858;76.470
236;16;4;57.858;88.920
237;4;17;140.389;70.500
237;17;4;140.389;88.140
238;4;17;118.404;72.940
238;17;4;118.404;90.580
239;4;17;130.262;78.310
239;17;4;130.262;95.950
240;4;18;116.810;78.560
240;18;4;116.810;96.360
241;4;18;126.693;84.500
241;18;4;126.693;102.300
242;4;18;114.952;62.810
242;18;4;114.952;80.610
243;4;19;57.156;67.840
243;19;4;57.156;85.920
244;4;20;77.620;81.620
244;20;4;77.620;100.170
245;4;20;78.149;74.060
245;20;4;78.149;92.610
246;4;20;81.385;62.600
246;20;4;81.385;81.150
247;4;21;57.156;59.820
247;21;4;57.156;80.210
248;4;21;58.353;74.580
248;21;4;58.353;94.970
249;4;22;51.869;79.860
249;22;4;51.869;100.660
250;4;22;53.270;63.830
250;22;4;53.270;84.630
251;4;22;53.272;78.900
251;22;4;53.272;99.700
252;4;23;67.821;62.380
252;23;4;67.821;83.190
253;4;23;72.877;77.170
253;23;4;72.877;97.980
254;4;23;72.698;79.880
254;23;4;72.698;100.690
255;4;24;57.000;74.280
255;24;4;57.000;96.020
256;4;24;58.652;60.350
256;24;4;58.652;82.090
257;4;25;62.705;73.380
257;25;4;62.705;96.670
258;4;25;64.956;67.700
258;25;4;64.956;90.990
259;4;25;58.874;66.870
259;25;4;58.874;90.160
260;4;26;103.016;71.860
260;26;4;103.016;96.160
261;4;26;96.732;62.640
261;26;4;96.732;86.940
262;4;27;60.801;67.550
262;27;4;60.801;91.980
263;4;28;66.487;63.860
263;28;4;66.487;88.670
264;4;28;68.862;70.580
264;28;4;68.862;95.390
265;4;28;65.008;74.750
265;28;4;65.008;99.560
266;4;29;22.688;15.990
266;29;4;67.688;96.070
267;4;29;23.916;10.620
267;29;4;68.916;90.700
268;5;6;98.504;93.230
268;6;5;98.504;93.770
269;5;6;104.884;92.440
269;6;5;104.884;92.980
270;5;7;95.384;97.440
270;7;5;95.384;98.360
271;5;7;104.916;78.660
271;7;5;104.916;79.580
272;5;7;106.442;92.490
272;7;5;106.442;93.410
273;5;8;96.088;96.640
273;8;5;96.088;98.810
274;5;8;92.550;83.820
274;8;5;92.550;85.990
275;5;9;54.760;76.670
275;9;5;54.760;80.600
276;5;10;105.469;89.530
276;10;5;105.469;94.430
277;5;10;119.977;94.590
277;10;5;119.977;99.490
278;5;11;63.721;90.960
278;11;5;63.721;97.530
279;5;11;67.283;76.750
279;11;5;67.283;83.320
280;5;12;90.108;73.080
280;12;5;90.108;79.790
281;5;12;84.277;95.420
281;12;5;84.277;102.130
282;5;13;92.972;78.110
282;13;5;92.972;85.370
283;5;13;99.397;78.980
283;13;5;99.397;86.240
284;5;13;98.661;95.570
284;13;5;98.661;102.830
285;5;14;118.587;75.180
285;14;5;118.587;83.290
286;5;14;127.507;91.930
286;14;5;127.507;100.040
287;5;14;110.653;86.230
287;14;5;110.653;94.340
288;5;15;80.398;79.180
288;15;5;80.398;87.810
289;5;15;84.112;84.140
289;15;5;84.112;92.770
290;5;16;90.512;91.760
290;16;5;90.512;102.660
291;5;16;98.265;70.610
291;16;5;98.265;81.510
292;5;17;148.777;81.430
292;17;5;148.777;97.520
293;5;18;129.661;80.760
293;18;5;129.661;97.010
294;5;18;150.460;80.690
294;18;5;150.460;96.940
295;5;19;90.992;62.190
295;19;5;90.992;78.720
296;5;19;82.975;65.030
296;19;5;82.975;81.560
297;5;20;93.832;67.920
297;20;5;93.832;84.920
298;5;20;104.872;80.700
298;20;5;104.872;97.700
299;5;21;90.992;79.780
299;21;5;90.992;98.620
300;5;21;99.936;75.320
300;21;5;99.936;94.160
301;5;22;94.364;67.500
301;22;5;94.364;86.750
302;5;22;94.125;64.790
302;22;5;94.125;84.040
303;5;23;89.149;80.310
303;23;5;89.149;99.570
304;5;23;94.221;72.750
304;23;5;94.221;92.010
305;5;24;105.087;58.350
305;24;5;105.087;78.540
306;5;24;91.016;70.110
306;24;5;91.016;90.300
307;5;24;92.386;77.310
307;24;5;92.386;97.500
308;5;25;89.999;63.250
308;25;5;89.999;84.990
309;5;25;85.577;69.040
309;25;5;85.577;90.780
310;5;26;102.108;66.630
310;26;5;102.108;89.380
311;5;27;80.025;63.450
311;27;5;80.025;86.330
312;5;27;73.297;63.960
312;27;5;73.297;86.840
313;5;27;73.991;64.800
313;27;5;73.991;87.680
314;5;28;77.067;59.830
314;28;5;77.067;83.090
315;5;29;28.285;21.430
315;29;5;73.285;99.960
316;5;29;24.897;10.260
316;29;5;69.897;88.790
317;5;29;27.670;12.150
317;29;5;72.670;90.680
318;6;7;74.967;97.570
318;7;6;74.967;97.950
319;6;8;54.238;82.840
319;8;6;54.238;84.470
320;6;8;55.133;92.290
320;8;6;55.133;93.920
321;6;9;94.291;91.340
321;9;6;94.291;94.730
322;6;9;105.197;74.860
322;9;6;105.197;78.250
323;6;9;87.031;84.150
323;9;6;87.031;87.540
324;6;10;78.419;76.970
324;10;6;78.419;81.330
325;6;10;77.035;93.150
325;10;6;77.035;97.510
326;6;11;99.245;74.190
326;11;6;99.245;80.220
327;6;11;105.557;73.510
327;11;6;105.557;79.540
328;6;11;107.100;90.220
328;11;6;107.100;96.250
329;6;12;74.973;89.360
329;12;6;74.973;95.530
330;6;13;54.975;72.130
330;13;6;54.975;78.850
331;6;14;91.181;71.160
331;14;6;91.181;78.730
332;6;14;95.796;89.290
332;14;6;95.796;96.860
333;6;15;72.463;70.830
333;15;6;72.463;78.920
334;6;15;72.900;71.420
334;15;6;72.900;79.510
335;6;15;77.806;78.450
335;15;6;77.806;86.540
336;6;16;72.071;89.850
336;16;6;72.071;100.210
337;6;17;102.641;76.270
337;17;6;102.641;91.820
338;6;17;103.195;80.640
338;17;6;103.195;96.190
339;6;17;99.835;62.530
339;17;6;99.835;78.080
340;6;18;79.854;81.890
340;18;6;79.854;97.600
341;6;18;87.568;80.680
341;18;6;87.568;96.390
342;6;19;72.657;86.120
342;19;6;72.657;102.110
343;6;20;52.264;72.300
343;20;6;52.264;88.760
344;6;20;50.868;74.000
344;20;6;50.868;90.460
345;6;21;72.657;67.440
345;21;6;72.657;85.740
346;6;21;75.778;60.300
346;21;6;75.778;78.600
347;6;22;77.631;80.650
347;22;6;77.631;99.360
348;6;22;78.568;74.930
348;22;6;78.568;93.640
349;6;22;72.712;63.130
349;22;6;72.712;81.840
350;6;23;62.667;60.810
350;23;6;62.667;79.530
351;6;24;81.182;65.840
351;24;6;81.182;85.490
352;6;24;83.693;81.410
352;24;6;83.693;101.060
353;6;25;67.291;66.420
353;25;6;67.291;87.620
354;6;25;72.007;57.380
354;25;6;72.007;78.580
355;6;26;64.858;66.070
355;26;6;64.858;88.280
356;6;27;83.752;76.450
356;27;6;83.752;98.790
357;6;27;82.144;64.170
357;27;6;82.144;86.510
358;6;28;74.991;59.270
358;28;6;74.991;81.990
359;6;28;70.108;77.040
359;28;6;70.108;99.760
360;6;29;36.549;23.780
360;29;6;81.549;101.770
361;7;8;65.740;99.420
361;8;7;65.740;100.670
362;7;8;66.638;93.350
362;8;7;66.638;94.600
363;7;9;96.814;79.520
363;9;7;96.814;82.530
364;7;10;55.085;96.490
364;10;7;55.085;100.470
365;7;11;85.599;77.140
365;11;7;85.599;82.790
366;7;12;50.307;83.410
366;12;7;50.307;89.200
367;7;13;65.552;90.230
367;13;7;65.552;96.570
368;7;14;68.888;72.670
368;14;7;68.888;79.860
369;7;15;60.606;73.110
369;15;7;60.606;80.820
370;7;16;50.468;79.600
370;16;7;50.468;89.580
371;7;16;49.584;85.200
371;16;7;49.584;95.180
372;7;16;51.078;81.830
372;16;7;51.078;91.810
373;7;17;130.650;65.910
373;17;7;130.650;81.080
374;7;18;107.080;69.740
374;18;7;107.080;85.070
375;7;18;105.962;67.930
375;18;7;105.962;83.260
376;7;19;49.777;73.690
376;19;7;49.777;89.300
377;7;19;49.811;72.510
377;19;7;49.811;88.120
378;7;19;50.318;70.170
378;19;7;50.318;85.780
379;7;20;68.312;62.280
379;20;7;68.312;78.360
380;7;20;65.520;79.690
380;20;7;65.520;95.770
381;7;20;67.763;83.670
381;20;7;67.763;99.750
382;7;21;49.777;63.900
382;21;7;49.777;81.820
383;7;22;48.090;64.910
383;22;7;48.090;83.240
384;7;23;59.254;83.380
384;23;7;59.254;101.720
385;7;23;62.444;83.950
385;23;7;62.444;102.290
386;7;24;55.181;67.660
386;24;7;55.181;86.930
387;7;25;54.290;56.990
387;25;7;54.290;77.810
388;7;26;93.924;73.500
388;26;7;93.924;95.330
389;7;27;63.056;63.110
389;27;7;63.056;85.070
390;7;27;61.042;62.180
390;27;7;61.042;84.140
391;7;28;63.534;73.910
391;28;7;63.534;96.250
392;7;28;60.734;78.240
392;28;7;60.734;100.580
393;7;29;22.496;2.350
393;29;7;67.496;79.960
394;8;9;93.521;87.840
394;9;8;93.521;89.600
395;8;9;84.538;82.090
395;9;8;84.538;83.850
396;8;10;69.601;87.240
396;10;8;69.601;89.970
397;8;10;64.634;85.230
397;10;8;64.634;87.960
398;8;10;73.967;98.230
398;10;8;73.967;100.960
399;8;11;93.824;74.120
399;11;8;93.824;78.520
400;8;11;95.764;88.850
400;11;8;95.764;93.250
401;8;12;66.053;72.300
401;12;8;66.053;76.840
402;8;12;64.921;92.460
402;12;8;64.921;97.000
403;8;12;66.641;93.380
403;12;8;66.641;97.920
404;8;13;48.134;95.790
404;13;8;48.134;100.880
405;8;14;82.998;80.090
405;14;8;82.998;86.030
406;8;15;65.413;91.570
406;15;8;65.413;98.030
407;8;15;69.614;86.570
407;15;8;69.614;93.030
408;8;15;65.449;73.220
408;15;8;65.449;79.680
409;8;16;63.125;91.680
409;16;8;63.125;100.410
410;8;17;110.940;83.020
410;17;8;110.940;96.940
411;8;17;105.987;64.670
411;17;8;105.987;78.590
412;8;18;87.679;71.180
412;18;8;87.679;85.260
413;8;18;82.634;71.320
413;18;8;82.634;85.400
414;8;19;63.660;79.340
414;19;8;63.660;93.700
415;8;20;48.827;68.280
415;20;8;48.827;83.110
416;8;21;63.660;60.780
416;21;8;63.660;77.450
417;8;22;68.447;60.510
417;22;8;68.447;77.590
418;8;22;65.939;76.790
418;22;8;65.939;93.870
419;8;22;69.261;64.630
419;22;8;69.261;81.710
420;8;23;54.569;65.890
420;23;8;54.569;82.980
421;8;23;55.603;64.440
421;23;8;55.603;81.530
422;8;23;54.280;83.390
422;23;8;54.280;100.480
423;8;24;72.199;71.010
423;24;8;72.199;89.030
424;8;25;58.515;74.190
424;25;8;58.515;93.760
425;8;26;73.717;76.980
425;26;8;73.717;97.560
426;8;27;76.014;71.390
426;27;8;76.014;92.100
427;8;27;79.619;62.240
427;27;8;79.619;82.950
428;8;28;68.466;76.690
428;28;8;68.466;97.780
429;8;28;70.171;56.480
429;28;8;70.171;77.570
430;8;28;69.506;66.530
430;28;8;69.506;87.620
431;8;29;30.107;24.750
431;29;8;75.107;101.110
432;9;10;106.754;76.830
432;10;9;106.754;77.800
433;9;10;115.371;80.430
433;10;9;115.371;81.400
434;9;11;72.076;91.440
434;11;9;72.076;94.080
435;9;12;91.758;92.860
435;12;9;91.758;95.640
436;9;12;87.806;73.330
436;12;9;87.806;76.110
437;9;12;95.560;74.970
437;12;9;95.560;77.750
438;9;13;90.399;92.930
438;13;9;90.399;96.260
439;9;13;91.562;94.220
439;13;9;91.562;97.550
440;9;14;120.617;76.980
440;14;9;120.617;81.160
441;9;15;81.232;87.750
441;15;9;81.232;92.450
442;9;15;79.856;75.700
442;15;9;79.856;80.400
443;9;15;75.275;86.170
443;15;9;75.275;90.870
444;9;16;91.546;89.080
444;16;9;91.546;96.050
445;9;16;93.550;78.180
445;16;9;93.550;85.150
446;9;17;141.250;67.520
446;17;9;141.250;79.680
447;9;18;123.233;70.010
447;18;9;123.233;82.330
448;9;18;112.160;81.980
448;18;9;112.160;94.300
449;9;18;124.688;73.890
449;18;9;124.688;86.210
450;9;19;92.138;64.090
450;19;9;92.138;76.690
451;9;20;90.714;62.730
451;20;9;90.714;75.800
452;9;20;85.176;63.460
452;20;9;85.176;76.530
453;9;20;86.821;73.420
453;20;9;86.821;86.490
454;9;21;92.138;80.620
454;21;9;92.138;95.530
455;9;22;96.362;79.270
455;22;9;96.362;94.590
456;9;22;96.975;73.470
456;22;9;96.975;88.790
457;9;23;88.076;62.060
457;23;9;88.076;77.390
458;9;23;90.921;80.180
458;23;9;90.921;95.510
459;9;23;94.430;69.920
459;23;9;94.430;85.250
460;9;24;106.902;61.550
460;24;9;106.902;77.810
461;9;25;90.011;58.210
461;25;9;90.011;76.020
462;9;25;86.988;71.320
462;25;9;86.988;89.130
463;9;26;94.934;79.630
463;26;9;94.934;98.450
464;9;26;82.664;56.590
464;26;9;82.664;75.410
465;9;27;83.857;57.780
465;27;9;83.857;76.730
466;9;27;87.379;56.510
466;27;9;87.379;75.460
467;9;28;78.346;64.780
467;28;9;78.346;84.110
468;9;28;71.354;66.360
468;28;9;71.354;85.690
469;9;28;85.108;64.720
469;28;9;85.108;84.050
470;9;29;31.387;18.660
470;29;9;76.387;93.260
471;10;11;95.168;77.660
471;11;10;95.168;79.330
472;10;11;104.761;73.860
472;11;10;104.761;75.530
473;10;12;60.372;72.090
473;12;10;60.372;73.900
474;10;12;61.878;81.780
474;12;10;61.878;83.590
475;10;13;70.644;92.420
475;13;10;70.644;94.780
476;10;13;69.179;90.080
476;13;10;69.179;92.440
477;10;13;73.182;94.770
477;13;10;73.182;97.130
478;10;14;59.501;93.400
478;14;10;59.501;96.610
479;10;14;59.311;75.720
479;14;10;59.311;78.930
480;10;15;70.526;74.310
480;15;10;70.526;78.040
481;10;15;73.175;94.770
481;15;10;73.175;98.500
482;10;15;69.945;76.760
482;15;10;69.945;80.490
483;10;16;60.208;88.320
483;16;10;60.208;94.320
484;10;16;61.830;87.950
484;16;10;61.830;93.950
485;10;17;130.235;70.280
485;17;10;130.235;81.470
486;10;17;109.963;76.290
486;17;10;109.963;87.480
487;10;17;126.638;67.980
487;17;10;126.638;79.170
488;10;18;106.687;77.820
488;18;10;106.687;89.170
489;10;18;116.187;86.050
489;18;10;116.187;97.400
490;10;18;106.711;67.810
490;18;10;106.711;79.160
491;10;19;59.627;69.690
491;19;10;59.627;81.320
492;10;19;58.797;78.430
492;19;10;58.797;90.060
493;10;20;73.044;77.400
493;20;10;73.044;89.500
494;10;20;78.147;71.820
494;20;10;78.147;83.920
495;10;20;77.645;74.440
495;20;10;77.645;86.540
496;10;21;59.627;76.980
496;21;10;59.627;90.920
497;10;22;56.546;75.170
497;22;10;56.546;89.520
498;10;23;66.551;59.840
498;23;10;66.551;74.200
499;10;23;70.034;78.830
499;23;10;70.034;93.190
500;10;23;67.072;62.970
500;23;10;67.072;77.330
501;10;24;48.361;73.330
501;24;10;48.361;88.620
502;10;24;47.579;74.900
502;24;10;47.579;90.190
503;10;24;48.836;81.050
503;24;10;48.836;96.340
504;10;25;62.568;56.900
504;25;10;62.568;73.740
505;10;26;98.228;64.270
505;26;10;98.228;82.120
506;10;26;99.737;72.550
506;26;10;99.737;90.400
507;10;26;101.692;73.850
507;26;10;101.692;91.700
508;10;27;72.476;58.320
508;27;10;72.476;76.300
509;10;27;73.871;70.130
509;27;10;73.871;88.110
510;10;27;77.714;71.140
510;27;10;77.714;89.120
511;10;28;73.573;66.090
511;28;10;73.573;84.450
512;10;28;69.646;62.360
512;28;10;69.646;80.720
513;10;29;32.509;7.610
513;29;10;77.509;81.240
514;10;29;24.848;14.410
514;29;10;69.848;88.040
515;11;12;80.483;82.120
515;12;11;80.483;82.260
516;11;12;81.405;86.590
516;12;11;81.405;86.730
517;11;13;91.063;80.000
517;13;11;91.063;80.690
518;11;13;90.086;72.430
518;13;11;90.086;73.120
519;11;14;106.384;75.140
519;14;11;106.384;76.680
520;11;15;73.971;78.560
520;15;11;73.971;80.620
521;11;15;68.415;76.270
521;15;11;68.415;78.330
522;11;16;82.002;90.180
522;16;11;82.002;94.510
523;11;16;80.239;87.900
523;16;11;80.239;92.230
524;11;16;90.510;86.340
524;16;11;90.510;90.670
525;11;17;154.833;78.410
525;17;11;154.833;87.930
526;11;17;135.921;64.410
526;17;11;135.921;73.930
527;11;18;133.461;84.670
527;18;11;133.461;94.350
528;11;19;82.210;62.410
528;19;11;82.210;72.370
529;11;20;92.882;86.460
529;20;11;92.882;96.890
530;11;20;100.002;66.360
530;20;11;100.002;76.790
531;11;20;90.175;76.880
531;20;11;90.175;87.310
532;11;21;82.210;65.670
532;21;11;82.210;77.940
533;11;22;83.631;82.980
533;22;11;83.631;95.660
534;11;22;91.982;72.970
534;22;11;91.982;85.650
535;11;23;84.848;79.970
535;23;11;84.848;92.660
536;11;24;93.874;70.810
536;24;11;93.874;84.430
537;11;25;83.502;72.760
537;25;11;83.502;87.930
538;11;25;81.531;79.690
538;25;11;81.531;94.860
539;11;25;85.845;75.120
539;25;11;85.845;90.290
540;11;26;108.856;72.190
540;26;11;108.856;88.370
541;11;26;106.009;69.950
541;26;11;106.009;86.130
542;11;27;67.692;77.040
542;27;11;67.692;93.350
543;11;27;73.020;56.220
543;27;11;73.020;72.530
544;11;27;71.312;56.840
544;27;11;71.312;73.150
545;11;28;70.585;58.580
545;28;11;70.585;75.270
546;11;29;19.222;9.560
546;29;11;64.222;81.520
547;11;29;15.246;14.350
547;29;11;60.246;86.310
548;11;29;19.288;16.400
548;29;11;64.288;88.360
549;12;13;65.072;83.360
549;13;12;65.072;83.910
550;12;14;73.859;87.730
550;14;12;73.859;89.130
551;12;14;77.289;87.750
551;14;12;77.289;89.150
552;12;15;55.748;74.560
552;15;12;55.748;76.480
553;12;15;53.562;81.940
553;15;12;53.562;83.860
554;12;16;47.930;77.510
554;16;12;47.930;81.700
555;12;17;131.899;65.420
555;17;12;131.899;74.800
556;12;17;139.506;81.320
556;17;12;139.506;90.700
557;12;18;108.490;85.250
557;18;12;108.490;94.790
558;12;18;111.558;72.600
558;18;12;111.558;82.140
559;12;18;108.675;85.920
559;18;12;108.675;95.460
560;12;19;47.493;77.290
560;19;12;47.493;87.110
561;12;20;67.870;81.580
561;20;12;67.870;91.870
562;12;21;47.493;74.410
562;21;12;47.493;86.540
563;12;22;49.784;75.780
563;22;12;49.784;88.320
564;12;22;49.862;68.050
564;22;12;49.862;80.590
565;12;23;57.704;73.790
565;23;12;57.704;86.340
566;12;23;57.462;83.740
566;23;12;57.462;96.290
567;12;24;60.151;58.430
567;24;12;60.151;71.910
568;12;25;52.711;80.930
568;25;12;52.711;95.960
569;12;26;92.930;69.720
569;26;12;92.930;85.760
570;12;26;95.727;65.270
570;26;12;95.727;81.310
571;12;27;58.189;67.260
571;27;12;58.189;83.430
572;12;27;59.331;66.980
572;27;12;59.331;83.150
573;12;27;57.706;79.720
573;27;12;57.706;95.890
574;12;28;58.413;76.800
574;28;12;58.413;93.350
575;12;29;17.194;13.030
575;29;12;62.194;84.850
576;12;29;14.427;6.560
576;29;12;59.427;78.380
577;13;14;84.493;77.300
577;14;13;84.493;78.150
578;13;15;63.034;80.750
578;15;13;63.034;82.120
579;13;15;58.687;77.520
579;15;13;58.687;78.890
580;13;15;62.700;80.080
580;15;13;62.700;81.450
581;13;16;62.198;79.130
581;16;13;62.198;82.770
582;13;16;61.168;87.050
582;16;13;61.168;90.690
583;13;16;66.342;90.980
583;16;13;66.342;94.620
584;13;17;112.493;76.950
584;17;13;112.493;85.780
585;13;17;100.451;63.860
585;17;13;100.451;72.690
586;13;18;89.461;84.070
586;18;13;89.461;93.060
587;13;18;83.891;81.720
587;18;13;83.891;90.710
588;13;19;62.815;83.500
588;19;13;62.815;92.770
589;13;19;62.805;62.750
589;19;13;62.805;72.020
590;13;19;61.408;78.670
590;19;13;61.408;87.940
591;13;20;47.805;67.090
591;20;13;47.805;76.830
592;13;20;47.673;78.640
592;20;13;47.673;88.380
593;13;21;62.815;82.330
593;21;13;62.815;93.910
594;13;21;59.606;66.660
594;21;13;59.606;78.240
595;13;22;68.020;79.650
595;22;13;68.020;91.640
596;13;22;65.082;77.420
596;22;13;65.082;89.410
597;13;22;69.558;82.660
597;22;13;69.558;94.650
598;13;23;52.708;72.150
598;23;13;52.708;84.150
599;13;23;53.961;81.300
599;23;13;53.961;93.300
600;13;24;72.982;68.420
600;24;13;72.982;81.350
601;13;25;57.365;69.810
601;25;13;57.365;84.290
602;13;25;55.914;73.970
602;25;13;55.914;88.450
603;13;25;55.556;80.410
603;25;13;55.556;94.890
604;13;26;73.380;66.680
604;26;13;73.380;82.170
605;13;26;74.201;70.750
605;26;13;74.201;86.240
606;13;27;74.019;57.880
606;27;13;74.019;73.500
607;13;28;65.912;64.400
607;28;13;65.912;80.400
608;13;28;60.725;78.000
608;28;13;60.725;94.000
609;13;29;27.562;8.610
609;29;13;72.562;79.880
610;13;29;30.759;20.260
610;29;13;75.759;91.530
611;14;15;84.479;87.800
611;15;14;84.479;88.320
612;14;15;75.710;93.430
612;15;14;75.710;93.950
613;14;16;74.303;73.610
613;16;14;74.303;76.400
614;14;16;71.726;77.980
614;16;14;71.726;80.770
615;14;17;138.102;79.220
615;17;14;138.102;87.200
616;14;17;139.701;76.060
616;17;14;139.701;84.040
617;14;18;115.123;64.790
617;18;14;115.123;72.930
618;14;18;101.613;74.910
618;18;14;101.613;83.050
619;14;19;73.647;84.940
619;19;14;73.647;93.360
620;14;20;86.666;75.760
620;20;14;86.666;84.650
621;14;20;93.091;86.120
621;20;14;93.091;95.010
622;14;21;73.647;63.600
622;21;14;73.647;74.330
623;14;21;79.629;81.830
623;21;14;79.629;92.560
624;14;21;70.170;72.570
624;21;14;70.170;83.300
625;14;22;69.314;80.610
625;22;14;69.314;91.750
626;14;22;70.846;61.020
626;22;14;70.846;72.160
627;14;22;71.451;59.470
627;22;14;71.451;70.610
628;14;23;81.011;80.470
628;23;14;81.011;91.620
629;14;24;58.725;64.790
629;24;14;58.725;76.870
630;14;25;77.050;64.240
630;25;14;77.050;77.870
631;14;25;84.885;69.890
631;25;14;84.885;83.520
632;14;26;110.986;66.400
632;26;14;110.986;81.040
633;14;27;84.149;56.840
633;27;14;84.149;71.610
634;14;27;93.518;63.040
634;27;14;93.518;77.810
635;14;27;89.286;70.800
635;27;14;89.286;85.570
636;14;28;87.272;77.410
636;28;14;87.272;92.560
637;14;28;95.091;67.040
637;28;14;95.091;82.190
638;14;29;45.309;2.890
638;29;14;90.309;73.310
639;14;29;34.000;15.900
639;29;14;79.000;86.320
640;14;29;38.331;5.620
640;29;14;83.331;76.040
641;15;16;55.322;81.170
641;16;15;55.322;83.440
642;15;16;55.192;73.340
642;16;15;55.192;75.610
643;15;17;130.017;86.220
643;17;15;130.017;93.680
644;15;17;118.782;67.020
644;17;15;118.782;74.480
645;15;18;107.303;64.390
645;18;15;107.303;72.010
646;15;18;115.048;81.430
646;18;15;115.048;89.050
647;15;18;114.862;73.900
647;18;15;114.862;81.520
648;15;19;55.906;70.410
648;19;15;55.906;78.310
649;15;20;65.363;70.990
649;20;15;65.363;79.360
650;15;20;63.220;63.740
650;20;15;63.220;72.110
651;15;20;64.889;82.050
651;20;15;64.889;90.420
652;15;21;55.906;72.020
652;21;15;55.906;82.230
653;15;21;55.929;82.400
653;21;15;55.929;92.610
654;15;21;55.312;76.090
654;21;15;55.312;86.300
655;15;22;60.512;75.030
655;22;15;60.512;85.650
656;15;23;56.015;66.900
656;23;15;56.015;77.530
657;15;23;57.943;83.370
657;23;15;57.943;94.000
658;15;24;70.756;63.140
658;24;15;70.756;74.700
659;15;25;54.857;79.750
659;25;15;54.857;92.860
660;15;25;56.437;81.470
660;25;15;56.437;94.580
661;15;25;53.105;74.630
661;25;15;53.105;87.740
662;15;26;87.406;61.010
662;26;15;87.406;75.130
663;15;26;80.396;65.620
663;26;15;80.396;79.740
664;15;27;56.562;67.570
664;27;15;56.562;81.820
665;15;28;48.511;69.330
665;28;15;48.511;83.960
666;15;29;9.829;6.340
666;29;15;54.829;76.240
667;15;29;7.537;3.830
667;29;15;52.537;73.730
668;15;29;11.147;2.060
668;29;15;56.147;71.960
669;16;17;128.972;68.260
669;17;16;128.972;73.450
670;16;17;121.902;80.470
670;17;16;121.902;85.660
671;16;18;105.572;65.610
671;18;16;105.572;70.960
672;16;18;107.543;65.430
672;18;16;107.543;70.780
673;16;19;45.760;65.900
673;19;16;45.760;71.530
674;16;20;65.000;67.880
674;20;16;65.000;73.980
675;16;21;45.760;60.450
675;21;16;45.760;68.390
676;16;22;51.494;69.070
676;22;16;51.494;77.420
677;16;23;54.969;66.460
677;23;16;54.969;74.820
678;16;23;53.144;63.140
678;23;16;53.144;71.500
679;16;24;60.628;66.580
679;24;16;60.628;75.870
680;16;24;58.023;73.300
680;24;16;58.023;82.590
681;16;25;49.879;59.640
681;25;16;49.879;70.480
682;16;26;90.195;69.940
682;26;16;90.195;81.790
683;16;27;60.254;57.700
683;27;16;60.254;69.680
684;16;27;61.679;74.610
684;27;16;61.679;86.590
685;16;28;58.464;79.430
685;28;16;58.464;91.790
686;16;28;57.592;79.360
686;28;16;57.592;91.720
687;16;28;60.061;69.100
687;28;16;60.061;81.460
688;16;29;18.196;7.950
688;29;16;63.196;75.580
689;16;29;18.480;15.620
689;29;16;63.480;83.250
690;16;29;15.320;3.500
690;29;16;60.320;71.130
691;17;18;68.616;65.540
691;18;17;68.616;65.700
692;17;18;72.499;70.940
692;18;17;72.499;71.100
693;17;18;64.692;84.150
693;18;17;64.692;84.310
694;17;19;129.450;83.290
694;19;17;129.450;83.730
695;17;19;120.933;64.580
695;19;17;120.933;65.020
696;17;19;135.925;70.360
696;19;17;135.925;70.800
697;17;20;109.881;74.610
697;20;17;109.881;75.520
698;17;20;94.223;79.010
698;20;17;94.223;79.920
699;17;20;101.241;71.560
699;20;17;101.241;72.470
700;17;21;129.450;82.480
700;21;17;129.450;85.230
701;17;21;117.445;67.450
701;21;17;117.445;70.200
702;17;22;133.638;80.360
702;22;17;133.638;83.520
703;17;22;145.010;72.250
703;22;17;145.010;75.410
704;17;23;120.189;82.100
704;23;17;120.189;85.270
705;17;24;133.556;60.110
705;24;17;133.556;64.210
706;17;24;117.221;82.390
706;24;17;117.221;86.490
707;17;24;141.825;73.130
707;24;17;141.825;77.230
708;17;25;124.454;70.200
708;25;17;124.454;75.850
709;17;25;120.797;69.170
709;25;17;120.797;74.820
710;17;26;91.711;67.320
710;26;17;91.711;73.980
711;17;27;141.388;65.680
711;27;17;141.388;72.470
712;17;27;126.929;69.370
712;27;17;126.929;76.160
713;17;28;132.307;56.850
713;28;17;132.307;64.020
714;17;28;118.032;71.420
714;28;17;118.032;78.590
715;17;28;136.718;71.470
715;28;17;136.718;78.640
716;17;29;93.673;23.890
716;29;17;138.673;86.330
717;17;29;102.346;23.790
717;29;17;147.346;86.230
718;17;29;114.846;2.310
718;29;17;159.846;64.750
719;18;19;106.024;86.540
719;19;18;106.024;86.820
720;18;19;106.445;72.200
720;19;18;106.445;72.480
721;18;20;86.967;73.110
721;20;18;86.967;73.860
722;18;20;94.651;69.120
722;20;18;94.651;69.870
723;18;21;106.024;75.190
723;21;18;106.024;77.780
724;18;21;118.096;76.330
724;21;18;118.096;78.920
725;18;21;101.635;69.230
725;21;18;101.635;71.820
726;18;22;110.084;66.340
726;22;18;110.084;69.340
727;18;23;97.091;82.370
727;23;18;97.091;85.380
728;18;23;108.740;63.140
728;23;18;108.740;66.150
729;18;23;85.297;76.560
729;23;18;85.297;79.570
730;18;24;109.996;69.860
730;24;18;109.996;73.800
731;18;24;116.952;74.930
731;24;18;116.952;78.870
732;18;25;101.153;63.370
732;25;18;101.153;68.860
733;18;25;104.157;67.730
733;25;18;104.157;73.220
734;18;26;73.838;78.350
734;26;18;73.838;84.850
735;18;26;73.649;79.180
735;26;18;73.649;85.680
736;18;26;68.788;57.310
736;26;18;68.788;63.810
737;18;27;118.478;75.150
737;27;18;118.478;81.780
738;18;27;113.828;70.780
738;27;18;113.828;77.410
739;18;27;101.908;70.470
739;27;18;101.908;77.100
740;18;28;109.830;76.950
740;28;18;109.830;83.960
741;18;29;71.350;4.510
741;29;18;116.350;66.790
742;19;20;65.620;73.630
742;20;19;65.620;74.100
743;19;20;60.520;68.490
743;20;19;60.520;68.960
744;19;20;67.407;76.050
744;20;19;67.407;76.520
745;19;21;45.000;75.690
745;21;19;45.000;78.000
746;19;22;50.739;71.850
746;22;19;50.739;74.570
747;19;22;51.977;81.810
747;22;19;51.977;84.530
748;19;22;51.702;75.750
748;22;19;51.702;78.470
749;19;23;55.664;79.870
749;23;19;55.664;82.600
750;19;24;59.954;60.670
750;24;19;59.954;64.330
751;19;24;59.468;72.220
751;24;19;59.468;75.880
752;19;25;50.552;81.370
752;25;19;50.552;86.580
753;19;25;50.031;65.580
753;25;19;50.031;70.790
754;19;25;50.209;75.230
754;25;19;50.209;80.440
755;19;26;90.875;79.420
755;26;19;90.875;85.640
756;19;26;87.460;63.860
756;26;19;87.460;70.080
757;19;27;60.269;70.360
757;27;19;60.269;76.710
758;19;27;59.266;57.070
758;27;19;59.266;63.420
759;19;28;58.977;61.610
759;28;19;58.977;68.340
760;19;28;61.637;68.600
760;28;19;61.637;75.330
761;19;29;18.520;3.380
761;29;19;63.520;65.380
762;20;21;65.620;81.430
762;21;20;65.620;83.270
763;20;21;66.103;70.710
763;21;20;66.103;72.550
764;20;22;70.811;84.110
764;22;20;70.811;86.360
765;20;23;55.416;66.670
765;23;20;55.416;68.930
766;20;23;55.188;72.240
766;23;20;55.188;74.500
767;20;24;75.495;76.330
767;24;20;75.495;79.520
768;20;24;77.796;65.080
768;24;20;77.796;68.270
769;20;25;60.161;70.540
769;25;20;60.161;75.280
770;20;26;70.655;63.220
770;26;20;70.655;68.970
771;20;27;76.539;67.480
771;27;20;76.539;73.360
772;20;28;68.066;70.830
772;28;20;68.066;77.090
773;20;28;72.324;58.210
773;28;20;72.324;64.470
774;20;29;29.690;23.900
774;29;20;74.690;85.430
775;21;22;50.739;79.590
775;22;21;50.739;80.000
776;21;23;55.664;70.470
776;23;21;55.664;70.890
777;21;24;59.954;75.270
777;24;21;59.954;76.620
778;21;24;57.862;81.870
778;24;21;57.862;83.220
779;21;24;61.003;83.160
779;24;21;61.003;84.510
780;21;25;50.552;59.050
780;25;21;50.552;61.950
781;21;26;90.875;56.010
781;26;21;90.875;59.920
782;21;26;94.903;70.090
782;26;21;94.903;74.000
783;21;26;92.495;72.990
783;26;21;92.495;76.900
784;21;27;60.269;72.910
784;27;21;60.269;76.950
785;21;27;57.505;74.660
785;27;21;57.505;78.700
786;21;27;58.296;69.320
786;27;21;58.296;73.360
787;21;28;58.977;77.770
787;28;21;58.977;82.190
788;21;28;55.564;80.180
788;28;21;55.564;84.600
789;21;28;61.043;55.680
789;28;21;61.043;60.100
790;21;29;18.520;1.620
790;29;21;63.520;61.310
791;21;29;18.072;23.530
791;29;21;63.072;83.220
792;21;29;13.940;6.760
792;29;21;58.940;66.450
793;22;23;61.247;63.280
793;23;22;61.247;63.290
794;22;23;61.322;72.560
794;23;22;61.322;72.570
795;22;23;60.266;73.820
795;23;22;60.266;73.830
796;22;24;55.724;78.920
796;24;22;55.724;79.860
797;22;25;56.129;63.110
797;25;22;56.129;65.600
798;22;25;55.697;63.880
798;25;22;55.697;66.370
799;22;26;96.304;56.220
799;26;22;96.304;59.720
800;22;27;60.946;55.930
800;27;22;60.946;59.560
801;22;27;57.711;62.790
801;27;22;57.711;66.420
802;22;28;63.039;61.820
802;28;22;63.039;65.830
803;22;29;21.172;7.790
803;29;22;66.172;67.070
804;23;24;68.195;83.280
804;24;23;68.195;84.210
805;23;24;65.854;69.500
805;24;23;65.854;70.430
806;23;24;67.477;70.740
806;24;23;67.477;71.670
807;23;25;50.126;71.170
807;25;23;50.126;73.650
808;23;25;51.373;67.210
808;25;23;51.373;69.690
809;23;26;80.236;59.650
809;26;23;80.236;63.140
810;23;26;75.772;59.270
810;26;23;75.772;62.760
811;23;26;88.490;75.950
811;26;23;88.490;79.440
812;23;27;66.460;62.790
812;27;23;66.460;66.410
813;23;28;59.274;63.860
813;28;23;59.274;67.860
814;23;29;20.827;13.020
814;29;23;65.827;72.290
815;23;29;18.771;2.130
815;29;23;63.771;61.400
816;23;29;24.927;5.670
816;29;23;69.927;64.940
817;24;25;63.772;62.960
817;25;24;63.772;64.510
818;24;25;65.667;72.480
818;25;24;65.667;74.030
819;24;26;100.908;72.830
819;26;24;100.908;75.390
820;24;27;71.250;68.600
820;27;24;71.250;71.290
821;24;28;73.563;75.940
821;28;24;73.563;79.010
822;24;28;71.339;59.600
822;28;24;71.339;62.670
823;24;29;31.884;9.350
823;29;24;76.884;67.690
824;25;26;85.323;61.020
824;26;25;85.323;62.030
825;25;26;93.215;80.450
825;26;25;93.215;81.460
826;25;26;86.876;61.630
826;26;25;86.876;62.640
827;25;27;63.193;80.640
827;27;25;63.193;81.780
828;25;27;66.512;63.010
828;27;25;66.512;64.150
829;25;27;59.562;62.400
829;27;25;59.562;63.540
830;25;28;58.365;62.220
830;28;25;58.365;63.740
831;25;28;56.559;63.080
831;28;25;56.559;64.600
832;25;28;58.552;78.390
832;28;25;58.552;79.910
833;25;29;19.290;13.020
833;29;25;64.290;69.810
834;25;29;21.778;16.210
834;29;25;66.778;73.000
835;26;27;98.895;66.330
835;27;26;98.895;66.460
836;26;27;99.452;61.870
836;27;26;99.452;62.000
837;26;27;102.419;69.760
837;27;26;102.419;69.890
838;26;28;88.814;69.150
838;28;26;88.814;69.660
839;26;29;49.508;1.780
839;29;26;94.508;57.560
840;27;28;55.342;61.010
840;28;27;55.342;61.390
841;27;29;7.648;15.210
841;29;27;52.648;70.860
842;27;29;8.909;9.210
842;29;27;53.909;64.860
843;27;29;6.385;16.920
843;29;27;51.385;72.570
844;28;29;6.651;8.750
844;29;28;51.651;64.020
845;28;29;7.639;22.820
845;29;28;52.639;78.090
846;28;29;6.695;2.220
846;29;28;51.695;57.490
