30
240.0
0;0;1;94.491;109.300
0;1;0;49.491;9.300
1;0;1;97.217;111.780
1;1;0;52.217;11.780
2;0;2;68.796;103.840
2;2;0;23.796;12.300
3;0;2;72.911;112.000
3;2;0;27.911;20.460
4;0;3;53.647;105.460
4;3;0;8.647;20.410
5;0;4;73.285;91.390
5;4;0;28.285;8.320
6;0;4;72.143;89.840
6;4;0;27.143;6.770
7;0;5;81.549;105.640
7;5;0;36.549;23.730
8;0;5;78.400;100.750
8;5;0;33.400;18.840
9;0;5;80.623;83.610
9;5;0;35.623;1.700
10;0;6;75.107;95.840
10;6;0;30.107;14.690
11;0;6;70.043;81.590
11;6;0;25.043;0.440
12;0;6;74.913;100.750
12;6;0;29.913;19.600
13;0;7;67.688;82.930
13;7;0;22.688;3.710
14;0;7;71.159;102.090
14;7;0;26.159;22.870
15;0;8;77.509;92.660
15;8;0;32.509;16.070
16;0;8;77.193;95.560
16;8;0;32.193;18.970
17;0;8;80.582;79.370
17;8;0;35.582;2.780
18;0;9;76.387;95.480
18;9;0;31.387;19.390
19;0;9;72.522;100.670
19;9;0;27.522;24.580
20;0;9;78.911;98.480
20;9;0;33.911;22.390
21;0;10;62.194;82.290
21;10;0;17.194;6.600
22;0;10;64.452;77.210
22;10;0;19.452;1.520
23;0;11;90.309;77.200
23;11;0;45.309;2.390
24;0;11;95.449;94.590
24;11;0;50.449;19.780
25;0;12;64.222;79.850
25;12;0;19.222;5.320
26;0;13;72.562;75.070
26;13;0;27.562;2.190
27;0;13;75.450;74.920
27;13;0;30.450;2.040
28;0;13;76.516;80.950
28;13;0;31.516;8.070
29;0;14;67.496;89.580
29;14;0;22.496;19.730
30;0;14;64.865;76.910
30;14;0;19.865;7.060
31;0;14;68.453;86.800
31;14;0;23.453;16.950
32;0;15;54.829;89.870
32;15;0;9.829;20.770
33;0;15;55.291;73.130
33;15;0;10.291;4.030
34;0;16;63.196;70.910
34;16;0;18.196;3.120
35;0;16;67.122;81.010
35;16;0;22.122;13.220
36;0;16;59.593;81.630
36;16;0;14.593;13.840
37;0;17;94.508;84.580
37;17;0;49.508;18.370
38;0;17;99.421;72.610
38;17;0;54.421;6.400
39;0;18;116.350;84.110
39;18;0;71.350;18.360
40;0;18;103.229;77.460
40;18;0;58.229;11.710
41;0;18;112.215;89.220
41;18;0;67.215;23.470
42;0;19;138.673;81.440
42;19;0;93.673;16.900
43;0;19;132.552;67.350
43;19;0;87.552;2.810
44;0;20;74.690;73.020
44;20;0;29.690;9.440
45;0;20;72.778;65.860
45;20;0;27.778;2.280
46;0;20;71.094;78.050
46;20;0;26.094;14.470
47;0;21;63.520;85.840
47;21;0;18.520;23.050
48;0;22;76.884;84.350
48;22;0;31.884;21.790
49;0;22;74.218;76.590
49;22;0;29.218;14.030
50;0;23;65.827;72.270
50;23;0;20.827;10.230
51;0;23;65.645;76.050
51;23;0;20.645;14.010
52;0;24;66.172;81.530
52;24;0;21.172;20.290
53;0;24;65.625;63.940
53;24;0;20.625;2.700
54;0;25;64.290;84.380
54;25;0;19.290;24.530
55;0;25;60.614;71.840
55;25;0;15.614;11.990
56;0;26;71.736;60.560
56;26;0;26.736;1.640
57;0;27;63.686;79.920
57;27;0;18.686;21.310
58;0;27;60.891;69.570
58;27;0;15.891;10.960
59;0;28;51.651;65.720
59;28;0;6.651;7.210
60;0;29;0.000;1.850
60;29;0;0.000;1.850
61;1;2;110.336;98.470
61;2;1;110.336;106.930
62;1;3;87.276;94.960
62;3;1;87.276;109.910
63;1;3;86.489;92.830
63;3;1;86.489;107.780
64;1;3;83.473;92.840
64;3;1;83.473;107.790
65;1;4;117.069;86.720
65;4;1;117.069;103.650
66;1;4;115.141;93.910
66;4;1;115.141;110.840
67;1;4;133.702;94.090
67;4;1;133.702;111.020
68;1;5;66.570;104.740
68;5;1;66.570;122.830
69;1;5;67.485;89.610
69;5;1;67.485;107.700
70;1;6;65.984;101.830
70;6;1;65.984;120.680
71;1;6;63.640;97.160
71;6;1;63.640;116.010
72;1;6;62.661;87.890
72;6;1;62.661;106.740
73;1;7;86.520;90.940
73;7;1;86.520;111.720
74;1;8;74.022;97.970
74;8;1;74.022;121.380
75;1;9;114.299;80.900
75;9;1;114.299;104.810
76;1;9;119.094;91.320
76;9;1;119.094;115.230
77;1;9;123.522;80.590
77;9;1;123.522;104.500
78;1;10;80.845;96.070
78;10;1;80.845;120.380
79;1;11;80.955;96.460
79;11;1;80.955;121.650
80;1;11;88.586;88.580
80;11;1;88.586;113.770
81;1;11;81.798;84.870
81;11;1;81.798;110.060
82;1;12;113.662;88.430
82;12;1;113.662;113.900
83;1;12;96.653;85.190
83;12;1;96.653;110.660
84;1;13;69.109;88.570
84;13;1;69.109;115.690
85;1;13;65.555;84.890
85;13;1;65.555;112.010
86;1;14;77.528;88.850
86;14;1;77.528;119.000
87;1;14;85.163;91.450
87;14;1;85.163;121.600
88;1;15;84.694;76.730
88;15;1;84.694;107.630
89;1;15;81.818;72.650
89;15;1;81.818;103.550
90;1;15;75.344;71.380
90;15;1;75.344;102.280
91;1;16;78.322;71.170
91;16;1;78.322;103.380
92;1;16;74.176;67.990
92;16;1;74.176;100.200
93;1;17;81.911;71.500
93;17;1;81.911;105.290
94;1;18;79.185;80.110
94;18;1;79.185;114.360
95;1;18;76.294;75.770
95;18;1;76.294;110.020
96;1;19;102.209;67.660
96;19;1;102.209;103.120
97;1;19;111.910;74.250
97;19;1;111.910;109.710
98;1;20;68.587;67.390
98;20;1;68.587;103.810
99;1;20;67.905;76.630
99;20;1;67.905;113.050
100;1;21;78.457;85.990
100;21;1;78.457;123.200
101;1;22;77.378;70.090
101;22;1;77.378;107.530
102;1;22;83.090;67.440
102;22;1;83.090;104.880
103;1;23;73.902;79.170
103;23;1;73.902;117.130
104;1;24;80.589;73.230
104;24;1;80.589;111.990
105;1;24;73.876;81.140
105;24;1;73.876;119.900
106;1;25;75.463;74.260
106;25;1;75.463;114.410
107;1;25;80.186;65.530
107;25;1;80.186;105.680
108;1;25;67.971;61.580
108;25;1;67.971;101.730
109;1;26;74.997;74.980
109;26;1;74.997;116.060
110;1;26;82.141;73.870
110;26;1;82.141;114.950
111;1;26;69.432;80.590
111;26;1;69.432;121.670
112;1;27;79.129;67.520
112;27;1;79.129;108.910
113;1;28;88.091;72.000
113;28;1;88.091;113.490
114;1;28;78.695;62.170
114;28;1;78.695;103.660
115;1;28;89.236;66.070
115;28;1;89.236;107.560
116;1;29;49.491;5.010
116;29;1;94.491;105.010
117;1;29;38.541;17.720
117;29;1;83.541;117.720
118;1;29;38.659;16.610
118;29;1;83.659;116.610
119;2;3;76.730;90.440
119;3;2;76.730;96.930
120;2;3;75.423;109.750
120;3;2;75.423;116.240
121;2;4;51.988;106.420
121;4;2;51.988;114.890
122;2;4;52.363;102.520
122;4;2;52.363;110.990
123;2;4;51.548;105.160
123;4;2;51.548;113.630
124;2;5;91.542;97.290
124;5;2;91.542;106.920
125;2;5;97.143;98.630
125;5;2;97.143;108.260
126;2;6;89.354;88.330
126;6;2;89.354;98.720
127;2;7;91.481;85.120
127;7;2;91.481;97.440
128;2;7;84.232;79.400
128;7;2;84.232;91.720
129;2;8;100.131;80.030
129;8;2;100.131;94.980
130;2;8;93.876;82.140
130;8;2;93.876;97.090
131;2;8;105.682;91.830
131;8;2;105.682;106.780
132;2;9;53.115;88.670
132;9;2;53.115;104.120
133;2;10;84.892;84.810
133;10;2;84.892;100.660
134;2;10;90.473;90.790
134;10;2;90.473;106.640
135;2;10;93.025;91.860
135;10;2;93.025;107.710
136;2;11;113.670;91.730
136;11;2;113.670;108.460
137;2;11;106.931;99.520
137;11;2;106.931;116.250
138;2;11;108.822;99.410
138;11;2;108.822;116.140
139;2;12;64.619;81.880
139;12;2;64.619;98.890
140;2;12;65.898;94.500
140;12;2;65.898;111.510
141;2;12;61.332;83.760
141;12;2;61.332;100.770
142;2;13;86.226;86.280
142;13;2;86.226;104.940
143;2;13;85.588;90.690
143;13;2;85.588;109.350
144;2;13;87.284;94.360
144;13;2;87.284;113.020
145;2;14;90.080;87.870
145;14;2;90.080;109.560
146;2;15;74.708;75.650
146;15;2;74.708;98.090
147;2;15;74.061;92.410
147;15;2;74.061;114.850
148;2;15;72.717;84.710
148;15;2;72.717;107.150
149;2;16;84.989;87.540
149;16;2;84.989;111.290
150;2;16;87.561;79.130
150;16;2;87.561;102.880
151;2;16;91.380;78.800
151;16;2;91.380;102.550
152;2;17;95.417;91.170
152;17;2;95.417;116.500
153;2;17;98.625;87.710
153;17;2;98.625;113.040
154;2;17;105.919;86.540
154;17;2;105.919;111.870
155;2;18;122.761;69.600
155;18;2;122.761;95.390
156;2;18;133.775;82.530
156;18;2;133.775;108.320
157;2;18;128.197;69.620
157;18;2;128.197;95.410
158;2;19;142.123;68.100
158;19;2;142.123;95.100
159;2;20;86.989;75.010
159;20;2;86.989;102.970
160;2;20;85.821;71.310
160;20;2;85.821;99.270
161;2;20;82.685;79.620
161;20;2;82.685;107.580
162;2;21;85.525;67.220
162;21;2;85.525;95.970
163;2;21;75.653;77.520
163;21;2;75.653;106.270
164;2;22;100.020;77.290
164;22;2;100.020;106.270
165;2;23;82.779;83.900
165;23;2;82.779;113.400
166;2;24;89.356;67.610
166;24;2;89.356;97.910
167;2;24;84.140;72.590
167;24;2;84.140;102.890
168;2;24;91.506;76.440
168;24;2;91.506;106.740
169;2;25;84.024;65.320
169;25;2;84.024;97.010
170;2;25;88.525;80.550
170;25;2;88.525;112.240
171;2;26;81.092;59.910
171;26;2;81.092;92.530
172;2;27;86.065;63.250
172;27;2;86.065;96.180
173;2;28;71.558;75.380
173;28;2;71.558;108.410
174;2;28;74.242;77.890
174;28;2;74.242;110.920
175;2;28;73.297;72.490
175;28;2;73.297;105.520
176;2;29;23.796;0.240
176;29;2;68.796;91.780
177;3;4;81.692;96.350
177;4;3;81.692;98.330
178;3;4;87.806;107.730
178;4;3;87.806;109.710
179;3;4;74.955;91.620
179;4;3;74.955;93.600
180;3;5;77.233;102.720
180;5;3;77.233;105.860
181;3;6;69.444;82.870
181;6;3;69.444;86.770
182;3;6;64.066;93.570
182;6;3;64.066;97.470
183;3;7;60.381;88.710
183;7;3;60.381;94.540
184;3;7;60.934;87.320
184;7;3;60.934;93.150
185;3;8;68.885;76.980
185;8;3;68.885;85.440
186;3;9;83.904;78.160
186;9;3;83.904;87.120
187;3;9;80.607;77.680
187;9;3;80.607;86.640
188;3;9;74.421;77.500
188;9;3;74.421;86.460
189;3;10;53.547;83.280
189;10;3;53.547;92.640
190;3;10;52.641;94.620
190;10;3;52.641;103.980
191;3;10;54.598;99.530
191;10;3;54.598;108.890
192;3;11;81.967;91.520
192;11;3;81.967;101.760
193;3;11;84.788;87.840
193;11;3;84.788;98.080
194;3;12;72.272;90.140
194;12;3;72.272;100.660
195;3;12;78.515;81.200
195;12;3;78.515;91.720
196;3;12;71.561;80.750
196;12;3;71.561;91.270
197;3;13;67.457;87.560
197;13;3;67.457;99.730
198;3;13;67.135;90.290
198;13;3;67.135;102.460
199;3;14;58.852;77.750
199;14;3;58.852;92.950
200;3;15;50.626;85.130
200;15;3;50.626;101.080
201;3;15;51.393;73.640
201;15;3;51.393;89.590
202;3;15;50.701;83.590
202;15;3;50.701;99.540
203;3;16;54.733;87.530
203;16;3;54.733;104.790
204;3;17;92.906;72.500
204;17;3;92.906;91.340
205;3;18;111.918;76.380
205;18;3;111.918;95.680
206;3;19;134.874;86.570
206;19;3;134.874;107.080
207;3;20;70.001;66.280
207;20;3;70.001;87.750
208;3;20;75.686;82.680
208;20;3;75.686;104.150
209;3;21;54.975;70.690
209;21;3;54.975;92.950
210;3;22;68.397;63.970
210;22;3;68.397;86.460
211;3;23;59.887;63.750
211;23;3;59.887;86.760
212;3;24;57.678;73.230
212;24;3;57.678;97.040
213;3;24;58.227;75.950
213;24;3;58.227;99.760
214;3;25;56.840;74.080
214;25;3;56.840;99.280
215;3;26;68.890;59.520
215;26;3;68.890;85.650
216;3;27;55.056;76.370
216;27;3;55.056;102.810
217;3;27;56.864;59.930
217;27;3;56.864;86.370
218;3;27;52.948;63.690
218;27;3;52.948;90.130
219;3;28;51.171;65.770
219;28;3;51.171;92.310
220;3;29;8.647;16.070
220;29;3;53.647;101.120
221;3;29;9.464;3.600
221;29;3;54.464;88.650
222;4;5;98.504;105.840
222;5;4;98.504;107.000
223;4;5;90.068;98.390
223;5;4;90.068;99.550
224;4;6;96.088;105.870
224;6;4;96.088;107.790
225;4;7;95.763;90.420
225;7;4;95.763;94.270
226;4;8;105.469;77.870
226;8;4;105.469;84.350
227;4;9;54.760;93.290
227;9;4;54.760;100.270
228;4;10;90.108;77.590
228;10;4;90.108;84.970
229;4;11;118.587;97.520
229;11;4;118.587;105.780
230;4;11;101.596;83.250
230;11;4;101.596;91.510
231;4;12;63.721;92.720
231;12;4;63.721;101.260
232;4;12;64.097;80.030
232;12;4;64.097;88.570
233;4;12;67.068;96.390
233;12;4;67.068;104.930
234;4;13;92.972;75.610
234;13;4;92.972;85.800
235;4;13;89.432;94.410
235;13;4;89.432;104.600
236;4;14;95.384;72.650
236;14;4;95.384;85.870
237;4;14;87.537;91.440
237;14;4;87.537;104.660
238;4;15;80.398;86.980
238;15;4;80.398;100.950
239;4;16;90.512;86.350
239;16;4;90.512;101.630
240;4;17;102.108;88.010
240;17;4;102.108;104.870
241;4;17;97.756;85.060
241;17;4;97.756;101.920
242;4;17;107.969;78.090
242;17;4;107.969;94.950
243;4;18;129.661;81.270
243;18;4;129.661;98.590
244;4;18;140.969;79.920
244;18;4;140.969;97.240
245;4;19;148.777;72.830
245;19;4;148.777;91.360
246;4;19;123.242;79.760
246;19;4;123.242;98.290
247;4;20;93.832;69.740
247;20;4;93.832;89.230
248;4;20;103.761;78.850
248;20;4;103.761;98.340
249;4;21;90.992;85.010
249;21;4;90.992;105.290
250;4;22;105.087;70.510
250;22;4;105.087;91.020
251;4;23;89.149;66.830
251;23;4;89.149;87.860
252;4;23;97.558;63.540
252;23;4;97.558;84.570
253;4;24;94.364;77.150
253;24;4;94.364;98.980
254;4;25;89.999;82.510
254;25;4;89.999;105.730
255;4;25;96.678;80.530
255;25;4;96.678;103.750
256;4;25;100.936;65.190
256;25;4;100.936;88.410
257;4;26;88.017;60.510
257;26;4;88.017;84.660
258;4;26;94.358;78.800
258;26;4;94.358;102.950
259;4;27;91.414;59.070
259;27;4;91.414;83.530
260;4;27;92.572;73.780
260;27;4;92.572;98.240
261;4;27;92.115;68.660
261;27;4;92.115;93.120
262;4;28;77.067;69.610
262;28;4;77.067;94.170
263;4;28;71.459;63.410
263;28;4;71.459;87.970
264;4;28;77.935;68.400
264;28;4;77.935;92.960
265;4;29;28.285;3.750
265;29;4;73.285;86.820
266;4;29;27.774;5.380
266;29;4;72.774;88.450
267;4;29;32.832;14.550
267;29;4;77.832;97.620
268;5;6;54.238;103.560
268;6;5;54.238;104.320
269;5;6;54.890;86.190
269;6;5;54.890;86.950
270;5;6;54.404;103.470
270;6;5;54.404;104.230
271;5;7;84.488;86.900
271;7;5;84.488;89.590
272;5;7;83.596;101.130
272;7;5;83.596;103.820
273;5;7;75.441;94.920
273;7;5;75.441;97.610
274;5;8;78.419;86.070
274;8;5;78.419;91.390
275;5;8;77.045;88.460
275;8;5;77.045;93.780
276;5;9;94.291;94.910
276;9;5;94.291;100.730
277;5;9;103.129;90.550
277;9;5;103.129;96.370
278;5;10;74.973;88.850
278;10;5;74.973;95.070
279;5;11;91.181;88.660
279;11;5;91.181;95.760
280;5;12;99.245;95.670
280;12;5;99.245;103.050
281;5;13;54.975;96.840
281;13;5;54.975;105.870
282;5;14;74.967;78.850
282;14;5;74.967;90.910
283;5;14;69.017;91.270
283;14;5;69.017;103.330
284;5;15;72.463;75.800
284;15;5;72.463;88.610
285;5;15;70.333;83.220
285;15;5;70.333;96.030
286;5;16;72.071;90.140
286;16;5;72.071;104.260
287;5;17;64.858;67.080
287;17;5;64.858;82.780
288;5;17;64.043;82.220
288;17;5;64.043;97.920
289;5;17;61.402;77.450
289;17;5;61.402;93.150
290;5;18;79.854;83.150
290;18;5;79.854;99.310
291;5;18;87.832;74.060
291;18;5;87.832;90.220
292;5;19;102.641;89.260
292;19;5;102.641;106.630
293;5;20;52.264;79.210
293;20;5;52.264;97.540
294;5;20;53.661;78.140
294;20;5;53.661;96.470
295;5;21;72.657;72.540
295;21;5;72.657;91.660
296;5;21;72.295;77.980
296;21;5;72.295;97.100
297;5;22;81.182;87.260
297;22;5;81.182;106.610
298;5;22;80.304;74.470
298;22;5;80.304;93.820
299;5;23;62.667;82.070
299;23;5;62.667;101.940
300;5;24;77.631;82.230
300;24;5;77.631;102.900
301;5;24;70.766;81.290
301;24;5;70.766;101.960
302;5;24;77.862;80.740
302;24;5;77.862;101.410
303;5;25;67.291;82.150
303;25;5;67.291;104.210
304;5;25;64.765;70.970
304;25;5;64.765;93.030
305;5;25;71.793;78.420
305;25;5;71.793;100.480
306;5;26;55.686;63.710
306;26;5;55.686;86.700
307;5;26;56.861;76.600
307;26;5;56.861;99.590
308;5;26;53.515;65.920
308;26;5;53.515;88.910
309;5;27;73.847;81.660
309;27;5;73.847;104.960
310;5;27;72.480;68.430
310;27;5;72.480;91.730
311;5;27;70.224;69.960
311;27;5;70.224;93.260
312;5;28;74.991;69.890
312;28;5;74.991;93.290
313;5;28;70.211;72.600
313;28;5;70.211;96.000
314;5;28;68.572;75.420
314;28;5;68.572;98.820
315;5;29;36.549;20.810
315;29;5;81.549;102.720
316;6;7;75.314;86.020
316;7;6;75.314;87.950
317;6;7;69.829;100.270
317;7;6;69.829;102.200
318;6;7;71.879;102.760
318;7;6;71.879;104.690
319;6;8;69.601;94.660
319;8;6;69.601;99.220
320;6;8;73.140;90.070
320;8;6;73.140;94.630
321;6;8;66.043;80.640
321;8;6;66.043;85.200
322;6;9;93.521;95.140
322;9;6;93.521;100.200
323;6;9;100.609;93.460
323;9;6;100.609;98.520
324;6;10;66.053;92.090
324;10;6;66.053;97.550
325;6;10;65.751;85.540
325;10;6;65.751;91.000
326;6;11;82.998;85.830
326;11;6;82.998;92.170
327;6;11;87.954;77.420
327;11;6;87.954;83.760
328;6;12;93.824;86.980
328;12;6;93.824;93.600
329;6;12;89.686;99.390
329;12;6;89.686;106.010
330;6;13;48.134;80.840
330;13;6;48.134;89.110
331;6;13;48.806;74.540
331;13;6;48.806;82.810
332;6;13;48.513;83.060
332;13;6;48.513;91.330
333;6;14;65.740;83.700
333;14;6;65.740;95.000
334;6;14;63.529;75.020
334;14;6;63.529;86.320
335;6;14;63.949;88.130
335;14;6;63.949;99.430
336;6;15;65.413;83.890
336;15;6;65.413;95.940
337;6;15;67.624;90.530
337;15;6;67.624;102.580
338;6;16;63.125;82.560
338;16;6;63.125;95.920
339;6;16;61.314;87.580
339;16;6;61.314;100.940
340;6;16;64.811;75.480
340;16;6;64.811;88.840
341;6;17;73.717;86.040
341;17;6;73.717;100.980
342;6;17;76.815;66.520
342;17;6;76.815;81.460
343;6;17;69.732;87.460
343;17;6;69.732;102.400
344;6;18;87.679;70.830
344;18;6;87.679;86.230
345;6;18;90.539;67.460
345;18;6;90.539;82.860
346;6;19;110.940;79.030
346;19;6;110.940;95.640
347;6;19;112.224;75.000
347;19;6;112.224;91.610
348;6;20;48.827;71.860
348;20;6;48.827;89.430
349;6;21;63.660;79.590
349;21;6;63.660;97.950
350;6;22;72.199;70.090
350;22;6;72.199;88.680
351;6;23;54.569;73.780
351;23;6;54.569;92.890
352;6;23;53.878;75.010
352;23;6;53.878;94.120
353;6;23;54.634;74.710
353;23;6;54.634;93.820
354;6;24;68.447;66.750
354;24;6;68.447;86.660
355;6;24;63.808;64.620
355;24;6;63.808;84.530
356;6;24;73.705;80.310
356;24;6;73.705;100.220
357;6;25;58.515;70.720
357;25;6;58.515;92.020
358;6;25;58.074;75.920
358;25;6;58.074;97.220
359;6;25;58.266;64.960
359;25;6;58.266;86.260
360;6;26;55.054;67.920
360;26;6;55.054;90.150
361;6;26;56.536;75.030
361;26;6;56.536;97.260
362;6;27;64.813;70.800
362;27;6;64.813;93.340
363;6;28;68.466;69.820
363;28;6;68.466;92.460
364;6;29;30.107;5.620
364;29;6;75.107;86.770
365;6;29;26.313;14.510
365;29;6;71.313;95.660
366;6;29;28.376;10.300
366;29;6;73.376;91.450
367;7;8;59.400;94.140
367;8;7;59.400;96.770
368;7;8;56.797;98.110
368;8;7;56.797;100.740
369;7;9;98.965;101.030
369;9;7;98.965;104.160
370;7;10;55.323;94.300
370;10;7;55.323;97.830
371;7;10;53.680;78.040
371;10;7;53.680;81.570
372;7;11;68.621;91.260
372;11;7;68.621;95.670
373;7;11;67.354;75.890
373;11;7;67.354;80.300
374;7;12;82.763;90.450
374;12;7;82.763;95.140
375;7;12;90.671;84.910
375;12;7;90.671;89.600
376;7;13;74.821;78.670
376;13;7;74.821;85.010
377;7;14;54.749;79.020
377;14;7;54.749;88.390
378;7;15;64.811;85.490
378;15;7;64.811;95.610
379;7;15;67.511;86.830
379;15;7;67.511;96.950
380;7;15;61.590;88.310
380;15;7;61.590;98.430
381;7;16;57.858;90.800
381;16;7;57.858;102.230
382;7;17;103.016;84.480
382;17;7;103.016;97.490
383;7;18;116.810;89.440
383;18;7;116.810;102.910
384;7;19;140.389;72.020
384;19;7;140.389;86.700
385;7;19;126.703;83.620
385;19;7;126.703;98.300
386;7;19;153.531;77.970
386;19;7;153.531;92.650
387;7;20;77.620;63.640
387;20;7;77.620;79.280
388;7;20;75.549;72.280
388;20;7;75.549;87.920
389;7;21;57.156;81.280
389;21;7;57.156;97.710
390;7;21;59.767;84.410
390;21;7;59.767;100.840
391;7;22;57.000;66.620
391;22;7;57.000;83.280
392;7;22;59.174;80.280
392;22;7;59.174;96.940
393;7;22;55.942;72.410
393;22;7;55.942;89.070
394;7;23;67.821;76.640
394;23;7;67.821;93.820
395;7;23;66.294;71.790
395;23;7;66.294;88.970
396;7;23;65.573;68.100
396;23;7;65.573;85.280
397;7;24;51.869;78.120
397;24;7;51.869;96.100
398;7;24;52.933;75.900
398;24;7;52.933;93.880
399;7;24;51.854;65.640
399;24;7;51.854;83.620
400;7;25;62.705;78.290
400;25;7;62.705;97.660
401;7;26;79.348;78.030
401;26;7;79.348;98.330
402;7;26;75.654;63.580
402;26;7;75.654;83.880
403;7;27;55.905;67.530
403;27;7;55.905;88.140
404;7;27;54.682;67.750
404;27;7;54.682;88.360
405;7;28;66.487;70.320
405;28;7;66.487;91.030
406;7;28;71.796;75.950
406;28;7;71.796;96.660
407;7;29;22.688;16.330
407;29;7;67.688;95.550
408;7;29;24.995;0.040
408;29;7;69.995;79.260
409;7;29;19.308;0.100
409;29;7;64.308;79.320
410;8;9;106.754;95.690
410;9;8;106.754;96.190
411;8;10;60.372;91.620
411;10;8;60.372;92.520
412;8;10;63.529;84.020
412;10;8;63.529;84.920
413;8;10;58.799;83.900
413;10;8;58.799;84.800
414;8;11;59.501;98.550
414;11;8;59.501;100.330
415;8;11;56.592;75.040
415;11;8;56.592;76.820
416;8;11;59.275;93.270
416;11;8;59.275;95.050
417;8;12;95.168;92.130
417;12;8;95.168;94.190
418;8;12;101.860;98.760
418;12;8;101.860;100.820
419;8;12;87.551;90.850
419;12;8;87.551;92.910
420;8;13;70.644;95.180
420;13;8;70.644;98.890
421;8;13;65.307;93.140
421;13;8;65.307;96.850
422;8;13;69.888;83.720
422;13;8;69.888;87.430
423;8;14;55.085;82.750
423;14;8;55.085;89.490
424;8;15;70.526;70.840
424;15;8;70.526;78.330
425;8;16;60.208;84.040
425;16;8;60.208;92.840
426;8;16;58.476;75.320
426;16;8;58.476;84.120
427;8;16;62.185;75.970
427;16;8;62.185;84.770
428;8;17;98.228;77.810
428;17;8;98.228;88.190
429;8;17;89.266;78.990
429;17;8;89.266;89.370
430;8;18;106.687;70.970
430;18;8;106.687;81.810
431;8;18;91.334;80.490
431;18;8;91.334;91.330
432;8;18;93.736;85.960
432;18;8;93.736;96.800
433;8;19;130.235;80.230
433;19;8;130.235;92.280
434;8;20;73.044;81.910
434;20;8;73.044;94.920
435;8;20;74.066;86.980
435;20;8;74.066;99.990
436;8;21;59.627;65.540
436;21;8;59.627;79.340
437;8;22;48.361;67.230
437;22;8;48.361;81.260
438;8;22;48.825;82.820
438;22;8;48.825;96.850
439;8;22;48.199;75.770
439;22;8;48.199;89.800
440;8;23;66.551;81.670
440;23;8;66.551;96.220
441;8;23;67.435;81.100
441;23;8;67.435;95.650
442;8;24;56.546;61.810
442;24;8;56.546;77.160
443;8;24;56.616;67.530
443;24;8;56.616;82.880
444;8;24;54.548;81.360
444;24;8;54.548;96.710
445;8;25;62.568;72.430
445;25;8;62.568;89.170
446;8;25;64.470;66.460
446;25;8;64.470;83.200
447;8;26;77.326;80.960
447;26;8;77.326;98.630
448;8;26;81.584;68.410
448;26;8;81.584;86.080
449;8;27;59.075;83.490
449;27;8;59.075;101.470
450;8;28;73.573;61.860
450;28;8;73.573;79.940
451;8;29;32.509;18.860
451;29;8;77.509;95.450
452;8;29;34.817;7.060
452;29;8;79.817;83.650
453;9;10;91.758;96.640
453;10;9;91.758;97.040
454;9;11;120.617;76.710
454;11;9;120.617;77.990
455;9;11;106.678;75.680
455;11;9;106.678;76.960
456;9;12;72.076;95.520
456;12;9;72.076;97.080
457;9;13;90.399;96.580
457;13;9;90.399;99.790
458;9;14;96.814;70.370
458;14;9;96.814;76.610
459;9;15;81.232;82.170
459;15;9;81.232;89.160
460;9;15;78.663;76.660
460;15;9;78.663;83.650
461;9;15;85.343;82.560
461;15;9;85.343;89.550
462;9;16;91.546;71.920
462;16;9;91.546;80.220
463;9;16;82.935;75.320
463;16;9;82.935;83.620
464;9;17;94.934;69.960
464;17;9;94.934;79.840
465;9;17;86.405;73.970
465;17;9;86.405;83.850
466;9;18;123.233;82.820
466;18;9;123.233;93.160
467;9;18;116.024;89.100
467;18;9;116.024;99.440
468;9;19;141.250;70.660
468;19;9;141.250;82.210
469;9;20;90.714;64.330
469;20;9;90.714;76.840
470;9;21;92.138;65.560
470;21;9;92.138;78.860
471;9;22;106.902;72.380
471;22;9;106.902;85.910
472;9;22;115.618;74.860
472;22;9;115.618;88.390
473;9;23;88.076;75.130
473;23;9;88.076;89.180
474;9;23;95.915;67.540
474;23;9;95.915;81.590
475;9;23;87.431;70.620
475;23;9;87.431;84.670
476;9;24;96.362;70.160
476;24;9;96.362;85.010
477;9;24;84.085;74.000
477;24;9;84.085;88.850
478;9;25;90.011;74.920
478;25;9;90.011;91.160
479;9;26;84.399;67.030
479;26;9;84.399;84.200
480;9;26;76.915;73.610
480;26;9;76.915;90.780
481;9;26;86.736;60.250
481;26;9;86.736;77.420
482;9;27;92.793;61.000
482;27;9;92.793;78.480
483;9;27;101.562;74.830
483;27;9;101.562;92.310
484;9;28;78.346;78.360
484;28;9;78.346;95.940
485;9;28;77.424;61.090
485;28;9;77.424;78.670
486;9;29;31.387;6.920
486;29;9;76.387;83.010
487;9;29;27.010;2.100
487;29;9;72.010;78.190
488;10;11;73.859;78.200
488;11;10;73.859;79.080
489;10;11;76.208;95.950
489;11;10;76.208;96.830
490;10;11;67.666;93.830
490;11;10;67.666;94.710
491;10;12;80.483;94.470
491;12;10;80.483;95.630
492;10;12;74.794;83.560
492;12;10;74.794;84.720
493;10;13;65.072;81.710
493;13;10;65.072;84.520
494;10;13;69.083;95.550
494;13;10;69.083;98.360
495;10;13;61.180;73.370
495;13;10;61.180;76.180
496;10;14;50.307;83.540
496;14;10;50.307;89.380
497;10;14;49.595;72.980
497;14;10;49.595;78.820
498;10;14;49.980;91.620
498;14;10;49.980;97.460
499;10;15;55.748;75.800
499;15;10;55.748;82.390
500;10;15;57.665;82.210
500;15;10;57.665;88.800
501;10;15;57.142;83.030
501;15;10;57.142;89.620
502;10;16;47.930;68.950
502;16;10;47.930;76.850
503;10;16;47.909;81.860
503;16;10;47.909;89.760
504;10;17;92.930;77.630
504;17;10;92.930;87.110
505;10;17;100.050;68.470
505;17;10;100.050;77.950
506;10;18;108.490;80.260
506;18;10;108.490;90.200
507;10;19;131.899;82.660
507;19;10;131.899;93.810
508;10;19;133.788;88.130
508;19;10;133.788;99.280
509;10;20;67.870;78.050
509;20;10;67.870;90.160
510;10;20;72.399;65.870
510;20;10;72.399;77.980
511;10;21;47.493;79.120
511;21;10;47.493;92.020
512;10;22;60.151;74.270
512;22;10;60.151;87.400
513;10;22;60.150;74.660
513;22;10;60.150;87.790
514;10;22;60.074;85.750
514;22;10;60.074;98.880
515;10;23;57.704;75.290
515;23;10;57.704;88.940
516;10;23;57.938;67.840
516;23;10;57.938;81.490
517;10;24;49.784;65.510
517;24;10;49.784;79.960
518;10;24;49.780;74.540
518;24;10;49.780;88.990
519;10;25;52.711;68.380
519;25;10;52.711;84.220
520;10;25;51.730;83.930
520;25;10;51.730;99.770
521;10;25;51.603;63.640
521;25;10;51.603;79.480
522;10;26;69.083;69.320
522;26;10;69.083;86.090
523;10;26;72.107;60.440
523;26;10;72.107;77.210
524;10;26;66.918;69.360
524;26;10;66.918;86.130
525;10;27;46.755;61.220
525;27;10;46.755;78.300
526;10;27;46.893;78.710
526;27;10;46.893;95.790
527;10;27;46.568;64.490
527;27;10;46.568;81.570
528;10;28;58.413;58.810
528;28;10;58.413;75.990
529;10;28;56.571;80.600
529;28;10;56.571;97.780
530;10;29;17.194;12.800
530;29;10;62.194;88.490
531;11;12;106.384;88.850
531;12;11;106.384;89.130
532;11;12;95.801;88.220
532;12;11;95.801;88.500
533;11;12;116.319;81.880
533;12;11;116.319;82.160
534;11;13;84.493;89.390
534;13;11;84.493;91.320
535;11;13;90.033;97.340
535;13;11;90.033;99.270
536;11;14;68.888;76.080
536;14;11;68.888;81.040
537;11;14;73.256;71.440
537;14;11;73.256;76.400
538;11;14;73.660;86.570
538;14;11;73.660;91.530
539;11;15;84.479;70.190
539;15;11;84.479;75.900
540;11;15;86.693;71.540
540;15;11;86.693;77.250
541;11;16;74.303;70.890
541;16;11;74.303;77.910
542;11;16;77.110;76.030
542;16;11;77.110;83.050
543;11;16;70.736;77.840
543;16;11;70.736;84.860
544;11;17;110.986;72.730
544;17;11;110.986;81.330
545;11;17;109.779;75.110
545;17;11;109.779;83.710
546;11;17;123.408;89.580
546;17;11;123.408;98.180
547;11;18;115.123;89.410
547;18;11;115.123;98.470
548;11;19;138.102;68.720
548;19;11;138.102;78.990
549;11;19;133.805;79.860
549;19;11;133.805;90.130
550;11;19;117.488;66.260
550;19;11;117.488;76.530
551;11;20;86.666;83.360
551;20;11;86.666;94.590
552;11;21;73.647;84.400
552;21;11;73.647;96.420
553;11;21;73.767;77.170
553;21;11;73.767;89.190
554;11;22;58.725;67.420
554;22;11;58.725;79.670
555;11;23;81.011;69.750
555;23;11;81.011;82.520
556;11;23;77.184;69.340
556;23;11;77.184;82.110
557;11;24;69.314;74.480
557;24;11;69.314;88.050
558;11;24;68.915;83.250
558;24;11;68.915;96.820
559;11;25;77.050;81.250
559;25;11;77.050;96.210
560;11;25;69.096;78.610
560;25;11;69.096;93.570
561;11;25;81.847;71.160
561;25;11;81.847;86.120
562;11;26;91.477;78.570
562;26;11;91.477;94.460
563;11;27;72.879;76.280
563;27;11;72.879;92.480
564;11;27;75.196;58.960
564;27;11;75.196;75.160
565;11;28;87.272;76.310
565;28;11;87.272;92.610
566;11;29;45.309;2.630
566;29;11;90.309;77.440
567;11;29;54.567;22.040
567;29;11;99.567;96.850
568;11;29;41.346;24.880
568;29;11;86.346;99.690
569;12;13;91.063;94.680
569;13;12;91.063;96.330
570;12;13;99.405;83.900
570;13;12;99.405;85.550
571;12;14;85.599;79.020
571;14;12;85.599;83.700
572;12;15;73.971;76.070
572;15;12;73.971;81.500
573;12;16;82.002;73.370
573;16;12;82.002;80.110
574;12;16;79.243;89.650
574;16;12;79.243;96.390
575;12;17;108.856;69.510
575;17;12;108.856;77.830
576;12;17;119.092;69.450
576;17;12;119.092;77.770
577;12;18;133.461;66.160
577;18;12;133.461;74.940
578;12;18;113.936;88.880
578;18;12;113.936;97.660
579;12;19;154.833;84.310
579;19;12;154.833;94.300
580;12;19;179.111;79.510
580;19;12;179.111;89.500
581;12;20;92.882;78.840
581;20;12;92.882;89.790
582;12;21;82.210;74.030
582;21;12;82.210;85.770
583;12;22;93.874;67.970
583;22;12;93.874;79.940
584;12;22;90.391;69.810
584;22;12;90.391;81.780
585;12;23;84.848;63.300
585;23;12;84.848;75.790
586;12;23;91.440;67.530
586;23;12;91.440;80.020
587;12;24;83.631;66.990
587;24;12;83.631;80.280
588;12;24;81.103;71.780
588;24;12;81.103;85.070
589;12;24;74.804;73.170
589;24;12;74.804;86.460
590;12;25;83.502;60.970
590;25;12;83.502;75.650
591;12;25;87.668;76.010
591;25;12;87.668;90.690
592;12;25;87.748;76.370
592;25;12;87.748;91.050
593;12;26;88.764;68.120
593;26;12;88.764;83.730
594;12;27;82.142;61.340
594;27;12;82.142;77.260
595;12;27;73.953;76.240
595;27;12;73.953;92.160
596;12;27;87.753;81.440
596;27;12;87.753;97.360
597;12;28;70.585;75.460
597;28;12;70.585;91.480
598;12;28;68.248;74.230
598;28;12;68.248;90.250
599;12;29;19.222;12.990
599;29;12;64.222;87.520
600;12;29;15.040;8.330
600;29;12;60.040;82.860
601;12;29;15.235;7.760
601;29;12;60.235;82.290
602;13;14;65.552;93.410
602;14;13;65.552;96.440
603;13;15;63.034;92.220
603;15;13;63.034;96.000
604;13;15;61.550;73.100
604;15;13;61.550;76.880
605;13;15;62.263;74.980
605;15;13;62.263;78.760
606;13;16;62.198;73.210
606;16;13;62.198;78.300
607;13;16;64.952;75.360
607;16;13;64.952;80.450
608;13;16;64.064;68.500
608;16;13;64.064;73.590
609;13;17;73.380;91.030
609;17;13;73.380;97.700
610;13;17;77.838;74.230
610;17;13;77.838;80.900
611;13;18;89.461;85.500
611;18;13;89.461;92.630
612;13;18;88.202;81.110
612;18;13;88.202;88.240
613;13;18;91.713;83.750
613;18;13;91.713;90.880
614;13;19;112.493;88.250
614;19;13;112.493;96.590
615;13;19;102.221;85.790
615;19;13;102.221;94.130
616;13;20;47.805;65.910
616;20;13;47.805;75.210
617;13;20;47.224;78.200
617;20;13;47.224;87.500
618;13;20;48.118;66.330
618;20;13;48.118;75.630
619;13;21;62.815;75.220
619;21;13;62.815;85.310
620;13;21;59.439;65.210
620;21;13;59.439;75.300
621;13;21;65.364;81.180
621;21;13;65.364;91.270
622;13;22;72.982;81.830
622;22;13;72.982;92.150
623;13;23;52.708;84.780
623;23;13;52.708;95.620
624;13;23;53.560;63.330
624;23;13;53.560;74.170
625;13;24;68.020;62.360
625;24;13;68.020;74.000
626;13;25;57.365;71.220
626;25;13;57.365;84.250
627;13;25;55.281;82.620
627;25;13;55.281;95.650
628;13;25;55.885;82.390
628;25;13;55.885;95.420
629;13;26;52.406;78.560
629;26;13;52.406;92.520
630;13;26;50.602;69.310
630;26;13;50.602;83.270
631;13;26;51.057;60.510
631;26;13;51.057;74.470
632;13;27;64.032;77.300
632;27;13;64.032;91.570
633;13;27;61.698;81.880
633;27;13;61.698;96.150
634;13;28;65.912;82.550
634;28;13;65.912;96.920
635;13;29;27.562;8.190
635;29;13;72.562;81.070
636;13;29;32.676;7.340
636;29;13;77.676;80.220
637;13;29;30.708;21.220
637;29;13;75.708;94.100
638;14;15;60.606;92.600
638;15;14;60.606;93.350
639;14;16;50.468;87.890
639;16;14;50.468;89.950
640;14;17;93.924;88.610
640;17;14;93.924;92.250
641;14;18;107.080;90.540
641;18;14;107.080;94.640
642;14;19;130.650;69.680
642;19;14;130.650;74.990
643;14;19;118.393;67.860
643;19;14;118.393;73.170
644;14;19;109.993;64.790
644;19;14;109.993;70.100
645;14;20;68.312;79.130
645;20;14;68.312;85.400
646;14;20;64.575;78.290
646;20;14;64.575;84.560
647;14;21;49.777;65.870
647;21;14;49.777;72.930
648;14;21;49.656;69.420
648;21;14;49.656;76.480
649;14;21;50.701;69.990
649;21;14;50.701;77.050
650;14;22;55.181;67.610
650;22;14;55.181;74.900
651;14;22;57.695;69.030
651;22;14;57.695;76.320
652;14;23;59.254;72.980
652;23;14;59.254;80.790
653;14;24;48.090;73.830
653;24;14;48.090;82.440
654;14;24;47.920;72.960
654;24;14;47.920;81.570
655;14;24;47.588;81.090
655;24;14;47.588;89.700
656;14;25;54.290;84.440
656;25;14;54.290;94.440
657;14;25;55.966;84.570
657;25;14;55.966;94.570
658;14;25;56.466;66.690
658;25;14;56.466;76.690
659;14;26;70.880;64.010
659;26;14;70.880;74.940
660;14;26;69.867;62.110
660;26;14;69.867;73.040
661;14;27;49.023;74.340
661;27;14;49.023;85.580
662;14;27;48.970;76.990
662;27;14;48.970;88.230
663;14;28;63.534;68.720
663;28;14;63.534;80.060
664;14;29;22.496;18.500
664;29;14;67.496;88.350
665;14;29;20.983;21.770
665;29;14;65.983;91.620
666;14;29;26.994;19.130
666;29;14;71.994;88.980
667;15;16;55.322;74.020
667;16;15;55.322;75.330
668;15;16;56.040;80.960
668;16;15;56.040;82.270
669;15;16;54.860;71.820
669;16;15;54.860;73.130
670;15;17;87.406;89.610
670;17;15;87.406;92.500
671;15;17;90.254;72.450
671;17;15;90.254;75.340
672;15;17;85.103;90.570
672;17;15;85.103;93.460
673;15;18;107.303;80.390
673;18;15;107.303;83.740
674;15;19;130.017;73.460
674;19;15;130.017;78.020
675;15;19;127.245;86.860
675;19;15;127.245;91.420
676;15;20;65.363;87.170
676;20;15;65.363;92.690
677;15;21;55.906;76.290
677;21;15;55.906;82.600
678;15;22;70.756;70.990
678;22;15;70.756;77.530
679;15;22;75.708;68.230
679;22;15;75.708;74.770
680;15;22;75.580;65.920
680;22;15;75.580;72.460
681;15;23;56.015;82.760
681;23;15;56.015;89.820
682;15;23;57.276;86.180
682;23;15;57.276;93.240
683;15;23;57.417;84.470
683;23;15;57.417;91.530
684;15;24;60.512;76.830
684;24;15;60.512;84.690
685;15;25;54.857;83.520
685;25;15;54.857;92.770
686;15;25;53.563;79.610
686;25;15;53.563;88.860
687;15;25;53.305;65.730
687;25;15;53.305;74.980
688;15;26;63.528;59.370
688;26;15;63.528;69.550
689;15;26;66.179;71.570
689;26;15;66.179;81.750
690;15;27;56.600;61.000
690;27;15;56.600;71.490
691;15;27;56.018;58.630
691;27;15;56.018;69.120
692;15;27;53.723;67.950
692;27;15;53.723;78.440
693;15;28;48.511;70.290
693;28;15;48.511;80.880
694;15;28;49.148;78.690
694;28;15;49.148;89.280
695;15;28;47.992;67.820
695;28;15;47.992;78.410
696;15;29;9.829;1.230
696;29;15;54.829;70.330
697;15;29;9.702;21.420
697;29;15;54.702;90.520
698;16;17;90.195;87.660
698;17;16;90.195;89.240
699;16;17;83.995;88.670
699;17;16;83.995;90.250
700;16;18;105.572;71.880
700;18;16;105.572;73.920
701;16;18;92.228;68.900
701;18;16;92.228;70.940
702;16;18;115.207;68.500
702;18;16;115.207;70.540
703;16;19;128.972;67.280
703;19;16;128.972;70.530
704;16;19;127.666;66.050
704;19;16;127.666;69.300
705;16;19;136.374;89.210
705;19;16;136.374;92.460
706;16;20;65.000;79.160
706;20;16;65.000;83.370
707;16;21;45.760;69.810
707;21;16;45.760;74.810
708;16;21;45.853;84.850
708;21;16;45.853;89.850
709;16;21;45.888;85.250
709;21;16;45.888;90.250
710;16;22;60.628;82.330
710;22;16;60.628;87.560
711;16;22;57.437;69.400
711;22;16;57.437;74.630
712;16;23;54.969;84.410
712;23;16;54.969;90.160
713;16;23;56.698;86.390
713;23;16;56.698;92.140
714;16;23;55.332;63.890
714;23;16;55.332;69.640
715;16;24;51.494;84.440
715;24;16;51.494;90.990
716;16;25;49.879;73.110
716;25;16;49.879;81.050
717;16;25;49.782;74.050
717;25;16;49.782;81.990
718;16;26;66.505;62.590
718;26;16;66.505;71.460
719;16;26;70.974;81.410
719;26;16;70.974;90.280
720;16;27;46.983;62.360
720;27;16;46.983;71.540
721;16;27;47.107;65.910
721;27;16;47.107;75.090
722;16;28;58.464;75.990
722;28;16;58.464;85.270
723;16;28;58.761;71.460
723;28;16;58.761;80.740
724;16;28;60.908;80.050
724;28;16;60.908;89.330
725;16;29;18.196;5.620
725;29;16;63.196;73.410
726;16;29;16.656;5.520
726;29;16;61.656;73.310
727;16;29;17.973;4.630
727;29;16;62.973;72.420
728;17;18;73.838;84.800
728;18;17;73.838;85.260
729;17;19;91.711;87.220
729;19;17;91.711;88.890
730;17;19;97.227;87.840
730;19;17;97.227;89.510
731;17;20;70.655;87.420
731;20;17;70.655;90.050
732;17;21;90.875;85.590
732;21;17;90.875;89.010
733;17;21;100.166;65.650
733;21;17;100.166;69.070
734;17;22;100.908;63.470
734;22;17;100.908;67.120
735;17;22;101.486;86.750
735;22;17;101.486;90.400
736;17;22;111.260;73.650
736;22;17;111.260;77.300
737;17;23;80.236;65.310
737;23;17;80.236;69.480
738;17;24;96.304;75.590
738;24;17;96.304;80.560
739;17;24;83.878;61.910
739;24;17;83.878;66.880
740;17;24;102.635;64.530
740;24;17;102.635;69.500
741;17;25;85.323;74.220
741;25;17;85.323;80.580
742;17;25;78.449;65.490
742;25;17;78.449;71.850
743;17;26;69.134;82.960
743;26;17;69.134;90.250
744;17;27;92.122;72.930
744;27;17;92.122;80.530
745;17;27;87.023;75.670
745;27;17;87.023;83.270
746;17;28;88.814;67.480
746;28;17;88.814;75.180
747;17;28;98.247;68.730
747;28;17;98.247;76.430
748;17;29;49.508;19.000
748;29;17;94.508;85.210
749;18;19;68.616;74.520
749;19;18;68.616;75.730
750;18;19;73.173;73.800
750;19;18;73.173;75.010
751;18;20;86.967;78.830
751;20;18;86.967;81.000
752;18;21;106.024;83.030
752;21;18;106.024;85.990
753;18;22;109.996;70.660
753;22;18;109.996;73.850
754;18;22;95.418;70.210
754;22;18;95.418;73.400
755;18;23;97.091;69.360
755;23;18;97.091;73.070
756;18;24;110.084;65.850
756;24;18;110.084;70.360
757;18;24;108.832;83.260
757;24;18;108.832;87.770
758;18;25;101.153;82.770
758;25;18;101.153;88.670
759;18;26;89.819;64.240
759;26;18;89.819;71.070
760;18;26;92.970;60.680
760;26;18;92.970;67.510
761;18;27;107.083;61.010
761;27;18;107.083;68.150
762;18;27;117.797;78.010
762;27;18;117.797;85.150
763;18;28;109.830;81.690
763;28;18;109.830;88.930
764;18;29;71.350;24.420
764;29;18;116.350;90.170
765;18;29;86.087;4.110
765;29;18;131.087;69.860
766;18;29;60.529;15.690
766;29;18;105.529;81.440
767;19;20;109.881;70.210
767;20;19;109.881;71.170
768;19;20;114.485;72.270
768;20;19;114.485;73.230
769;19;20;122.691;86.530
769;20;19;122.691;87.490
770;19;21;129.450;81.810
770;21;19;129.450;83.560
771;19;21;131.788;75.860
771;21;19;131.788;77.610
772;19;21;126.226;82.690
772;21;19;126.226;84.440
773;19;22;133.556;82.730
773;22;19;133.556;84.710
774;19;22;140.094;77.140
774;22;19;140.094;79.120
775;19;22;112.696;73.560
775;22;19;112.696;75.540
776;19;23;120.189;78.000
776;23;19;120.189;80.500
777;19;23;116.120;83.790
777;23;19;116.120;86.290
778;19;23;104.476;74.010
778;23;19;104.476;76.510
779;19;24;133.638;76.860
779;24;19;133.638;80.160
780;19;24;142.531;79.820
780;24;19;142.531;83.120
781;19;24;149.135;80.670
781;24;19;149.135;83.970
782;19;25;124.454;84.780
782;25;19;124.454;89.470
783;19;25;113.205;81.820
783;25;19;113.205;86.510
784;19;26;111.937;62.410
784;26;19;111.937;68.030
785;19;27;130.535;62.850
785;27;19;130.535;68.780
786;19;27;139.747;73.330
786;27;19;139.747;79.260
787;19;27;111.014;65.300
787;27;19;111.014;71.230
788;19;28;132.307;78.710
788;28;19;132.307;84.740
789;19;28;127.438;72.420
789;28;19;127.438;78.450
790;19;29;93.673;14.450
790;29;19;138.673;78.990
791;19;29;81.009;11.200
791;29;19;126.009;75.740
792;19;29;72.220;17.090
792;29;19;117.220;81.630
793;20;21;65.620;85.460
793;21;20;65.620;86.250
794;20;22;75.495;71.030
794;22;20;75.495;72.050
795;20;22;78.118;78.830
795;22;20;78.118;79.850
796;20;23;55.416;69.670
796;23;20;55.416;71.210
797;20;23;55.628;62.140
797;23;20;55.628;63.680
798;20;23;53.935;73.610
798;23;20;53.935;75.150
799;20;24;70.811;72.160
799;24;20;70.811;74.500
800;20;24;64.840;63.000
800;24;20;64.840;65.340
801;20;24;65.314;64.150
801;24;20;65.314;66.490
802;20;25;60.161;82.490
802;25;20;60.161;86.220
803;20;26;51.556;79.120
803;26;20;51.556;83.780
804;20;26;51.549;62.480
804;26;20;51.549;67.140
805;20;27;66.837;71.100
805;27;20;66.837;76.070
806;20;27;65.272;72.530
806;27;20;65.272;77.500
807;20;28;68.066;81.470
807;28;20;68.066;86.540
808;20;28;70.286;73.810
808;28;20;70.286;78.880
809;20;29;29.690;13.930
809;29;20;74.690;77.510
810;20;29;32.854;2.070
810;29;20;77.854;65.650
811;21;22;59.954;76.070
811;22;21;59.954;76.300
812;21;23;55.664;79.020
812;23;21;55.664;79.770
813;21;23;57.270;75.840
813;23;21;57.270;76.590
814;21;24;50.739;70.220
814;24;21;50.739;71.770
815;21;24;49.367;64.420
815;24;21;49.367;65.970
816;21;25;50.552;73.780
816;25;21;50.552;76.720
817;21;25;50.802;66.700
817;25;21;50.802;69.640
818;21;25;50.645;73.900
818;25;21;50.645;76.840
819;21;26;67.227;61.420
819;26;21;67.227;65.290
820;21;26;62.985;75.030
820;26;21;62.985;78.900
821;21;26;70.028;72.620
821;26;21;70.028;76.490
822;21;27;46.253;69.590
822;27;21;46.253;73.770
823;21;27;46.392;60.550
823;27;21;46.392;64.730
824;21;27;46.281;59.370
824;27;21;46.281;63.550
825;21;28;58.977;74.630
825;28;21;58.977;78.910
826;21;28;61.751;82.320
826;28;21;61.751;86.600
827;21;29;18.520;19.910
827;29;21;63.520;82.700
828;21;29;17.075;15.980
828;29;21;62.075;78.770
829;22;23;68.195;70.310
829;23;22;68.195;70.830
830;22;24;55.724;84.080
830;24;22;55.724;85.400
831;22;25;63.772;64.990
831;25;22;63.772;67.700
832;22;25;63.880;61.580
832;25;22;63.880;64.290
833;22;25;61.914;80.790
833;25;22;61.914;83.500
834;22;26;79.368;63.040
834;26;22;79.368;66.680
835;22;26;85.721;66.900
835;26;22;85.721;70.540
836;22;26;87.476;77.500
836;26;22;87.476;81.140
837;22;27;59.157;69.620
837;27;22;59.157;73.570
838;22;28;73.563;79.530
838;28;22;73.563;83.580
839;22;28;78.888;60.080
839;28;22;78.888;64.130
840;22;28;78.862;67.790
840;28;22;78.862;71.840
841;22;29;31.884;2.570
841;29;22;76.884;65.130
842;23;24;61.247;66.900
842;24;23;61.247;67.700
843;23;24;58.732;81.530
843;24;23;58.732;82.330
844;23;25;50.126;67.750
844;25;23;50.126;69.940
845;23;26;56.648;83.010
845;26;23;56.648;86.130
846;23;26;54.563;63.620
846;26;23;54.563;66.740
847;23;26;55.066;78.180
847;26;23;55.066;81.300
848;23;27;56.916;76.650
848;27;23;56.916;80.080
849;23;28;59.274;76.300
849;28;23;59.274;79.830
850;23;28;58.932;72.220
850;28;23;58.932;75.750
851;23;28;62.468;60.170
851;28;23;62.468;63.700
852;23;29;20.827;24.600
852;29;23;65.827;86.640
853;23;29;23.897;16.200
853;29;23;68.897;78.240
854;23;29;22.482;9.030
854;29;23;67.482;71.070
855;24;25;56.129;79.390
855;25;24;56.129;80.780
856;24;25;54.074;72.790
856;25;24;54.074;74.180
857;24;25;58.715;83.320
857;25;24;58.715;84.710
858;24;26;72.876;67.960
858;26;24;72.876;70.280
859;24;27;49.534;71.240
859;27;24;49.534;73.870
860;24;27;50.398;76.550
860;27;24;50.398;79.180
861;24;28;63.039;72.710
861;28;24;63.039;75.440
862;24;29;21.172;12.020
862;29;24;66.172;73.260
863;24;29;20.686;9.600
863;29;24;65.686;70.840
864;25;26;61.748;66.520
864;26;25;61.748;67.450
865;25;26;58.976;75.320
865;26;25;58.976;76.250
866;25;26;62.072;63.950
866;26;25;62.072;64.880
867;25;27;51.801;74.480
867;27;25;51.801;75.720
868;25;27;51.567;70.820
868;27;25;51.567;72.060
869;25;28;58.365;62.630
869;28;25;58.365;63.970
870;25;28;61.558;73.230
870;28;25;61.558;74.570
871;25;28;56.515;62.300
871;28;25;56.515;63.640
872;25;29;19.290;2.680
872;29;25;64.290;62.530
873;25;29;15.218;21.110
873;29;25;60.218;80.960
874;25;29;24.024;2.780
874;29;25;69.024;62.630
875;26;27;68.479;59.090
875;27;26;68.479;59.400
876;26;27;63.045;74.120
876;27;26;63.045;74.430
877;26;28;65.445;71.510
877;28;26;65.445;71.920
878;26;28;70.101;78.260
878;28;26;70.101;78.670
879;26;29;26.736;22.270
879;29;26;71.736;81.190
880;26;29;20.653;8.510
880;29;26;65.653;67.430
881;27;28;59.514;59.280
881;28;27;59.514;59.380
882;27;28;60.913;58.800
882;28;27;60.913;58.900
883;27;28;61.440;70.770
883;28;27;61.440;70.870
884;27;29;18.686;10.190
884;29;27;63.686;68.800
885;27;29;19.284;1.680
885;29;27;64.284;60.290
886;27;29;23.343;24.120
886;29;27;68.343;82.730
887;28;29;6.651;18.210
887;29;28;51.651;76.720
888;28;29;7.670;15.070
888;29;28;52.670;73.580
889;28;29;6.141;21.290
889;29;28;51.141;79.800
