30
420.0
0;0;1;68.796;104.790
0;1;0;23.796;4.790
1;0;2;94.491;113.330
1;2;0;49.491;22.240
2;0;2;104.652;115.390
2;2;0;59.652;24.300
3;0;2;83.557;108.560
3;2;0;38.557;17.470
4;0;3;67.496;84.080
4;3;0;22.496;5.350
5;0;3;61.907;93.720
5;3;0;16.907;14.990
6;0;3;70.798;86.270
6;3;0;25.798;7.540
7;0;4;67.688;100.100
7;4;0;22.688;23.740
8;0;4;69.723;82.410
8;4;0;24.723;6.050
9;0;4;71.374;77.410
9;4;0;26.374;1.050
10;0;5;53.647;83.680
10;5;0;8.647;11.030
11;0;5;53.269;87.390
11;5;0;8.269;14.740
12;0;6;73.285;84.250
12;6;0;28.285;13.880
13;0;6;68.906;73.630
13;6;0;23.906;3.260
14;0;7;75.107;84.470
14;7;0;30.107;14.580
15;0;7;68.934;88.900
15;7;0;23.934;19.010
16;0;7;81.308;94.380
16;7;0;36.308;24.490
17;0;8;81.549;71.850
17;8;0;36.549;2.020
18;0;9;76.387;75.280
18;9;0;31.387;6.620
19;0;10;77.509;75.130
19;10;0;32.509;7.730
20;0;10;70.803;87.700
20;10;0;25.803;20.300
21;0;11;54.829;84.690
21;11;0;9.829;18.570
22;0;11;55.059;86.680
22;11;0;10.059;20.560
23;0;12;72.562;77.430
23;12;0;27.562;11.730
24;0;13;64.222;87.360
24;13;0;19.222;22.020
25;0;13;65.096;87.220
25;13;0;20.096;21.880
26;0;14;62.194;68.750
26;14;0;17.194;3.780
27;0;14;64.186;69.970
27;14;0;19.186;5.000
28;0;15;63.196;82.540
28;15;0;18.196;18.370
29;0;15;60.303;72.000
29;15;0;15.303;7.830
30;0;16;90.309;74.200
30;16;0;45.309;10.660
31;0;16;93.577;73.040
31;16;0;48.577;9.500
32;0;17;63.520;67.240
32;17;0;18.520;8.370
33;0;17;64.583;80.780
33;17;0;19.583;21.910
34;0;18;63.520;82.130
34;18;0;18.520;24.240
35;0;18;61.101;64.580
35;18;0;16.101;6.690
36;0;18;59.321;68.620
36;18;0;14.321;10.730
37;0;19;138.673;65.500
37;19;0;93.673;7.630
38;0;19;122.791;68.130
38;19;0;77.791;10.260
39;0;20;116.350;62.910
39;20;0;71.350;7.520
40;0;21;74.690;76.270
40;21;0;29.690;20.970
41;0;21;67.906;75.550
41;21;0;22.906;20.250
42;0;21;69.693;56.060
42;21;0;24.693;0.760
43;0;22;72.064;59.580
43;22;0;27.064;5.150
44;0;22;70.881;78.830
44;22;0;25.881;24.400
45;0;23;65.827;60.230
45;23;0;20.827;6.080
46;0;23;70.149;56.730
46;23;0;25.149;2.580
47;0;24;66.172;65.100
47;24;0;21.172;11.470
48;0;25;76.884;77.950
48;25;0;31.884;24.490
49;0;25;78.063;73.680
49;25;0;33.063;20.220
50;0;26;134.706;61.780
50;26;0;89.706;9.280
51;0;27;64.290;64.550
51;27;0;19.290;12.670
52;0;28;52.648;55.140
52;28;0;7.648;4.210
53;0;28;51.081;70.980
53;28;0;6.081;20.050
54;0;28;53.798;70.260
54;28;0;8.798;19.330
55;0;29;0.000;23.010
55;29;0;0.000;23.010
56;1;2;110.336;115.510
56;2;1;110.336;124.420
57;1;2;111.406;107.590
57;2;1;111.406;116.500
58;1;3;90.080;89.430
58;3;1;90.080;110.700
59;1;3;87.163;92.600
59;3;1;87.163;113.870
60;1;3;92.638;102.540
60;3;1;92.638;123.810
61;1;4;91.481;76.390
61;4;1;91.481;100.030
62;1;4;82.227;81.130
62;4;1;82.227;104.770
63;1;5;76.730;95.220
63;5;1;76.730;122.570
64;1;6;51.988;73.870
64;6;1;51.988;103.500
65;1;6;52.156;77.520
65;6;1;52.156;107.150
66;1;7;89.354;77.760
66;7;1;89.354;107.870
67;1;8;91.542;77.410
67;8;1;91.542;107.580
68;1;8;86.413;87.940
68;8;1;86.413;118.110
69;1;9;53.115;76.350
69;9;1;53.115;107.690
70;1;10;100.131;90.570
70;10;1;100.131;123.170
71;1;10;103.315;83.390
71;10;1;103.315;115.990
72;1;10;106.144;74.480
72;10;1;106.144;107.080
73;1;11;74.708;68.590
73;11;1;74.708;102.470
74;1;12;86.226;77.430
74;12;1;86.226;111.730
75;1;12;88.828;78.310
75;12;1;88.828;112.610
76;1;13;64.619;86.160
76;13;1;64.619;120.820
77;1;13;65.335;76.100
77;13;1;65.335;110.760
78;1;13;59.716;80.500
78;13;1;59.716;115.160
79;1;14;84.892;68.050
79;14;1;84.892;103.080
80;1;14;75.523;77.610
80;14;1;75.523;112.640
81;1;15;84.989;83.350
81;15;1;84.989;119.180
82;1;16;113.670;80.260
82;16;1;113.670;116.720
83;1;16;118.390;75.830
83;16;1;118.390;112.290
84;1;17;85.525;67.050
84;17;1;85.525;108.180
85;1;17;88.971;83.580
85;17;1;88.971;124.710
86;1;18;85.525;64.930
86;18;1;85.525;107.040
87;1;18;87.079;58.370
87;18;1;87.079;100.480
88;1;19;142.123;62.960
88;19;1;142.123;105.090
89;1;19;124.727;79.330
89;19;1;124.727;121.460
90;1;20;122.761;78.330
90;20;1;122.761;122.940
91;1;21;86.989;75.840
91;21;1;86.989;120.540
92;1;22;51.582;55.060
92;22;1;51.582;100.630
93;1;22;52.999;56.510
93;22;1;52.999;102.080
94;1;22;51.947;58.810
94;22;1;51.947;104.380
95;1;23;82.779;72.340
95;23;1;82.779;118.190
96;1;23;86.494;71.160
96;23;1;86.494;117.010
97;1;23;80.658;54.240
97;23;1;80.658;100.090
98;1;24;89.356;62.150
98;24;1;89.356;108.520
99;1;25;100.020;72.110
99;25;1;100.020;118.650
100;1;26;157.538;74.630
100;26;1;157.538;122.130
101;1;27;84.024;52.110
101;27;1;84.024;100.230
102;1;27;92.149;67.730
102;27;1;92.149;115.850
103;1;28;76.099;63.560
103;28;1;76.099;112.630
104;1;28;75.019;60.620
104;28;1;75.019;109.690
105;1;28;71.904;74.520
105;28;1;71.904;123.590
106;1;29;23.796;23.960
106;29;1;68.796;123.960
107;1;29;24.944;2.590
107;29;1;69.944;102.590
108;1;29;23.246;8.880
108;29;1;68.246;108.880
109;2;3;77.528;99.160
109;3;2;77.528;111.520
110;2;3;69.695;100.870
110;3;2;69.695;113.230
111;2;4;86.520;90.370
111;4;2;86.520;105.100
112;2;4;78.628;95.140
112;4;2;78.628;109.870
113;2;5;87.276;77.700
113;5;2;87.276;96.140
114;2;6;117.069;72.460
114;6;2;117.069;93.180
115;2;7;65.984;92.830
115;7;2;65.984;114.030
116;2;7;64.850;88.930
116;7;2;64.850;110.130
117;2;7;70.368;87.700
117;7;2;70.368;108.900
118;2;8;66.570;78.250
118;8;2;66.570;99.510
119;2;8;68.034;83.750
119;8;2;68.034;105.010
120;2;8;63.684;81.370
120;8;2;63.684;102.630
121;2;9;114.299;90.010
121;9;2;114.299;112.440
122;2;9;115.857;87.620
122;9;2;115.857;110.050
123;2;9;123.094;83.620
123;9;2;123.094;106.050
124;2;10;74.022;86.270
124;10;2;74.022;109.960
125;2;10;72.239;83.230
125;10;2;72.239;106.920
126;2;10;68.754;70.870
126;10;2;68.754;94.560
127;2;11;84.694;88.900
127;11;2;84.694;113.870
128;2;11;84.481;87.590
128;11;2;84.481;112.560
129;2;11;81.258;79.660
129;11;2;81.258;104.630
130;2;12;69.109;87.890
130;12;2;69.109;113.280
131;2;12;73.011;69.980
131;12;2;73.011;95.370
132;2;12;70.910;69.660
132;12;2;70.910;95.050
133;2;13;113.662;84.770
133;13;2;113.662;110.520
134;2;14;80.845;85.440
134;14;2;80.845;111.560
135;2;15;78.322;79.970
135;15;2;78.322;106.890
136;2;15;70.893;83.530
136;15;2;70.893;110.450
137;2;15;73.678;79.650
137;15;2;73.678;106.570
138;2;16;80.955;79.270
138;16;2;80.955;106.820
139;2;17;78.457;78.050
139;17;2;78.457;110.270
140;2;18;78.457;77.120
140;18;2;78.457;110.320
141;2;19;102.209;81.700
141;19;2;102.209;114.920
142;2;20;79.185;59.890
142;20;2;79.185;95.590
143;2;20;84.360;60.170
143;20;2;84.360;95.870
144;2;21;68.587;57.070
144;21;2;68.587;92.860
145;2;21;65.939;71.740
145;21;2;65.939;107.530
146;2;21;68.409;80.060
146;21;2;68.409;115.850
147;2;22;108.746;75.390
147;22;2;108.746;112.050
148;2;22;103.831;59.580
148;22;2;103.831;96.240
149;2;23;73.902;54.510
149;23;2;73.902;91.450
150;2;24;80.589;56.430
150;24;2;80.589;93.890
151;2;25;77.378;62.700
151;25;2;77.378;100.330
152;2;26;105.354;61.550
152;26;2;105.354;100.140
153;2;27;75.463;69.560
153;27;2;75.463;108.770
154;2;27;71.514;63.620
154;27;2;71.514;102.830
155;2;27;80.029;67.460
155;27;2;80.029;106.670
156;2;28;93.438;71.820
156;28;2;93.438;111.980
157;2;28;102.963;72.640
157;28;2;102.963;112.800
158;2;28;103.189;73.600
158;28;2;103.189;113.760
159;2;29;49.491;16.190
159;29;2;94.491;107.280
160;2;29;40.281;17.180
160;29;2;85.281;108.270
161;2;29;45.193;19.740
161;29;2;90.193;110.830
162;3;4;54.749;87.630
162;4;3;54.749;90.000
163;3;4;54.118;77.240
163;4;3;54.118;79.610
164;3;4;53.021;83.190
164;4;3;53.021;85.560
165;3;5;58.852;82.280
165;5;3;58.852;88.360
166;3;6;95.384;75.090
166;6;3;95.384;83.450
167;3;6;101.730;75.640
167;6;3;101.730;84.000
168;3;6;93.698;87.260
168;6;3;93.698;95.620
169;3;7;65.740;72.900
169;7;3;65.740;81.740
170;3;8;74.967;83.990
170;8;3;74.967;92.890
171;3;9;96.814;82.970
171;9;3;96.814;93.040
172;3;9;96.046;78.240
172;9;3;96.046;88.310
173;3;9;87.397;92.620
173;9;3;87.397;102.690
174;3;10;55.085;73.280
174;10;3;55.085;84.610
175;3;10;55.354;75.630
175;10;3;55.354;86.960
176;3;11;60.606;88.710
176;11;3;60.606;101.320
177;3;12;65.552;68.840
177;12;3;65.552;81.870
178;3;13;85.599;77.230
178;13;3;85.599;90.620
179;3;13;94.283;80.500
179;13;3;94.283;93.890
180;3;14;50.307;74.360
180;14;3;50.307;88.120
181;3;14;50.550;74.600
181;14;3;50.550;88.360
182;3;14;51.277;69.920
182;14;3;51.277;83.680
183;3;15;50.468;84.300
183;15;3;50.468;98.860
184;3;15;51.647;82.720
184;15;3;51.647;97.280
185;3;16;68.888;65.860
185;16;3;68.888;81.050
186;3;16;66.338;82.060
186;16;3;66.338;97.250
187;3;17;49.777;69.130
187;17;3;49.777;88.990
188;3;17;49.954;80.180
188;17;3;49.954;100.040
189;3;18;49.777;77.660
189;18;3;49.777;98.500
190;3;19;130.650;76.790
190;19;3;130.650;97.650
191;3;19;120.797;76.270
191;19;3;120.797;97.130
192;3;20;107.080;74.050
192;20;3;107.080;97.390
193;3;20;104.673;57.810
193;20;3;104.673;81.150
194;3;20;100.516;72.240
194;20;3;100.516;95.580
195;3;21;68.312;63.750
195;21;3;68.312;87.180
196;3;21;72.306;64.170
196;21;3;72.306;87.600
197;3;22;91.711;67.910
197;22;3;91.711;92.210
198;3;23;59.254;72.030
198;23;3;59.254;96.610
199;3;24;48.090;61.410
199;24;3;48.090;86.510
200;3;24;48.395;62.040
200;24;3;48.395;87.140
201;3;25;55.181;61.120
201;25;3;55.181;86.390
202;3;25;54.560;66.410
202;25;3;54.560;91.680
203;3;26;112.495;67.870
203;26;3;112.495;94.100
204;3;26;119.628;63.920
204;26;3;119.628;90.150
205;3;26;105.552;70.490
205;26;3;105.552;96.720
206;3;27;54.290;54.560
206;27;3;54.290;81.410
207;3;28;63.056;55.210
207;28;3;63.056;83.010
208;3;28;63.725;57.560
208;28;3;63.725;85.360
209;3;29;22.496;7.760
209;29;3;67.496;86.490
210;3;29;20.387;6.990
210;29;3;65.387;85.720
211;4;5;60.381;87.780
211;5;4;60.381;91.490
212;4;5;64.129;84.170
212;5;4;64.129;87.880
213;4;6;95.763;87.900
213;6;4;95.763;93.890
214;4;7;75.314;86.170
214;7;4;75.314;92.640
215;4;7;78.366;71.210
215;7;4;78.366;77.680
216;4;7;73.738;73.700
216;7;4;73.738;80.170
217;4;8;84.488;83.430
217;8;4;84.488;89.960
218;4;8;93.421;84.420
218;8;4;93.421;90.950
219;4;8;94.228;87.610
219;8;4;94.228;94.140
220;4;9;98.965;70.880
220;9;4;98.965;78.580
221;4;9;88.566;88.260
221;9;4;88.566;95.960
222;4;9;92.659;87.520
222;9;4;92.659;95.220
223;4;10;59.400;87.050
223;10;4;59.400;96.010
224;4;10;57.722;83.710
224;10;4;57.722;92.670
225;4;11;64.811;90.940
225;11;4;64.811;101.180
226;4;12;74.821;83.340
226;12;4;74.821;94.000
227;4;12;78.716;78.000
227;12;4;78.716;88.660
228;4;12;73.657;90.040
228;12;4;73.657;100.700
229;4;13;82.763;85.530
229;13;4;82.763;96.550
230;4;14;55.323;88.180
230;14;4;55.323;99.570
231;4;14;56.307;73.390
231;14;4;56.307;84.780
232;4;14;56.027;84.610
232;14;4;56.027;96.000
233;4;15;57.858;66.330
233;15;4;57.858;78.520
234;4;16;68.621;83.830
234;16;4;68.621;96.650
235;4;16;65.922;85.700
235;16;4;65.922;98.520
236;4;17;57.156;82.820
236;17;4;57.156;100.310
237;4;18;57.156;74.270
237;18;4;57.156;92.740
238;4;18;55.853;67.380
238;18;4;55.853;85.850
239;4;18;56.466;64.770
239;18;4;56.466;83.240
240;4;19;140.389;68.280
240;19;4;140.389;86.770
241;4;19;150.769;60.450
241;19;4;150.769;78.940
242;4;20;116.810;80.020
242;20;4;116.810;100.990
243;4;21;77.620;76.790
243;21;4;77.620;97.850
244;4;21;69.957;79.890
244;21;4;69.957;100.950
245;4;21;77.488;70.670
245;21;4;77.488;91.730
246;4;22;94.368;67.960
246;22;4;94.368;89.890
247;4;22;99.499;74.650
247;22;4;99.499;96.580
248;4;23;67.821;70.800
248;23;4;67.821;93.010
249;4;24;51.869;76.250
249;24;4;51.869;98.980
250;4;25;57.000;62.560
250;25;4;57.000;85.460
251;4;25;57.623;66.690
251;25;4;57.623;89.590
252;4;26;113.332;58.900
252;26;4;113.332;82.760
253;4;26;114.885;68.740
253;26;4;114.885;92.600
254;4;27;62.705;68.620
254;27;4;62.705;93.100
255;4;27;61.521;54.920
255;27;4;61.521;79.400
256;4;27;62.790;61.470
256;27;4;62.790;85.950
257;4;28;60.801;70.120
257;28;4;60.801;95.550
258;4;28;63.856;60.600
258;28;4;63.856;86.030
259;4;29;22.688;13.360
259;29;4;67.688;89.720
260;5;6;81.692;89.590
260;6;5;81.692;91.870
261;5;6;87.374;80.850
261;6;5;87.374;83.130
262;5;7;69.444;85.730
262;7;5;69.444;88.490
263;5;7;64.761;74.980
263;7;5;64.761;77.740
264;5;8;77.233;78.360
264;8;5;77.233;81.180
265;5;8;77.768;94.730
265;8;5;77.768;97.550
266;5;9;83.904;88.750
266;9;5;83.904;92.740
267;5;9;88.416;74.870
267;9;5;88.416;78.860
268;5;10;68.885;79.960
268;10;5;68.885;85.210
269;5;10;74.008;90.810
269;10;5;74.008;96.060
270;5;11;50.626;86.110
270;11;5;50.626;92.640
271;5;12;67.457;70.600
271;12;5;67.457;77.550
272;5;12;66.908;76.390
272;12;5;66.908;83.340
273;5;12;64.170;81.990
273;12;5;64.170;88.940
274;5;13;72.272;75.260
274;13;5;72.272;82.570
275;5;13;76.319;75.830
275;13;5;76.319;83.140
276;5;13;70.730;67.090
276;13;5;70.730;74.400
277;5;14;53.547;86.030
277;14;5;53.547;93.710
278;5;15;54.733;68.400
278;15;5;54.733;76.880
279;5;15;55.149;80.920
279;15;5;55.149;89.400
280;5;15;55.579;78.750
280;15;5;55.579;87.230
281;5;16;81.967;85.240
281;16;5;81.967;94.350
282;5;17;54.975;79.440
282;17;5;54.975;93.220
283;5;17;52.934;60.400
283;17;5;52.934;74.180
284;5;17;56.556;63.300
284;17;5;56.556;77.080
285;5;18;54.975;82.800
285;18;5;54.975;97.560
286;5;19;134.874;60.820
286;19;5;134.874;75.600
287;5;20;111.918;63.970
287;20;5;111.918;81.230
288;5;21;70.001;74.080
288;21;5;70.001;91.430
289;5;22;79.127;77.980
289;22;5;79.127;96.200
290;5;23;59.887;70.600
290;23;5;59.887;89.100
291;5;23;56.888;58.660
291;23;5;56.888;77.160
292;5;24;57.678;58.100
292;24;5;57.678;77.120
293;5;24;57.176;71.260
293;24;5;57.176;90.280
294;5;24;55.964;54.490
294;24;5;55.964;73.510
295;5;25;68.397;69.910
295;25;5;68.397;89.100
296;5;26;126.174;73.630
296;26;5;126.174;93.780
297;5;26;119.541;59.360
297;26;5;119.541;79.510
298;5;26;120.330;56.410
298;26;5;120.330;76.560
299;5;27;56.840;73.670
299;27;5;56.840;94.440
300;5;27;58.425;65.160
300;27;5;58.425;85.930
301;5;28;51.574;54.990
301;28;5;51.574;76.710
302;5;28;51.621;62.840
302;28;5;51.621;84.560
303;5;28;52.274;61.280
303;28;5;52.274;83.000
304;5;29;8.647;18.210
304;29;5;53.647;90.860
305;5;29;10.469;10.630
305;29;5;55.469;83.280
306;5;29;8.088;7.490
306;29;5;53.088;80.140
307;6;7;96.088;91.930
307;7;6;96.088;92.410
308;6;8;98.504;74.300
308;8;6;98.504;74.840
309;6;8;96.761;73.710
309;8;6;96.761;74.250
310;6;8;98.612;91.950
310;8;6;98.612;92.490
311;6;9;54.760;82.870
311;9;6;54.760;84.580
312;6;9;56.039;89.910
312;9;6;56.039;91.620
313;6;9;54.162;91.830
313;9;6;54.162;93.540
314;6;10;105.469;85.840
314;10;6;105.469;88.810
315;6;11;80.398;66.740
315;11;6;80.398;70.990
316;6;11;75.040;88.820
316;11;6;75.040;93.070
317;6;12;92.972;69.990
317;12;6;92.972;74.660
318;6;12;91.473;79.650
318;12;6;91.473;84.320
319;6;12;97.718;85.770
319;12;6;97.718;90.440
320;6;13;63.721;86.750
320;13;6;63.721;91.780
321;6;13;65.812;74.400
321;13;6;65.812;79.430
322;6;13;63.174;81.530
322;13;6;63.174;86.560
323;6;14;90.108;70.600
323;14;6;90.108;76.000
324;6;14;83.754;65.500
324;14;6;83.754;70.900
325;6;14;95.237;89.640
325;14;6;95.237;95.040
326;6;15;90.512;66.780
326;15;6;90.512;72.980
327;6;16;118.587;68.570
327;16;6;118.587;75.400
328;6;16;125.580;84.020
328;16;6;125.580;90.850
329;6;17;90.992;71.180
329;17;6;90.992;82.680
330;6;17;95.214;63.270
330;17;6;95.214;74.770
331;6;17;101.749;71.020
331;17;6;101.749;82.520
332;6;18;90.992;73.590
332;18;6;90.992;86.070
333;6;18;99.405;66.700
333;18;6;99.405;79.180
334;6;19;148.777;62.180
334;19;6;148.777;74.680
335;6;19;130.586;58.650
335;19;6;130.586;71.150
336;6;19;134.433;71.600
336;19;6;134.433;84.100
337;6;20;129.661;78.280
337;20;6;129.661;93.260
338;6;20;112.789;74.800
338;20;6;112.789;89.780
339;6;20;128.637;74.540
339;20;6;128.637;89.520
340;6;21;93.832;76.210
340;21;6;93.832;91.280
341;6;21;100.273;63.610
341;21;6;100.273;78.680
342;6;21;100.635;74.850
342;21;6;100.635;89.920
343;6;22;56.933;72.930
343;22;6;56.933;88.870
344;6;22;56.276;75.220
344;22;6;56.276;91.160
345;6;23;89.149;63.770
345;23;6;89.149;79.990
346;6;23;90.069;71.340
346;23;6;90.069;87.560
347;6;24;94.364;64.180
347;24;6;94.364;80.920
348;6;25;105.087;54.770
348;25;6;105.087;71.680
349;6;25;90.116;65.160
349;25;6;90.116;82.070
350;6;26;162.851;71.500
350;26;6;162.851;89.370
351;6;27;89.999;68.750
351;27;6;89.999;87.240
352;6;27;94.774;60.190
352;27;6;94.774;78.680
353;6;28;80.025;55.150
353;28;6;80.025;74.590
354;6;29;28.285;17.050
354;29;6;73.285;87.420
355;6;29;26.155;24.700
355;29;6;71.155;95.070
356;7;8;54.238;94.520
356;8;7;54.238;94.580
357;7;8;56.197;86.890
357;8;7;56.197;86.950
358;7;9;93.521;91.990
358;9;7;93.521;93.220
359;7;9;81.502;85.840
359;9;7;81.502;87.070
360;7;10;69.601;75.370
360;10;7;69.601;77.860
361;7;10;66.030;83.550
361;10;7;66.030;86.040
362;7;10;69.907;85.080
362;10;7;69.907;87.570
363;7;11;65.413;87.080
363;11;7;65.413;90.850
364;7;11;60.952;73.540
364;11;7;60.952;77.310
365;7;11;65.357;83.420
365;11;7;65.357;87.190
366;7;12;48.134;66.450
366;12;7;48.134;70.640
367;7;13;93.824;71.860
367;13;7;93.824;76.410
368;7;13;102.831;84.760
368;13;7;102.831;89.310
369;7;13;99.974;83.140
369;13;7;99.974;87.690
370;7;14;66.053;74.590
370;14;7;66.053;79.510
371;7;15;63.125;66.810
371;15;7;63.125;72.530
372;7;16;82.998;84.580
372;16;7;82.998;90.930
373;7;17;63.660;78.790
373;17;7;63.660;89.810
374;7;17;62.232;65.520
374;17;7;62.232;76.540
375;7;18;63.660;58.680
375;18;7;63.660;70.680
376;7;19;110.940;78.800
376;19;7;110.940;90.820
377;7;19;121.780;77.910
377;19;7;121.780;89.930
378;7;20;87.679;75.100
378;20;7;87.679;89.600
379;7;21;48.827;63.980
379;21;7;48.827;78.570
380;7;21;48.932;74.810
380;21;7;48.932;89.400
381;7;22;87.953;69.830
381;22;7;87.953;85.290
382;7;22;83.063;68.540
382;22;7;83.063;84.000
383;7;22;86.285;66.960
383;22;7;86.285;82.420
384;7;23;54.569;78.620
384;23;7;54.569;94.360
385;7;23;52.489;66.800
385;23;7;52.489;82.540
386;7;24;68.447;59.960
386;24;7;68.447;76.220
387;7;24;65.847;73.330
387;24;7;65.847;89.590
388;7;24;66.551;56.650
388;24;7;66.551;72.910
389;7;25;72.199;68.450
389;25;7;72.199;84.880
390;7;26;119.737;59.630
390;26;7;119.737;77.020
391;7;26;115.058;62.820
391;26;7;115.058;80.210
392;7;26;105.852;67.790
392;26;7;105.852;85.180
393;7;27;58.515;57.160
393;27;7;58.515;75.170
394;7;27;58.678;70.920
394;27;7;58.678;88.930
395;7;27;59.641;69.780
395;27;7;59.641;87.790
396;7;28;76.014;61.150
396;28;7;76.014;80.110
397;7;28;79.051;74.980
397;28;7;79.051;93.940
398;7;29;30.107;15.840
398;29;7;75.107;85.730
399;8;9;94.291;91.780
399;9;8;94.291;92.950
400;8;10;78.419;78.990
400;10;8;78.419;81.420
401;8;10;82.166;91.760
401;10;8;82.166;94.190
402;8;11;72.463;77.160
402;11;8;72.463;80.870
403;8;12;54.975;82.480
403;12;8;54.975;86.610
404;8;12;53.015;70.410
404;12;8;53.015;74.540
405;8;13;99.245;65.470
405;13;8;99.245;69.960
406;8;13;102.847;90.250
406;13;8;102.847;94.740
407;8;14;74.973;68.990
407;14;8;74.973;73.850
408;8;14;75.852;65.980
408;14;8;75.852;70.840
409;8;14;74.947;68.560
409;14;8;74.947;73.420
410;8;15;72.071;82.590
410;15;8;72.071;88.250
411;8;15;69.627;79.270
411;15;8;69.627;84.930
412;8;15;78.402;72.710
412;15;8;78.402;78.370
413;8;16;91.181;71.630
413;16;8;91.181;77.920
414;8;17;72.657;68.870
414;17;8;72.657;79.830
415;8;17;67.860;76.790
415;17;8;67.860;87.750
416;8;18;72.657;79.000
416;18;8;72.657;90.940
417;8;19;102.641;58.270
417;19;8;102.641;70.230
418;8;19;105.421;66.820
418;19;8;105.421;78.780
419;8;20;79.854;73.820
419;20;8;79.854;88.260
420;8;20;76.760;74.090
420;20;8;76.760;88.530
421;8;21;52.264;58.400
421;21;8;52.264;72.930
422;8;22;88.859;70.150
422;22;8;88.859;85.550
423;8;22;80.797;64.430
423;22;8;80.797;79.830
424;8;22;85.676;70.670
424;22;8;85.676;86.070
425;8;23;62.667;63.530
425;23;8;62.667;79.210
426;8;24;77.631;66.320
426;24;8;77.631;82.520
427;8;24;80.087;58.940
427;24;8;80.087;75.140
428;8;24;75.552;71.660
428;24;8;75.552;87.860
429;8;25;81.182;69.530
429;25;8;81.182;85.900
430;8;26;124.963;68.110
430;26;8;124.963;85.440
431;8;26;141.444;71.590
431;26;8;141.444;88.920
432;8;27;67.291;76.450
432;27;8;67.291;94.400
433;8;28;83.752;65.400
433;28;8;83.752;84.300
434;8;28;75.655;74.310
434;28;8;75.655;93.210
435;8;28;88.805;65.110
435;28;8;88.805;84.010
436;8;29;36.549;13.410
436;29;8;81.549;83.240
437;8;29;42.900;6.030
437;29;8;87.900;75.860
438;9;10;106.754;88.590
438;10;9;106.754;89.850
439;9;11;81.232;89.650
439;11;9;81.232;92.190
440;9;11;74.279;68.070
440;11;9;74.279;70.610
441;9;11;82.952;79.230
441;11;9;82.952;81.770
442;9;12;90.399;72.100
442;12;9;90.399;75.060
443;9;13;72.076;83.170
443;13;9;72.076;86.490
444;9;13;78.809;73.050
444;13;9;78.809;76.370
445;9;14;91.758;78.380
445;14;9;91.758;82.070
446;9;15;91.546;70.570
446;15;9;91.546;75.060
447;9;15;93.407;87.690
447;15;9;93.407;92.180
448;9;16;120.617;71.990
448;16;9;120.617;77.110
449;9;16;115.803;75.780
449;16;9;115.803;80.900
450;9;16;109.237;72.110
450;16;9;109.237;77.230
451;9;17;92.138;80.190
451;17;9;92.138;89.980
452;9;18;92.138;76.590
452;18;9;92.138;87.360
453;9;18;102.362;60.840
453;18;9;102.362;71.610
454;9;18;81.259;75.120
454;18;9;81.259;85.890
455;9;19;141.250;71.210
455;19;9;141.250;82.000
456;9;20;123.233;75.880
456;20;9;123.233;89.150
457;9;20;134.771;57.300
457;20;9;134.771;70.570
458;9;21;90.714;62.410
458;21;9;90.714;75.770
459;9;21;84.591;66.080
459;21;9;84.591;79.440
460;9;21;82.262;62.570
460;21;9;82.262;75.930
461;9;22;50.569;55.830
461;22;9;50.569;70.060
462;9;22;51.606;75.900
462;22;9;51.606;90.130
463;9;23;88.076;58.520
463;23;9;88.076;73.030
464;9;23;91.847;77.180
464;23;9;91.847;91.690
465;9;24;96.362;78.290
465;24;9;96.362;93.320
466;9;24;102.167;55.550
466;24;9;102.167;70.580
467;9;25;106.902;69.820
467;25;9;106.902;85.020
468;9;25;104.807;65.390
468;25;9;104.807;80.590
469;9;25;94.847;66.760
469;25;9;94.847;81.960
470;9;26;163.997;61.850
470;26;9;163.997;78.010
471;9;27;90.011;71.570
471;27;9;90.011;88.350
472;9;27;98.505;73.800
472;27;9;98.505;90.580
473;9;27;78.893;52.780
473;27;9;78.893;69.560
474;9;28;83.857;71.300
474;28;9;83.857;89.030
475;9;28;82.947;64.860
475;28;9;82.947;82.590
476;9;29;31.387;14.660
476;29;9;76.387;83.320
477;10;11;70.526;87.270
477;11;10;70.526;88.550
478;10;11;73.120;68.930
478;11;10;73.120;70.210
479;10;12;70.644;76.960
479;12;10;70.644;78.660
480;10;13;95.168;75.680
480;13;10;95.168;77.740
481;10;13;86.818;82.630
481;13;10;86.818;84.690
482;10;14;60.372;77.930
482;14;10;60.372;80.360
483;10;14;63.192;67.800
483;14;10;63.192;70.230
484;10;14;62.873;87.730
484;14;10;62.873;90.160
485;10;15;60.208;85.680
485;15;10;60.208;88.910
486;10;16;59.501;70.000
486;16;10;59.501;73.860
487;10;16;56.714;70.070
487;16;10;56.714;73.930
488;10;16;61.097;63.760
488;16;10;61.097;67.620
489;10;17;59.627;64.840
489;17;10;59.627;73.370
490;10;18;59.627;70.210
490;18;10;59.627;79.720
491;10;19;130.235;77.110
491;19;10;130.235;86.640
492;10;19;132.279;78.660
492;19;10;132.279;88.190
493;10;20;106.687;70.680
493;20;10;106.687;82.690
494;10;20;98.516;73.930
494;20;10;98.516;85.940
495;10;20;106.091;56.590
495;20;10;106.091;68.600
496;10;21;73.044;56.770
496;21;10;73.044;68.870
497;10;22;101.576;73.680
497;22;10;101.576;86.650
498;10;22;103.230;66.910
498;22;10;103.230;79.880
499;10;22;103.038;77.750
499;22;10;103.038;90.720
500;10;23;66.551;68.860
500;23;10;66.551;82.110
501;10;23;65.246;75.620
501;23;10;65.246;88.870
502;10;23;66.165;78.720
502;23;10;66.165;91.970
503;10;24;56.546;69.750
503;24;10;56.546;83.520
504;10;25;48.361;78.340
504;25;10;48.361;92.280
505;10;25;48.292;57.080
505;25;10;48.292;71.020
506;10;25;47.607;62.670
506;25;10;47.607;76.610
507;10;26;102.419;64.300
507;26;10;102.419;79.200
508;10;26;90.803;53.070
508;26;10;90.803;67.970
509;10;27;62.568;61.320
509;27;10;62.568;76.840
510;10;27;59.648;66.900
510;27;10;59.648;82.420
511;10;28;72.476;65.080
511;28;10;72.476;81.550
512;10;29;32.509;7.380
512;29;10;77.509;74.780
513;11;12;63.034;77.600
513;12;11;63.034;78.020
514;11;13;73.971;87.730
514;13;11;73.971;88.510
515;11;13;70.710;66.380
515;13;11;70.710;67.160
516;11;14;55.748;71.780
516;14;11;55.748;72.930
517;11;14;57.694;79.540
517;14;11;57.694;80.690
518;11;14;57.107;84.570
518;14;11;57.107;85.720
519;11;15;55.322;66.430
519;15;11;55.322;68.380
520;11;15;55.112;77.340
520;15;11;55.112;79.290
521;11;16;84.479;73.030
521;16;11;84.479;75.610
522;11;16;80.557;75.590
522;16;11;80.557;78.170
523;11;17;55.906;66.530
523;17;11;55.906;73.780
524;11;17;54.319;70.150
524;17;11;54.319;77.400
525;11;18;55.906;63.230
525;18;11;55.906;71.460
526;11;18;54.929;62.890
526;18;11;54.929;71.120
527;11;18;56.697;72.000
527;18;11;56.697;80.230
528;11;19;130.017;69.140
528;19;11;130.017;77.390
529;11;20;107.303;60.850
529;20;11;107.303;71.580
530;11;21;65.363;76.580
530;21;11;65.363;87.400
531;11;21;62.031;76.600
531;21;11;62.031;87.420
532;11;22;76.105;63.370
532;22;11;76.105;75.060
533;11;23;56.015;59.550
533;23;11;56.015;71.520
534;11;23;56.813;64.070
534;23;11;56.813;76.040
535;11;23;54.757;69.430
535;23;11;54.757;81.400
536;11;24;60.512;55.060
536;24;11;60.512;67.550
537;11;24;58.686;72.530
537;24;11;58.686;85.020
538;11;25;70.756;68.210
538;25;11;70.756;80.870
539;11;25;73.448;66.590
539;25;11;73.448;79.250
540;11;26;127.867;61.330
540;26;11;127.867;74.950
541;11;27;54.857;57.380
541;27;11;54.857;71.620
542;11;27;53.789;65.630
542;27;11;53.789;79.870
543;11;28;56.562;56.250
543;28;11;56.562;71.440
544;11;28;55.626;73.670
544;28;11;55.626;88.860
545;11;29;9.829;17.380
545;29;11;54.829;83.500
546;11;29;8.036;0.940
546;29;11;53.036;67.060
547;12;13;91.063;74.110
547;13;12;91.063;74.470
548;12;13;85.893;67.090
548;13;12;85.893;67.450
549;12;13;84.956;74.930
549;13;12;84.956;75.290
550;12;14;65.072;67.640
550;14;12;65.072;68.370
551;12;15;62.198;73.690
551;15;12;62.198;75.220
552;12;15;65.333;64.440
552;15;12;65.333;65.970
553;12;15;64.050;71.420
553;15;12;64.050;72.950
554;12;16;84.493;82.570
554;16;12;84.493;84.730
555;12;17;62.815;76.990
555;17;12;62.815;83.820
556;12;18;62.815;80.260
556;18;12;62.815;88.070
557;12;18;63.870;57.920
557;18;12;63.870;65.730
558;12;19;112.493;82.240
558;19;12;112.493;90.070
559;12;20;89.461;78.540
559;20;12;89.461;88.850
560;12;20;94.970;57.490
560;20;12;94.970;67.800
561;12;20;91.831;75.640
561;20;12;91.831;85.950
562;12;21;47.805;59.230
562;21;12;47.805;69.630
563;12;22;84.831;56.000
563;22;12;84.831;67.270
564;12;22;92.319;65.240
564;22;12;92.319;76.510
565;12;22;78.970;76.480
565;22;12;78.970;87.750
566;12;23;52.708;67.480
566;23;12;52.708;79.030
567;12;24;68.020;54.760
567;24;12;68.020;66.830
568;12;25;72.982;57.390
568;25;12;72.982;69.630
569;12;25;67.866;62.740
569;25;12;67.866;74.980
570;12;25;71.543;73.630
570;25;12;71.543;85.870
571;12;26;122.298;53.960
571;26;12;122.298;67.160
572;12;27;57.365;60.040
572;27;12;57.365;73.860
573;12;27;57.926;67.660
573;27;12;57.926;81.480
574;12;27;55.647;54.040
574;27;12;55.647;67.860
575;12;28;74.019;60.760
575;28;12;74.019;75.530
576;12;29;27.562;10.410
576;29;12;72.562;76.110
577;13;14;80.483;74.200
577;14;13;80.483;74.570
578;13;14;71.856;76.640
578;14;13;71.856;77.010
579;13;15;82.002;81.400
579;15;13;82.002;82.570
580;13;15;83.293;69.320
580;15;13;83.293;70.490
581;13;16;106.384;80.760
581;16;13;106.384;82.560
582;13;17;82.210;67.720
582;17;13;82.210;74.190
583;13;17;82.228;78.310
583;17;13;82.228;84.780
584;13;18;82.210;80.640
584;18;13;82.210;88.090
585;13;18;87.571;73.570
585;18;13;87.571;81.020
586;13;18;90.929;73.110
586;18;13;90.929;80.560
587;13;19;154.833;77.490
587;19;13;154.833;84.960
588;13;20;133.461;55.780
588;20;13;133.461;65.730
589;13;20;148.711;68.990
589;20;13;148.711;78.940
590;13;20;153.019;62.650
590;20;13;153.019;72.600
591;13;21;92.882;62.400
591;21;13;92.882;72.440
592;13;21;96.413;72.610
592;21;13;96.413;82.650
593;13;22;71.022;59.150
593;22;13;71.022;70.060
594;13;23;84.848;62.570
594;23;13;84.848;73.760
595;13;24;83.631;65.340
595;24;13;83.631;77.050
596;13;24;87.169;61.800
596;24;13;87.169;73.510
597;13;25;93.874;56.880
597;25;13;93.874;68.760
598;13;25;81.791;55.610
598;25;13;81.791;67.490
599;13;25;97.885;75.630
599;25;13;97.885;87.510
600;13;26;151.092;71.140
600;26;13;151.092;83.980
601;13;26;127.671;67.480
601;26;13;127.671;80.320
602;13;26;133.295;68.500
602;26;13;133.295;81.340
603;13;27;83.502;73.840
603;27;13;83.502;87.300
604;13;27;79.303;70.420
604;27;13;79.303;83.880
605;13;27;74.910;72.630
605;27;13;74.910;86.090
606;13;28;67.692;73.510
606;28;13;67.692;87.920
607;13;29;19.222;4.100
607;29;13;64.222;69.440
608;13;29;17.295;23.310
608;29;13;62.295;88.650
609;14;15;47.930;86.050
609;15;14;47.930;86.850
610;14;16;73.859;76.680
610;16;14;73.859;78.110
611;14;16;76.963;64.980
611;16;14;76.963;66.410
612;14;17;47.493;79.820
612;17;14;47.493;85.920
613;14;18;47.493;79.600
613;18;14;47.493;86.680
614;14;18;46.947;82.770
614;18;14;46.947;89.850
615;14;19;131.899;64.660
615;19;14;131.899;71.760
616;14;19;149.301;62.330
616;19;14;149.301;69.430
617;14;20;108.490;71.990
617;20;14;108.490;81.570
618;14;21;67.870;67.720
618;21;14;67.870;77.390
619;14;21;65.146;60.980
619;21;14;65.146;70.650
620;14;21;66.999;69.650
620;21;14;66.999;79.320
621;14;22;86.742;67.040
621;22;14;86.742;77.580
622;14;22;85.607;55.730
622;22;14;85.607;66.270
623;14;22;87.691;65.120
623;22;14;87.691;75.660
624;14;23;57.704;72.870
624;23;14;57.704;83.690
625;14;24;49.784;70.970
625;24;14;49.784;82.310
626;14;24;49.972;71.230
626;24;14;49.972;82.570
627;14;24;48.642;72.630
627;24;14;48.642;83.970
628;14;25;60.151;56.530
628;25;14;60.151;68.040
629;14;25;57.970;74.590
629;25;14;57.970;86.100
630;14;25;59.884;54.800
630;25;14;59.884;66.310
631;14;26;117.749;57.350
631;26;14;117.749;69.820
632;14;26;108.680;62.400
632;26;14;108.680;74.870
633;14;26;114.606;65.050
633;26;14;114.606;77.520
634;14;27;52.711;72.210
634;27;14;52.711;85.300
635;14;28;58.189;66.840
635;28;14;58.189;80.880
636;14;28;60.523;52.010
636;28;14;60.523;66.050
637;14;28;59.374;65.140
637;28;14;59.374;79.180
638;14;29;17.194;2.080
638;29;14;62.194;67.050
639;14;29;17.218;11.100
639;29;14;62.218;76.070
640;14;29;16.018;9.020
640;29;14;61.018;73.990
641;15;16;74.303;73.910
641;16;15;74.303;74.540
642;15;16;78.518;74.310
642;16;15;78.518;74.940
643;15;17;45.760;67.510
643;17;15;45.760;72.810
644;15;17;45.750;69.830
644;17;15;45.750;75.130
645;15;18;45.760;72.770
645;18;15;45.760;79.050
646;15;19;128.972;67.160
646;19;15;128.972;73.460
647;15;19;108.458;61.850
647;19;15;108.458;68.150
648;15;19;131.474;63.210
648;19;15;131.474;69.510
649;15;20;105.572;78.990
649;20;15;105.572;87.770
650;15;21;65.000;58.260
650;21;15;65.000;67.130
651;15;22;86.380;68.860
651;22;15;86.380;78.600
652;15;23;54.969;56.860
652;23;15;54.969;66.880
653;15;23;56.635;72.520
653;23;15;56.635;82.540
654;15;23;56.345;61.510
654;23;15;56.345;71.530
655;15;24;51.494;77.360
655;24;15;51.494;87.900
656;15;24;51.065;53.770
656;24;15;51.065;64.310
657;15;25;60.628;64.390
657;25;15;60.628;75.100
658;15;25;64.371;75.250
658;25;15;64.371;85.960
659;15;26;117.557;77.000
659;26;15;117.557;88.670
660;15;26;120.584;52.920
660;26;15;120.584;64.590
661;15;27;49.879;54.190
661;27;15;49.879;66.480
662;15;27;49.035;68.560
662;27;15;49.035;80.850
663;15;27;49.374;54.340
663;27;15;49.374;66.630
664;15;28;60.254;58.630
664;28;15;60.254;71.870
665;15;28;62.527;66.070
665;28;15;62.527;79.310
666;15;29;18.196;23.970
666;29;15;63.196;88.140
667;16;17;73.647;60.510
667;17;16;73.647;65.180
668;16;17;75.657;64.200
668;17;16;75.657;68.870
669;16;17;68.381;59.830
669;17;16;68.381;64.500
670;16;18;73.647;68.690
670;18;16;73.647;74.340
671;16;19;138.102;79.560
671;19;16;138.102;85.230
672;16;20;115.123;66.440
672;20;16;115.123;74.590
673;16;21;86.666;73.870
673;21;16;86.666;82.110
674;16;22;115.574;63.640
674;22;16;115.574;72.750
675;16;23;81.011;67.380
675;23;16;81.011;76.770
676;16;23;88.466;64.600
676;23;16;88.466;73.990
677;16;24;69.314;73.190
677;24;16;69.314;83.100
678;16;24;75.059;53.720
678;24;16;75.059;63.630
679;16;24;63.289;66.690
679;24;16;63.289;76.600
680;16;25;58.725;77.800
680;25;16;58.725;87.880
681;16;25;61.220;56.100
681;25;16;61.220;66.180
682;16;25;56.983;75.660
682;25;16;56.983;85.740
683;16;26;89.720;77.150
683;26;16;89.720;88.190
684;16;27;77.050;60.680
684;27;16;77.050;72.340
685;16;28;84.149;70.470
685;28;16;84.149;83.080
686;16;28;90.679;65.410
686;28;16;90.679;78.020
687;16;28;82.633;62.040
687;28;16;82.633;74.650
688;16;29;45.309;2.310
688;29;16;90.309;65.850
689;17;18;45.000;62.900
689;18;17;45.000;63.880
690;17;19;129.450;65.870
690;19;17;129.450;66.870
691;17;19;134.393;65.960
691;19;17;134.393;66.960
692;17;19;142.835;67.700
692;19;17;142.835;68.700
693;17;20;106.024;57.030
693;20;17;106.024;60.510
694;17;20;109.676;56.010
694;20;17;109.676;59.490
695;17;21;65.620;65.960
695;21;17;65.620;69.530
696;17;22;86.994;68.490
696;22;17;86.994;72.930
697;17;22;88.357;68.490
697;22;17;88.357;72.930
698;17;23;55.664;61.920
698;23;17;55.664;66.640
699;17;23;54.514;62.920
699;23;17;54.514;67.640
700;17;23;53.404;67.850
700;23;17;53.404;72.570
701;17;24;50.739;66.990
701;24;17;50.739;72.230
702;17;25;59.954;74.220
702;25;17;59.954;79.630
703;17;26;117.013;61.580
703;26;17;117.013;67.950
704;17;26;110.541;53.530
704;26;17;110.541;59.900
705;17;26;104.102;75.500
705;26;17;104.102;81.870
706;17;27;50.552;68.470
706;27;17;50.552;75.460
707;17;27;49.774;61.280
707;27;17;49.774;68.270
708;17;28;60.269;67.690
708;28;17;60.269;75.630
709;17;28;58.393;67.660
709;28;17;58.393;75.600
710;17;29;18.520;18.620
710;29;17;63.520;77.490
711;18;19;129.450;69.490
711;19;18;129.450;69.510
712;18;19;121.871;81.980
712;19;18;121.871;82.000
713;18;19;139.217;58.240
713;19;18;139.217;58.260
714;18;20;106.024;62.240
714;20;18;106.024;64.740
715;18;20;115.959;76.750
715;20;18;115.959;79.250
716;18;21;65.620;55.710
716;21;18;65.620;58.300
717;18;21;68.004;63.810
717;21;18;68.004;66.400
718;18;21;70.271;71.040
718;21;18;70.271;73.630
719;18;22;86.994;70.510
719;22;18;86.994;73.970
720;18;22;76.624;58.860
720;22;18;76.624;62.320
721;18;22;94.135;73.510
721;22;18;94.135;76.970
722;18;23;55.664;71.980
722;23;18;55.664;75.720
723;18;23;54.085;75.120
723;23;18;54.085;78.860
724;18;23;54.869;56.580
724;23;18;54.869;60.320
725;18;24;50.739;65.460
725;24;18;50.739;69.720
726;18;24;50.354;55.590
726;24;18;50.354;59.850
727;18;24;51.788;60.360
727;24;18;51.788;64.620
728;18;25;59.954;63.310
728;25;18;59.954;67.740
729;18;25;56.322;76.940
729;25;18;56.322;81.370
730;18;25;61.999;75.830
730;25;18;61.999;80.260
731;18;26;117.013;54.970
731;26;18;117.013;60.360
732;18;26;121.367;55.690
732;26;18;121.367;61.080
733;18;27;50.552;56.300
733;27;18;50.552;62.310
734;18;27;50.618;73.900
734;27;18;50.618;79.910
735;18;28;60.269;73.270
735;28;18;60.269;80.230
736;18;29;18.520;0.630
736;29;18;63.520;58.520
737;18;29;17.540;3.190
737;29;18;62.540;61.080
738;19;20;68.616;75.720
738;20;19;68.616;78.200
739;19;21;109.881;66.830
739;21;19;109.881;69.400
740;19;21;102.870;64.970
740;21;19;102.870;67.540
741;19;22;137.061;77.050
741;22;19;137.061;80.490
742;19;22;133.011;75.780
742;22;19;133.011;79.220
743;19;22;143.539;54.500
743;22;19;143.539;57.940
744;19;23;120.189;57.200
744;23;19;120.189;60.920
745;19;24;133.638;69.260
745;24;19;133.638;73.500
746;19;25;133.556;60.310
746;25;19;133.556;64.720
747;19;26;150.798;63.810
747;26;19;150.798;69.180
748;19;26;172.404;55.590
748;26;19;172.404;60.960
749;19;27;124.454;67.520
749;27;19;124.454;73.510
750;19;28;141.388;66.510
750;28;19;141.388;73.450
751;19;28;157.122;58.080
751;28;19;157.122;65.020
752;19;29;93.673;12.990
752;29;19;138.673;70.860
753;20;21;86.967;65.360
753;21;20;86.967;65.450
754;20;21;76.660;77.980
754;21;20;76.660;78.070
755;20;22;118.464;61.900
755;22;20;118.464;62.860
756;20;23;97.091;63.190
756;23;20;97.091;64.430
757;20;23;84.135;69.240
757;23;20;84.135;70.480
758;20;23;96.175;54.990
758;23;20;96.175;56.230
759;20;24;110.084;67.280
759;24;20;110.084;69.040
760;20;25;109.996;67.350
760;25;20;109.996;69.280
761;20;25;116.626;72.380
761;25;20;116.626;74.310
762;20;26;132.942;66.100
762;26;20;132.942;68.990
763;20;26;111.641;53.510
763;26;20;111.641;56.400
764;20;27;101.153;59.220
764;27;20;101.153;62.730
765;20;27;95.721;65.170
765;27;20;95.721;68.680
766;20;27;94.285;64.560
766;27;20;94.285;68.070
767;20;28;118.478;53.800
767;28;20;118.478;58.260
768;20;29;71.350;5.500
768;29;20;116.350;60.890
769;20;29;56.921;15.210
769;29;20;101.921;70.600
770;21;22;85.163;64.490
770;22;21;85.163;65.360
771;21;22;84.651;68.240
771;22;21;84.651;69.110
772;21;22;78.033;70.400
772;22;21;78.033;71.270
773;21;23;55.416;70.300
773;23;21;55.416;71.450
774;21;23;55.204;69.450
774;23;21;55.204;70.600
775;21;23;56.365;62.930
775;23;21;56.365;64.080
776;21;24;70.811;55.570
776;24;21;70.811;57.240
777;21;24;64.796;65.030
777;24;21;64.796;66.700
778;21;24;74.968;75.910
778;24;21;74.968;77.580
779;21;25;75.495;61.210
779;25;21;75.495;63.050
780;21;26;123.505;74.600
780;26;21;123.505;77.400
781;21;27;60.161;72.400
781;27;21;60.161;75.820
782;21;28;76.539;69.960
782;28;21;76.539;74.330
783;21;29;29.690;24.000
783;29;21;74.690;79.300
784;21;29;35.232;6.570
784;29;21;80.232;61.870
785;22;23;82.580;68.580
785;23;22;82.580;68.860
786;22;24;91.409;60.840
786;24;22;91.409;61.640
787;22;25;101.848;76.240
787;25;22;101.848;77.210
788;22;25;108.023;75.170
788;25;22;108.023;76.140
789;22;25;108.059;78.210
789;25;22;108.059;79.180
790;22;26;158.702;65.150
790;26;22;158.702;67.080
791;22;26;167.896;61.160
791;26;22;167.896;63.090
792;22;26;165.612;60.360
792;26;22;165.612;62.290
793;22;27;84.653;68.600
793;27;22;84.653;71.150
794;22;27;80.028;61.450
794;27;22;80.028;64.000
795;22;28;79.669;61.920
795;28;22;79.669;65.420
796;22;29;27.064;1.560
796;29;22;72.064;55.990
797;22;29;28.522;12.560
797;29;22;73.522;66.990
798;22;29;32.320;6.890
798;29;22;77.320;61.320
799;23;24;61.247;71.130
799;24;23;61.247;71.650
800;23;24;62.061;57.640
800;24;23;62.061;58.160
801;23;25;68.195;53.930
801;25;23;68.195;54.620
802;23;25;65.871;70.210
802;25;23;65.871;70.900
803;23;25;68.118;62.740
803;25;23;68.118;63.430
804;23;26;121.741;65.240
804;26;23;121.741;66.890
805;23;27;50.126;61.670
805;27;23;50.126;63.940
806;23;28;66.460;60.210
806;28;23;66.460;63.430
807;23;29;20.827;11.680
807;29;23;65.827;65.830
808;23;29;24.645;9.980
808;29;23;69.645;64.130
809;24;25;55.724;59.390
809;25;24;55.724;59.560
810;24;25;55.568;61.670
810;25;24;55.568;61.840
811;24;26;113.535;53.190
811;26;24;113.535;54.320
812;24;26;121.188;77.140
812;26;24;121.188;78.270
813;24;26;105.884;64.610
813;26;24;105.884;65.740
814;24;27;56.129;72.110
814;27;24;56.129;73.860
815;24;27;56.867;54.050
815;27;24;56.867;55.800
816;24;28;60.946;65.150
816;28;24;60.946;67.850
817;24;29;21.172;8.270
817;29;24;66.172;61.900
818;25;26;102.824;62.230
818;26;25;102.824;63.190
819;25;26;96.952;54.330
819;26;25;96.952;55.290
820;25;26;105.962;64.000
820;26;25;105.962;64.960
821;25;27;63.772;61.310
821;27;25;63.772;62.890
822;25;27;66.802;55.470
822;27;25;66.802;57.050
823;25;28;71.250;51.400
823;28;25;71.250;53.930
824;25;29;31.884;3.300
824;29;25;76.884;56.760
825;26;27;119.072;73.430
825;27;26;119.072;74.050
826;26;27;106.078;74.600
826;27;26;106.078;75.220
827;26;28;128.829;68.350
827;28;26;128.829;69.920
828;26;29;89.706;4.270
828;29;26;134.706;56.770
829;26;29;86.855;18.730
829;29;26;131.855;71.230
830;26;29;103.026;5.380
830;29;26;148.026;57.880
831;27;28;63.193;75.520
831;28;27;63.193;76.470
832;27;29;19.290;13.570
832;29;27;64.290;65.450
833;28;29;7.648;24.150
833;29;28;52.648;75.080
