30
540.0
0;0;1;63.315;88.520
0;1;0;18.315;6.990
1;0;1;65.247;100.030
1;1;0;20.247;18.500
2;0;1;61.091;105.290
2;1;0;16.091;23.760
3;0;2;53.671;82.120
3;2;0;8.671;2.790
4;0;2;55.743;79.450
4;2;0;10.743;0.120
5;0;3;124.572;100.830
5;3;0;79.572;21.940
6;0;4;75.107;84.360
6;4;0;30.107;6.860
7;0;4;79.272;89.450
7;4;0;34.272;11.950
8;0;4;74.667;89.660
8;4;0;29.667;12.160
9;0;5;94.508;94.200
9;5;0;49.508;17.580
10;0;5;102.846;82.440
10;5;0;57.846;5.820
11;0;6;119.442;94.070
11;6;0;74.442;20.410
12;0;6;117.552;93.960
12;6;0;72.552;20.300
13;0;7;71.736;75.090
13;7;0;26.736;2.110
14;0;7;76.291;79.010
14;7;0;31.291;6.030
15;0;7;72.728;83.070
15;7;0;27.728;10.090
16;0;8;78.232;80.850
16;8;0;33.232;8.830
17;0;8;79.000;95.590
17;8;0;34.000;23.570
18;0;9;75.026;86.410
18;9;0;30.026;17.190
19;0;9;80.821;75.690
19;9;0;35.821;6.470
20;0;10;67.688;73.490
20;10;0;22.688;5.180
21;0;11;90.309;79.660
21;11;0;45.309;13.020
22;0;12;103.284;70.290
22;12;0;58.284;4.370
23;0;12;117.217;87.530
23;12;0;72.217;21.610
24;0;12;98.590;68.200
24;12;0;53.590;2.280
25;0;13;73.285;70.430
25;13;0;28.285;4.810
26;0;13;69.761;76.750
26;13;0;24.761;11.130
27;0;14;69.972;79.630
27;14;0;24.972;14.400
28;0;14;64.232;78.320
28;14;0;19.232;13.090
29;0;14;67.511;74.310
29;14;0;22.511;9.080
30;0;15;102.583;85.010
30;15;0;57.583;20.230
31;0;16;77.509;88.870
31;16;0;32.509;24.330
32;0;17;62.194;84.170
32;17;0;17.194;19.780
33;0;17;62.633;80.460
33;17;0;17.633;16.070
34;0;17;61.972;81.020
34;17;0;16.972;16.630
35;0;18;126.991;71.600
35;18;0;81.991;7.840
36;0;18;135.603;84.550
36;18;0;90.603;20.790
37;0;18;137.802;75.640
37;18;0;92.802;11.880
38;0;19;71.770;84.680
38;19;0;26.770;20.990
39;0;19;69.975;83.270
39;19;0;24.975;19.580
40;0;20;68.796;88.540
40;20;0;23.796;24.950
41;0;20;74.316;77.660
41;20;0;29.316;14.070
42;0;20;70.137;72.420
42;20;0;25.137;8.830
43;0;21;94.491;79.210
43;21;0;49.491;15.960
44;0;21;91.503;78.340
44;21;0;46.503;15.090
45;0;22;63.686;75.200
45;22;0;18.686;14.130
46;0;23;71.416;61.020
46;23;0;26.416;0.030
47;0;23;66.592;84.630
47;23;0;21.592;23.640
48;0;23;66.547;64.300
48;23;0;21.547;3.310
49;0;24;138.673;74.030
49;24;0;93.673;13.660
50;0;24;146.127;77.320
50;24;0;101.127;16.950
51;0;25;53.647;70.750
51;25;0;8.647;11.500
52;0;25;55.107;60.190
52;25;0;10.107;0.940
53;0;25;54.590;79.090
53;25;0;9.590;19.840
54;0;26;76.884;71.210
54;26;0;31.884;12.820
55;0;26;82.342;66.820
55;26;0;37.342;8.430
56;0;26;81.764;79.160
56;26;0;36.764;20.770
57;0;27;70.336;58.960
57;27;0;25.336;0.960
58;0;27;73.710;82.640
58;27;0;28.710;24.640
59;0;27;71.186;76.850
59;27;0;26.186;18.850
60;0;28;62.549;63.100
60;28;0;17.549;5.570
61;0;28;62.667;82.110
61;28;0;17.667;24.580
62;0;28;58.704;72.040
62;28;0;13.704;14.510
63;0;29;0.000;2.430
63;29;0;0.000;2.430
64;0;29;0.000;19.380
64;29;0;0.000;19.380
65;0;29;0.000;23.040
65;29;0;0.000;23.040
66;1;2;55.457;102.460
66;2;1;55.457;104.660
67;1;3;110.310;94.870
67;3;1;110.310;97.510
68;1;3;116.976;88.520
68;3;1;116.976;91.160
69;1;4;79.073;83.990
69;4;1;79.073;88.020
70;1;5;105.227;85.770
70;5;1;105.227;90.680
71;1;5;108.896;89.990
71;5;1;108.896;94.900
72;1;5;100.363;93.410
72;5;1;100.363;98.320
73;1;6;104.115;96.220
73;6;1;104.115;104.090
74;1;6;91.914;90.330
74;6;1;91.914;98.200
75;1;6;100.076;78.820
75;6;1;100.076;86.690
76;1;7;81.110;76.000
76;7;1;81.110;84.550
77;1;7;75.811;93.210
77;7;1;75.811;101.760
78;1;7;81.795;81.920
78;7;1;81.795;90.470
79;1;8;83.629;90.650
79;8;1;83.629;100.160
80;1;8;78.471;87.310
80;8;1;78.471;96.820
81;1;8;79.987;75.620
81;8;1;79.987;85.130
82;1;9;56.863;91.320
82;9;1;56.863;103.630
83;1;9;55.487;76.110
83;9;1;55.487;88.420
84;1;9;53.995;91.190
84;9;1;53.995;103.500
85;1;10;52.549;88.660
85;10;1;52.549;101.880
86;1;10;53.526;77.050
86;10;1;53.526;90.270
87;1;10;51.580;75.320
87;10;1;51.580;88.540
88;1;11;75.731;73.990
88;11;1;75.731;88.880
89;1;11;82.354;70.470
89;11;1;82.354;85.360
90;1;11;83.097;74.510
90;11;1;83.097;89.400
91;1;12;107.732;89.620
91;12;1;107.732;105.230
92;1;12;112.912;73.800
92;12;1;112.912;89.410
93;1;12;119.474;79.240
93;12;1;119.474;94.850
94;1;13;90.296;75.330
94;13;1;90.296;91.240
95;1;14;79.924;68.210
95;14;1;79.924;84.510
96;1;15;86.861;86.900
96;15;1;86.861;103.650
97;1;15;82.939;72.340
97;15;1;82.939;89.090
98;1;16;66.825;81.580
98;16;1;66.825;98.570
99;1;17;58.035;83.410
99;17;1;58.035;100.550
100;1;17;58.411;77.480
100;17;1;58.411;94.620
101;1;18;132.667;75.300
101;18;1;132.667;93.070
102;1;18;126.457;78.030
102;18;1;126.457;95.800
103;1;18;121.565;81.280
103;18;1;121.565;99.050
104;1;19;79.137;76.890
104;19;1;79.137;94.730
105;1;19;80.691;64.820
105;19;1;80.691;82.660
106;1;19;73.937;64.940
106;19;1;73.937;82.780
107;1;20;86.710;86.060
107;20;1;86.710;104.000
108;1;20;93.855;64.090
108;20;1;93.855;82.030
109;1;21;92.752;79.480
109;21;1;92.752;97.760
110;1;21;87.158;79.890
110;21;1;87.158;98.170
111;1;21;96.113;72.310
111;21;1;96.113;90.590
112;1;22;59.427;72.050
112;22;1;59.427;92.510
113;1;23;79.184;73.870
113;23;1;79.184;94.410
114;1;23;83.723;82.940
114;23;1;83.723;103.480
115;1;23;77.254;69.950
115;23;1;77.254;90.490
116;1;24;144.932;79.230
116;24;1;144.932;100.390
117;1;24;121.285;63.280
117;24;1;121.285;84.440
118;1;25;58.400;64.820
118;25;1;58.400;87.100
119;1;25;61.611;78.470
119;25;1;61.611;100.750
120;1;26;64.544;82.450
120;26;1;64.544;105.590
121;1;26;61.629;67.680
121;26;1;61.629;90.820
122;1;27;88.638;59.520
122;27;1;88.638;83.050
123;1;27;90.901;64.680
123;27;1;90.901;88.210
124;1;28;80.644;60.790
124;28;1;80.644;84.790
125;1;29;18.315;21.350
125;29;1;63.315;102.880
126;1;29;18.990;19.240
126;29;1;63.990;100.770
127;1;29;20.488;5.940
127;29;1;65.488;87.470
128;2;3;116.280;94.850
128;3;2;116.280;95.290
129;2;3;121.246;90.130
129;3;2;121.246;90.570
130;2;4;72.936;93.840
130;4;2;72.936;95.670
131;2;4;77.447;87.310
131;4;2;77.447;89.140
132;2;4;67.763;92.450
132;4;2;67.763;94.280
133;2;5;96.604;91.180
133;5;2;96.604;93.890
134;2;5;90.597;97.660
134;5;2;90.597;100.370
135;2;6;110.940;73.790
135;6;2;110.940;79.460
136;2;7;72.607;88.930
136;7;2;72.607;95.280
137;2;7;68.368;73.970
137;7;2;68.368;80.320
138;2;7;75.072;89.340
138;7;2;75.072;95.690
139;2;8;76.950;96.740
139;8;2;76.950;104.050
140;2;9;66.705;94.060
140;9;2;66.705;104.170
141;2;9;71.718;72.350
141;9;2;71.718;82.460
142;2;10;59.020;80.580
142;10;2;59.020;91.600
143;2;10;58.648;92.220
143;10;2;58.648;103.240
144;2;11;81.838;85.810
144;11;2;81.838;98.500
145;2;11;78.303;72.790
145;11;2;78.303;85.480
146;2;12;101.963;82.940
146;12;2;101.963;96.350
147;2;12;111.420;78.310
147;12;2;111.420;91.720
148;2;13;81.867;89.000
148;13;2;81.867;102.710
149;2;13;88.042;68.690
149;13;2;88.042;82.400
150;2;13;80.867;79.400
150;13;2;80.867;93.110
151;2;14;71.162;66.570
151;14;2;71.162;80.670
152;2;14;77.202;72.140
152;14;2;77.202;86.240
153;2;15;93.996;75.280
153;15;2;93.996;89.830
154;2;16;69.630;80.730
154;16;2;69.630;95.520
155;2;16;64.649;70.510
155;16;2;64.649;85.300
156;2;17;54.971;88.390
156;17;2;54.971;103.330
157;2;17;56.919;79.410
157;17;2;56.919;94.350
158;2;18;126.482;74.620
158;18;2;126.482;90.190
159;2;18;125.277;71.310
159;18;2;125.277;86.880
160;2;18;139.799;65.700
160;18;2;139.799;81.270
161;2;19;71.395;83.960
161;19;2;71.395;99.600
162;2;19;70.888;70.890
162;19;2;70.888;86.530
163;2;20;77.461;67.430
163;20;2;77.461;83.170
164;2;21;90.133;65.250
164;21;2;90.133;81.330
165;2;22;56.693;63.510
165;22;2;56.693;81.770
166;2;23;71.270;77.990
166;23;2;71.270;96.330
167;2;23;72.269;63.530
167;23;2;72.269;81.870
168;2;23;64.896;70.540
168;23;2;64.896;88.880
169;2;24;138.521;65.970
169;24;2;138.521;84.930
170;2;24;149.981;82.450
170;24;2;149.981;101.410
171;2;24;121.899;84.000
171;24;2;121.899;102.960
172;2;25;48.720;82.360
172;25;2;48.720;102.440
173;2;25;48.582;66.090
173;25;2;48.582;86.170
174;2;26;68.636;79.530
174;26;2;68.636;100.470
175;2;27;78.563;71.530
175;27;2;78.563;92.860
176;2;27;71.321;78.190
176;27;2;71.321;99.520
177;2;28;71.190;66.550
177;28;2;71.190;88.350
178;2;29;8.671;16.660
178;29;2;53.671;95.990
179;3;4;110.123;77.760
179;4;3;110.123;79.150
180;3;4;108.438;87.050
180;4;3;108.438;88.440
181;3;4;116.521;79.830
181;4;3;116.521;81.220
182;3;5;133.529;84.690
182;5;3;133.529;86.960
183;3;6;53.891;90.660
183;6;3;53.891;95.890
184;3;7;120.007;87.160
184;7;3;120.007;93.070
185;3;8;113.043;77.730
185;8;3;113.043;84.600
186;3;8;116.934;80.840
186;8;3;116.934;87.710
187;3;9;100.587;91.050
187;9;3;100.587;100.720
188;3;9;89.689;75.070
188;9;3;89.689;84.740
189;3;9;88.758;80.760
189;9;3;88.758;90.430
190;3;10;103.279;85.830
190;10;3;103.279;96.410
191;3;10;103.719;76.810
191;10;3;103.719;87.390
192;3;11;79.657;70.100
192;11;3;79.657;82.350
193;3;12;117.272;66.500
193;12;3;117.272;79.470
194;3;13;152.715;81.780
194;13;3;152.715;95.050
195;3;13;168.476;81.840
195;13;3;168.476;95.110
196;3;14;120.698;80.460
196;14;3;120.698;94.120
197;3;14;133.077;75.680
197;14;3;133.077;89.340
198;3;15;69.273;79.350
198;15;3;69.273;93.460
199;3;16;92.290;76.340
199;16;3;92.290;90.690
200;3;16;102.980;83.860
200;16;3;102.980;98.210
201;3;16;103.989;66.980
201;16;3;103.989;81.330
202;3;17;107.614;83.490
202;17;3;107.614;97.990
203;3;17;118.468;82.490
203;17;3;118.468;96.990
204;3;17;94.831;85.770
204;17;3;94.831;100.270
205;3;18;134.838;64.440
205;18;3;134.838;79.570
206;3;18;139.923;70.630
206;18;3;139.923;85.760
207;3;19;116.106;83.450
207;19;3;116.106;98.650
208;3;19;109.942;72.780
208;19;3;109.942;87.980
209;3;20;147.414;87.020
209;20;3;147.414;102.320
210;3;20;159.806;68.320
210;20;3;159.806;83.620
211;3;20;123.385;82.980
211;20;3;123.385;98.280
212;3;21;96.851;64.320
212;21;3;96.851;79.960
213;3;21;97.098;72.260
213;21;3;97.098;87.900
214;3;22;106.364;67.730
214;22;3;106.364;85.550
215;3;22;119.796;76.000
215;22;3;119.796;93.820
216;3;23;116.800;72.410
216;23;3;116.800;90.310
217;3;23;100.418;73.450
217;23;3;100.418;91.350
218;3;23;132.638;69.280
218;23;3;132.638;87.180
219;3;24;145.386;64.960
219;24;3;145.386;83.480
220;3;24;157.799;80.390
220;24;3;157.799;98.910
221;3;24;159.526;68.020
221;24;3;159.526;86.540
222;3;25;116.038;73.390
222;25;3;116.038;93.030
223;3;25;108.084;73.600
223;25;3;108.084;93.240
224;3;25;123.158;76.880
224;25;3;123.158;96.520
225;3;26;92.692;71.410
225;26;3;92.692;91.910
226;3;26;88.209;73.600
226;26;3;88.209;94.100
227;3;27;145.892;81.890
227;27;3;145.892;102.780
228;3;27;122.824;66.000
228;27;3;122.824;86.890
229;3;27;168.108;79.510
229;27;3;168.108;100.400
230;3;28;141.087;58.950
230;28;3;141.087;80.310
231;3;28;164.941;76.340
231;28;3;164.941;97.700
232;3;28;158.113;82.390
232;28;3;158.113;103.750
233;3;29;79.572;0.380
233;29;3;124.572;79.270
234;3;29;88.899;9.000
234;29;3;133.899;87.890
235;4;5;73.717;77.940
235;5;4;73.717;78.820
236;4;5;70.969;94.890
236;5;4;70.969;95.770
237;4;6;108.137;73.980
237;6;4;108.137;77.820
238;4;7;55.054;84.370
238;7;4;55.054;88.890
239;4;7;52.831;91.060
239;7;4;52.831;95.580
240;4;7;54.885;97.550
240;7;4;54.885;102.070
241;4;8;49.830;74.490
241;8;4;49.830;79.970
242;4;9;84.115;70.540
242;9;4;84.115;78.820
243;4;10;75.314;81.640
243;10;4;75.314;90.830
244;4;10;77.821;90.650
244;10;4;77.821;99.840
245;4;11;82.998;73.570
245;11;4;82.998;84.430
246;4;11;84.751;67.160
246;11;4;84.751;78.020
247;4;11;90.286;89.050
247;11;4;90.286;99.910
248;4;12;74.047;84.370
248;12;4;74.047;95.950
249;4;12;69.527;66.700
249;12;4;69.527;78.280
250;4;12;76.114;87.550
250;12;4;76.114;99.130
251;4;13;96.088;66.650
251;13;4;96.088;78.530
252;4;13;87.880;81.280
252;13;4;87.880;93.160
253;4;14;56.138;67.890
253;14;4;56.138;80.160
254;4;14;58.809;82.480
254;14;4;58.809;94.750
255;4;14;57.686;87.530
255;14;4;57.686;99.800
256;4;15;94.880;67.400
256;15;4;94.880;80.120
257;4;15;97.735;89.350
257;15;4;97.735;102.070
258;4;15;106.676;68.890
258;15;4;106.676;81.610
259;4;16;69.601;75.210
259;16;4;69.601;88.170
260;4;16;64.567;70.310
260;16;4;64.567;83.270
261;4;17;66.053;87.180
261;17;4;66.053;100.290
262;4;17;61.475;66.420
262;17;4;61.475;79.530
263;4;17;61.432;80.190
263;17;4;61.432;93.300
264;4;18;98.755;66.230
264;18;4;98.755;79.970
265;4;19;51.317;79.430
265;19;4;51.317;93.240
266;4;19;52.878;76.050
266;19;4;52.878;89.860
267;4;19;51.602;81.270
267;19;4;51.602;95.080
268;4;20;89.354;88.240
268;20;4;89.354;102.150
269;4;21;65.984;81.010
269;21;4;65.984;95.260
270;4;21;71.096;63.270
270;21;4;71.096;77.520
271;4;21;63.117;77.810
271;21;4;63.117;92.060
272;4;22;64.813;77.960
272;22;4;64.813;94.390
273;4;22;60.706;64.420
273;22;4;60.706;80.850
274;4;22;59.981;63.180
274;22;4;59.981;79.610
275;4;23;52.058;84.170
275;23;4;52.058;100.680
276;4;24;110.940;81.440
276;24;4;110.940;98.570
277;4;24;124.117;68.390
277;24;4;124.117;85.520
278;4;25;69.444;65.970
278;25;4;69.444;84.220
279;4;25;68.228;70.150
279;25;4;68.228;88.400
280;4;26;72.199;61.790
280;26;4;72.199;80.900
281;4;27;84.813;69.500
281;27;4;84.813;89.000
282;4;27;93.929;72.270
282;27;4;93.929;91.770
283;4;27;75.226;62.080
283;27;4;75.226;81.580
284;4;28;84.012;76.280
284;28;4;84.012;96.250
285;4;29;30.107;7.230
285;29;4;75.107;84.730
286;4;29;27.164;14.700
286;29;4;72.164;92.200
287;5;6;133.328;89.180
287;6;5;133.328;92.140
288;5;6;118.558;81.170
288;6;5;118.558;84.130
289;5;6;135.758;79.430
289;6;5;135.758;82.390
290;5;7;69.134;76.740
290;7;5;69.134;80.380
291;5;7;72.128;86.840
291;7;5;72.128;90.480
292;5;7;63.398;74.650
292;7;5;63.398;78.290
293;5;8;69.021;80.600
293;8;5;69.021;85.200
294;5;8;66.554;79.720
294;8;5;66.554;84.320
295;5;9;112.183;85.260
295;9;5;112.183;92.660
296;5;9;120.305;76.050
296;9;5;120.305;83.450
297;5;10;103.016;86.140
297;10;5;103.016;94.450
298;5;10;103.618;74.560
298;10;5;103.618;82.870
299;5;11;110.986;87.630
299;11;5;110.986;97.610
300;5;11;118.995;81.440
300;11;5;118.995;91.420
301;5;12;67.443;79.010
301;12;5;67.443;89.710
302;5;13;102.108;83.900
302;13;5;102.108;94.900
303;5;13;93.082;82.400
303;13;5;93.082;93.400
304;5;13;106.234;89.790
304;13;5;106.234;100.790
305;5;14;70.455;82.010
305;14;5;70.455;93.400
306;5;14;69.744;88.150
306;14;5;69.744;99.540
307;5;15;122.122;88.980
307;15;5;122.122;100.820
308;5;15;115.810;65.210
308;15;5;115.810;77.050
309;5;15;127.043;76.160
309;15;5;127.043;88.000
310;5;16;98.228;77.080
310;16;5;98.228;89.160
311;5;16;96.889;77.780
311;16;5;96.889;89.860
312;5;17;92.930;81.600
312;17;5;92.930;93.830
313;5;17;94.231;69.730
313;17;5;94.231;81.960
314;5;18;81.779;82.710
314;18;5;81.779;95.570
315;5;19;71.323;87.940
315;19;5;71.323;100.870
316;5;20;95.417;65.350
316;20;5;95.417;78.380
317;5;21;81.911;83.340
317;21;5;81.911;96.710
318;5;21;75.783;83.020
318;21;5;75.783;96.390
319;5;21;82.695;74.130
319;21;5;82.695;87.500
320;5;22;92.122;77.690
320;22;5;92.122;93.240
321;5;22;86.990;61.560
321;22;5;86.990;77.110
322;5;22;83.516;69.140
322;22;5;83.516;84.690
323;5;23;71.164;79.680
323;23;5;71.164;95.310
324;5;23;66.824;75.200
324;23;5;66.824;90.830
325;5;24;91.711;66.580
325;24;5;91.711;82.830
326;5;24;89.355;72.630
326;24;5;89.355;88.880
327;5;24;91.356;82.040
327;24;5;91.356;98.290
328;5;25;92.906;73.010
328;25;5;92.906;90.380
329;5;26;100.908;81.540
329;26;5;100.908;99.770
330;5;27;87.680;80.610
330;27;5;87.680;99.230
331;5;28;93.082;70.450
331;28;5;93.082;89.540
332;5;28;104.902;69.560
332;28;5;104.902;88.650
333;5;29;49.508;7.880
333;29;5;94.508;84.500
334;6;7;117.712;97.820
334;7;6;117.712;98.500
335;6;7;118.260;95.560
335;7;6;118.260;96.240
336;6;8;111.540;83.830
336;8;6;111.540;85.470
337;6;9;93.727;85.070
337;9;6;93.727;89.510
338;6;10;97.433;79.150
338;10;6;97.433;84.500
339;6;10;100.771;83.480
339;10;6;100.771;88.830
340;6;10;102.780;81.360
340;10;6;102.780;86.710
341;6;11;74.136;84.550
341;11;6;74.136;91.570
342;6;11;81.411;78.480
342;11;6;81.411;85.500
343;6;12;118.873;87.750
343;12;6;118.873;95.490
344;6;12;119.345;81.140
344;12;6;119.345;88.880
345;6;13;147.722;81.820
345;13;6;147.722;89.860
346;6;13;127.613;86.600
346;13;6;127.613;94.640
347;6;14;118.195;67.390
347;14;6;118.195;75.820
348;6;14;123.674;88.330
348;14;6;123.674;96.760
349;6;14;115.083;69.300
349;14;6;115.083;77.730
350;6;15;62.276;84.870
350;15;6;62.276;93.750
351;6;16;87.910;82.050
351;16;6;87.910;91.170
352;6;16;93.795;76.870
352;16;6;93.795;85.990
353;6;17;102.892;88.020
353;17;6;102.892;97.290
354;6;17;106.503;72.740
354;17;6;106.503;82.010
355;6;17;95.506;69.550
355;17;6;95.506;78.820
356;6;18;138.199;82.240
356;18;6;138.199;92.140
357;6;18;150.786;82.200
357;18;6;150.786;92.100
358;6;19;113.810;81.010
358;19;6;113.810;90.980
359;6;19;108.513;83.370
359;19;6;108.513;93.340
360;6;20;142.767;74.610
360;20;6;142.767;84.680
361;6;20;149.648;73.570
361;20;6;149.648;83.640
362;6;21;97.504;87.850
362;21;6;97.504;98.260
363;6;22;101.809;71.790
363;22;6;101.809;84.380
364;6;23;114.467;81.070
364;23;6;114.467;93.740
365;6;23;115.831;66.460
365;23;6;115.831;79.130
366;6;24;149.258;71.220
366;24;6;149.258;84.510
367;6;25;111.092;66.010
367;25;6;111.092;80.420
368;6;26;87.748;71.430
368;26;6;87.748;86.700
369;6;26;78.322;58.850
369;26;6;78.322;74.120
370;6;27;141.875;78.420
370;27;6;141.875;94.080
371;6;27;121.142;76.850
371;27;6;121.142;92.510
372;6;28;136.412;78.830
372;28;6;136.412;94.960
373;6;29;74.442;7.530
373;29;6;119.442;81.190
374;7;8;54.199;87.710
374;8;7;54.199;88.670
375;7;8;52.279;92.430
375;8;7;52.279;93.390
376;7;8;52.304;73.160
376;8;7;52.304;74.120
377;7;9;88.651;89.970
377;9;7;88.651;93.730
378;7;10;79.348;72.990
378;10;7;79.348;77.660
379;7;10;85.366;84.860
379;10;7;85.366;89.530
380;7;10;86.109;76.770
380;10;7;86.109;81.440
381;7;11;91.477;87.650
381;11;7;91.477;93.990
382;7;11;81.439;90.110
382;11;7;81.439;96.450
383;7;12;77.227;87.330
383;12;7;77.227;94.390
384;7;13;88.017;74.950
384;13;7;88.017;82.310
385;7;13;92.061;82.750
385;13;7;92.061;90.110
386;7;13;77.545;75.580
386;13;7;77.545;82.940
387;7;14;46.897;85.110
387;14;7;46.897;92.860
388;7;14;47.287;85.570
388;14;7;47.287;93.320
389;7;14;46.569;83.970
389;14;7;46.569;91.720
390;7;15;103.771;77.580
390;15;7;103.771;85.780
391;7;15;99.010;77.260
391;15;7;99.010;85.460
392;7;15;108.712;75.040
392;15;7;108.712;83.240
393;7;16;77.326;79.580
393;16;7;77.326;88.020
394;7;17;69.083;79.030
394;17;7;69.083;87.620
395;7;18;100.307;76.960
395;18;7;100.307;86.180
396;7;18;108.250;69.820
396;18;7;108.250;79.040
397;7;18;90.200;83.200
397;18;7;90.200;92.420
398;7;19;48.909;64.840
398;19;7;48.909;74.130
399;7;19;49.766;82.670
399;19;7;49.766;91.960
400;7;19;49.426;76.860
400;19;7;49.426;86.150
401;7;20;81.092;86.280
401;20;7;81.092;95.670
402;7;20;83.807;65.000
402;20;7;83.807;74.390
403;7;21;74.997;72.610
403;21;7;74.997;82.340
404;7;21;68.266;77.720
404;21;7;68.266;87.450
405;7;22;68.479;69.590
405;22;7;68.479;81.500
406;7;22;66.292;80.050
406;22;7;66.292;91.960
407;7;23;48.248;73.880
407;23;7;48.248;85.870
408;7;23;47.914;67.430
408;23;7;47.914;79.420
409;7;24;111.937;67.550
409;24;7;111.937;80.160
410;7;25;68.890;80.550
410;25;7;68.890;94.280
411;7;25;63.278;62.290
411;25;7;63.278;76.020
412;7;25;66.146;63.280
412;25;7;66.146;77.010
413;7;26;79.368;68.150
413;26;7;79.368;82.740
414;7;27;75.687;68.490
414;27;7;75.687;83.470
415;7;27;78.831;70.930
415;27;7;78.831;85.910
416;7;28;76.387;58.670
416;28;7;76.387;74.120
417;7;29;26.736;7.980
417;29;7;71.736;80.960
418;7;29;23.248;4.390
418;29;7;68.248;77.370
419;7;29;31.918;4.820
419;29;7;76.918;77.800
420;8;9;88.935;78.930
420;9;8;88.935;81.730
421;8;9;78.245;86.210
421;9;8;78.245;89.010
422;8;9;83.170;87.350
422;9;8;83.170;90.150
423;8;10;80.092;93.190
423;10;8;80.092;96.900
424;8;11;87.271;77.680
424;11;8;87.271;83.060
425;8;11;83.829;78.020
425;11;8;83.829;83.400
426;8;12;70.157;78.580
426;12;8;70.157;84.680
427;8;12;68.547;73.680
427;12;8;68.547;79.780
428;8;12;65.911;87.250
428;12;8;65.911;93.350
429;8;13;97.055;89.290
429;13;8;97.055;95.690
430;8;14;55.870;88.090
430;14;8;55.870;94.880
431;8;15;98.889;87.250
431;15;8;98.889;94.490
432;8;15;112.101;70.230
432;15;8;112.101;77.470
433;8;16;74.210;69.060
433;16;8;74.210;76.540
434;8;17;70.659;77.020
434;17;8;70.659;84.650
435;8;17;74.910;76.640
435;17;8;74.910;84.270
436;8;18;94.535;85.020
436;18;8;94.535;93.280
437;8;18;106.561;66.590
437;18;8;106.561;74.850
438;8;18;91.246;80.030
438;18;8;91.246;88.290
439;8;19;51.816;69.060
439;19;8;51.816;77.390
440;8;19;50.310;71.120
440;19;8;50.310;79.450
441;8;20;90.169;72.890
441;20;8;90.169;81.320
442;8;20;83.134;76.890
442;20;8;83.134;85.320
443;8;20;89.573;85.310
443;20;8;89.573;93.740
444;8;21;65.896;77.950
444;21;8;65.896;86.720
445;8;22;69.494;77.290
445;22;8;69.494;88.240
446;8;22;67.202;66.630
446;22;8;67.202;77.580
447;8;23;52.399;62.280
447;23;8;52.399;73.310
448;8;24;106.618;74.360
448;24;8;106.618;86.010
449;8;25;73.348;75.450
449;25;8;73.348;88.220
450;8;25;75.067;64.340
450;25;8;75.067;77.110
451;8;26;76.901;69.570
451;26;8;76.901;83.200
452;8;26;80.719;74.980
452;26;8;80.719;88.610
453;8;27;84.886;67.210
453;27;8;84.886;81.230
454;8;28;85.246;69.780
454;28;8;85.246;84.270
455;8;29;33.232;15.100
455;29;8;78.232;87.120
456;9;10;54.344;69.560
456;10;9;54.344;70.470
457;9;11;67.057;85.270
457;11;9;67.057;87.850
458;9;11;69.516;69.750
458;11;9;69.516;72.330
459;9;12;110.942;77.090
459;12;9;110.942;80.390
460;9;12;104.279;73.690
460;12;9;104.279;76.990
461;9;12;110.204;76.560
461;12;9;110.204;79.860
462;9;13;102.121;83.100
462;13;9;102.121;86.700
463;9;14;87.835;71.850
463;14;9;87.835;75.840
464;9;14;96.780;70.180
464;14;9;96.780;74.170
465;9;15;76.508;69.900
465;15;9;76.508;74.340
466;9;15;77.380;88.300
466;15;9;77.380;92.740
467;9;16;63.996;80.170
467;16;9;63.996;84.850
468;9;16;64.123;85.650
468;16;9;64.123;90.330
469;9;16;66.391;88.190
469;16;9;66.391;92.870
470;9;17;64.667;82.610
470;17;9;64.667;87.440
471;9;18;135.886;76.890
471;18;9;135.886;82.350
472;9;18;150.847;78.900
472;18;9;150.847;84.360
473;9;18;131.128;87.020
473;18;9;131.128;92.480
474;9;19;85.916;72.890
474;19;9;85.916;78.420
475;9;19;83.449;65.530
475;19;9;83.449;71.060
476;9;20;98.562;88.560
476;20;9;98.562;94.190
477;9;20;96.656;63.840
477;20;9;96.656;69.470
478;9;20;87.827;77.580
478;20;9;87.827;83.210
479;9;21;92.913;76.080
479;21;9;92.913;82.050
480;9;21;81.111;64.010
480;21;9;81.111;69.980
481;9;21;94.912;75.110
481;21;9;94.912;81.080
482;9;22;65.174;71.260
482;22;9;65.174;79.410
483;9;23;86.151;67.460
483;23;9;86.151;75.690
484;9;23;89.721;75.760
484;23;9;89.721;83.990
485;9;24;148.288;68.280
485;24;9;148.288;77.130
486;9;24;158.512;61.620
486;24;9;158.512;70.470
487;9;24;159.182;82.020
487;24;9;159.182;90.870
488;9;25;68.888;72.500
488;25;9;68.888;82.470
489;9;25;68.589;77.130
489;25;9;68.589;87.100
490;9;26;60.711;60.790
490;26;9;60.711;71.620
491;9;26;59.025;62.180
491;26;9;59.025;73.010
492;9;26;63.148;67.450
492;26;9;63.148;78.280
493;9;27;100.244;76.170
493;27;9;100.244;87.390
494;9;27;93.853;77.420
494;27;9;93.853;88.640
495;9;27;111.824;81.400
495;27;9;111.824;92.620
496;9;28;92.464;78.420
496;28;9;92.464;90.110
497;9;29;30.026;18.400
497;29;9;75.026;87.620
498;10;11;68.621;85.850
498;11;10;68.621;87.520
499;10;12;103.017;89.890
499;12;10;103.017;92.280
500;10;12;102.004;79.070
500;12;10;102.004;81.460
501;10;12;106.736;87.230
501;12;10;106.736;89.620
502;10;13;95.763;74.330
502;13;10;95.763;77.020
503;10;14;78.502;82.560
503;14;10;78.502;85.640
504;10;14;85.970;83.090
504;14;10;85.970;86.170
505;10;15;80.299;72.370
505;15;10;80.299;75.900
506;10;15;87.000;79.720
506;15;10;87.000;83.250
507;10;16;59.400;84.610
507;16;10;59.400;88.380
508;10;17;55.323;65.350
508;17;10;55.323;69.270
509;10;17;53.411;80.720
509;17;10;53.411;84.640
510;10;18;128.027;75.200
510;18;10;128.027;79.750
511;10;19;76.705;84.370
511;19;10;76.705;88.990
512;10;19;70.108;81.600
512;19;10;70.108;86.220
513;10;19;81.028;76.780
513;19;10;81.028;81.400
514;10;20;91.481;87.780
514;20;10;91.481;92.500
515;10;21;86.520;64.320
515;21;10;86.520;69.380
516;10;21;80.922;74.390
516;21;10;80.922;79.450
517;10;21;85.777;73.560
517;21;10;85.777;78.620
518;10;22;55.905;73.650
518;22;10;55.905;80.890
519;10;23;76.911;77.660
519;23;10;76.911;84.980
520;10;23;79.465;85.990
520;23;10;79.465;93.310
521;10;23;69.870;71.710
521;23;10;69.870;79.030
522;10;24;140.389;72.720
522;24;10;140.389;80.660
523;10;24;136.582;77.020
523;24;10;136.582;84.960
524;10;25;60.381;77.030
524;25;10;60.381;86.090
525;10;25;60.238;67.140
525;25;10;60.238;76.200
526;10;25;58.293;64.920
526;25;10;58.293;73.980
527;10;26;57.000;58.670
527;26;10;57.000;68.590
528;10;27;92.282;82.580
528;27;10;92.282;92.890
529;10;27;85.495;67.600
529;27;10;85.495;77.910
530;10;28;85.204;75.010
530;28;10;85.204;85.790
531;10;28;77.147;62.630
531;28;10;77.147;73.410
532;10;29;22.688;14.000
532;29;10;67.688;82.310
533;11;12;102.399;89.440
533;12;11;102.399;90.160
534;11;13;118.587;70.490
534;13;11;118.587;71.510
535;11;13;108.409;78.300
535;13;11;108.409;79.320
536;11;14;91.565;88.930
536;14;11;91.565;90.340
537;11;14;83.925;71.920
537;14;11;83.925;73.330
538;11;14;89.591;72.430
538;14;11;89.591;73.840
539;11;15;57.717;74.060
539;15;11;57.717;75.920
540;11;15;59.909;77.760
540;15;11;59.909;79.620
541;11;16;59.501;67.470
541;16;11;59.501;69.570
542;11;16;59.654;87.480
542;16;11;59.654;89.580
543;11;16;59.292;69.170
543;16;11;59.292;71.270
544;11;17;73.859;86.370
544;17;11;73.859;88.620
545;11;17;78.896;78.300
545;17;11;78.896;80.550
546;11;17;68.774;88.080
546;17;11;68.774;90.330
547;11;18;125.897;88.180
547;18;11;125.897;91.060
548;11;18;112.295;64.650
548;18;11;112.295;67.530
549;11;18;130.616;83.300
549;18;11;130.616;86.180
550;11;19;87.726;80.370
550;19;11;87.726;83.320
551;11;19;94.054;68.360
551;19;11;94.054;71.310
552;11;20;113.670;85.940
552;20;11;113.670;88.990
553;11;20;103.955;78.340
553;20;11;103.955;81.390
554;11;20;97.675;76.880
554;20;11;97.675;79.930
555;11;21;80.955;78.100
555;21;11;80.955;81.490
556;11;21;87.217;71.950
556;21;11;87.217;75.340
557;11;22;72.879;85.630
557;22;11;72.879;91.200
558;11;22;68.419;77.680
558;22;11;68.419;83.250
559;11;23;88.283;62.460
559;23;11;88.283;68.110
560;11;23;83.265;73.040
560;23;11;83.265;78.690
561;11;24;138.102;70.580
561;24;11;138.102;76.850
562;11;24;153.177;78.550
562;24;11;153.177;84.820
563;11;24;130.408;63.970
563;24;11;130.408;70.240
564;11;25;81.967;82.870
564;25;11;81.967;90.260
565;11;25;74.829;71.470
565;25;11;74.829;78.860
566;11;25;84.689;79.350
566;25;11;84.689;86.740
567;11;26;58.725;60.410
567;26;11;58.725;68.660
568;11;26;61.056;72.010
568;26;11;61.056;80.260
569;11;26;60.014;60.170
569;26;11;60.014;68.420
570;11;27;113.074;76.520
570;27;11;113.074;85.160
571;11;28;107.314;60.510
571;28;11;107.314;69.620
572;11;28;92.534;72.450
572;28;11;92.534;81.560
573;11;28;111.956;61.600
573;28;11;111.956;70.710
574;11;29;45.309;17.710
574;29;11;90.309;84.350
575;11;29;43.146;21.260
575;29;11;88.146;87.900
576;12;13;118.841;70.810
576;13;12;118.841;71.110
577;12;14;79.121;70.000
577;14;12;79.121;70.690
578;12;14;78.640;79.220
578;14;12;78.640;79.910
579;12;14;76.838;65.550
579;14;12;76.838;66.240
580;12;15;111.170;82.250
580;15;12;111.170;83.390
581;12;15;103.808;87.690
581;15;12;103.808;88.830
582;12;15;119.571;76.960
582;15;12;119.571;78.100
583;12;16;93.168;82.390
583;16;12;93.168;83.770
584;12;16;86.542;66.710
584;16;12;86.542;68.090
585;12;16;87.382;67.800
585;16;12;87.382;69.180
586;12;17;94.732;81.610
586;17;12;94.732;83.140
587;12;18;70.010;85.040
587;18;12;70.010;87.200
588;12;18;67.221;81.150
588;18;12;67.221;83.310
589;12;19;76.525;70.190
589;19;12;76.525;72.420
590;12;20;111.860;70.370
590;20;12;111.860;72.700
591;12;21;66.975;63.290
591;21;12;66.975;65.960
592;12;21;68.264;83.300
592;21;12;68.264;85.970
593;12;21;70.848;78.120
593;21;12;70.848;80.790
594;12;22;93.307;85.180
594;22;12;93.307;90.030
595;12;22;87.888;84.520
595;22;12;87.888;89.370
596;12;22;91.844;66.830
596;22;12;91.844;71.680
597;12;23;76.918;67.760
597;23;12;76.918;72.690
598;12;23;76.577;80.670
598;23;12;76.577;85.600
599;12;23;84.094;69.080
599;23;12;84.094;74.010
600;12;24;82.380;80.560
600;24;12;82.380;86.110
601;12;24;82.119;66.910
601;24;12;82.119;72.460
602;12;24;86.820;73.100
602;24;12;86.820;78.650
603;12;25;98.422;70.300
603;25;12;98.422;76.970
604;12;25;85.160;67.890
604;25;12;85.160;74.560
605;12;25;102.314;59.840
605;25;12;102.314;66.510
606;12;26;96.445;65.330
606;26;12;96.445;72.860
607;12;26;88.493;69.270
607;26;12;88.493;76.800
608;12;27;105.114;62.230
608;27;12;105.114;70.150
609;12;27;106.521;62.840
609;27;12;106.521;70.760
610;12;27;118.515;60.130
610;27;12;118.515;68.050
611;12;28;107.956;62.540
611;28;12;107.956;70.930
612;12;28;115.615;70.050
612;28;12;115.615;78.440
613;12;28;96.985;69.890
613;28;12;96.985;78.280
614;12;29;58.284;14.600
614;29;12;103.284;80.520
615;13;14;86.229;68.970
615;14;13;86.229;69.360
616;13;14;82.655;72.940
616;14;13;82.655;73.330
617;13;14;94.333;65.320
617;14;13;94.333;65.710
618;13;15;130.857;72.240
618;15;13;130.857;73.080
619;13;15;116.774;89.260
619;15;13;116.774;90.100
620;13;15;133.438;77.610
620;15;13;133.438;78.450
621;13;16;105.469;79.010
621;16;13;105.469;80.090
622;13;16;103.996;77.010
622;16;13;103.996;78.090
623;13;17;90.108;85.160
623;17;13;90.108;86.390
624;13;17;89.356;88.870
624;17;13;89.356;90.100
625;13;18;138.718;66.880
625;18;13;138.718;68.740
626;13;19;90.434;69.310
626;19;13;90.434;71.240
627;13;19;79.809;65.960
627;19;13;79.809;67.890
628;13;20;51.988;78.770
628;20;13;51.988;80.800
629;13;21;117.069;84.710
629;21;13;117.069;87.080
630;13;21;113.883;73.000
630;21;13;113.883;75.370
631;13;21;104.258;81.740
631;21;13;104.258;84.110
632;13;22;91.414;69.660
632;22;13;91.414;74.210
633;13;22;88.546;64.250
633;22;13;88.546;68.800
634;13;22;96.557;61.280
634;22;13;96.557;65.830
635;13;23;89.765;65.390
635;23;13;89.765;70.020
636;13;23;90.680;72.710
636;23;13;90.680;77.340
637;13;23;86.825;85.690
637;23;13;86.825;90.320
638;13;24;148.777;64.110
638;24;13;148.777;69.360
639;13;25;81.692;70.240
639;25;13;81.692;76.610
640;13;25;89.519;77.710
640;25;13;89.519;84.080
641;13;25;79.012;69.180
641;25;13;79.012;75.550
642;13;26;105.087;64.210
642;26;13;105.087;71.440
643;13;27;59.458;67.810
643;27;13;59.458;75.430
644;13;28;57.233;78.050
644;28;13;57.233;86.140
645;13;29;28.285;9.790
645;29;13;73.285;75.410
646;13;29;24.106;12.160
646;29;13;69.106;77.780
647;13;29;21.854;19.940
647;29;13;66.854;85.560
648;14;15;103.969;76.520
648;15;14;103.969;76.970
649;14;15;108.932;77.030
649;15;14;108.932;77.480
650;14;16;77.276;80.380
650;16;14;77.276;81.070
651;14;17;68.190;75.860
651;17;14;68.190;76.700
652;14;17;65.270;76.960
652;17;14;65.270;77.800
653;14;18;102.129;85.840
653;18;14;102.129;87.310
654;14;18;103.234;74.990
654;18;14;103.234;76.460
655;14;19;49.821;74.240
655;19;14;49.821;75.780
656;14;19;50.051;76.040
656;19;14;50.051;77.580
657;14;19;50.378;68.500
657;19;14;50.378;70.040
658;14;20;79.321;88.310
658;20;14;79.321;89.950
659;14;21;76.517;78.630
659;21;14;76.517;80.610
660;14;21;73.092;65.300
660;21;14;73.092;67.280
661;14;21;81.569;87.470
661;21;14;81.569;89.450
662;14;22;67.709;72.180
662;22;14;67.709;76.340
663;14;23;49.080;81.660
663;23;14;49.080;85.900
664;14;23;49.715;66.880
664;23;14;49.715;71.120
665;14;23;48.840;80.100
665;23;14;48.840;84.340
666;14;24;113.717;77.280
666;24;14;113.717;82.140
667;14;24;110.440;73.090
667;24;14;110.440;77.950
668;14;25;67.456;68.640
668;25;14;67.456;74.620
669;14;26;79.163;66.690
669;26;14;79.163;73.530
670;14;26;75.451;76.440
670;26;14;75.451;83.280
671;14;27;74.078;78.120
671;27;14;74.078;85.350
672;14;28;74.543;81.340
672;28;14;74.543;89.040
673;14;29;24.972;20.660
673;29;14;69.972;85.890
674;15;16;72.178;67.610
674;16;15;72.178;67.850
675;15;16;70.341;68.760
675;16;15;70.341;69.000
676;15;16;72.971;72.500
676;16;15;72.971;72.740
677;15;17;86.462;65.590
677;17;15;86.462;65.980
678;15;17;93.032;83.450
678;17;15;93.032;83.840
679;15;18;133.290;84.830
679;18;15;133.290;85.850
680;15;19;99.955;70.400
680;19;15;99.955;71.490
681;15;20;126.132;82.480
681;20;15;126.132;83.670
682;15;21;89.204;73.010
682;21;15;89.204;74.540
683;15;21;96.287;83.390
683;21;15;96.287;84.920
684;15;21;83.915;64.990
684;21;15;83.915;66.520
685;15;22;85.544;76.870
685;22;15;85.544;80.580
686;15;22;94.748;82.840
686;22;15;94.748;86.550
687;15;23;100.546;80.280
687;23;15;100.546;84.070
688;15;24;145.154;69.890
688;24;15;145.154;74.300
689;15;25;94.403;74.920
689;25;15;94.403;80.450
690;15;25;89.343;68.110
690;25;15;89.343;73.640
691;15;26;71.392;74.280
691;26;15;71.392;80.670
692;15;26;69.978;59.060
692;26;15;69.978;65.450
693;15;26;72.884;59.420
693;26;15;72.884;65.810
694;15;27;125.739;63.770
694;27;15;125.739;70.550
695;15;27;132.928;67.100
695;27;15;132.928;73.880
696;15;28;119.782;78.720
696;28;15;119.782;85.970
697;15;28;132.038;61.230
697;28;15;132.038;68.480
698;15;29;57.583;4.770
698;29;15;102.583;69.550
699;15;29;71.316;16.460
699;29;15;116.316;81.240
700;16;17;60.372;74.330
700;17;16;60.372;74.480
701;16;18;117.833;79.610
701;18;16;117.833;80.390
702;16;18;116.537;74.490
702;18;16;116.537;75.270
703;16;18;122.791;75.380
703;18;16;122.791;76.160
704;16;19;73.693;79.720
704;19;16;73.693;80.570
705;16;20;100.131;66.900
705;20;16;100.131;67.850
706;16;20;111.987;64.980
706;20;16;111.987;65.930
707;16;21;74.022;82.650
707;21;16;74.022;83.940
708;16;21;72.335;75.190
708;21;16;72.335;76.480
709;16;21;69.248;77.880
709;21;16;69.248;79.170
710;16;22;59.075;81.610
710;22;16;59.075;85.080
711;16;22;57.215;83.610
711;22;16;57.215;87.080
712;16;22;59.679;72.860
712;22;16;59.679;76.330
713;16;23;74.198;81.410
713;23;16;74.198;84.960
714;16;24;130.235;63.270
714;24;16;130.235;67.440
715;16;24;129.437;82.690
715;24;16;129.437;86.860
716;16;24;147.176;67.970
716;24;16;147.176;72.140
717;16;25;68.885;80.760
717;25;16;68.885;86.050
718;16;25;71.912;82.550
718;25;16;71.912;87.840
719;16;25;64.656;82.990
719;25;16;64.656;88.280
720;16;26;48.361;59.220
720;26;16;48.361;65.370
721;16;26;49.055;63.490
721;26;16;49.055;69.640
722;16;26;48.658;61.220
722;26;16;48.658;67.370
723;16;27;98.966;76.900
723;27;16;98.966;83.440
724;16;27;106.831;77.950
724;27;16;106.831;84.490
725;16;28;93.799;79.540
725;28;16;93.799;86.550
726;16;28;103.773;68.580
726;28;16;103.773;75.590
727;16;29;32.509;11.080
727;29;16;77.509;75.620
728;16;29;29.055;0.020
728;29;16;74.055;64.560
729;16;29;25.824;14.070
729;29;16;70.824;78.610
730;17;18;119.643;85.110
730;18;17;119.643;85.740
731;17;18;135.761;80.260
731;18;17;135.761;80.890
732;17;18;137.284;85.240
732;18;17;137.284;85.870
733;17;19;66.618;78.020
733;19;17;66.618;78.720
734;17;19;69.297;86.000
734;19;17;69.297;86.700
735;17;19;68.503;82.100
735;19;17;68.503;82.800
736;17;20;84.892;73.780
736;20;17;84.892;74.580
737;17;21;80.845;74.800
737;21;17;80.845;75.940
738;17;21;89.755;73.850
738;21;17;89.755;74.990
739;17;21;85.791;71.750
739;21;17;85.791;72.890
740;17;22;46.755;84.790
740;22;17;46.755;88.110
741;17;23;66.767;76.660
741;23;17;66.767;80.060
742;17;24;131.899;63.250
742;24;17;131.899;67.270
743;17;24;138.635;63.610
743;24;17;138.635;67.630
744;17;24;113.387;74.690
744;24;17;113.387;78.710
745;17;25;53.547;65.030
745;25;17;53.547;70.170
746;17;26;60.151;58.610
746;26;17;60.151;64.610
747;17;26;58.091;73.490
747;26;17;58.091;79.490
748;17;26;62.221;74.380
748;26;17;62.221;80.380
749;17;27;84.311;62.640
749;27;17;84.311;69.030
750;17;27;86.495;78.650
750;27;17;86.495;85.040
751;17;28;78.542;59.640
751;28;17;78.542;66.500
752;17;29;17.194;9.930
752;29;17;62.194;74.320
753;17;29;15.417;18.640
753;29;17;60.417;83.030
754;18;19;100.399;72.860
754;19;18;100.399;72.930
755;18;20;131.923;66.690
755;20;18;131.923;66.860
756;18;21;89.955;73.530
756;21;18;89.955;74.040
757;18;21;84.561;65.470
757;21;18;84.561;65.980
758;18;22;118.254;67.360
758;22;18;118.254;70.050
759;18;22;133.114;65.110
759;22;18;133.114;67.800
760;18;23;100.671;70.900
760;23;18;100.671;73.670
761;18;23;91.291;76.670
761;23;18;91.291;79.440
762;18;24;57.409;67.040
762;24;18;57.409;70.430
763;18;24;59.121;76.840
763;24;18;59.121;80.230
764;18;24;56.236;75.970
764;24;18;56.236;79.360
765;18;25;122.863;62.590
765;25;18;122.863;67.100
766;18;26;121.152;61.510
766;26;18;121.152;66.880
767;18;27;124.353;77.260
767;27;18;124.353;83.020
768;18;28;129.042;78.750
768;28;18;129.042;84.980
769;18;28;108.292;72.240
769;28;18;108.292;78.470
770;18;28;124.999;70.460
770;28;18;124.999;76.690
771;18;29;81.991;4.660
771;29;18;126.991;68.420
772;18;29;79.791;19.560
772;29;18;124.791;83.320
773;18;29;87.152;8.720
773;29;18;132.152;72.480
774;19;20;83.599;69.290
774;20;19;83.599;69.390
775;19;20;92.501;68.680
775;20;19;92.501;68.780
776;19;20;91.792;69.160
776;20;19;91.792;69.260
777;19;21;71.892;84.170
777;21;19;71.892;84.610
778;19;21;71.223;65.250
778;21;19;71.223;65.690
779;19;22;65.804;77.570
779;22;19;65.804;80.190
780;19;22;64.132;69.630
780;22;19;64.132;72.250
781;19;23;45.742;80.940
781;23;19;45.742;83.640
782;19;23;45.687;80.200
782;23;19;45.687;82.900
783;19;23;45.743;81.650
783;23;19;45.743;84.350
784;19;24;112.282;72.240
784;24;19;112.282;75.560
785;19;25;67.698;61.340
785;25;19;67.698;65.780
786;19;25;63.476;74.160
786;25;19;63.476;78.600
787;19;26;75.866;65.460
787;26;19;75.866;70.760
788;19;27;78.698;66.910
788;27;19;78.698;72.600
789;19;28;78.527;61.080
789;28;19;78.527;67.240
790;19;29;26.770;24.690
790;29;19;71.770;88.380
791;19;29;31.910;10.460
791;29;19;76.910;74.150
792;20;21;110.336;82.560
792;21;20;110.336;82.900
793;20;21;114.574;78.610
793;21;20;114.574;78.950
794;20;21;97.264;65.120
794;21;20;97.264;65.460
795;20;22;86.065;84.050
795;22;20;86.065;86.570
796;20;22;93.137;86.050
796;22;20;93.137;88.570
797;20;22;96.028;65.920
797;22;20;96.028;68.440
798;20;23;82.919;73.200
798;23;20;82.919;75.800
799;20;23;81.783;80.200
799;23;20;81.783;82.800
800;20;24;142.123;83.850
800;24;20;142.123;87.070
801;20;24;119.845;76.950
801;24;20;119.845;80.170
802;20;25;76.730;69.070
802;25;20;76.730;73.410
803;20;25;83.590;73.440
803;25;20;83.590;77.780
804;20;25;81.153;81.580
804;25;20;81.153;85.920
805;20;26;100.020;78.690
805;26;20;100.020;83.890
806;20;26;103.763;66.790
806;26;20;103.763;71.990
807;20;26;91.607;62.470
807;26;20;91.607;67.670
808;20;27;53.171;72.470
808;27;20;53.171;78.060
809;20;27;52.164;69.450
809;27;20;52.164;75.040
810;20;27;54.624;73.010
810;27;20;54.624;78.600
811;20;28;51.355;80.700
811;28;20;51.355;86.760
812;20;29;23.796;17.580
812;29;20;68.796;81.170
813;21;22;79.129;71.170
813;22;21;79.129;73.350
814;21;22;85.581;79.700
814;22;21;85.581;81.880
815;21;23;72.608;70.690
815;23;21;72.608;72.950
816;21;23;68.844;85.550
816;23;21;68.844;87.810
817;21;24;102.209;82.980
817;24;21;102.209;85.860
818;21;24;98.515;82.830
818;24;21;98.515;85.710
819;21;24;115.391;80.500
819;24;21;115.391;83.380
820;21;25;87.276;75.030
820;25;21;87.276;79.030
821;21;25;92.558;63.490
821;25;21;92.558;67.490
822;21;26;77.378;78.360
822;26;21;77.378;83.220
823;21;27;105.577;82.700
823;27;21;105.577;87.950
824;21;27;106.877;82.350
824;27;21;106.877;87.600
825;21;27;98.253;62.170
825;27;21;98.253;67.420
826;21;28;104.967;78.540
826;28;21;104.967;84.260
827;21;28;101.487;67.340
827;28;21;101.487;73.060
828;21;29;49.491;20.960
828;29;21;94.491;84.210
829;21;29;60.917;6.540
829;29;21;105.917;69.790
830;21;29;59.101;24.770
830;29;21;104.101;88.020
831;22;23;66.006;83.580
831;23;22;66.006;83.660
832;22;23;68.800;82.550
832;23;22;68.800;82.630
833;22;23;65.522;84.740
833;23;22;65.522;84.820
834;22;24;130.535;78.630
834;24;22;130.535;79.330
835;22;25;55.056;79.740
835;25;22;55.056;81.560
836;22;25;52.864;77.230
836;25;22;52.864;79.050
837;22;26;59.157;76.580
837;26;22;59.157;79.260
838;22;26;62.435;72.370
838;26;22;62.435;75.050
839;22;26;59.092;65.310
839;26;22;59.092;67.990
840;22;27;85.197;64.060
840;27;22;85.197;67.130
841;22;27;93.540;79.790
841;27;22;93.540;82.860
842;22;28;79.729;69.650
842;28;22;79.729;73.190
843;22;29;18.686;21.740
843;29;22;63.686;82.810
844;23;24;112.512;80.110
844;24;23;112.512;80.730
845;23;24;99.122;60.450
845;24;23;99.122;61.070
846;23;24;114.875;70.430
846;24;23;114.875;71.050
847;23;25;67.563;73.470
847;25;23;67.563;75.210
848;23;25;68.766;71.220
848;25;23;68.766;72.960
849;23;25;72.454;73.970
849;25;23;72.454;75.710
850;23;26;76.323;80.090
850;26;23;76.323;82.690
851;23;26;73.015;76.720
851;26;23;73.015;79.320
852;23;27;77.976;80.580
852;27;23;77.976;83.570
853;23;28;77.883;59.740
853;28;23;77.883;63.200
854;23;28;76.608;71.610
854;28;23;76.608;75.070
855;23;29;26.416;14.420
855;29;23;71.416;75.410
856;24;25;134.874;80.800
856;25;24;134.874;81.920
857;24;25;122.410;78.110
857;25;24;122.410;79.230
858;24;26;133.556;71.820
858;26;24;133.556;73.800
859;24;27;134.327;60.040
859;27;24;134.327;62.410
860;24;28;139.672;68.080
860;28;24;139.672;70.920
861;24;28;162.233;60.990
861;28;24;162.233;63.830
862;24;28;145.200;81.910
862;28;24;145.200;84.750
863;24;29;93.673;24.950
863;29;24;138.673;85.320
864;25;26;68.397;61.810
864;26;25;68.397;62.670
865;25;27;76.945;74.090
865;27;25;76.945;75.340
866;25;28;70.379;70.850
866;28;25;70.379;72.570
867;25;29;8.647;24.120
867;29;25;53.647;83.370
868;25;29;10.379;24.630
868;29;25;55.379;83.880
869;25;29;9.197;1.390
869;29;25;54.197;60.640
870;26;27;99.354;79.930
870;27;26;99.354;80.320
871;26;28;93.666;68.310
871;28;26;93.666;69.170
872;26;28;91.583;81.870
872;28;26;91.583;82.730
873;26;28;82.641;59.990
873;28;26;82.641;60.850
874;26;29;31.884;7.130
874;29;26;76.884;65.520
875;26;29;31.458;3.050
875;29;26;76.458;61.440
876;26;29;27.202;14.940
876;29;26;72.202;73.330
877;27;28;54.650;82.140
877;28;27;54.650;82.610
878;27;28;53.742;82.170
878;28;27;53.742;82.640
879;27;28;54.909;79.240
879;28;27;54.909;79.710
880;27;29;25.336;18.550
880;29;27;70.336;76.550
881;27;29;31.494;14.770
881;29;27;76.494;72.770
882;28;29;17.549;13.780
882;29;28;62.549;71.310
883;28;29;17.938;3.200
883;29;28;62.938;60.730
