30
420.0
0;0;1;68.796;114.290
0;1;0;23.796;14.290
1;0;2;94.491;121.220
1;2;0;49.491;21.580
2;0;3;53.647;103.370
2;3;0;8.647;10.150
3;0;3;52.519;114.210
3;3;0;7.519;20.990
4;0;3;54.636;114.300
4;3;0;9.636;21.080
5;0;4;73.285;113.080
5;4;0;28.285;20.360
6;0;4;75.770;116.350
6;4;0;30.770;23.630
7;0;5;81.549;110.170
7;5;0;36.549;19.690
8;0;6;67.688;105.280
8;6;0;22.688;19.230
9;0;6;66.190;96.760
9;6;0;21.190;10.710
10;0;6;63.982;105.720
10;6;0;18.982;19.670
11;0;7;77.509;87.410
11;7;0;32.509;4.820
12;0;7;79.038;99.000
12;7;0;34.038;16.410
13;0;8;64.222;85.470
13;8;0;19.222;2.950
14;0;8;61.099;98.760
14;8;0;16.099;16.240
15;0;9;62.194;88.920
15;9;0;17.194;6.510
16;0;10;76.387;94.180
16;10;0;31.387;11.980
17;0;11;90.309;102.920
17;11;0;45.309;23.050
18;0;12;72.562;89.620
18;12;0;27.562;10.630
19;0;12;69.961;88.750
19;12;0;24.961;9.760
20;0;13;75.107;85.290
20;13;0;30.107;8.190
21;0;13;75.095;100.610
21;13;0;30.095;23.510
22;0;13;70.101;82.310
22;13;0;25.101;5.210
23;0;14;116.350;88.020
23;14;0;71.350;13.690
24;0;14;131.100;77.950
24;14;0;86.100;3.620
25;0;14;112.088;96.760
25;14;0;67.088;22.430
26;0;15;67.496;87.960
26;15;0;22.496;15.290
27;0;15;65.356;90.070
27;15;0;20.356;17.400
28;0;15;62.479;91.400
28;15;0;17.479;18.730
29;0;16;74.690;95.750
29;16;0;29.690;23.250
30;0;16;80.488;72.720
30;16;0;35.488;0.220
31;0;16;81.617;83.110
31;16;0;36.617;10.610
32;0;17;54.829;81.240
32;17;0;9.829;9.030
33;0;17;57.178;87.490
33;17;0;12.178;15.280
34;0;17;53.174;79.720
34;17;0;8.174;7.510
35;0;18;66.172;69.860
35;18;0;21.172;0.700
36;0;18;65.919;81.170
36;18;0;20.919;12.010
37;0;18;70.617;86.330
37;18;0;25.617;17.170
38;0;19;138.673;87.170
38;19;0;93.673;18.830
39;0;19;144.630;72.170
39;19;0;99.630;3.830
40;0;20;63.196;75.380
40;20;0;18.196;7.260
41;0;20;61.392;78.860
41;20;0;16.392;10.740
42;0;21;63.520;84.980
42;21;0;18.520;18.710
43;0;21;59.149;73.140
43;21;0;14.149;6.870
44;0;21;60.673;76.100
44;21;0;15.673;9.830
45;0;22;65.827;70.530
45;22;0;20.827;6.800
46;0;22;61.639;82.280
46;22;0;16.639;18.550
47;0;22;64.481;65.060
47;22;0;19.481;1.330
48;0;23;52.648;81.850
48;23;0;7.648;18.470
49;0;23;53.921;66.880
49;23;0;8.921;3.500
50;0;24;124.572;79.020
50;24;0;79.572;15.660
51;0;24;125.893;72.790
51;24;0;80.893;9.430
52;0;24;125.229;87.260
52;24;0;80.229;23.900
53;0;25;51.651;72.860
53;25;0;6.651;10.570
54;0;25;51.125;77.380
54;25;0;6.125;15.090
55;0;26;99.909;66.280
55;26;0;54.909;4.220
56;0;26;104.213;86.030
56;26;0;59.213;23.970
57;0;27;63.520;62.550
57;27;0;18.520;1.020
58;0;28;121.973;73.540
58;28;0;76.973;12.560
59;0;28;104.631;62.240
59;28;0;59.631;1.260
60;0;28;105.239;85.460
60;28;0;60.239;24.480
61;0;29;0.000;21.120
61;29;0;0.000;21.120
62;0;29;0.000;12.390
62;29;0;0.000;12.390
63;0;29;0.000;18.120
63;29;0;0.000;18.120
64;1;2;110.336;104.460
64;2;1;110.336;104.820
65;1;2;112.130;119.650
65;2;1;112.130;120.010
66;1;2;96.268;102.160
66;2;1;96.268;102.520
67;1;3;76.730;105.490
67;3;1;76.730;112.270
68;1;3;71.226;94.890
68;3;1;71.226;101.670
69;1;3;83.004;115.440
69;3;1;83.004;122.220
70;1;4;51.988;97.100
70;4;1;51.988;104.380
71;1;4;51.309;100.500
71;4;1;51.309;107.780
72;1;4;52.361;110.700
72;4;1;52.361;117.980
73;1;5;91.542;100.660
73;5;1;91.542;110.180
74;1;5;84.397;103.160
74;5;1;84.397;112.680
75;1;6;91.481;108.420
75;6;1;91.481;122.370
76;1;7;100.131;95.320
76;7;1;100.131;112.730
77;1;7;109.439;86.320
77;7;1;109.439;103.730
78;1;8;64.619;102.170
78;8;1;64.619;119.650
79;1;9;84.892;97.500
79;9;1;84.892;115.090
80;1;9;81.786;82.880
80;9;1;81.786;100.470
81;1;10;53.115;95.420
81;10;1;53.115;113.220
82;1;11;113.670;86.190
82;11;1;113.670;106.320
83;1;12;86.226;90.250
83;12;1;86.226;111.260
84;1;13;89.354;85.330
84;13;1;89.354;108.230
85;1;13;82.629;96.510
85;13;1;82.629;119.410
86;1;14;122.761;90.450
86;14;1;122.761;116.120
87;1;14;106.046;74.930
87;14;1;106.046;100.600
88;1;15;90.080;87.750
88;15;1;90.080;115.080
89;1;15;91.493;81.460
89;15;1;91.493;108.790
90;1;16;86.989;80.010
90;16;1;86.989;107.510
91;1;16;84.558;79.380
91;16;1;84.558;106.880
92;1;17;74.708;81.880
92;17;1;74.708;109.670
93;1;17;67.704;73.010
93;17;1;67.704;100.800
94;1;18;89.356;70.500
94;18;1;89.356;101.340
95;1;19;142.123;70.240
95;19;1;142.123;101.900
96;1;20;84.989;91.250
96;20;1;84.989;123.130
97;1;21;85.525;67.110
97;21;1;85.525;100.840
98;1;21;92.456;69.730
98;21;1;92.456;103.460
99;1;21;92.204;69.940
99;21;1;92.204;103.670
100;1;22;82.779;77.430
100;22;1;82.779;113.700
101;1;22;73.948;65.200
101;22;1;73.948;101.470
102;1;23;76.099;80.530
102;23;1;76.099;117.150
103;1;23;69.102;79.870
103;23;1;69.102;116.490
104;1;24;147.414;76.540
104;24;1;147.414;113.180
105;1;25;71.558;72.530
105;25;1;71.558;110.240
106;1;25;75.103;85.060
106;25;1;75.103;122.770
107;1;25;75.690;85.120
107;25;1;75.690;122.830
108;1;26;104.345;68.960
108;26;1;104.345;106.900
109;1;27;85.525;85.820
109;27;1;85.525;124.290
110;1;28;132.213;84.280
110;28;1;132.213;123.300
111;1;28;138.620;75.070
111;28;1;138.620;114.090
112;1;28;119.620;79.860
112;28;1;119.620;118.880
113;1;29;23.796;1.180
113;29;1;68.796;101.180
114;2;3;87.276;112.290
114;3;2;87.276;118.710
115;2;4;117.069;116.350
115;4;2;117.069;123.270
116;2;4;107.563;98.750
116;4;2;107.563;105.670
117;2;4;107.647;103.670
117;4;2;107.647;110.590
118;2;5;66.570;112.290
118;5;2;66.570;121.450
119;2;5;68.352;99.080
119;5;2;68.352;108.240
120;2;5;65.883;106.240
120;5;2;65.883;115.400
121;2;6;86.520;89.700
121;6;2;86.520;103.290
122;2;6;92.148;105.900
122;6;2;92.148;119.490
123;2;7;74.022;92.970
123;7;2;74.022;110.020
124;2;7;68.701;89.070
124;7;2;68.701;106.120
125;2;8;113.662;87.360
125;8;2;113.662;104.480
126;2;8;130.307;104.410
126;8;2;130.307;121.530
127;2;9;80.845;103.560
127;9;2;80.845;120.790
128;2;9;77.296;99.100
128;9;2;77.296;116.330
129;2;9;89.605;102.680
129;9;2;89.605;119.910
130;2;10;114.299;82.410
130;10;2;114.299;99.850
131;2;10;129.878;93.670
131;10;2;129.878;111.110
132;2;11;80.955;88.360
132;11;2;80.955;108.130
133;2;11;74.221;96.830
133;11;2;74.221;116.600
134;2;12;69.109;96.660
134;12;2;69.109;117.310
135;2;12;65.797;93.490
135;12;2;65.797;114.140
136;2;12;71.839;96.840
136;12;2;71.839;117.490
137;2;13;65.984;94.080
137;13;2;65.984;116.620
138;2;14;79.185;90.130
138;14;2;79.185;115.440
139;2;14;73.752;80.750
139;14;2;73.752;106.060
140;2;15;77.528;85.770
140;15;2;77.528;112.740
141;2;15;77.834;76.520
141;15;2;77.834;103.490
142;2;16;68.587;74.900
142;16;2;68.587;102.040
143;2;16;66.900;88.310
143;16;2;66.900;115.450
144;2;17;84.694;74.420
144;17;2;84.694;101.850
145;2;17;91.089;84.090
145;17;2;91.089;111.520
146;2;17;76.004;91.990
146;17;2;76.004;119.420
147;2;18;80.589;90.300
147;18;2;80.589;120.780
148;2;19;102.209;80.820
148;19;2;102.209;112.120
149;2;19;109.948;86.470
149;19;2;109.948;117.770
150;2;19;102.920;73.750
150;19;2;102.920;105.050
151;2;20;78.322;85.580
151;20;2;78.322;117.100
152;2;20;85.798;81.150
152;20;2;85.798;112.670
153;2;20;85.480;90.560
153;20;2;85.480;122.080
154;2;21;78.457;73.070
154;21;2;78.457;106.440
155;2;21;78.381;73.960
155;21;2;78.381;107.330
156;2;22;73.902;67.360
156;22;2;73.902;103.270
157;2;22;79.358;83.560
157;22;2;79.358;119.470
158;2;23;93.438;80.060
158;23;2;93.438;116.320
159;2;24;96.851;67.680
159;24;2;96.851;103.960
160;2;24;104.756;79.270
160;24;2;104.756;115.550
161;2;25;88.091;84.570
161;25;2;88.091;121.920
162;2;26;75.486;81.570
162;26;2;75.486;119.150
163;2;27;78.457;82.580
163;27;2;78.457;120.690
164;2;27;76.699;76.310
164;27;2;76.699;114.420
165;2;27;70.434;68.350
165;27;2;70.434;106.460
166;2;28;76.549;63.460
166;28;2;76.549;102.120
167;2;28;69.370;73.000
167;28;2;69.370;111.660
168;2;28;70.355;65.430
168;28;2;70.355;104.090
169;2;29;49.491;19.200
169;29;2;94.491;118.840
170;2;29;52.850;4.420
170;29;2;97.850;104.060
171;3;4;81.692;102.440
171;4;3;81.692;102.940
172;3;4;74.966;104.070
172;4;3;74.966;104.570
173;3;5;77.233;96.210
173;5;3;77.233;98.950
174;3;5;70.991;93.820
174;5;3;70.991;96.560
175;3;5;75.060;99.890
175;5;3;75.060;102.630
176;3;6;60.381;108.290
176;6;3;60.381;115.460
177;3;6;57.175;106.450
177;6;3;57.175;113.620
178;3;6;60.023;94.430
178;6;3;60.023;101.600
179;3;7;68.885;97.320
179;7;3;68.885;107.950
180;3;7;73.471;93.980
180;7;3;73.471;104.610
181;3;8;72.272;84.210
181;8;3;72.272;94.910
182;3;8;72.701;94.800
182;8;3;72.701;105.500
183;3;8;74.935;96.050
183;8;3;74.935;106.750
184;3;9;53.547;84.390
184;9;3;53.547;95.200
185;3;9;54.904;100.170
185;9;3;54.904;110.980
186;3;9;54.565;91.360
186;9;3;54.565;102.170
187;3;10;83.904;91.360
187;10;3;83.904;102.380
188;3;10;85.539;95.860
188;10;3;85.539;106.880
189;3;10;88.590;94.220
189;10;3;88.590;105.240
190;3;11;81.967;102.740
190;11;3;81.967;116.090
191;3;11;80.058;80.480
191;11;3;80.058;93.830
192;3;12;67.457;97.620
192;12;3;67.457;111.850
193;3;13;69.444;100.960
193;13;3;69.444;117.080
194;3;14;111.918;80.390
194;14;3;111.918;99.280
195;3;15;58.852;93.100
195;15;3;58.852;113.650
196;3;15;55.443;97.060
196;15;3;55.443;117.610
197;3;15;56.295;73.180
197;15;3;56.295;93.730
198;3;16;70.001;88.950
198;16;3;70.001;109.670
199;3;17;50.626;92.080
199;17;3;50.626;113.090
200;3;17;49.649;87.360
200;17;3;49.649;108.370
201;3;18;57.678;72.170
201;18;3;57.678;96.230
202;3;18;57.925;69.220
202;18;3;57.925;93.280
203;3;19;134.874;91.890
203;19;3;134.874;116.770
204;3;20;54.733;82.910
204;20;3;54.733;108.010
205;3;20;54.461;73.380
205;20;3;54.461;98.480
206;3;20;56.832;80.620
206;20;3;56.832;105.720
207;3;21;54.975;87.080
207;21;3;54.975;114.030
208;3;21;53.098;77.860
208;21;3;53.098;104.810
209;3;22;59.887;66.270
209;22;3;59.887;95.760
210;3;23;51.574;87.020
210;23;3;51.574;116.860
211;3;24;116.038;75.440
211;24;3;116.038;105.300
212;3;24;103.707;67.630
212;24;3;103.707;97.490
213;3;25;51.171;83.430
213;25;3;51.171;114.360
214;3;25;52.340;69.170
214;25;3;52.340;100.100
215;3;26;96.710;66.590
215;26;3;96.710;97.750
216;3;27;54.975;68.820
216;27;3;54.975;100.510
217;3;27;54.459;63.920
217;27;3;54.459;95.610
218;3;28;116.122;64.220
218;28;3;116.122;96.460
219;3;28;132.913;76.110
219;28;3;132.913;108.350
220;3;28;98.796;68.550
220;28;3;98.796;100.790
221;3;29;8.647;24.470
221;29;3;53.647;117.690
222;4;5;98.504;96.610
222;5;4;98.504;98.850
223;4;6;95.763;107.980
223;6;4;95.763;114.650
224;4;6;91.149;87.350
224;6;4;91.149;94.020
225;4;7;105.469;102.010
225;7;4;105.469;112.140
226;4;8;63.721;103.450
226;8;4;63.721;113.650
227;4;8;62.561;98.090
227;8;4;62.561;108.290
228;4;8;62.001;94.480
228;8;4;62.001;104.680
229;4;9;90.108;98.270
229;9;4;90.108;108.580
230;4;10;54.760;87.540
230;10;4;54.760;98.060
231;4;10;54.429;82.960
231;10;4;54.429;93.480
232;4;11;118.587;98.490
232;11;4;118.587;111.340
233;4;11;126.193;88.640
233;11;4;126.193;101.490
234;4;12;92.972;85.700
234;12;4;92.972;99.430
235;4;12;94.670;87.010
235;12;4;94.670;100.740
236;4;12;100.327;93.210
236;12;4;100.327;106.940
237;4;13;96.088;87.700
237;13;4;96.088;103.320
238;4;14;129.661;79.460
238;14;4;129.661;97.850
239;4;14;115.118;79.810
239;14;4;115.118;98.200
240;4;15;95.384;81.020
240;15;4;95.384;101.070
241;4;16;93.832;76.370
241;16;4;93.832;96.590
242;4;17;80.398;90.270
242;17;4;80.398;110.780
243;4;17;85.771;84.070
243;17;4;85.771;104.580
244;4;17;89.073;97.110
244;17;4;89.073;117.620
245;4;18;94.364;78.030
245;18;4;94.364;101.590
246;4;18;85.179;87.140
246;18;4;85.179;110.700
247;4;18;93.400;79.980
247;18;4;93.400;103.540
248;4;19;148.777;85.920
248;19;4;148.777;110.300
249;4;20;90.512;77.610
249;20;4;90.512;102.210
250;4;20;88.096;72.070
250;20;4;88.096;96.670
251;4;20;82.208;83.140
251;20;4;82.208;107.740
252;4;21;90.992;68.150
252;21;4;90.992;94.600
253;4;21;89.481;80.780
253;21;4;89.481;107.230
254;4;21;83.746;80.800
254;21;4;83.746;107.250
255;4;22;89.149;75.940
255;22;4;89.149;104.930
256;4;23;80.025;66.710
256;23;4;80.025;96.050
257;4;23;77.772;65.040
257;23;4;77.772;94.380
258;4;24;152.715;79.680
258;24;4;152.715;109.040
259;4;25;77.067;81.040
259;25;4;77.067;111.470
260;4;25;74.083;81.490
260;25;4;74.083;111.920
261;4;25;85.001;78.640
261;25;4;85.001;109.070
262;4;26;111.208;69.980
262;26;4;111.208;100.640
263;4;27;90.992;72.680
263;27;4;90.992;103.870
264;4;27;90.219;62.060
264;27;4;90.219;93.250
265;4;28;139.200;63.530
265;28;4;139.200;95.270
266;4;29;28.285;13.860
266;29;4;73.285;106.580
267;4;29;27.380;8.660
267;29;4;72.380;101.380
268;5;6;84.488;98.680
268;6;5;84.488;103.110
269;5;6;80.035;93.250
269;6;5;80.035;97.680
270;5;6;84.613;86.830
270;6;5;84.613;91.260
271;5;7;78.419;87.160
271;7;5;78.419;95.050
272;5;7;83.431;99.320
272;7;5;83.431;107.210
273;5;8;99.245;103.060
273;8;5;99.245;111.020
274;5;8;110.100;105.280
274;8;5;110.100;113.240
275;5;9;74.973;89.680
275;9;5;74.973;97.750
276;5;9;81.963;105.110
276;9;5;81.963;113.180
277;5;9;71.801;99.080
277;9;5;71.801;107.150
278;5;10;94.291;86.730
278;10;5;94.291;95.010
279;5;11;91.181;85.060
279;11;5;91.181;95.670
280;5;12;54.975;84.560
280;12;5;54.975;96.050
281;5;12;56.325;95.730
281;12;5;56.325;107.220
282;5;12;54.678;98.210
282;12;5;54.678;109.700
283;5;13;54.238;84.860
283;13;5;54.238;98.240
284;5;14;79.854;98.390
284;14;5;79.854;114.540
285;5;14;84.923;79.990
285;14;5;84.923;96.140
286;5;15;74.967;86.180
286;15;5;74.967;103.990
287;5;15;70.939;86.530
287;15;5;70.939;104.340
288;5;15;73.832;84.170
288;15;5;73.832;101.980
289;5;16;52.264;81.960
289;16;5;52.264;99.940
290;5;16;53.443;83.010
290;16;5;53.443;100.990
291;5;17;72.463;95.740
291;17;5;72.463;114.010
292;5;17;76.427;73.440
292;17;5;76.427;91.710
293;5;17;78.359;77.080
293;17;5;78.359;95.350
294;5;18;77.631;74.790
294;18;5;77.631;96.110
295;5;18;79.193;91.670
295;18;5;79.193;112.990
296;5;19;102.641;72.090
296;19;5;102.641;94.230
297;5;19;100.559;69.970
297;19;5;100.559;92.110
298;5;19;103.294;72.430
298;19;5;103.294;94.570
299;5;20;72.071;78.340
299;20;5;72.071;100.700
300;5;20;75.928;69.340
300;20;5;75.928;91.700
301;5;20;73.892;92.390
301;20;5;73.892;114.750
302;5;21;72.657;84.650
302;21;5;72.657;108.860
303;5;21;67.416;83.730
303;21;5;67.416;107.940
304;5;21;75.126;71.800
304;21;5;75.126;96.010
305;5;22;62.667;88.230
305;22;5;62.667;114.980
306;5;22;59.915;67.450
306;22;5;59.915;94.200
307;5;22;59.192;72.390
307;22;5;59.192;99.140
308;5;23;83.752;87.780
308;23;5;83.752;114.880
309;5;23;76.324;69.340
309;23;5;76.324;96.440
310;5;23;76.541;71.010
310;23;5;76.541;98.110
311;5;24;115.732;67.630
311;24;5;115.732;94.750
312;5;24;101.209;67.540
312;24;5;101.209;94.660
313;5;25;74.991;70.820
313;25;5;74.991;99.010
314;5;26;64.964;77.780
314;26;5;64.964;106.200
315;5;27;72.657;65.210
315;27;5;72.657;94.160
316;5;28;86.270;77.020
316;28;5;86.270;106.520
317;5;28;82.070;79.020
317;28;5;82.070;108.520
318;5;28;95.565;67.670
318;28;5;95.565;97.170
319;5;29;36.549;3.800
319;29;5;81.549;94.280
320;5;29;40.211;8.750
320;29;5;85.211;99.230
321;5;29;34.157;11.600
321;29;5;79.157;102.080
322;6;7;59.400;94.550
322;7;6;59.400;98.010
323;6;7;56.033;91.170
323;7;6;56.033;94.630
324;6;7;57.609;107.130
324;7;6;57.609;110.590
325;6;8;82.763;102.720
325;8;6;82.763;106.250
326;6;8;91.748;83.910
326;8;6;91.748;87.440
327;6;9;55.323;92.130
327;9;6;55.323;95.770
328;6;9;57.376;96.210
328;9;6;57.376;99.850
329;6;10;98.965;92.220
329;10;6;98.965;96.070
330;6;11;68.621;90.540
330;11;6;68.621;96.720
331;6;11;72.242;93.790
331;11;6;72.242;99.970
332;6;12;74.821;83.730
332;12;6;74.821;90.790
333;6;13;75.314;99.440
333;13;6;75.314;108.390
334;6;13;71.588;100.250
334;13;6;71.588;109.200
335;6;14;116.810;94.440
335;14;6;116.810;106.160
336;6;14;107.725;94.340
336;14;6;107.725;106.060
337;6;15;54.749;81.500
337;15;6;54.749;94.880
338;6;16;77.620;90.150
338;16;6;77.620;103.700
339;6;17;64.811;94.590
339;17;6;64.811;108.430
340;6;17;64.894;97.030
340;17;6;64.894;110.870
341;6;18;51.869;81.840
341;18;6;51.869;98.730
342;6;19;140.389;74.780
342;19;6;140.389;92.490
343;6;20;57.858;71.560
343;20;6;57.858;89.490
344;6;20;57.019;88.360
344;20;6;57.019;106.290
345;6;21;57.156;77.380
345;21;6;57.156;97.160
346;6;22;67.821;85.540
346;22;6;67.821;107.860
347;6;23;60.801;80.370
347;23;6;60.801;103.040
348;6;24;103.279;74.030
348;24;6;103.279;96.720
349;6;24;93.133;67.350
349;24;6;93.133;90.040
350;6;25;66.487;70.400
350;25;6;66.487;94.160
351;6;25;68.504;65.740
351;25;6;68.504;89.500
352;6;25;67.616;81.280
352;25;6;67.616;105.040
353;6;26;104.384;64.140
353;26;6;104.384;88.130
354;6;26;90.622;84.920
354;26;6;90.622;108.910
355;6;27;57.156;75.790
355;27;6;57.156;100.310
356;6;27;54.898;64.860
356;27;6;54.898;89.380
357;6;27;56.363;82.790
357;27;6;56.363;107.310
358;6;28;117.778;65.890
358;28;6;117.778;90.960
359;6;28;121.547;83.320
359;28;6;121.547;108.390
360;6;28;111.551;82.950
360;28;6;111.551;108.020
361;6;29;22.688;11.570
361;29;6;67.688;97.620
362;6;29;19.637;5.250
362;29;6;64.637;91.300
363;6;29;23.814;11.090
363;29;6;68.814;97.140
364;7;8;95.168;107.390
364;8;7;95.168;107.460
365;7;8;98.766;86.770
365;8;7;98.766;86.840
366;7;8;98.580;86.420
366;8;7;98.580;86.490
367;7;9;60.372;90.780
367;9;7;60.372;90.960
368;7;9;61.565;90.740
368;9;7;61.565;90.920
369;7;9;59.328;83.650
369;9;7;59.328;83.830
370;7;10;106.754;104.840
370;10;7;106.754;105.230
371;7;10;113.400;104.740
371;10;7;113.400;105.130
372;7;11;59.501;80.950
372;11;7;59.501;83.670
373;7;11;60.657;81.430
373;11;7;60.657;84.150
374;7;11;59.055;83.160
374;11;7;59.055;85.880
375;7;12;70.644;101.680
375;12;7;70.644;105.280
376;7;13;69.601;95.520
376;13;7;69.601;101.010
377;7;14;106.687;74.930
377;14;7;106.687;83.190
378;7;15;55.085;85.870
378;15;7;55.085;95.790
379;7;15;54.397;95.100
379;15;7;54.397;105.020
380;7;15;52.648;94.250
380;15;7;52.648;104.170
381;7;16;73.044;78.270
381;16;7;73.044;88.360
382;7;16;68.338;83.770
382;16;7;68.338;93.860
383;7;17;70.526;89.390
383;17;7;70.526;99.770
384;7;17;75.322;96.580
384;17;7;75.322;106.960
385;7;17;68.667;74.010
385;17;7;68.667;84.390
386;7;18;56.546;69.470
386;18;7;56.546;82.900
387;7;18;53.713;90.890
387;18;7;53.713;104.320
388;7;18;55.149;79.090
388;18;7;55.149;92.520
389;7;19;130.235;81.120
389;19;7;130.235;95.370
390;7;19;128.688;76.710
390;19;7;128.688;90.960
391;7;19;123.677;74.810
391;19;7;123.677;89.060
392;7;20;60.208;90.200
392;20;7;60.208;104.670
393;7;21;59.627;73.390
393;21;7;59.627;89.710
394;7;21;60.341;72.180
394;21;7;60.341;88.500
395;7;22;66.551;75.110
395;22;7;66.551;93.970
396;7;22;64.112;81.020
396;22;7;64.112;99.880
397;7;22;71.746;65.300
397;22;7;71.746;84.160
398;7;23;72.476;64.500
398;23;7;72.476;83.710
399;7;23;69.313;65.790
399;23;7;69.313;85.000
400;7;23;73.844;79.130
400;23;7;73.844;98.340
401;7;24;92.290;68.970
401;24;7;92.290;88.200
402;7;24;97.217;65.660
402;24;7;97.217;84.890
403;7;25;73.573;66.790
403;25;7;73.573;87.090
404;7;25;78.180;70.540
404;25;7;78.180;90.840
405;7;26;97.053;68.950
405;26;7;97.053;89.480
406;7;27;59.627;85.780
406;27;7;59.627;106.840
407;7;27;60.842;69.220
407;27;7;60.842;90.280
408;7;28;105.565;66.110
408;28;7;105.565;87.720
409;7;28;105.487;73.980
409;28;7;105.487;95.590
410;7;28;108.043;74.200
410;28;7;108.043;95.810
411;7;29;32.509;5.490
411;29;7;77.509;88.080
412;8;9;80.483;101.670
412;9;8;80.483;101.780
413;8;9;79.695;82.880
413;9;8;79.695;82.990
414;8;9;73.309;89.650
414;9;8;73.309;89.760
415;8;10;72.076;89.310
415;10;8;72.076;89.630
416;8;10;75.921;89.150
416;10;8;75.921;89.470
417;8;10;65.528;104.760
417;10;8;65.528;105.080
418;8;11;106.384;102.420
418;11;8;106.384;105.070
419;8;11;110.771;84.720
419;11;8;110.771;87.370
420;8;11;98.316;102.900
420;11;8;98.316;105.550
421;8;12;91.063;101.430
421;12;8;91.063;104.960
422;8;13;93.824;101.110
422;13;8;93.824;106.530
423;8;14;133.461;76.520
423;14;8;133.461;84.710
424;8;14;152.786;89.070
424;14;8;152.786;97.260
425;8;14;116.685;74.420
425;14;8;116.685;82.610
426;8;15;85.599;82.340
426;15;8;85.599;92.190
427;8;15;89.874;78.460
427;15;8;89.874;88.310
428;8;16;92.882;77.000
428;16;8;92.882;87.020
429;8;16;101.410;73.930
429;16;8;101.410;83.950
430;8;16;83.529;95.250
430;16;8;83.529;105.270
431;8;17;73.971;78.550
431;17;8;73.971;88.860
432;8;18;83.631;91.440
432;18;8;83.631;104.800
433;8;18;92.176;91.310
433;18;8;92.176;104.670
434;8;19;154.833;84.400
434;19;8;154.833;98.580
435;8;19;130.278;90.690
435;19;8;130.278;104.870
436;8;20;82.002;72.270
436;20;8;82.002;86.670
437;8;21;82.210;71.590
437;21;8;82.210;87.840
438;8;22;84.848;84.300
438;22;8;84.848;103.090
439;8;22;92.971;82.930
439;22;8;92.971;101.720
440;8;23;67.692;76.570
440;23;8;67.692;95.710
441;8;24;141.041;74.060
441;24;8;141.041;93.220
442;8;24;162.541;74.900
442;24;8;162.541;94.060
443;8;24;152.140;69.580
443;24;8;152.140;88.740
444;8;25;70.585;70.070
444;25;8;70.585;90.300
445;8;26;115.996;63.640
445;26;8;115.996;84.100
446;8;26;110.158;79.180
446;26;8;110.158;99.640
447;8;26;107.429;74.390
447;26;8;107.429;94.850
448;8;27;82.210;75.540
448;27;8;82.210;96.530
449;8;27;78.177;74.220
449;27;8;78.177;95.210
450;8;27;89.690;72.220
450;27;8;89.690;93.210
451;8;28;140.326;69.330
451;28;8;140.326;90.870
452;8;28;148.316;62.110
452;28;8;148.316;83.650
453;8;29;19.222;3.190
453;29;8;64.222;85.710
454;8;29;16.571;13.650
454;29;8;61.571;96.170
455;9;10;91.758;90.610
455;10;9;91.758;90.820
456;9;11;73.859;82.690
456;11;9;73.859;85.230
457;9;11;67.177;86.160
457;11;9;67.177;88.700
458;9;12;65.072;86.390
458;12;9;65.072;89.810
459;9;12;68.391;86.080
459;12;9;68.391;89.500
460;9;12;62.981;85.200
460;12;9;62.981;88.620
461;9;13;66.053;101.490
461;13;9;66.053;106.800
462;9;13;69.246;98.920
462;13;9;69.246;104.230
463;9;13;64.600;91.650
463;13;9;64.600;96.960
464;9;14;108.490;81.770
464;14;9;108.490;89.850
465;9;14;104.057;86.930
465;14;9;104.057;95.010
466;9;14;115.401;82.480
466;14;9;115.401;90.560
467;9;15;50.307;94.650
467;15;9;50.307;104.390
468;9;15;50.693;72.870
468;15;9;50.693;82.610
469;9;16;67.870;87.620
469;16;9;67.870;97.530
470;9;17;55.748;96.620
470;17;9;55.748;106.820
471;9;18;49.784;84.790
471;18;9;49.784;98.040
472;9;18;49.044;87.720
472;18;9;49.044;100.970
473;9;19;131.899;88.160
473;19;9;131.899;102.230
474;9;19;149.087;89.740
474;19;9;149.087;103.810
475;9;19;119.770;82.070
475;19;9;119.770;96.140
476;9;20;47.930;86.940
476;20;9;47.930;101.230
477;9;21;47.493;77.260
477;21;9;47.493;93.400
478;9;21;47.692;80.400
478;21;9;47.692;96.540
479;9;22;57.704;80.230
479;22;9;57.704;98.910
480;9;22;54.790;65.310
480;22;9;54.790;83.990
481;9;23;58.189;83.950
481;23;9;58.189;102.980
482;9;23;57.075;83.780
482;23;9;57.075;102.810
483;9;23;59.630;77.850
483;23;9;59.630;96.880
484;9;24;107.614;80.930
484;24;9;107.614;99.980
485;9;24;116.507;72.090
485;24;9;116.507;91.140
486;9;25;58.413;73.570
486;25;9;58.413;93.690
487;9;25;58.720;77.400
487;25;9;58.720;97.520
488;9;26;94.936;62.070
488;26;9;94.936;82.420
489;9;27;47.493;64.700
489;27;9;47.493;85.580
490;9;27;47.805;77.860
490;27;9;47.805;98.740
491;9;28;111.028;68.530
491;28;9;111.028;89.960
492;9;28;123.908;80.940
492;28;9;123.908;102.370
493;9;29;17.194;9.880
493;29;9;62.194;92.290
494;9;29;14.223;10.210
494;29;9;59.223;92.620
495;9;29;18.601;10.700
495;29;9;63.601;93.110
496;10;11;120.617;90.450
496;11;10;120.617;92.780
497;10;12;90.399;93.320
497;12;10;90.399;96.530
498;10;12;86.240;98.530
498;12;10;86.240;101.740
499;10;13;93.521;91.930
499;13;10;93.521;97.030
500;10;14;123.233;88.730
500;14;10;123.233;96.600
501;10;15;96.814;86.730
501;15;10;96.814;96.260
502;10;15;101.143;92.600
502;15;10;101.143;102.130
503;10;16;90.714;85.790
503;16;10;90.714;95.490
504;10;16;89.645;85.320
504;16;10;89.645;95.020
505;10;17;81.232;78.350
505;17;10;81.232;88.340
506;10;18;96.362;82.330
506;18;10;96.362;95.370
507;10;18;92.836;84.590
507;18;10;92.836;97.630
508;10;18;107.054;89.920
508;18;10;107.054;102.960
509;10;19;141.250;81.860
509;19;10;141.250;95.720
510;10;20;91.546;81.000
510;20;10;91.546;95.080
511;10;21;92.138;80.990
511;21;10;92.138;96.920
512;10;22;88.076;83.420
512;22;10;88.076;101.890
513;10;23;83.857;66.440
513;23;10;83.857;85.260
514;10;23;79.754;76.010
514;23;10;79.754;94.830
515;10;24;153.905;78.420
515;24;10;153.905;97.260
516;10;24;133.413;82.320
516;24;10;133.413;101.160
517;10;24;152.040;74.460
517;24;10;152.040;93.300
518;10;25;78.346;71.360
518;25;10;78.346;91.270
519;10;25;85.013;77.380
519;25;10;85.013;97.290
520;10;26;104.672;69.710
520;26;10;104.672;89.850
521;10;27;92.138;82.660
521;27;10;92.138;103.330
522;10;27;98.942;62.630
522;27;10;98.942;83.300
523;10;27;99.121;65.270
523;27;10;99.121;85.940
524;10;28;133.825;83.690
524;28;10;133.825;104.910
525;10;28;147.193;63.130
525;28;10;147.193;84.350
526;10;29;31.387;16.580
526;29;10;76.387;98.780
527;10;29;32.082;3.580
527;29;10;77.082;85.780
528;10;29;31.769;19.370
528;29;10;76.769;101.570
529;11;12;84.493;87.620
529;12;11;84.493;88.500
530;11;12;88.935;91.550
530;12;11;88.935;92.430
531;11;13;82.998;86.870
531;13;11;82.998;89.640
532;11;13;88.719;99.740
532;13;11;88.719;102.510
533;11;13;77.924;89.870
533;13;11;77.924;92.640
534;11;14;115.123;98.150
534;14;11;115.123;103.690
535;11;14;116.602;78.910
535;14;11;116.602;84.450
536;11;15;68.888;79.060
536;15;11;68.888;86.260
537;11;16;86.666;85.870
537;16;11;86.666;93.240
538;11;16;81.504;93.030
538;16;11;81.504;100.400
539;11;16;81.213;74.780
539;16;11;81.213;82.150
540;11;17;84.479;82.560
540;17;11;84.479;90.220
541;11;17;90.003;83.610
541;17;11;90.003;91.270
542;11;17;81.683;96.210
542;17;11;81.683;103.870
543;11;18;69.314;84.440
543;18;11;69.314;95.150
544;11;19;138.102;82.670
544;19;11;138.102;94.200
545;11;19;135.788;88.880
545;19;11;135.788;100.410
546;11;20;74.303;73.290
546;20;11;74.303;85.040
547;11;20;68.425;82.730
547;20;11;68.425;94.480
548;11;20;76.889;76.260
548;20;11;76.889;88.010
549;11;21;73.647;71.370
549;21;11;73.647;84.970
550;11;22;81.011;72.250
550;22;11;81.011;88.390
551;11;22;72.234;66.910
551;22;11;72.234;83.050
552;11;23;84.149;71.160
552;23;11;84.149;87.650
553;11;24;79.657;84.430
553;24;11;79.657;100.940
554;11;25;87.272;62.730
554;25;11;87.272;80.310
555;11;25;97.497;73.350
555;25;11;97.497;90.930
556;11;25;85.063;80.480
556;25;11;85.063;98.060
557;11;26;108.342;86.750
557;26;11;108.342;104.560
558;11;26;104.543;67.950
558;26;11;104.543;85.760
559;11;27;73.647;75.900
559;27;11;73.647;94.240
560;11;28;111.005;84.010
560;28;11;111.005;102.900
561;11;28;99.281;64.720
561;28;11;99.281;83.610
562;11;28;95.606;83.030
562;28;11;95.606;101.920
563;11;29;45.309;4.630
563;29;11;90.309;84.500
564;11;29;51.251;23.380
564;29;11;96.251;103.250
565;11;29;44.458;13.860
565;29;11;89.458;93.730
566;12;13;48.134;88.260
566;13;12;48.134;90.150
567;12;14;89.461;90.400
567;14;12;89.461;95.060
568;12;15;65.552;75.310
568;15;12;65.552;81.630
569;12;15;69.871;91.750
569;15;12;69.871;98.070
570;12;16;47.805;73.560
570;16;12;47.805;80.050
571;12;16;47.143;95.100
571;16;12;47.143;101.590
572;12;16;48.441;73.710
572;16;12;48.441;80.200
573;12;17;63.034;91.550
573;17;12;63.034;98.330
574;12;18;68.020;71.840
574;18;12;68.020;81.670
575;12;18;63.611;86.820
575;18;12;63.611;96.650
576;12;18;68.927;74.880
576;18;12;68.927;84.710
577;12;19;112.493;84.820
577;19;12;112.493;95.470
578;12;19;107.128;72.580
578;19;12;107.128;83.230
579;12;20;62.198;78.320
579;20;12;62.198;89.190
580;12;21;62.815;86.720
580;21;12;62.815;99.440
581;12;21;66.702;74.750
581;21;12;66.702;87.470
582;12;21;62.727;78.110
582;21;12;62.727;90.830
583;12;22;52.708;67.880
583;22;12;52.708;83.140
584;12;22;52.076;71.070
584;22;12;52.076;86.330
585;12;23;74.019;80.860
585;23;12;74.019;96.470
586;12;24;112.603;79.320
586;24;12;112.603;94.950
587;12;24;107.384;87.540
587;24;12;107.384;103.170
588;12;25;65.912;63.690
588;25;12;65.912;80.390
589;12;25;63.560;67.300
589;25;12;63.560;84.000
590;12;26;74.895;69.920
590;26;12;74.895;86.850
591;12;26;74.028;67.310
591;26;12;74.028;84.240
592;12;27;62.815;74.690
592;27;12;62.815;92.150
593;12;27;58.627;78.770
593;27;12;58.627;96.230
594;12;27;65.160;72.770
594;27;12;65.160;90.230
595;12;28;94.420;76.210
595;28;12;94.420;94.220
596;12;29;27.562;22.300
596;29;12;72.562;101.290
597;13;14;87.679;91.230
597;14;13;87.679;94.000
598;13;15;65.740;94.490
598;15;13;65.740;98.920
599;13;15;63.894;77.870
599;15;13;63.894;82.300
600;13;15;68.783;77.610
600;15;13;68.783;82.040
601;13;16;48.827;72.560
601;16;13;48.827;77.160
602;13;16;49.462;77.110
602;16;13;49.462;81.710
603;13;16;48.284;87.780
603;16;13;48.284;92.380
604;13;17;65.413;89.750
604;17;13;65.413;94.640
605;13;17;63.240;83.250
605;17;13;63.240;88.140
606;13;17;63.912;96.050
606;17;13;63.912;100.940
607;13;18;68.447;76.660
607;18;13;68.447;84.600
608;13;19;110.940;80.420
608;19;13;110.940;89.180
609;13;20;63.125;81.880
609;20;13;63.125;90.860
610;13;20;64.163;70.130
610;20;13;64.163;79.110
611;13;20;65.577;77.480
611;20;13;65.577;86.460
612;13;21;63.660;90.390
612;21;13;63.660;101.220
613;13;21;67.616;72.030
613;21;13;67.616;82.860
614;13;21;61.947;84.670
614;21;13;61.947;95.500
615;13;22;54.569;65.860
615;22;13;54.569;79.230
616;13;22;55.340;74.050
616;22;13;55.340;87.420
617;13;23;76.014;68.670
617;23;13;76.014;82.390
618;13;24;110.123;73.590
618;24;13;110.123;87.330
619;13;25;68.466;84.060
619;25;13;68.466;98.870
620;13;25;66.731;72.570
620;25;13;66.731;87.380
621;13;26;74.071;67.210
621;26;13;74.071;82.250
622;13;26;69.103;76.170
622;26;13;69.103;91.210
623;13;27;63.660;83.200
623;27;13;63.660;98.770
624;13;27;59.594;75.070
624;27;13;59.594;90.640
625;13;28;91.911;71.740
625;28;13;91.911;87.860
626;13;28;94.401;73.650
626;28;13;94.401;89.770
627;13;29;30.107;23.040
627;29;13;75.107;100.140
628;13;29;35.615;17.360
628;29;13;80.615;94.460
629;13;29;28.107;3.390
629;29;13;73.107;80.490
630;14;15;107.080;80.950
630;15;14;107.080;82.610
631;14;15;111.464;84.650
631;15;14;111.464;86.310
632;14;16;86.967;85.760
632;16;14;86.967;87.590
633;14;17;107.303;78.760
633;17;14;107.303;80.880
634;14;17;121.021;76.200
634;17;14;121.021;78.320
635;14;17;110.273;76.310
635;17;14;110.273;78.430
636;14;18;110.084;83.510
636;18;14;110.084;88.680
637;14;18;101.254;69.990
637;18;14;101.254;75.160
638;14;18;109.157;71.980
638;18;14;109.157;77.150
639;14;19;68.616;77.020
639;19;14;68.616;83.010
640;14;20;105.572;77.070
640;20;14;105.572;83.280
641;14;20;114.088;75.340
641;20;14;114.088;81.550
642;14;20;105.096;91.930
642;20;14;105.096;98.140
643;14;21;106.024;70.000
643;21;14;106.024;78.060
644;14;21;107.462;83.050
644;21;14;107.462;91.110
645;14;21;107.449;66.380
645;21;14;107.449;74.440
646;14;22;97.091;78.820
646;22;14;97.091;89.420
647;14;22;102.334;67.990
647;22;14;102.334;78.590
648;14;23;118.478;71.340
648;23;14;118.478;82.290
649;14;24;126.254;68.220
649;24;14;126.254;79.190
650;14;24;111.320;71.260
650;24;14;111.320;82.230
651;14;24;113.166;74.820
651;24;14;113.166;85.790
652;14;25;109.830;62.840
652;25;14;109.830;74.880
653;14;25;123.942;73.660
653;25;14;123.942;85.700
654;14;26;63.562;83.180
654;26;14;63.562;95.450
655;14;26;65.657;83.150
655;26;14;65.657;95.420
656;14;26;66.795;66.900
656;26;14;66.795;79.170
657;14;27;106.024;78.210
657;27;14;106.024;91.010
658;14;28;60.436;79.580
658;28;14;60.436;92.930
659;14;28;63.607;74.660
659;28;14;63.607;88.010
660;14;29;71.350;0.250
660;29;14;116.350;74.580
661;14;29;86.852;13.910
661;29;14;131.852;88.240
662;14;29;87.095;13.230
662;29;14;132.095;87.560
663;15;16;68.312;96.960
663;16;15;68.312;97.130
664;15;16;66.994;89.910
664;16;15;66.994;90.080
665;15;16;71.344;96.140
665;16;15;71.344;96.310
666;15;17;60.606;86.630
666;17;15;60.606;87.090
667;15;18;48.090;81.940
667;18;15;48.090;85.450
668;15;19;130.650;83.690
668;19;15;130.650;88.020
669;15;19;121.435;89.020
669;19;15;121.435;93.350
670;15;20;50.468;76.350
670;20;15;50.468;80.900
671;15;20;51.586;72.830
671;20;15;51.586;77.380
672;15;21;49.777;68.790
672;21;15;49.777;75.190
673;15;21;48.795;89.770
673;21;15;48.795;96.170
674;15;22;59.254;80.690
674;22;15;59.254;89.630
675;15;23;63.056;80.270
675;23;15;63.056;89.560
676;15;24;102.363;80.960
676;24;15;102.363;90.270
677;15;24;113.994;80.630
677;24;15;113.994;89.940
678;15;25;63.534;71.390
678;25;15;63.534;81.770
679;15;25;67.911;72.370
679;25;15;67.911;82.750
680;15;25;67.950;78.480
680;25;15;67.950;88.860
681;15;26;94.773;74.710
681;26;15;94.773;85.320
682;15;26;92.938;65.250
682;26;15;92.938;75.860
683;15;26;99.849;81.540
683;26;15;99.849;92.150
684;15;27;49.777;64.470
684;27;15;49.777;75.610
685;15;27;50.403;82.770
685;27;15;50.403;93.910
686;15;28;108.438;64.820
686;28;15;108.438;76.510
687;15;28;112.026;69.870
687;28;15;112.026;81.560
688;15;28;119.388;71.060
688;28;15;119.388;82.750
689;15;29;22.496;11.790
689;29;15;67.496;84.460
690;16;17;65.363;84.940
690;17;16;65.363;85.230
691;16;18;70.811;70.130
691;18;16;70.811;73.470
692;16;18;71.672;92.090
692;18;16;71.672;95.430
693;16;18;75.760;78.660
693;18;16;75.760;82.000
694;16;19;109.881;71.650
694;19;16;109.881;75.810
695;16;19;123.363;88.570
695;19;16;123.363;92.730
696;16;19;107.167;70.670
696;19;16;107.167;74.830
697;16;20;65.000;87.960
697;20;16;65.000;92.340
698;16;21;65.620;71.140
698;21;16;65.620;77.370
699;16;21;70.523;80.390
699;21;16;70.523;86.620
700;16;22;55.416;79.910
700;22;16;55.416;88.680
701;16;23;76.539;80.810
701;23;16;76.539;89.930
702;16;24;113.917;66.990
702;24;16;113.917;76.130
703;16;24;102.516;65.090
703;24;16;102.516;74.230
704;16;24;121.274;79.910
704;24;16;121.274;89.050
705;16;25;68.066;87.100
705;25;16;68.066;97.310
706;16;26;72.123;80.880
706;26;16;72.123;91.320
707;16;26;72.564;77.610
707;26;16;72.564;88.050
708;16;27;65.620;71.030
708;27;16;65.620;82.000
709;16;27;68.402;82.970
709;27;16;68.402;93.940
710;16;28;92.454;81.770
710;28;16;92.454;93.290
711;16;28;100.141;81.600
711;28;16;100.141;93.120
712;16;29;29.690;13.430
712;29;16;74.690;85.930
713;17;18;60.512;72.840
713;18;17;60.512;75.890
714;17;18;57.916;75.120
714;18;17;57.916;78.170
715;17;19;130.017;75.040
715;19;17;130.017;78.910
716;17;20;55.322;69.610
716;20;17;55.322;73.700
717;17;20;53.605;79.020
717;20;17;53.605;83.110
718;17;20;53.061;83.350
718;20;17;53.061;87.440
719;17;21;55.906;78.440
719;21;17;55.906;84.380
720;17;21;55.639;79.390
720;21;17;55.639;85.330
721;17;22;56.015;86.790
721;22;17;56.015;95.270
722;17;23;56.562;80.450
722;23;17;56.562;89.280
723;17;23;57.367;72.990
723;23;17;57.367;81.820
724;17;23;56.632;70.920
724;23;17;56.632;79.750
725;17;24;117.753;72.790
725;24;17;117.753;81.640
726;17;24;125.961;73.040
726;24;17;125.961;81.890
727;17;24;108.739;86.520
727;24;17;108.739;95.370
728;17;25;48.511;70.290
728;25;17;48.511;80.210
729;17;25;49.323;75.710
729;25;17;49.323;85.630
730;17;25;47.936;63.740
730;25;17;47.936;73.660
731;17;26;91.588;79.760
731;26;17;91.588;89.910
732;17;26;87.425;76.450
732;26;17;87.425;86.600
733;17;27;55.906;68.500
733;27;17;55.906;79.180
734;17;28;112.324;76.790
734;28;17;112.324;88.020
735;17;28;98.153;76.400
735;28;17;98.153;87.630
736;17;28;100.326;73.690
736;28;17;100.326;84.920
737;17;29;9.829;7.070
737;29;17;54.829;79.280
738;17;29;9.521;0.530
738;29;17;54.521;72.740
739;18;19;133.638;76.140
739;19;18;133.638;76.960
740;18;19;145.783;83.400
740;19;18;145.783;84.220
741;18;20;51.494;68.860
741;20;18;51.494;69.900
742;18;20;50.725;69.400
742;20;18;50.725;70.440
743;18;21;50.739;69.750
743;21;18;50.739;72.640
744;18;22;61.247;68.570
744;22;18;61.247;74.000
745;18;22;63.665;78.440
745;22;18;63.665;83.870
746;18;22;61.582;78.380
746;22;18;61.582;83.810
747;18;23;60.946;85.980
747;23;18;60.946;91.760
748;18;23;60.823;84.910
748;23;18;60.823;90.690
749;18;23;62.248;73.610
749;23;18;62.248;79.390
750;18;24;103.401;82.920
750;24;18;103.401;88.720
751;18;25;63.039;71.110
751;25;18;63.039;77.980
752;18;25;61.469;69.320
752;25;18;61.469;76.190
753;18;26;97.517;62.930
753;26;18;97.517;70.030
754;18;27;50.739;77.820
754;27;18;50.739;85.450
755;18;28;111.528;76.490
755;28;18;111.528;84.670
756;18;28;100.238;84.990
756;28;18;100.238;93.170
757;18;28;116.623;79.880
757;28;18;116.623;88.060
758;18;29;21.172;24.440
758;29;18;66.172;93.600
759;18;29;18.051;21.590
759;29;18;63.051;90.750
760;18;29;17.983;3.800
760;29;18;62.983;72.960
761;19;20;128.972;82.310
761;20;19;128.972;82.530
762;19;21;129.450;74.030
762;21;19;129.450;76.100
763;19;21;146.405;81.680
763;21;19;146.405;83.750
764;19;21;124.884;67.670
764;21;19;124.884;69.740
765;19;22;120.189;75.180
765;22;19;120.189;79.790
766;19;23;141.388;76.210
766;23;19;141.388;81.170
767;19;24;145.386;88.040
767;24;19;145.386;93.020
768;19;24;131.029;69.530
768;24;19;131.029;74.510
769;19;25;132.307;84.250
769;25;19;132.307;90.300
770;19;25;148.082;64.520
770;25;19;148.082;70.570
771;19;25;123.001;81.550
771;25;19;123.001;87.600
772;19;26;83.888;71.850
772;26;19;83.888;78.130
773;19;27;129.450;82.940
773;27;19;129.450;89.750
774;19;27;136.523;81.490
774;27;19;136.523;88.300
775;19;28;74.586;85.770
775;28;19;74.586;93.130
776;19;29;93.673;10.370
776;29;19;138.673;78.710
777;19;29;77.135;8.570
777;29;19;122.135;76.910
778;20;21;45.760;88.240
778;21;20;45.760;90.090
779;20;22;54.969;68.020
779;22;20;54.969;72.410
780;20;22;52.983;80.000
780;22;20;52.983;84.390
781;20;22;53.045;77.780
781;22;20;53.045;82.170
782;20;23;60.254;79.170
782;23;20;60.254;83.910
783;20;24;107.439;88.020
783;24;20;107.439;92.780
784;20;24;116.668;65.440
784;24;20;116.668;70.200
785;20;25;58.464;77.930
785;25;20;58.464;83.760
786;20;26;92.035;67.660
786;26;20;92.035;73.720
787;20;26;95.298;86.620
787;26;20;95.298;92.680
788;20;27;45.760;83.300
788;27;20;45.760;89.890
789;20;27;45.842;84.030
789;27;20;45.842;90.620
790;20;28;108.257;71.460
790;28;20;108.257;78.600
791;20;28;111.429;69.050
791;28;20;111.429;76.190
792;20;28;105.814;85.820
792;28;20;105.814;92.960
793;20;29;18.196;11.700
793;29;20;63.196;79.820
794;21;22;55.664;71.340
794;22;21;55.664;73.880
795;21;23;60.269;66.220
795;23;21;60.269;69.110
796;21;23;59.796;86.750
796;23;21;59.796;89.640
797;21;24;106.891;69.320
797;24;21;106.891;72.230
798;21;24;97.725;71.010
798;24;21;97.725;73.920
799;21;24;111.772;73.760
799;24;21;111.772;76.670
800;21;25;58.977;74.910
800;25;21;58.977;78.890
801;21;25;57.306;80.930
801;25;21;57.306;84.910
802;21;25;59.146;66.600
802;25;21;59.146;70.580
803;21;26;92.619;62.480
803;26;21;92.619;66.690
804;21;27;45.000;71.160
804;27;21;45.000;75.900
805;21;28;108.546;63.640
805;28;21;108.546;68.930
806;21;29;18.520;19.140
806;29;21;63.520;85.410
807;21;29;21.081;0.580
807;29;21;66.081;66.850
808;21;29;14.579;18.980
808;29;21;59.579;85.250
809;22;23;66.460;63.620
809;23;22;66.460;63.970
810;22;23;66.561;76.640
810;23;22;66.561;76.990
811;22;24;111.786;72.370
811;24;22;111.786;72.740
812;22;25;59.274;70.020
812;25;22;59.274;71.460
813;22;25;60.005;80.180
813;25;22;60.005;81.620
814;22;26;82.522;67.080
814;26;22;82.522;68.750
815;22;27;55.664;77.620
815;27;22;55.664;79.820
816;22;28;101.410;83.300
816;28;22;101.410;86.050
817;22;28;93.476;76.590
817;28;22;93.476;79.340
818;22;28;87.328;69.030
818;28;22;87.328;71.780
819;22;29;20.827;10.060
819;29;22;65.827;73.790
820;22;29;25.512;8.500
820;29;22;70.512;72.230
821;22;29;15.830;2.610
821;29;22;60.830;66.340
822;23;24;118.727;78.470
822;24;23;118.727;78.490
823;23;24;129.477;66.420
823;24;23;129.477;66.440
824;23;24;129.424;70.620
824;24;23;129.424;70.640
825;23;25;55.342;85.800
825;25;23;55.342;86.890
826;23;26;103.104;66.820
826;26;23;103.104;68.140
827;23;26;106.812;85.270
827;26;23;106.812;86.590
828;23;27;60.269;83.550
828;27;23;60.269;85.400
829;23;27;63.121;64.440
829;27;23;63.121;66.290
830;23;28;122.629;67.330
830;28;23;122.629;69.730
831;23;28;106.464;73.750
831;28;23;106.464;76.150
832;23;28;136.891;84.510
832;28;23;136.891;86.910
833;23;29;7.648;2.240
833;29;23;52.648;65.620
834;23;29;6.505;1.630
834;29;23;51.505;65.010
835;23;29;9.146;19.200
835;29;23;54.146;82.580
836;24;25;120.858;64.300
836;25;24;120.858;65.370
837;24;26;127.212;64.210
837;26;24;127.212;65.510
838;24;26;142.296;82.650
838;26;24;142.296;83.950
839;24;26;122.278;65.590
839;26;24;122.278;66.890
840;24;27;106.891;81.300
840;27;24;106.891;83.130
841;24;27;98.511;74.150
841;27;24;98.511;75.980
842;24;27;98.153;75.430
842;27;24;98.153;77.260
843;24;28;115.801;62.540
843;28;24;115.801;64.920
844;24;29;79.572;19.260
844;29;24;124.572;82.620
845;25;26;93.658;75.910
845;26;25;93.658;76.140
846;25;26;98.179;70.720
846;26;25;98.179;70.950
847;25;27;58.977;81.530
847;27;25;58.977;82.290
848;25;27;60.639;79.720
848;27;25;60.639;80.480
849;25;27;60.372;62.970
849;27;25;60.372;63.730
850;25;28;115.322;77.830
850;28;25;115.322;79.140
851;25;29;6.651;1.010
851;29;25;51.651;63.300
852;26;27;92.619;84.840
852;27;26;92.619;85.370
853;26;28;75.799;74.360
853;28;26;75.799;75.440
854;26;28;76.651;81.090
854;28;26;76.651;82.170
855;26;28;72.855;69.220
855;28;26;72.855;70.300
856;26;29;54.909;23.250
856;29;26;99.909;85.310
857;26;29;53.486;13.000
857;29;26;98.486;75.060
858;26;29;49.009;13.460
858;29;26;94.009;75.520
859;27;28;108.546;81.670
859;28;27;108.546;82.220
860;27;28;114.464;81.160
860;28;27;114.464;81.710
861;27;29;18.520;9.880
861;29;27;63.520;71.410
862;28;29;76.973;4.480
862;29;28;121.973;65.460
863;28;29;73.121;5.260
863;29;28;118.121;66.240
