30
360.0
0;0;1;68.796;119.330
0;1;0;23.796;19.330
1;0;2;94.491;123.190
1;2;0;49.491;23.370
2;0;3;75.107;93.040
2;3;0;30.107;5.750
3;0;3;71.327;106.380
3;3;0;26.327;19.090
4;0;4;67.688;93.460
4;4;0;22.688;6.410
5;0;4;63.348;89.050
5;4;0;18.348;2.000
6;0;5;73.285;109.020
6;5;0;28.285;22.700
7;0;5;67.325;96.630
7;5;0;22.325;10.310
8;0;6;53.647;98.110
8;6;0;8.647;12.190
9;0;7;81.549;85.070
9;7;0;36.549;3.190
10;0;7;87.541;104.920
10;7;0;42.541;23.040
11;0;7;82.615;89.270
11;7;0;37.615;7.390
12;0;8;77.509;98.260
12;8;0;32.509;16.880
13;0;8;74.991;94.990
13;8;0;29.991;13.610
14;0;9;62.194;99.800
14;9;0;17.194;19.670
15;0;9;62.629;86.400
15;9;0;17.629;6.270
16;0;10;90.309;81.260
16;10;0;45.309;1.550
17;0;10;84.466;80.030
17;10;0;39.466;0.320
18;0;11;76.387;95.160
18;11;0;31.387;17.980
19;0;12;67.496;99.800
19;12;0;22.496;23.490
20;0;12;62.804;78.130
20;12;0;17.804;1.820
21;0;13;64.222;87.020
21;13;0;19.222;11.120
22;0;13;67.286;80.950
22;13;0;22.286;5.050
23;0;14;72.562;100.290
23;14;0;27.562;24.780
24;0;14;78.910;93.330
24;14;0;33.910;17.820
25;0;14;78.047;82.030
25;14;0;33.047;6.520
26;0;15;63.196;78.670
26;15;0;18.196;5.760
27;0;15;59.248;81.930
27;15;0;14.248;9.020
28;0;16;54.829;91.730
28;16;0;9.829;20.940
29;0;17;138.673;81.880
29;17;0;93.673;11.210
30;0;18;94.508;75.480
30;18;0;49.508;5.720
31;0;18;89.223;76.990
31;18;0;44.223;7.230
32;0;19;124.572;78.630
32;19;0;79.572;11.310
33;0;20;63.520;67.490
33;20;0;18.520;1.350
34;0;21;76.884;84.420
34;21;0;31.884;18.520
35;0;21;72.078;89.570
35;21;0;27.078;23.670
36;0;22;116.350;87.470
36;22;0;71.350;21.670
37;0;22;119.959;83.730
37;22;0;74.959;17.930
38;0;23;65.827;68.900
38;23;0;20.827;3.800
39;0;24;63.686;72.880
39;24;0;18.686;8.580
40;0;25;64.290;84.790
40;25;0;19.290;21.210
41;0;25;64.873;70.740
41;25;0;19.873;7.160
42;0;25;63.090;84.130
42;25;0;18.090;20.550
43;0;26;119.442;66.810
43;26;0;74.442;3.330
44;0;27;51.651;73.060
44;27;0;6.651;10.380
45;0;27;50.526;87.500
45;27;0;5.526;24.820
46;0;28;70.336;81.440
46;28;0;25.336;19.170
47;0;28;73.054;86.010
47;28;0;28.054;23.740
48;0;29;0.000;3.260
48;29;0;0.000;3.260
49;0;29;0.000;8.990
49;29;0;0.000;8.990
50;1;2;110.336;106.200
50;2;1;110.336;106.380
51;1;2;119.920;119.380
51;2;1;119.920;119.560
52;1;3;89.354;91.490
52;3;1;89.354;104.200
53;1;3;88.778;96.010
53;3;1;88.778;108.720
54;1;3;79.850;111.650
54;3;1;79.850;124.360
55;1;4;91.481;95.620
55;4;1;91.481;108.570
56;1;4;102.992;89.540
56;4;1;102.992;102.490
57;1;5;51.988;88.440
57;5;1;51.988;102.120
58;1;5;52.471;101.310
58;5;1;52.471;114.990
59;1;5;51.643;96.330
59;5;1;51.643;110.010
60;1;6;76.730;94.500
60;6;1;76.730;108.580
61;1;6;74.736;89.330
61;6;1;74.736;103.410
62;1;7;91.542;104.300
62;7;1;91.542;122.420
63;1;7;81.908;86.410
63;7;1;81.908;104.530
64;1;8;100.131;85.900
64;8;1;100.131;104.520
65;1;8;92.479;95.730
65;8;1;92.479;114.350
66;1;9;84.892;81.700
66;9;1;84.892;101.570
67;1;9;84.886;102.210
67;9;1;84.886;122.080
68;1;9;81.845;81.470
68;9;1;81.845;101.340
69;1;10;113.670;101.480
69;10;1;113.670;121.770
70;1;11;53.115;91.710
70;11;1;53.115;114.530
71;1;11;54.557;82.210
71;11;1;54.557;105.030
72;1;12;90.080;96.290
72;12;1;90.080;119.980
73;1;13;64.619;97.860
73;13;1;64.619;121.960
74;1;13;68.324;94.060
74;13;1;68.324;118.160
75;1;13;63.636;89.010
75;13;1;63.636;113.110
76;1;14;86.226;79.540
76;14;1;86.226;104.030
77;1;14;94.815;95.000
77;14;1;94.815;119.490
78;1;15;84.989;83.870
78;15;1;84.989;110.960
79;1;15;79.345;77.680
79;15;1;79.345;104.770
80;1;16;74.708;88.670
80;16;1;74.708;117.880
81;1;17;142.123;85.310
81;17;1;142.123;114.640
82;1;17;137.055;88.660
82;17;1;137.055;117.990
83;1;18;95.417;76.210
83;18;1;95.417;106.450
84;1;18;92.658;85.130
84;18;1;92.658;115.370
85;1;19;147.414;86.250
85;19;1;147.414;118.930
86;1;20;85.525;80.170
86;20;1;85.525;114.030
87;1;21;100.020;77.850
87;21;1;100.020;111.950
88;1;21;96.615;68.770
88;21;1;96.615;102.870
89;1;22;122.761;75.960
89;22;1;122.761;110.160
90;1;22;103.961;77.380
90;22;1;103.961;111.580
91;1;22;138.364;85.870
91;22;1;138.364;120.070
92;1;23;82.779;82.640
92;23;1;82.779;117.540
93;1;24;86.065;72.690
93;24;1;86.065;108.390
94;1;24;90.703;65.920
94;24;1;90.703;101.620
95;1;24;92.831;69.640
95;24;1;92.831;105.340
96;1;25;84.024;67.060
96;25;1;84.024;103.480
97;1;26;142.767;65.570
97;26;1;142.767;102.090
98;1;26;130.381;75.160
98;26;1;130.381;111.680
99;1;27;71.558;70.920
99;27;1;71.558;108.240
100;1;27;65.231;86.710
100;27;1;65.231;124.030
101;1;27;65.850;64.000
101;27;1;65.850;101.320
102;1;28;53.171;63.940
102;28;1;53.171;101.670
103;1;29;23.796;8.450
103;29;1;68.796;108.450
104;2;3;65.984;103.760
104;3;2;65.984;116.290
105;2;3;70.498;102.640
105;3;2;70.498;115.170
106;2;3;66.399;90.600
106;3;2;66.399;103.130
107;2;4;86.520;111.570
107;4;2;86.520;124.340
108;2;4;88.191;90.050
108;4;2;88.191;102.820
109;2;5;117.069;89.850
109;5;2;117.069;103.350
110;2;6;87.276;109.460
110;6;2;87.276;123.360
111;2;6;82.772;96.680
111;6;2;82.772;110.580
112;2;6;95.860;96.220
112;6;2;95.860;110.120
113;2;7;66.570;86.350
113;7;2;66.570;104.290
114;2;8;74.022;103.820
114;8;2;74.022;122.260
115;2;8;74.594;98.720
115;8;2;74.594;117.160
116;2;9;80.845;84.640
116;9;2;80.845;104.330
117;2;9;73.298;88.960
117;9;2;73.298;108.650
118;2;9;72.826;93.850
118;9;2;72.826;113.540
119;2;10;80.955;83.160
119;10;2;80.955;103.270
120;2;11;114.299;78.570
120;11;2;114.299;101.210
121;2;11;128.258;97.980
121;11;2;128.258;120.620
122;2;12;77.528;85.920
122;12;2;77.528;109.430
123;2;12;83.521;99.610
123;12;2;83.521;123.120
124;2;13;113.662;99.190
124;13;2;113.662;123.110
125;2;13;121.409;90.230
125;13;2;121.409;114.150
126;2;13;129.860;93.260
126;13;2;129.860;117.180
127;2;14;69.109;84.510
127;14;2;69.109;108.820
128;2;14;74.341;97.970
128;14;2;74.341;122.280
129;2;14;74.393;81.560
129;14;2;74.393;105.870
130;2;15;78.322;86.020
130;15;2;78.322;112.930
131;2;15;79.369;82.990
131;15;2;79.369;109.900
132;2;16;84.694;73.780
132;16;2;84.694;102.810
133;2;16;90.672;90.970
133;16;2;90.672;120.000
134;2;16;85.799;82.240
134;16;2;85.799;111.270
135;2;17;102.209;75.290
135;17;2;102.209;104.440
136;2;18;81.911;91.160
136;18;2;81.911;121.220
137;2;19;96.851;82.610
137;19;2;96.851;115.110
138;2;19;97.531;89.220
138;19;2;97.531;121.720
139;2;19;85.269;88.790
139;19;2;85.269;121.290
140;2;20;78.457;76.590
140;20;2;78.457;110.270
141;2;21;77.378;73.420
141;21;2;77.378;107.340
142;2;22;79.185;66.050
142;22;2;79.185;100.070
143;2;22;86.640;75.170
143;22;2;86.640;109.190
144;2;22;86.389;71.960
144;22;2;86.389;105.980
145;2;23;73.902;84.780
145;23;2;73.902;119.500
146;2;23;69.685;89.090
146;23;2;69.685;123.810
147;2;24;79.129;64.820
147;24;2;79.129;100.340
148;2;25;75.463;87.210
148;25;2;75.463;123.450
149;2;26;97.504;83.890
149;26;2;97.504;120.230
150;2;27;88.091;82.180
150;27;2;88.091;119.320
151;2;27;82.514;85.240
151;27;2;82.514;122.380
152;2;28;105.577;70.430
152;28;2;105.577;107.980
153;2;28;106.717;70.820
153;28;2;106.717;108.370
154;2;28;119.504;76.180
154;28;2;119.504;113.730
155;2;29;49.491;7.440
155;29;2;94.491;107.260
156;3;4;75.314;104.890
156;4;3;75.314;105.130
157;3;4;68.398;105.530
157;4;3;68.398;105.770
158;3;5;96.088;98.240
158;5;3;96.088;99.210
159;3;5;108.507;87.970
159;5;3;108.507;88.940
160;3;5;105.361;91.120
160;5;3;105.361;92.090
161;3;6;69.444;96.780
161;6;3;69.444;98.150
162;3;6;71.268;108.320
162;6;3;71.268;109.690
163;3;6;65.835;91.120
163;6;3;65.835;92.490
164;3;7;54.238;104.870
164;7;3;54.238;110.280
165;3;8;69.601;98.620
165;8;3;69.601;104.530
166;3;9;66.053;92.990
166;9;3;66.053;100.150
167;3;10;82.998;84.400
167;10;3;82.998;91.980
168;3;10;89.371;99.740
168;10;3;89.371;107.320
169;3;11;93.521;79.090
169;11;3;93.521;89.200
170;3;11;84.448;87.520
170;11;3;84.448;97.630
171;3;11;86.621;84.420
171;11;3;86.621;94.530
172;3;12;65.740;84.130
172;12;3;65.740;95.110
173;3;12;64.587;94.280
173;12;3;64.587;105.260
174;3;12;62.310;99.900
174;12;3;62.310;110.880
175;3;13;93.824;98.920
175;13;3;93.824;110.310
176;3;13;99.656;83.460
176;13;3;99.656;94.850
177;3;13;98.523;92.530
177;13;3;98.523;103.920
178;3;14;48.134;96.570
178;14;3;48.134;108.350
179;3;14;47.826;77.960
179;14;3;47.826;89.740
180;3;15;63.125;89.710
180;15;3;63.125;104.090
181;3;15;67.319;79.550
181;15;3;67.319;93.930
182;3;16;65.413;83.400
182;16;3;65.413;99.900
183;3;16;66.970;79.070
183;16;3;66.970;95.570
184;3;16;63.024;90.400
184;16;3;63.024;106.900
185;3;17;110.940;93.160
185;17;3;110.940;109.780
186;3;18;73.717;84.310
186;18;3;73.717;101.840
187;3;18;71.905;70.570
187;18;3;71.905;88.100
188;3;18;70.584;70.290
188;18;3;70.584;87.820
189;3;19;110.123;75.290
189;19;3;110.123;95.260
190;3;20;63.660;80.980
190;20;3;63.660;102.130
191;3;21;72.199;81.960
191;21;3;72.199;103.350
192;3;21;73.066;75.240
192;21;3;73.066;96.630
193;3;22;87.679;66.480
193;22;3;87.679;87.970
194;3;23;54.569;87.600
194;23;3;54.569;109.790
195;3;23;52.641;68.320
195;23;3;52.641;90.510
196;3;23;54.237;67.430
196;23;3;54.237;89.620
197;3;24;64.813;65.290
197;24;3;64.813;88.280
198;3;25;58.515;75.870
198;25;3;58.515;99.580
199;3;26;108.137;82.620
199;26;3;108.137;106.430
200;3;27;68.466;71.930
200;27;3;68.466;96.540
201;3;27;70.939;63.630
201;27;3;70.939;88.240
202;3;28;84.813;63.570
202;28;3;84.813;88.590
203;3;28;82.625;77.360
203;28;3;82.625;102.380
204;3;29;30.107;24.350
204;29;3;75.107;111.640
205;4;5;95.763;96.410
205;5;4;95.763;97.140
206;4;5;101.626;94.820
206;5;4;101.626;95.550
207;4;5;90.608;92.550
207;5;4;90.608;93.280
208;4;6;60.381;108.260
208;6;4;60.381;109.390
209;4;6;61.874;97.100
209;6;4;61.874;98.230
210;4;7;84.488;91.830
210;7;4;84.488;97.000
211;4;7;86.299;99.450
211;7;4;86.299;104.620
212;4;8;59.400;84.500
212;8;4;59.400;90.170
213;4;8;60.185;96.510
213;8;4;60.185;102.180
214;4;8;57.025;98.310
214;8;4;57.025;103.980
215;4;9;55.323;84.020
215;9;4;55.323;90.940
216;4;9;57.330;81.960
216;9;4;57.330;88.880
217;4;10;68.621;83.740
217;10;4;68.621;91.080
218;4;10;66.433;93.430
218;10;4;66.433;100.770
219;4;10;73.421;85.370
219;10;4;73.421;92.710
220;4;11;98.965;99.060
220;11;4;98.965;108.930
221;4;11;101.322;84.380
221;11;4;101.322;94.250
222;4;12;54.749;95.260
222;12;4;54.749;106.000
223;4;12;53.153;91.040
223;12;4;53.153;101.780
224;4;13;82.763;83.520
224;13;4;82.763;94.670
225;4;13;75.729;81.760
225;13;4;75.729;92.910
226;4;13;79.636;88.510
226;13;4;79.636;99.660
227;4;14;74.821;82.590
227;14;4;74.821;94.130
228;4;15;57.858;74.130
228;15;4;57.858;88.270
229;4;16;64.811;84.300
229;16;4;64.811;100.560
230;4;16;66.533;89.830
230;16;4;66.533;106.090
231;4;17;140.389;75.770
231;17;4;140.389;92.150
232;4;18;103.016;87.470
232;18;4;103.016;104.760
233;4;19;103.279;87.590
233;19;4;103.279;107.320
234;4;19;107.892;72.100
234;19;4;107.892;91.830
235;4;19;110.303;67.360
235;19;4;110.303;87.090
236;4;20;57.156;87.150
236;20;4;57.156;108.060
237;4;21;57.000;76.310
237;21;4;57.000;97.460
238;4;21;58.404;90.420
238;21;4;58.404;111.570
239;4;22;116.810;82.870
239;22;4;116.810;104.120
240;4;22;120.715;82.370
240;22;4;120.715;103.620
241;4;22;110.618;66.650
241;22;4;110.618;87.900
242;4;23;67.821;83.140
242;23;4;67.821;105.090
243;4;24;55.905;64.940
243;24;4;55.905;87.690
244;4;25;62.705;83.350
244;25;4;62.705;106.820
245;4;26;97.433;84.880
245;26;4;97.433;108.450
246;4;26;109.311;79.530
246;26;4;109.311;103.100
247;4;27;66.487;78.830
247;27;4;66.487;103.200
248;4;27;65.250;67.300
248;27;4;65.250;91.670
249;4;28;92.282;73.810
249;28;4;92.282;98.590
250;4;29;22.688;7.530
250;29;4;67.688;94.580
251;4;29;19.302;13.030
251;29;4;64.302;100.080
252;5;6;81.692;97.080
252;6;5;81.692;97.480
253;5;6;88.938;99.500
253;6;5;88.938;99.900
254;5;6;87.864;105.000
254;6;5;87.864;105.400
255;5;7;98.504;89.010
255;7;5;98.504;93.450
256;5;8;105.469;97.190
256;8;5;105.469;102.130
257;5;8;103.587;98.170
257;8;5;103.587;103.110
258;5;8;119.327;97.140
258;8;5;119.327;102.080
259;5;9;90.108;87.030
259;9;5;90.108;93.220
260;5;9;87.551;92.750
260;9;5;87.551;98.940
261;5;9;89.662;104.200
261;9;5;89.662;110.390
262;5;10;118.587;80.750
262;10;5;118.587;87.360
263;5;10;120.747;84.390
263;10;5;120.747;91.000
264;5;10;129.428;104.670
264;10;5;129.428;111.280
265;5;11;54.760;97.640
265;11;5;54.760;106.780
266;5;11;54.014;80.200
266;11;5;54.014;89.340
267;5;11;53.283;91.040
267;11;5;53.283;100.180
268;5;12;95.384;81.840
268;12;5;95.384;91.850
269;5;12;82.986;76.490
269;12;5;82.986;86.500
270;5;12;89.967;99.840
270;12;5;89.967;109.850
271;5;13;63.721;94.330
271;13;5;63.721;104.750
272;5;14;92.972;83.470
272;14;5;92.972;94.280
273;5;14;95.846;84.020
273;14;5;95.846;94.830
274;5;14;93.948;98.950
274;14;5;93.948;109.760
275;5;15;90.512;85.530
275;15;5;90.512;98.940
276;5;15;84.646;76.730
276;15;5;84.646;90.140
277;5;16;80.398;86.280
277;16;5;80.398;101.810
278;5;16;77.217;90.510
278;16;5;77.217;106.040
279;5;16;72.221;80.090
279;16;5;72.221;95.620
280;5;17;148.777;91.990
280;17;5;148.777;107.640
281;5;17;135.478;80.570
281;17;5;135.478;96.220
282;5;18;102.108;77.030
282;18;5;102.108;93.590
283;5;18;94.956;82.120
283;18;5;94.956;98.680
284;5;18;112.951;76.450
284;18;5;112.951;93.010
285;5;19;152.715;75.760
285;19;5;152.715;94.760
286;5;19;151.004;87.340
286;19;5;151.004;106.340
287;5;19;175.185;77.660
287;19;5;175.185;96.660
288;5;20;90.992;77.530
288;20;5;90.992;97.710
289;5;20;83.084;77.400
289;20;5;83.084;97.580
290;5;20;84.482;81.030
290;20;5;84.482;101.210
291;5;21;105.087;90.190
291;21;5;105.087;110.610
292;5;22;129.661;69.120
292;22;5;129.661;89.640
293;5;22;137.955;75.420
293;22;5;137.955;95.940
294;5;23;89.149;66.090
294;23;5;89.149;87.310
295;5;23;98.833;90.070
295;23;5;98.833;111.290
296;5;23;90.426;68.890
296;23;5;90.426;90.110
297;5;24;91.414;75.140
297;24;5;91.414;97.160
298;5;25;89.999;70.220
298;25;5;89.999;92.960
299;5;25;88.252;87.940
299;25;5;88.252;110.680
300;5;26;147.722;70.650
300;26;5;147.722;93.490
301;5;27;77.067;74.830
301;27;5;77.067;98.470
302;5;28;59.458;71.270
302;28;5;59.458;95.320
303;5;28;58.741;70.380
303;28;5;58.741;94.430
304;5;29;28.285;13.610
304;29;5;73.285;99.930
305;5;29;28.622;12.390
305;29;5;73.622;98.710
306;6;7;77.233;104.530
306;7;6;77.233;108.570
307;6;7;80.494;84.060
307;7;6;80.494;88.100
308;6;7;70.712;83.290
308;7;6;70.712;87.330
309;6;8;68.885;82.200
309;8;6;68.885;86.740
310;6;8;63.614;92.770
310;8;6;63.614;97.310
311;6;8;70.171;92.930
311;8;6;70.171;97.470
312;6;9;53.547;101.920
312;9;6;53.547;107.710
313;6;9;53.001;95.890
313;9;6;53.001;101.680
314;6;10;81.967;83.920
314;10;6;81.967;90.130
315;6;10;76.428;99.100
315;10;6;76.428;105.310
316;6;11;83.904;91.300
316;11;6;83.904;100.040
317;6;11;92.982;84.610
317;11;6;92.982;93.350
318;6;11;82.838;91.030
318;11;6;82.838;99.770
319;6;12;58.852;79.690
319;12;6;58.852;89.300
320;6;13;72.272;97.630
320;13;6;72.272;107.650
321;6;13;78.236;92.390
321;13;6;78.236;102.410
322;6;14;67.457;80.930
322;14;6;67.457;91.340
323;6;14;72.205;82.220
323;14;6;72.205;92.630
324;6;15;54.733;94.500
324;15;6;54.733;107.510
325;6;15;56.012;86.330
325;15;6;56.012;99.340
326;6;15;55.485;77.670
326;15;6;55.485;90.680
327;6;16;50.626;89.100
327;16;6;50.626;104.230
328;6;16;50.433;89.450
328;16;6;50.433;104.580
329;6;17;134.874;88.210
329;17;6;134.874;103.460
330;6;18;92.906;72.180
330;18;6;92.906;88.340
331;6;18;97.271;71.790
331;18;6;97.271;87.950
332;6;19;116.038;76.050
332;19;6;116.038;94.650
333;6;20;54.975;77.390
333;20;6;54.975;97.170
334;6;20;54.876;81.840
334;20;6;54.876;101.620
335;6;21;68.397;69.890
335;21;6;68.397;89.910
336;6;21;72.502;75.190
336;21;6;72.502;95.210
337;6;21;68.605;77.360
337;21;6;68.605;97.380
338;6;22;111.918;69.420
338;22;6;111.918;89.540
339;6;22;110.551;82.850
339;22;6;110.551;102.970
340;6;22;120.073;68.200
340;22;6;120.073;88.320
341;6;23;59.887;73.880
341;23;6;59.887;94.700
342;6;23;56.246;66.000
342;23;6;56.246;86.820
343;6;23;61.559;70.760
343;23;6;61.559;91.580
344;6;24;55.056;86.350
344;24;6;55.056;107.970
345;6;25;56.840;78.760
345;25;6;56.840;101.100
346;6;25;54.368;86.540
346;25;6;54.368;108.880
347;6;26;111.092;85.610
347;26;6;111.092;108.050
348;6;26;126.732;66.050
348;26;6;126.732;88.490
349;6;27;51.171;72.270
349;27;6;51.171;95.510
350;6;27;51.635;84.650
350;27;6;51.635;107.890
351;6;28;76.945;65.200
351;28;6;76.945;88.850
352;6;28;77.766;66.990
352;28;6;77.766;90.640
353;6;29;8.647;23.380
353;29;6;53.647;109.300
354;6;29;9.290;12.540
354;29;6;54.290;98.460
355;7;8;78.419;90.760
355;8;7;78.419;91.260
356;7;9;74.973;94.440
356;9;7;74.973;96.190
357;7;9;80.918;89.270
357;9;7;80.918;91.020
358;7;9;81.940;99.500
358;9;7;81.940;101.250
359;7;10;91.181;89.730
359;10;7;91.181;91.900
360;7;11;94.291;91.160
360;11;7;94.291;95.860
361;7;11;99.172;90.480
361;11;7;99.172;95.180
362;7;12;74.967;80.180
362;12;7;74.967;85.750
363;7;13;99.245;82.850
363;13;7;99.245;88.830
364;7;13;111.096;95.650
364;13;7;111.096;101.630
365;7;13;106.553;91.160
365;13;7;106.553;97.140
366;7;14;54.975;99.160
366;14;7;54.975;105.530
367;7;14;53.935;84.140
367;14;7;53.935;90.510
368;7;15;72.071;94.850
368;15;7;72.071;103.820
369;7;15;74.804;81.630
369;15;7;74.804;90.600
370;7;15;66.141;86.430
370;15;7;66.141;95.400
371;7;16;72.463;88.970
371;16;7;72.463;100.060
372;7;17;102.641;87.870
372;17;7;102.641;99.080
373;7;17;95.206;90.050
373;17;7;95.206;101.260
374;7;17;89.401;94.740
374;17;7;89.401;105.950
375;7;18;64.858;70.360
375;18;7;64.858;82.480
376;7;18;69.124;80.170
376;18;7;69.124;92.290
377;7;19;115.732;68.180
377;19;7;115.732;82.740
378;7;19;127.998;80.580
378;19;7;127.998;95.140
379;7;20;72.657;79.470
379;20;7;72.657;95.210
380;7;21;81.182;90.550
380;21;7;81.182;106.530
381;7;22;79.854;77.340
381;22;7;79.854;93.420
382;7;22;79.001;84.470
382;22;7;79.001;100.550
383;7;22;87.066;81.520
383;22;7;87.066;97.600
384;7;23;62.667;83.140
384;23;7;62.667;99.920
385;7;23;58.542;65.670
385;23;7;58.542;82.450
386;7;23;59.480;89.200
386;23;7;59.480;105.980
387;7;24;73.847;80.260
387;24;7;73.847;97.840
388;7;24;77.575;78.090
388;24;7;77.575;95.670
389;7;25;67.291;71.640
389;25;7;67.291;89.940
390;7;25;64.105;69.800
390;25;7;64.105;88.100
391;7;25;68.862;81.200
391;25;7;68.862;99.500
392;7;26;114.654;87.680
392;26;7;114.654;106.080
393;7;27;74.991;78.240
393;27;7;74.991;97.440
394;7;27;76.081;62.720
394;27;7;76.081;81.920
395;7;27;71.672;86.150
395;27;7;71.672;105.350
396;7;28;85.666;80.690
396;28;7;85.666;100.300
397;7;28;80.805;76.650
397;28;7;80.805;96.260
398;7;29;36.549;12.140
398;29;7;81.549;94.020
399;7;29;32.482;7.560
399;29;7;77.482;89.440
400;8;9;60.372;96.970
400;9;8;60.372;98.220
401;8;9;59.750;89.750
401;9;8;59.750;91.000
402;8;10;59.501;101.960
402;10;8;59.501;103.630
403;8;10;56.797;100.290
403;10;8;56.797;101.960
404;8;11;106.754;84.100
404;11;8;106.754;88.300
405;8;11;119.401;93.120
405;11;8;119.401;97.320
406;8;11;111.988;93.850
406;11;8;111.988;98.050
407;8;12;55.085;96.640
407;12;8;55.085;101.710
408;8;13;95.168;92.170
408;13;8;95.168;97.650
409;8;13;90.016;86.250
409;13;8;90.016;91.730
410;8;14;70.644;83.010
410;14;8;70.644;88.880
411;8;14;73.187;81.620
411;14;8;73.187;87.490
412;8;14;69.800;98.770
412;14;8;69.800;104.640
413;8;15;60.208;93.950
413;15;8;60.208;102.420
414;8;16;70.526;92.230
414;16;8;70.526;102.820
415;8;17;130.235;85.350
415;17;8;130.235;96.060
416;8;17;111.762;87.650
416;17;8;111.762;98.360
417;8;18;98.228;82.530
417;18;8;98.228;94.150
418;8;18;98.290;90.490
418;18;8;98.290;102.110
419;8;19;92.290;75.730
419;19;8;92.290;89.790
420;8;19;81.915;67.450
420;19;8;81.915;81.510
421;8;19;103.542;85.520
421;19;8;103.542;99.580
422;8;20;59.627;86.720
422;20;8;59.627;101.960
423;8;21;48.361;74.230
423;21;8;48.361;89.710
424;8;21;49.077;74.490
424;21;8;49.077;89.970
425;8;22;106.687;83.320
425;22;8;106.687;98.900
426;8;22;102.113;87.200
426;22;8;102.113;102.780
427;8;22;110.107;87.530
427;22;8;110.107;103.110
428;8;23;66.551;80.520
428;23;8;66.551;96.800
429;8;23;66.747;79.070
429;23;8;66.747;95.350
430;8;23;63.300;75.400
430;23;8;63.300;91.680
431;8;24;59.075;79.150
431;24;8;59.075;96.230
432;8;24;59.277;68.940
432;24;8;59.277;86.020
433;8;25;62.568;69.360
433;25;8;62.568;87.160
434;8;25;62.399;70.120
434;25;8;62.399;87.920
435;8;26;87.910;68.370
435;26;8;87.910;86.270
436;8;26;78.240;75.310
436;26;8;78.240;93.210
437;8;27;73.573;78.460
437;27;8;73.573;97.160
438;8;27;78.540;70.340
438;27;8;78.540;89.040
439;8;27;70.140;79.830
439;27;8;70.140;98.530
440;8;28;98.966;65.360
440;28;8;98.966;84.470
441;8;29;32.509;7.980
441;29;8;77.509;89.360
442;9;10;73.859;88.830
442;10;9;73.859;89.250
443;9;11;91.758;77.490
443;11;9;91.758;80.440
444;9;11;94.869;95.980
444;11;9;94.869;98.930
445;9;11;86.130;89.060
445;11;9;86.130;92.010
446;9;12;50.307;85.460
446;12;9;50.307;89.280
447;9;12;49.860;87.940
447;12;9;49.860;91.760
448;9;12;50.151;98.430
448;12;9;50.151;102.250
449;9;13;80.483;85.620
449;13;9;80.483;89.850
450;9;14;65.072;99.940
450;14;9;65.072;104.560
451;9;14;68.556;90.980
451;14;9;68.556;95.600
452;9;14;64.999;95.550
452;14;9;64.999;100.170
453;9;15;47.930;87.350
453;15;9;47.930;94.570
454;9;15;47.646;85.450
454;15;9;47.646;92.670
455;9;15;47.637;89.760
455;15;9;47.637;96.980
456;9;16;55.748;81.260
456;16;9;55.748;90.600
457;9;16;58.090;92.430
457;16;9;58.090;101.770
458;9;16;54.251;82.620
458;16;9;54.251;91.960
459;9;17;131.899;93.250
459;17;9;131.899;102.710
460;9;17;126.313;94.570
460;17;9;126.313;104.030
461;9;18;92.930;72.260
461;18;9;92.930;82.630
462;9;18;82.733;70.840
462;18;9;82.733;81.210
463;9;19;107.614;76.710
463;19;9;107.614;89.520
464;9;19;102.019;72.520
464;19;9;102.019;85.330
465;9;19;114.072;77.630
465;19;9;114.072;90.440
466;9;20;47.493;75.850
466;20;9;47.493;89.840
467;9;21;60.151;77.890
467;21;9;60.151;92.120
468;9;21;62.837;73.160
468;21;9;62.837;87.390
469;9;21;59.845;85.410
469;21;9;59.845;99.640
470;9;22;108.490;85.890
470;22;9;108.490;100.220
471;9;22;106.657;88.130
471;22;9;106.657;102.460
472;9;22;101.004;79.930
472;22;9;101.004;94.260
473;9;23;57.704;67.930
473;23;9;57.704;82.960
474;9;24;46.755;65.440
474;24;9;46.755;81.270
475;9;24;46.565;73.460
475;24;9;46.565;89.290
476;9;25;52.711;72.220
476;25;9;52.711;88.770
477;9;25;51.978;80.260
477;25;9;51.978;96.810
478;9;26;102.892;71.290
478;26;9;102.892;87.940
479;9;27;58.413;68.450
479;27;9;58.413;85.900
480;9;27;55.949;83.700
480;27;9;55.949;101.150
481;9;27;60.323;64.730
481;27;9;60.323;82.180
482;9;28;84.311;67.150
482;28;9;84.311;85.010
483;9;29;17.194;6.200
483;29;9;62.194;86.330
484;10;11;120.617;95.720
484;11;10;120.617;98.250
485;10;11;137.892;88.420
485;11;10;137.892;90.950
486;10;11;131.884;101.260
486;11;10;131.884;103.790
487;10;12;68.888;100.070
487;12;10;68.888;103.470
488;10;12;74.082;101.110
488;12;10;74.082;104.510
489;10;13;106.384;91.440
489;13;10;106.384;95.250
490;10;13;109.155;79.070
490;13;10;109.155;82.880
491;10;14;84.493;88.120
491;14;10;84.493;92.320
492;10;14;85.674;100.310
492;14;10;85.674;104.510
493;10;15;74.303;95.670
493;15;10;74.303;102.470
494;10;15;76.857;82.320
494;15;10;76.857;89.120
495;10;15;77.895;85.130
495;15;10;77.895;91.930
496;10;16;84.479;72.780
496;16;10;84.479;81.700
497;10;16;90.573;85.610
497;16;10;90.573;94.530
498;10;16;83.804;91.230
498;16;10;83.804;100.150
499;10;17;138.102;80.580
499;17;10;138.102;89.620
500;10;17;124.291;71.480
500;17;10;124.291;80.520
501;10;18;110.986;88.270
501;18;10;110.986;98.220
502;10;19;79.657;68.520
502;19;10;79.657;80.910
503;10;20;73.647;75.480
503;20;10;73.647;89.050
504;10;20;67.238;81.200
504;20;10;67.238;94.770
505;10;20;71.313;69.970
505;20;10;71.313;83.540
506;10;21;58.725;73.100
506;21;10;58.725;86.910
507;10;22;115.123;74.760
507;22;10;115.123;88.670
508;10;22;122.505;84.220
508;22;10;122.505;98.130
509;10;22;120.738;80.420
509;22;10;120.738;94.330
510;10;23;81.011;88.380
510;23;10;81.011;102.990
511;10;23;76.225;81.670
511;23;10;76.225;96.280
512;10;24;72.879;87.090
512;24;10;72.879;102.500
513;10;24;65.964;68.840
513;24;10;65.964;84.250
514;10;25;77.050;68.170
514;25;10;77.050;84.300
515;10;25;82.437;70.140
515;25;10;82.437;86.270
516;10;26;74.136;82.100
516;26;10;74.136;98.330
517;10;26;77.707;77.040
517;26;10;77.707;93.270
518;10;27;87.272;86.780
518;27;10;87.272;103.810
519;10;27;95.367;78.120
519;27;10;95.367;95.150
520;10;28;113.074;81.310
520;28;10;113.074;98.750
521;10;29;45.309;17.320
521;29;10;90.309;97.030
522;10;29;41.929;12.830
522;29;10;86.929;92.540
523;10;29;40.982;11.000
523;29;10;85.982;90.710
524;11;12;96.814;87.800
524;12;11;96.814;88.670
525;11;12;90.547;89.880
525;12;11;90.547;90.750
526;11;13;72.076;89.650
526;13;11;72.076;90.930
527;11;14;90.399;86.570
527;14;11;90.399;88.240
528;11;14;84.462;83.330
528;14;11;84.462;85.000
529;11;14;79.859;97.050
529;14;11;79.859;98.720
530;11;15;91.546;74.980
530;15;11;91.546;79.250
531;11;15;91.209;93.310
531;15;11;91.209;97.580
532;11;15;91.963;89.170
532;15;11;91.963;93.440
533;11;16;81.232;73.770
533;16;11;81.232;80.160
534;11;16;89.007;85.580
534;16;11;89.007;91.970
535;11;17;141.250;85.360
535;17;11;141.250;91.870
536;11;17;117.816;88.030
536;17;11;117.816;94.540
537;11;17;147.308;88.480
537;17;11;147.308;94.990
538;11;18;94.934;70.360
538;18;11;94.934;77.780
539;11;18;101.564;86.310
539;18;11;101.564;93.730
540;11;18;93.881;72.360
540;18;11;93.881;79.780
541;11;19;153.905;90.540
541;19;11;153.905;100.400
542;11;19;150.699;75.490
542;19;11;150.699;85.350
543;11;20;92.138;68.950
543;20;11;92.138;79.990
544;11;20;100.455;83.880
544;20;11;100.455;94.920
545;11;21;106.902;69.910
545;21;11;106.902;81.190
546;11;21;120.421;83.830
546;21;11;120.421;95.110
547;11;21;100.838;72.010
547;21;11;100.838;83.290
548;11;22;123.233;87.450
548;22;11;123.233;98.830
549;11;22;106.854;74.810
549;22;11;106.854;86.190
550;11;23;88.076;75.020
550;23;11;88.076;87.100
551;11;23;97.530;87.310
551;23;11;97.530;99.390
552;11;23;84.938;73.120
552;23;11;84.938;85.200
553;11;24;92.793;87.940
553;24;11;92.793;100.820
554;11;24;100.519;79.310
554;24;11;100.519;92.190
555;11;25;90.011;65.230
555;25;11;90.011;78.830
556;11;26;149.601;73.140
556;26;11;149.601;86.840
557;11;26;135.964;84.710
557;26;11;135.964;98.410
558;11;27;78.346;72.190
558;27;11;78.346;86.690
559;11;27;74.392;76.600
559;27;11;74.392;91.100
560;11;27;86.065;75.350
560;27;11;86.065;89.850
561;11;28;53.722;67.080
561;28;11;53.722;81.990
562;11;28;54.801;71.880
562;28;11;54.801;86.790
563;11;28;55.142;77.520
563;28;11;55.142;92.430
564;11;29;31.387;9.210
564;29;11;76.387;86.390
565;11;29;25.317;8.270
565;29;11;70.317;85.450
566;11;29;32.454;13.630
566;29;11;77.454;90.810
567;12;13;85.599;95.220
567;13;12;85.599;95.630
568;12;13;92.790;90.240
568;13;12;92.790;90.650
569;12;13;80.982;99.650
569;13;12;80.982;100.060
570;12;14;65.552;94.470
570;14;12;65.552;95.270
571;12;14;70.525;90.300
571;14;12;70.525;91.100
572;12;14;69.354;98.110
572;14;12;69.354;98.910
573;12;15;50.468;95.460
573;15;12;50.468;98.860
574;12;16;60.606;74.320
574;16;12;60.606;79.840
575;12;16;62.611;86.670
575;16;12;62.611;92.190
576;12;17;130.650;85.820
576;17;12;130.650;91.460
577;12;17;118.827;78.500
577;17;12;118.827;84.140
578;12;18;93.924;71.160
578;18;12;93.924;77.710
579;12;18;83.085;85.710
579;18;12;83.085;92.260
580;12;19;102.363;67.650
580;19;12;102.363;76.640
581;12;19;114.289;84.890
581;19;12;114.289;93.880
582;12;20;49.777;66.960
582;20;12;49.777;77.130
583;12;20;49.562;75.720
583;20;12;49.562;85.890
584;12;21;55.181;84.880
584;21;12;55.181;95.290
585;12;21;57.382;84.420
585;21;12;57.382;94.830
586;12;21;56.372;86.050
586;21;12;56.372;96.460
587;12;22;107.080;88.360
587;22;12;107.080;98.870
588;12;22;116.224;82.900
588;22;12;116.224;93.410
589;12;22;118.634;67.450
589;22;12;118.634;77.960
590;12;23;59.254;76.500
590;23;12;59.254;87.710
591;12;24;49.023;86.170
591;24;12;49.023;98.180
592;12;24;49.454;72.380
592;24;12;49.454;84.390
593;12;25;54.290;67.690
593;25;12;54.290;80.420
594;12;25;53.523;71.450
594;25;12;53.523;84.180
595;12;25;54.840;81.090
595;25;12;54.840;93.820
596;12;26;97.787;86.370
596;26;12;97.787;99.200
597;12;27;63.534;82.520
597;27;12;63.534;96.150
598;12;28;89.188;74.570
598;28;12;89.188;88.610
599;12;28;90.042;75.680
599;28;12;90.042;89.720
600;12;28;82.993;73.970
600;28;12;82.993;88.010
601;12;29;22.496;12.260
601;29;12;67.496;88.570
602;13;14;91.063;89.220
602;14;13;91.063;89.610
603;13;14;100.950;75.850
603;14;13;100.950;76.240
604;13;15;82.002;82.080
604;15;13;82.002;85.070
605;13;16;73.971;80.060
605;16;13;73.971;85.170
606;13;16;72.391;95.420
606;16;13;72.391;100.530
607;13;16;79.606;81.740
607;16;13;79.606;86.850
608;13;17;154.833;79.800
608;17;13;154.833;85.030
609;13;18;108.856;83.020
609;18;13;108.856;89.160
610;13;18;118.418;73.810
610;18;13;118.418;79.950
611;13;18;115.372;70.210
611;18;13;115.372;76.350
612;13;19;141.041;77.050
612;19;13;141.041;85.630
613;13;19;158.025;82.160
613;19;13;158.025;90.740
614;13;20;82.210;75.260
614;20;13;82.210;85.020
615;13;20;87.005;76.970
615;20;13;87.005;86.730
616;13;21;93.874;79.200
616;21;13;93.874;89.200
617;13;21;105.602;82.960
617;21;13;105.602;92.960
618;13;22;133.461;80.910
618;22;13;133.461;91.010
619;13;22;135.419;82.600
619;22;13;135.419;92.700
620;13;23;84.848;78.360
620;23;13;84.848;89.160
621;13;23;81.320;88.630
621;23;13;81.320;99.430
622;13;23;91.004;87.440
622;23;13;91.004;98.240
623;13;24;82.142;86.380
623;24;13;82.142;97.980
624;13;24;81.371;76.200
624;24;13;81.371;87.800
625;13;25;83.502;72.630
625;25;13;83.502;84.950
626;13;25;84.357;72.500
626;25;13;84.357;84.820
627;13;26;135.045;87.560
627;26;13;135.045;99.980
628;13;26;156.142;87.420
628;26;13;156.142;99.840
629;13;27;70.585;68.490
629;27;13;70.585;81.710
630;13;28;71.588;69.360
630;28;13;71.588;82.990
631;13;28;68.057;84.250
631;28;13;68.057;97.880
632;13;29;19.222;24.070
632;29;13;64.222;99.970
633;13;29;17.264;10.980
633;29;13;62.264;86.880
634;14;15;62.198;86.120
634;15;14;62.198;88.720
635;14;15;64.901;81.880
635;15;14;64.901;84.480
636;14;16;63.034;83.430
636;16;14;63.034;88.150
637;14;17;112.493;83.970
637;17;14;112.493;88.810
638;14;17;119.626;94.150
638;17;14;119.626;98.990
639;14;18;73.380;71.790
639;18;14;73.380;77.540
640;14;18;70.930;90.060
640;18;14;70.930;95.810
641;14;19;112.603;76.320
641;19;14;112.603;84.510
642;14;19;104.903;92.290
642;19;14;104.903;100.480
643;14;20;62.815;73.170
643;20;14;62.815;82.540
644;14;20;65.533;71.910
644;20;14;65.533;81.280
645;14;20;62.280;69.060
645;20;14;62.280;78.430
646;14;21;72.982;73.410
646;21;14;72.982;83.020
647;14;22;89.461;71.780
647;22;14;89.461;81.490
648;14;23;52.708;81.890
648;23;14;52.708;92.300
649;14;23;53.069;83.060
649;23;14;53.069;93.470
650;14;23;51.122;85.110
650;23;14;51.122;95.520
651;14;24;64.032;83.480
651;24;14;64.032;94.690
652;14;24;60.424;66.610
652;24;14;60.424;77.820
653;14;24;59.675;86.540
653;24;14;59.675;97.750
654;14;25;57.365;86.380
654;25;14;57.365;98.310
655;14;26;110.343;70.870
655;26;14;110.343;82.900
656;14;26;98.591;79.070
656;26;14;98.591;91.100
657;14;27;65.912;86.940
657;27;14;65.912;99.770
658;14;27;61.074;84.980
658;27;14;61.074;97.810
659;14;27;67.462;69.170
659;27;14;67.462;82.000
660;14;28;81.695;73.260
660;28;14;81.695;86.500
661;14;29;27.562;19.300
661;29;14;72.562;94.810
662;14;29;31.109;23.190
662;29;14;76.109;98.700
663;14;29;24.277;4.300
663;29;14;69.277;79.810
664;15;16;55.322;72.820
664;16;15;55.322;74.940
665;15;16;57.740;90.090
665;16;15;57.740;92.210
666;15;16;57.570;81.600
666;16;15;57.570;83.720
667;15;17;128.972;82.500
667;17;15;128.972;84.740
668;15;17;118.035;73.280
668;17;15;118.035;75.520
669;15;18;90.195;72.330
669;18;15;90.195;75.480
670;15;18;93.124;77.290
670;18;15;93.124;80.440
671;15;19;107.439;67.330
671;19;15;107.439;72.920
672;15;20;45.760;79.150
672;20;15;45.760;85.920
673;15;21;60.628;90.580
673;21;15;60.628;97.590
674;15;22;105.572;84.860
674;22;15;105.572;91.970
675;15;22;113.258;87.890
675;22;15;113.258;95.000
676;15;23;54.969;73.670
676;23;15;54.969;81.480
677;15;23;52.704;77.420
677;23;15;52.704;85.230
678;15;24;46.983;78.320
678;24;15;46.983;86.930
679;15;25;49.879;76.490
679;25;15;49.879;85.820
680;15;26;103.090;80.940
680;26;15;103.090;90.370
681;15;27;58.464;83.850
681;27;15;58.464;94.080
682;15;27;56.851;68.670
682;27;15;56.851;78.900
683;15;28;83.807;76.390
683;28;15;83.807;87.030
684;15;29;18.196;4.720
684;29;15;63.196;77.630
685;16;17;130.017;85.220
685;17;16;130.017;85.340
686;16;17;137.284;93.800
686;17;16;137.284;93.920
687;16;17;148.778;75.970
687;17;16;148.778;76.090
688;16;18;87.406;75.580
688;18;16;87.406;76.610
689;16;18;83.071;87.970
689;18;16;83.071;89.000
690;16;18;85.420;82.270
690;18;16;85.420;83.300
691;16;19;117.753;87.770
691;19;16;117.753;91.240
692;16;19;105.385;84.520
692;19;16;105.385;87.990
693;16;19;131.491;86.070
693;19;16;131.491;89.540
694;16;20;55.906;71.750
694;20;16;55.906;76.400
695;16;20;56.866;83.270
695;20;16;56.866;87.920
696;16;21;70.756;76.070
696;21;16;70.756;80.960
697;16;21;67.400;73.200
697;21;16;67.400;78.090
698;16;21;73.882;89.630
698;21;16;73.882;94.520
699;16;22;107.303;86.530
699;22;16;107.303;91.520
700;16;23;56.015;69.220
700;23;16;56.015;74.910
701;16;23;55.950;75.420
701;23;16;55.950;81.110
702;16;23;55.382;68.090
702;23;16;55.382;73.780
703;16;24;56.600;81.390
703;24;16;56.600;87.880
704;16;24;56.351;86.150
704;24;16;56.351;92.640
705;16;24;56.131;68.330
705;24;16;56.131;74.820
706;16;25;54.857;70.840
706;25;16;54.857;78.050
707;16;26;113.379;71.510
707;26;16;113.379;78.820
708;16;26;114.654;87.690
708;26;16;114.654;95.000
709;16;27;48.511;83.000
709;27;16;48.511;91.110
710;16;28;73.603;85.980
710;28;16;73.603;94.500
711;16;29;9.829;20.910
711;29;16;54.829;91.700
712;17;18;91.711;76.890
712;18;17;91.711;77.800
713;17;19;145.386;76.870
713;19;17;145.386;80.220
714;17;19;139.165;82.890
714;19;17;139.165;86.240
715;17;19;149.683;71.160
715;19;17;149.683;74.510
716;17;20;129.450;77.940
716;20;17;129.450;82.470
717;17;20;127.725;86.700
717;20;17;127.725;91.230
718;17;21;133.556;84.700
718;21;17;133.556;89.470
719;17;22;68.616;89.570
719;22;17;68.616;94.440
720;17;23;120.189;77.520
720;23;17;120.189;83.090
721;17;23;103.403;85.390
721;23;17;103.403;90.960
722;17;24;130.535;78.270
722;24;17;130.535;84.640
723;17;24;139.837;85.120
723;24;17;139.837;91.490
724;17;25;124.454;82.800
724;25;17;124.454;89.890
725;17;26;149.258;78.890
725;26;17;149.258;86.080
726;17;27;132.307;73.550
726;27;17;132.307;81.540
727;17;27;134.501;73.590
727;27;17;134.501;81.580
728;17;28;134.327;68.860
728;28;17;134.327;77.260
729;17;29;93.673;22.570
729;29;17;138.673;93.240
730;17;29;109.477;18.290
730;29;17;154.477;88.960
731;18;19;133.529;81.240
731;19;18;133.529;83.680
732;18;20;90.875;88.630
732;20;18;90.875;92.250
733;18;21;100.908;75.960
733;21;18;100.908;79.820
734;18;21;99.777;82.740
734;21;18;99.777;86.600
735;18;22;73.838;89.980
735;22;18;73.838;93.940
736;18;22;72.527;78.680
736;22;18;72.527;82.640
737;18;22;78.822;70.160
737;22;18;78.822;74.120
738;18;23;80.236;82.980
738;23;18;80.236;87.640
739;18;24;92.122;81.490
739;24;18;92.122;86.950
740;18;24;83.688;74.740
740;24;18;83.688;80.200
741;18;24;96.803;81.720
741;24;18;96.803;87.180
742;18;25;85.323;88.010
742;25;18;85.323;94.190
743;18;25;91.632;86.610
743;25;18;91.632;92.790
744;18;26;133.328;77.850
744;26;18;133.328;84.130
745;18;26;129.751;76.300
745;26;18;129.751;82.580
746;18;26;151.712;80.710
746;26;18;151.712;86.990
747;18;27;88.814;75.250
747;27;18;88.814;82.330
748;18;28;87.680;85.460
748;28;18;87.680;92.950
749;18;28;86.904;75.100
749;28;18;86.904;82.590
750;18;28;82.537;73.500
750;28;18;82.537;80.990
751;18;29;49.508;6.660
751;29;18;94.508;76.420
752;18;29;60.483;0.650
752;29;18;105.483;70.410
753;18;29;56.241;16.710
753;29;18;101.241;86.470
754;19;20;106.891;90.740
754;20;19;106.891;91.920
755;19;21;92.692;71.920
755;21;19;92.692;73.340
756;19;22;126.254;86.600
756;22;19;126.254;88.120
757;19;22;108.081;74.740
757;22;19;108.081;76.260
758;19;23;111.786;74.010
758;23;19;111.786;76.230
759;19;24;106.364;86.330
759;24;19;106.364;89.350
760;19;24;116.244;67.240
760;24;19;116.244;70.260
761;19;24;118.263;79.860
761;24;19;118.263;82.880
762;19;25;109.018;66.210
762;25;19;109.018;69.950
763;19;26;53.891;77.440
763;26;19;53.891;81.280
764;19;27;120.858;68.370
764;27;19;120.858;73.010
765;19;27;102.880;63.580
765;27;19;102.880;68.220
766;19;28;145.892;84.650
766;28;19;145.892;89.700
767;19;29;79.572;9.740
767;29;19;124.572;77.060
768;19;29;67.867;9.340
768;29;19;112.867;76.660
769;19;29;83.878;22.890
769;29;19;128.878;90.210
770;20;21;59.954;86.610
770;21;20;59.954;86.850
771;20;21;62.112;73.650
771;21;20;62.112;73.890
772;20;22;106.024;66.370
772;22;20;106.024;66.710
773;20;22;104.442;69.020
773;22;20;104.442;69.360
774;20;23;55.664;82.650
774;23;20;55.664;83.690
775;20;23;55.494;73.880
775;23;20;55.494;74.920
776;20;24;46.253;74.080
776;24;20;46.253;75.920
777;20;25;50.552;81.150
777;25;20;50.552;83.710
778;20;25;51.021;79.900
778;25;20;51.021;82.460
779;20;26;102.478;76.620
779;26;20;102.478;79.280
780;20;26;97.240;74.140
780;26;20;97.240;76.800
781;20;26;96.671;68.200
781;26;20;96.671;70.860
782;20;27;58.977;69.930
782;27;20;58.977;73.390
783;20;27;58.035;78.740
783;27;20;58.035;82.200
784;20;27;61.149;69.030
784;27;20;61.149;72.490
785;20;28;84.442;65.170
785;28;20;84.442;69.040
786;20;28;90.211;69.210
786;28;20;90.211;73.080
787;20;29;18.520;10.560
787;29;20;63.520;76.700
788;20;29;21.206;10.660
788;29;20;66.206;76.800
789;21;22;109.996;88.330
789;22;21;109.996;88.430
790;21;23;68.195;69.950
790;23;21;68.195;70.750
791;21;23;70.776;78.990
791;23;21;70.776;79.790
792;21;23;65.257;68.950
792;23;21;65.257;69.750
793;21;24;59.157;73.260
793;24;21;59.157;74.860
794;21;24;61.895;81.540
794;24;21;61.895;83.140
795;21;25;63.772;85.460
795;25;21;63.772;87.780
796;21;25;68.173;76.160
796;25;21;68.173;78.480
797;21;26;87.748;74.220
797;26;21;87.748;76.640
798;21;27;73.563;78.580
798;27;21;73.563;81.800
799;21;27;71.358;83.510
799;27;21;71.358;86.730
800;21;28;99.354;81.010
800;28;21;99.354;84.640
801;21;28;86.341;84.560
801;28;21;86.341;88.190
802;21;29;31.884;14.870
802;29;21;76.884;80.770
803;21;29;32.139;21.520
803;29;21;77.139;87.420
804;22;23;97.091;81.520
804;23;22;97.091;82.220
805;22;23;101.099;85.760
805;23;22;101.099;86.460
806;22;24;107.083;77.830
806;24;22;107.083;79.330
807;22;24;121.155;76.820
807;24;22;121.155;78.320
808;22;25;101.153;64.130
808;25;22;101.153;66.350
809;22;26;128.961;72.960
809;26;22;128.961;75.280
810;22;26;142.547;82.550
810;26;22;142.547;84.870
811;22;26;146.238;72.450
811;26;22;146.238;74.770
812;22;27;109.830;73.250
812;27;22;109.830;76.370
813;22;27;109.245;75.400
813;27;22;109.245;78.520
814;22;28;115.480;68.120
814;28;22;115.480;71.650
815;22;28;98.764;80.320
815;28;22;98.764;83.850
816;22;29;71.350;10.700
816;29;22;116.350;76.500
817;22;29;80.835;21.440
817;29;22;125.835;87.240
818;22;29;54.889;6.270
818;29;22;99.889;72.070
819;23;24;56.916;68.060
819;24;23;56.916;68.860
820;23;24;55.067;87.680
820;24;23;55.067;88.480
821;23;24;54.053;77.720
821;24;23;54.053;78.520
822;23;25;50.126;74.220
822;25;23;50.126;75.740
823;23;25;49.047;86.430
823;25;23;49.047;87.950
824;23;26;108.550;65.990
824;26;23;108.550;67.610
825;23;27;59.274;84.920
825;27;23;59.274;87.340
826;23;27;56.437;77.020
826;27;23;56.437;79.440
827;23;27;62.262;72.060
827;27;23;62.262;74.480
828;23;28;79.629;65.330
828;28;23;79.629;68.160
829;23;29;20.827;24.850
829;29;23;65.827;89.950
830;23;29;23.798;4.110
830;29;23;68.798;69.210
831;24;25;51.801;70.700
831;25;24;51.801;71.420
832;24;25;50.385;76.040
832;25;24;50.385;76.760
833;24;25;50.246;81.100
833;25;24;50.246;81.820
834;24;26;101.809;75.760
834;26;24;101.809;76.580
835;24;26;89.175;74.890
835;26;24;89.175;75.710
836;24;27;59.514;81.540
836;27;24;59.514;83.160
837;24;27;57.880;81.330
837;27;24;57.880;82.950
838;24;28;85.197;83.120
838;28;24;85.197;85.150
839;24;28;92.752;84.410
839;28;24;92.752;86.440
840;24;29;18.686;18.420
840;29;24;63.686;82.720
841;24;29;18.861;22.320
841;29;24;63.861;86.620
842;24;29;19.036;13.040
842;29;24;64.036;77.340
843;25;26;105.251;68.080
843;26;25;105.251;68.180
844;25;26;113.734;84.510
844;26;25;113.734;84.610
845;25;27;58.365;69.590
845;27;25;58.365;70.490
846;25;27;59.626;85.090
846;27;25;59.626;85.990
847;25;27;61.159;77.000
847;27;25;61.159;77.900
848;25;28;81.879;64.920
848;28;25;81.879;66.230
849;25;28;82.340;76.430
849;28;25;82.340;77.740
850;25;28;83.513;86.520
850;28;25;83.513;87.830
851;25;29;19.290;13.160
851;29;25;64.290;76.740
852;25;29;17.838;21.410
852;29;25;62.838;84.990
853;26;27;116.292;80.950
853;27;26;116.292;81.750
854;26;27;120.662;82.790
854;27;26;120.662;83.590
855;26;28;141.875;68.830
855;28;26;141.875;70.040
856;26;28;164.095;85.850
856;28;26;164.095;87.060
857;26;28;129.662;81.990
857;28;26;129.662;83.200
858;26;29;74.442;12.750
858;29;26;119.442;76.230
859;26;29;73.916;3.310
859;29;26;118.916;66.790
860;27;28;71.038;72.990
860;28;27;71.038;73.400
861;27;28;68.017;64.010
861;28;27;68.017;64.420
862;27;28;64.921;72.390
862;28;27;64.921;72.800
863;27;29;6.651;17.730
863;29;27;51.651;80.410
864;28;29;25.336;2.760
864;29;28;70.336;65.030
