30
480.0
0;0;1;63.315;95.730
0;1;0;18.315;1.410
1;0;1;64.731;114.260
1;1;0;19.731;19.940
2;0;1;63.795;115.750
2;1;0;18.795;21.430
3;0;2;124.572;89.330
3;2;0;79.572;6.560
4;0;3;75.026;100.180
4;3;0;30.026;22.340
5;0;3;68.629;92.260
5;3;0;23.629;14.420
6;0;4;119.442;101.470
6;4;0;74.442;24.260
7;0;4;117.821;96.100
7;4;0;72.821;18.890
8;0;4;133.408;91.100
8;4;0;88.408;13.890
9;0;5;102.583;90.390
9;5;0;57.583;19.020
10;0;5;113.974;80.320
10;5;0;68.974;8.950
11;0;6;74.820;75.980
11;6;0;29.820;7.240
12;0;6;81.800;76.540
12;6;0;36.800;7.800
13;0;7;75.107;64.450
13;7;0;30.107;0.900
14;0;7;78.743;65.440
14;7;0;33.743;1.890
15;0;8;126.991;80.410
15;8;0;81.991;17.750
16;0;8;106.835;70.690
16;8;0;61.835;8.030
17;0;9;67.688;83.060
17;9;0;22.688;20.880
18;0;9;66.558;80.130
18;9;0;21.558;17.950
19;0;9;68.526;85.530
19;9;0;23.526;23.350
20;0;10;90.309;59.520
20;10;0;45.309;0.660
21;0;10;95.892;83.010
21;10;0;50.892;24.150
22;0;11;70.217;82.270
22;11;0;25.217;23.990
23;0;11;73.177;64.720
23;11;0;28.177;6.440
24;0;12;144.628;69.860
24;12;0;99.628;12.100
25;0;12;135.843;58.930
25;12;0;90.843;1.170
26;0;12;145.292;78.990
26;12;0;100.292;21.230
27;0;13;62.549;65.180
27;13;0;17.549;7.870
28;0;14;73.285;79.410
28;14;0;28.285;22.430
29;0;15;62.194;70.620
29;15;0;17.194;13.830
30;0;16;77.509;73.080
30;16;0;32.509;16.790
31;0;16;80.107;59.160
31;16;0;35.107;2.870
32;0;16;73.680;59.440
32;16;0;28.680;3.150
33;0;17;138.673;57.540
33;17;0;93.673;2.620
34;0;17;116.304;55.030
34;17;0;71.304;0.110
35;0;18;53.671;61.860
35;18;0;8.671;7.140
36;0;18;54.290;60.540
36;18;0;9.290;5.820
37;0;18;52.976;73.780
37;18;0;7.976;19.060
38;0;19;63.686;63.030
38;19;0;18.686;8.420
39;0;19;66.948;61.480
39;19;0;21.948;6.870
40;0;19;68.017;75.980
40;19;0;23.017;21.370
41;0;20;70.336;66.950
41;20;0;25.336;13.300
42;0;20;70.086;67.320
42;20;0;25.086;13.670
43;0;21;106.520;61.490
43;21;0;61.520;7.880
44;0;21;97.613;75.660
44;21;0;52.613;22.050
45;0;22;68.796;74.130
45;22;0;23.796;20.730
46;0;23;93.744;53.540
46;23;0;48.744;1.080
47;0;23;87.747;75.710
47;23;0;42.747;23.250
48;0;23;98.888;52.580
48;23;0;53.888;0.120
49;0;24;117.243;61.630
49;24;0;72.243;9.280
50;0;24;122.134;70.950
50;24;0;77.134;18.600
51;0;25;81.575;66.730
51;25;0;36.575;15.800
52;0;25;78.889;56.730
52;25;0;33.889;5.800
53;0;26;94.508;57.180
53;26;0;49.508;6.300
54;0;26;90.133;65.080
54;26;0;45.133;14.200
55;0;27;112.243;74.670
55;27;0;67.243;24.350
56;0;27;116.639;58.050
56;27;0;71.639;7.730
57;0;27;109.296;53.810
57;27;0;64.296;3.490
58;0;28;81.444;54.460
58;28;0;36.444;4.530
59;0;29;0.000;15.840
59;29;0;0.000;15.840
60;1;2;110.310;101.080
60;2;1;110.310;112.630
61;1;2;106.039;91.730
61;2;1;106.039;103.280
62;1;2;103.319;104.360
62;2;1;103.319;115.910
63;1;3;56.863;85.790
63;3;1;56.863;102.270
64;1;3;54.644;81.000
64;3;1;54.644;97.480
65;1;4;104.115;89.400
65;4;1;104.115;106.510
66;1;4;111.060;93.760
66;4;1;111.060;110.870
67;1;5;86.861;91.580
67;5;1;86.861;114.530
68;1;5;95.615;78.230
68;5;1;95.615;101.180
69;1;6;62.130;81.720
69;6;1;62.130;107.300
70;1;7;79.073;70.590
70;7;1;79.073;101.360
71;1;8;132.667;70.110
71;8;1;132.667;101.770
72;1;9;52.549;77.170
72;9;1;52.549;109.310
73;1;9;53.809;62.560
73;9;1;53.809;94.700
74;1;9;53.755;69.890
74;9;1;53.755;102.030
75;1;10;75.731;75.180
75;10;1;75.731;110.640
76;1;10;80.348;63.100
76;10;1;80.348;98.560
77;1;10;76.401;74.780
77;10;1;76.401;110.240
78;1;11;54.317;76.670
78;11;1;54.317;112.710
79;1;11;54.542;81.060
79;11;1;54.542;117.100
80;1;11;52.976;68.530
80;11;1;52.976;104.570
81;1;12;144.269;67.280
81;12;1;144.269;103.840
82;1;13;80.644;66.600
82;13;1;80.644;103.610
83;1;14;90.296;57.200
83;14;1;90.296;94.540
84;1;15;58.035;72.670
84;15;1;58.035;110.200
85;1;16;66.825;77.220
85;16;1;66.825;115.250
86;1;16;61.812;67.030
86;16;1;61.812;105.060
87;1;17;144.932;56.380
87;17;1;144.932;95.780
88;1;18;55.457;70.440
88;18;1;55.457;110.040
89;1;18;53.528;63.180
89;18;1;53.528;102.780
90;1;18;55.558;62.660
90;18;1;55.558;102.260
91;1;19;59.427;62.670
91;19;1;59.427;102.380
92;1;19;58.993;67.150
92;19;1;58.993;106.860
93;1;19;61.960;72.700
93;19;1;61.960;112.410
94;1;20;88.638;77.330
94;20;1;88.638;118.000
95;1;21;124.039;54.940
95;21;1;124.039;95.650
96;1;21;122.688;58.330
96;21;1;122.688;99.040
97;1;21;122.933;74.470
97;21;1;122.933;115.180
98;1;22;86.710;62.190
98;22;1;86.710;103.110
99;1;22;90.982;61.070
99;22;1;90.982;101.990
100;1;22;84.842;60.020
100;22;1;84.842;100.940
101;1;23;77.734;71.680
101;23;1;77.734;113.540
102;1;24;134.808;71.070
102;24;1;134.808;113.040
103;1;25;64.495;66.360
103;25;1;64.495;109.750
104;1;25;66.962;57.180
104;25;1;66.962;100.570
105;1;25;63.711;61.820
105;25;1;63.711;105.210
106;1;26;105.227;67.950
106;26;1;105.227;111.390
107;1;26;96.367;75.380
107;26;1;96.367;118.820
108;1;27;96.657;66.380
108;27;1;96.657;110.380
109;1;28;73.663;67.250
109;28;1;73.663;111.640
110;1;29;18.315;6.850
110;29;1;63.315;101.170
111;1;29;21.683;7.080
111;29;1;66.683;101.400
112;1;29;15.290;18.410
112;29;1;60.290;112.730
113;2;3;100.587;94.470
113;3;2;100.587;99.400
114;2;3;96.567;84.200
114;3;2;96.567;89.130
115;2;4;53.891;96.970
115;4;2;53.891;102.530
116;2;4;55.459;101.400
116;4;2;55.459;106.960
117;2;4;52.278;101.880
117;4;2;52.278;107.440
118;2;5;69.273;85.130
118;5;2;69.273;96.530
119;2;6;94.818;77.690
119;6;2;94.818;91.720
120;2;7;110.123;74.110
120;7;2;110.123;93.330
121;2;7;96.301;65.640
121;7;2;96.301;84.860
122;2;8;134.838;79.490
122;8;2;134.838;99.600
123;2;8;135.979;80.760
123;8;2;135.979;100.870
124;2;9;103.279;65.320
124;9;2;103.279;85.910
125;2;9;107.179;64.120
125;9;2;107.179;84.710
126;2;9;89.197;77.200
126;9;2;89.197;97.790
127;2;10;79.657;76.090
127;10;2;79.657;100.000
128;2;10;71.342;62.370
128;10;2;71.342;86.280
129;2;11;111.755;62.960
129;11;2;111.755;87.450
130;2;11;127.811;60.130
130;11;2;127.811;84.620
131;2;12;121.640;59.080
131;12;2;121.640;84.090
132;2;12;134.641;60.510
132;12;2;134.641;85.520
133;2;13;141.087;62.840
133;13;2;141.087;88.300
134;2;14;152.715;64.410
134;14;2;152.715;90.200
135;2;15;107.614;67.620
135;15;2;107.614;93.600
136;2;16;92.290;67.490
136;16;2;92.290;93.970
137;2;16;101.062;75.960
137;16;2;101.062;102.440
138;2;16;84.163;57.350
138;16;2;84.163;83.830
139;2;17;145.386;66.240
139;17;2;145.386;94.090
140;2;17;161.057;56.990
140;17;2;161.057;84.840
141;2;17;141.002;79.360
141;17;2;141.002;107.210
142;2;18;116.280;60.470
142;18;2;116.280;88.520
143;2;18;111.799;65.130
143;18;2;111.799;93.180
144;2;19;106.364;70.220
144;19;2;106.364;98.380
145;2;20;145.892;71.530
145;20;2;145.892;100.650
146;2;20;148.529;69.640
146;20;2;148.529;98.760
147;2;21;171.093;66.020
147;21;2;171.093;95.180
148;2;21;167.837;70.450
148;21;2;167.837;99.610
149;2;21;177.856;54.620
149;21;2;177.856;83.780
150;2;22;147.414;77.120
150;22;2;147.414;106.490
151;2;23;78.144;67.280
151;23;2;78.144;97.590
152;2;24;180.954;74.240
152;24;2;180.954;104.660
153;2;24;153.593;53.370
153;24;2;153.593;83.790
154;2;25;91.664;66.010
154;25;2;91.664;97.850
155;2;25;87.578;58.240
155;25;2;87.578;90.080
156;2;26;133.529;51.400
156;26;2;133.529;83.290
157;2;26;123.650;61.790
157;26;2;123.650;93.680
158;2;26;129.589;75.770
158;26;2;129.589;107.660
159;2;27;60.379;65.030
159;27;2;60.379;97.480
160;2;27;62.141;66.360
160;27;2;62.141;98.810
161;2;28;90.776;62.560
161;28;2;90.776;95.400
162;2;29;79.572;24.510
162;29;2;124.572;107.280
163;2;29;79.360;22.400
163;29;2;124.360;105.170
164;3;4;93.727;100.380
164;4;3;93.727;101.010
165;3;5;76.508;84.350
165;5;3;76.508;90.820
166;3;6;58.908;89.630
166;6;3;58.908;98.730
167;3;6;55.694;92.510
167;6;3;55.694;101.610
168;3;6;62.122;76.800
168;6;3;62.122;85.900
169;3;7;84.115;78.780
169;7;3;84.115;93.070
170;3;8;135.886;79.900
170;8;3;135.886;95.080
171;3;8;157.870;66.190
171;8;3;157.870;81.370
172;3;9;54.344;78.990
172;9;3;54.344;94.650
173;3;9;53.109;70.040
173;9;3;53.109;85.700
174;3;9;55.904;79.960
174;9;3;55.904;95.620
175;3;10;67.057;71.690
175;10;3;67.057;90.670
176;3;11;56.285;71.490
176;11;3;56.285;91.050
177;3;11;58.032;75.920
177;11;3;58.032;95.480
178;3;12;143.397;81.220
178;12;3;143.397;101.300
179;3;13;92.464;77.220
179;13;3;92.464;97.750
180;3;13;81.758;78.960
180;13;3;81.758;99.490
181;3;13;85.671;61.160
181;13;3;85.671;81.690
182;3;14;102.121;68.790
182;14;3;102.121;89.650
183;3;14;104.328;64.140
183;14;3;104.328;85.000
184;3;14;95.279;71.750
184;14;3;95.279;92.610
185;3;15;64.667;60.280
185;15;3;64.667;81.330
186;3;16;63.996;80.880
186;16;3;63.996;102.430
187;3;16;66.504;75.420
187;16;3;66.504;96.970
188;3;16;68.029;58.060
188;16;3;68.029;79.610
189;3;17;148.288;66.850
189;17;3;148.288;89.770
190;3;18;66.705;68.580
190;18;3;66.705;91.700
191;3;18;69.122;66.290
191;18;3;69.122;89.410
192;3;18;63.456;76.720
192;18;3;63.456;99.840
193;3;19;65.174;70.950
193;19;3;65.174;94.180
194;3;19;63.771;64.480
194;19;3;63.771;87.710
195;3;20;100.244;70.070
195;20;3;100.244;94.260
196;3;21;134.796;66.590
196;21;3;134.796;90.820
197;3;22;98.562;56.690
197;22;3;98.562;81.130
198;3;22;105.778;57.720
198;22;3;105.778;82.160
199;3;23;67.456;61.520
199;23;3;67.456;86.900
200;3;23;69.547;67.060
200;23;3;69.547;92.440
201;3;23;62.332;58.230
201;23;3;62.332;83.610
202;3;24;145.562;68.740
202;24;3;145.562;94.230
203;3;24;161.247;76.330
203;24;3;161.247;101.820
204;3;24;128.696;69.220
204;24;3;128.696;94.710
205;3;25;53.937;69.700
205;25;3;53.937;96.610
206;3;25;55.001;69.340
206;25;3;55.001;96.250
207;3;26;112.183;65.240
207;26;3;112.183;92.200
208;3;26;126.541;52.560
208;26;3;126.541;79.520
209;3;27;86.196;58.730
209;27;3;86.196;86.250
210;3;28;71.768;72.280
210;28;3;71.768;100.190
211;3;28;65.150;58.080
211;28;3;65.150;85.990
212;3;28;71.023;59.070
212;28;3;71.023;86.980
213;3;29;30.026;14.860
213;29;3;75.026;92.700
214;3;29;29.780;18.290
214;29;3;74.780;96.130
215;4;5;62.276;93.910
215;5;4;62.276;99.750
216;4;5;66.590;78.880
216;5;4;66.590;84.720
217;4;5;61.249;71.540
217;5;4;61.249;77.380
218;4;6;89.666;74.030
218;6;4;89.666;82.500
219;4;6;89.938;75.170
219;6;4;89.938;83.640
220;4;7;108.137;81.830
220;7;4;108.137;95.490
221;4;7;97.067;82.410
221;7;4;97.067;96.070
222;4;7;110.384;68.990
222;7;4;110.384;82.650
223;4;8;138.199;86.120
223;8;4;138.199;100.670
224;4;8;144.029;63.470
224;8;4;144.029;78.020
225;4;9;97.433;82.570
225;9;4;97.433;97.600
226;4;9;87.817;86.080
226;9;4;87.817;101.110
227;4;10;74.136;81.890
227;10;4;74.136;100.240
228;4;10;68.408;60.740
228;10;4;68.408;79.090
229;4;10;80.206;61.570
229;10;4;80.206;79.920
230;4;11;104.687;75.530
230;11;4;104.687;94.460
231;4;11;108.572;61.330
231;11;4;108.572;80.260
232;4;11;94.628;82.110
232;11;4;94.628;101.040
233;4;12;127.781;60.120
233;12;4;127.781;79.570
234;4;12;128.272;77.920
234;12;4;128.272;97.370
235;4;13;136.412;69.050
235;13;4;136.412;88.950
236;4;13;118.602;71.860
236;13;4;118.602;91.760
237;4;13;120.148;75.370
237;13;4;120.148;95.270
238;4;14;147.722;64.570
238;14;4;147.722;84.800
239;4;15;102.892;72.460
239;15;4;102.892;92.880
240;4;15;112.548;63.160
240;15;4;112.548;83.580
241;4;16;87.910;58.120
241;16;4;87.910;79.040
242;4;16;93.219;75.270
242;16;4;93.219;96.190
243;4;16;79.452;75.560
243;16;4;79.452;96.480
244;4;17;149.258;78.320
244;17;4;149.258;100.610
245;4;17;166.184;76.680
245;17;4;166.184;98.970
246;4;18;110.940;63.870
246;18;4;110.940;86.360
247;4;18;114.255;66.940
247;18;4;114.255;89.430
248;4;19;101.809;66.910
248;19;4;101.809;89.510
249;4;19;105.532;73.590
249;19;4;105.532;96.190
250;4;20;141.875;64.210
250;20;4;141.875;87.770
251;4;21;169.133;77.540
251;21;4;169.133;101.140
252;4;21;196.931;62.020
252;21;4;196.931;85.620
253;4;22;142.767;62.680
253;22;4;142.767;86.490
254;4;22;146.598;68.030
254;22;4;146.598;91.840
255;4;23;71.413;76.990
255;23;4;71.413;101.740
256;4;23;65.759;75.120
256;23;4;65.759;99.870
257;4;24;179.262;56.690
257;24;4;179.262;81.550
258;4;25;84.929;58.810
258;25;4;84.929;85.090
259;4;25;91.293;55.760
259;25;4;91.293;82.040
260;4;25;81.660;65.220
260;25;4;81.660;91.500
261;4;26;133.328;54.820
261;26;4;133.328;81.150
262;4;26;111.606;68.250
262;26;4;111.606;94.580
263;4;27;52.534;51.860
263;27;4;52.534;78.750
264;4;28;87.796;56.940
264;28;4;87.796;84.220
265;4;28;88.091;64.850
265;28;4;88.091;92.130
266;4;29;74.442;15.520
266;29;4;119.442;92.730
267;5;6;73.068;74.070
267;6;5;73.068;76.700
268;5;7;94.880;71.760
268;7;5;94.880;79.580
269;5;7;89.188;82.820
269;7;5;89.188;90.640
270;5;7;91.601;64.240
270;7;5;91.601;72.060
271;5;8;133.290;64.560
271;8;5;133.290;73.270
272;5;8;143.287;67.820
272;8;5;143.287;76.530
273;5;9;80.299;77.800
273;9;5;80.299;86.990
274;5;10;57.717;78.150
274;10;5;57.717;90.660
275;5;11;87.571;79.420
275;11;5;87.571;92.510
276;5;12;129.420;81.040
276;12;5;129.420;94.650
277;5;12;140.679;68.700
277;12;5;140.679;82.310
278;5;12;150.387;68.890
278;12;5;150.387;82.500
279;5;13;119.782;69.570
279;13;5;119.782;83.630
280;5;13;136.706;73.770
280;13;5;136.706;87.830
281;5;14;130.857;79.410
281;14;5;130.857;93.800
282;5;15;86.462;74.080
282;15;5;86.462;88.660
283;5;16;72.178;76.300
283;16;5;72.178;91.380
284;5;17;145.154;69.750
284;17;5;145.154;86.200
285;5;17;146.088;61.380
285;17;5;146.088;77.830
286;5;17;146.661;62.380
286;17;5;146.661;78.830
287;5;18;93.996;66.800
287;18;5;93.996;83.450
288;5;19;85.544;69.110
288;19;5;85.544;85.870
289;5;19;92.179;57.360
289;19;5;92.179;74.120
290;5;20;125.739;56.610
290;20;5;125.739;74.330
291;5;21;155.013;74.060
291;21;5;155.013;91.820
292;5;22;126.132;62.970
292;22;5;126.132;80.940
293;5;23;54.138;62.100
293;23;5;54.138;81.010
294;5;23;54.188;68.980
294;23;5;54.188;87.890
295;5;23;52.648;69.560
295;23;5;52.648;88.470
296;5;24;165.412;63.160
296;24;5;165.412;82.180
297;5;24;174.391;65.360
297;24;5;174.391;84.380
298;5;24;163.189;69.240
298;24;5;163.189;88.260
299;5;25;67.666;65.460
299;25;5;67.666;85.900
300;5;26;122.122;60.700
300;26;5;122.122;81.190
301;5;27;54.797;72.020
301;27;5;54.797;93.070
302;5;27;52.846;62.740
302;27;5;52.846;83.790
303;5;27;55.562;56.260
303;27;5;55.562;77.310
304;5;28;74.032;64.580
304;28;5;74.032;86.020
305;5;28;76.754;73.290
305;28;5;76.754;94.730
306;5;28;74.964;62.500
306;28;5;74.964;83.940
307;5;29;57.583;17.420
307;29;5;102.583;88.790
308;5;29;63.345;22.140
308;29;5;108.345;93.510
309;5;29;44.807;2.160
309;29;5;89.807;73.530
310;6;7;72.339;83.360
310;7;6;72.339;88.550
311;6;7;77.241;78.060
311;7;6;77.241;83.250
312;6;7;77.706;64.940
312;7;6;77.706;70.130
313;6;8;122.353;69.940
313;8;6;122.353;76.020
314;6;9;54.587;83.090
314;9;6;54.587;89.650
315;6;10;60.541;69.300
315;10;6;60.541;79.180
316;6;11;67.886;68.210
316;11;6;67.886;78.670
317;6;11;65.874;81.640
317;11;6;65.874;92.100
318;6;11;65.519;70.060
318;11;6;65.519;80.520
319;6;12;129.642;60.850
319;12;6;129.642;71.830
320;6;13;91.776;61.830
320;13;6;91.776;73.260
321;6;13;86.328;76.390
321;13;6;86.328;87.820
322;6;14;103.075;70.260
322;14;6;103.075;82.020
323;6;15;58.406;79.030
323;15;6;58.406;90.980
324;6;15;60.651;78.730
324;15;6;60.651;90.680
325;6;15;61.122;67.880
325;15;6;61.122;79.830
326;6;16;50.206;67.090
326;16;6;50.206;79.540
327;6;16;48.944;75.330
327;16;6;48.944;87.780
328;6;16;50.828;71.230
328;16;6;50.828;83.680
329;6;17;134.762;69.830
329;17;6;134.762;83.650
330;6;17;124.721;67.660
330;17;6;124.721;81.480
331;6;17;119.976;76.400
331;17;6;119.976;90.220
332;6;18;66.463;64.500
332;18;6;66.463;78.520
333;6;18;63.643;74.220
333;18;6;63.643;88.240
334;6;19;57.604;64.300
334;19;6;57.604;78.430
335;6;20;97.714;73.830
335;20;6;97.714;88.920
336;6;20;91.805;61.100
336;20;6;91.805;76.190
337;6;20;94.924;54.280
337;20;6;94.924;69.370
338;6;21;128.626;67.620
338;21;6;128.626;82.750
339;6;22;98.131;73.090
339;22;6;98.131;88.430
340;6;22;86.649;70.420
340;22;6;86.649;85.760
341;6;23;64.696;55.140
341;23;6;64.696;71.420
342;6;23;64.991;77.070
342;23;6;64.991;93.350
343;6;23;64.531;61.350
343;23;6;64.531;77.630
344;6;24;139.249;53.250
344;24;6;139.249;69.640
345;6;25;56.567;62.080
345;25;6;56.567;79.890
346;6;25;54.034;60.390
346;25;6;54.034;78.200
347;6;26;101.036;73.890
347;26;6;101.036;91.750
348;6;26;101.804;73.260
348;26;6;101.804;91.120
349;6;27;82.567;58.800
349;27;6;82.567;77.220
350;6;27;90.716;68.700
350;27;6;90.716;87.120
351;6;27;79.208;70.080
351;27;6;79.208;88.500
352;6;28;57.926;68.290
352;28;6;57.926;87.100
353;6;28;58.870;66.770
353;28;6;58.870;85.580
354;6;28;55.095;68.180
354;28;6;55.095;86.990
355;6;29;29.820;24.330
355;29;6;74.820;93.070
356;7;8;98.755;78.490
356;8;7;98.755;79.380
357;7;9;75.314;79.450
357;9;7;75.314;80.820
358;7;9;81.284;69.660
358;9;7;81.284;71.030
359;7;9;73.002;67.190
359;9;7;73.002;68.560
360;7;10;82.998;77.000
360;10;7;82.998;81.690
361;7;11;88.266;81.970
361;11;7;88.266;87.240
362;7;11;85.263;81.950
362;11;7;85.263;87.220
363;7;12;114.552;65.930
363;12;7;114.552;71.720
364;7;13;84.012;73.600
364;13;7;84.012;79.840
365;7;14;96.088;61.250
365;14;7;96.088;67.820
366;7;14;87.482;80.840
366;14;7;87.482;87.410
367;7;14;91.371;72.770
367;14;7;91.371;79.340
368;7;15;66.053;61.360
368;15;7;66.053;68.120
369;7;15;68.815;71.930
369;15;7;68.815;78.690
370;7;16;69.601;63.370
370;16;7;69.601;70.630
371;7;16;67.808;64.710
371;16;7;67.808;71.970
372;7;17;110.940;63.920
372;17;7;110.940;72.550
373;7;17;123.110;75.870
373;17;7;123.110;84.500
374;7;18;72.936;62.230
374;18;7;72.936;71.060
375;7;18;69.119;76.390
375;18;7;69.119;85.220
376;7;18;77.635;78.740
376;18;7;77.635;87.570
377;7;19;64.813;68.580
377;19;7;64.813;77.520
378;7;19;67.724;78.400
378;19;7;67.724;87.340
379;7;19;61.312;71.640
379;19;7;61.312;80.580
380;7;20;84.813;78.240
380;20;7;84.813;88.140
381;7;20;78.005;60.720
381;20;7;78.005;70.620
382;7;21;106.055;73.610
382;21;7;106.055;83.550
383;7;21;113.977;78.150
383;21;7;113.977;88.090
384;7;21;118.566;64.210
384;21;7;118.566;74.150
385;7;22;89.354;73.820
385;22;7;89.354;83.970
386;7;22;79.970;78.310
386;22;7;79.970;88.460
387;7;23;88.897;67.200
387;23;7;88.897;78.290
388;7;23;92.081;71.700
388;23;7;92.081;82.790
389;7;23;94.481;52.640
389;23;7;94.481;63.730
390;7;24;116.126;65.510
390;24;7;116.126;76.710
391;7;24;116.759;56.810
391;24;7;116.759;68.010
392;7;24;105.552;72.150
392;24;7;105.552;83.350
393;7;25;83.905;55.110
393;25;7;83.905;67.730
394;7;25;78.626;66.470
394;25;7;78.626;79.090
395;7;25;92.389;74.160
395;25;7;92.389;86.780
396;7;26;73.717;72.040
396;26;7;73.717;84.710
397;7;26;76.633;75.880
397;26;7;76.633;88.550
398;7;27;102.545;62.440
398;27;7;102.545;75.670
399;7;27;91.700;74.820
399;27;7;91.700;88.050
400;7;28;65.852;71.820
400;28;7;65.852;85.440
401;7;29;30.107;18.020
401;29;7;75.107;81.570
402;8;9;128.027;86.810
402;9;8;128.027;87.290
403;8;10;125.897;66.110
403;10;8;125.897;69.910
404;8;10;107.189;64.470
404;10;8;107.189;68.270
405;8;10;125.153;78.730
405;10;8;125.153;82.530
406;8;11;141.700;63.790
406;11;8;141.700;68.170
407;8;11;150.361;74.470
407;11;8;150.361;78.850
408;8;12;78.937;76.000
408;12;8;78.937;80.900
409;8;12;85.703;60.980
409;12;8;85.703;65.880
410;8;12;76.103;80.000
410;12;8;76.103;84.900
411;8;13;129.042;78.900
411;13;8;129.042;84.250
412;8;13;132.752;66.260
412;13;8;132.752;71.610
413;8;13;126.408;67.180
413;13;8;126.408;72.530
414;8;14;138.718;77.280
414;14;8;138.718;82.960
415;8;15;119.643;60.760
415;15;8;119.643;66.630
416;8;15;135.888;78.220
416;15;8;135.888;84.090
417;8;15;114.117;63.310
417;15;8;114.117;69.180
418;8;16;117.833;77.100
418;16;8;117.833;83.470
419;8;16;121.154;58.350
419;16;8;121.154;64.720
420;8;17;57.409;69.340
420;17;8;57.409;77.080
421;8;17;58.487;64.770
421;17;8;58.487;72.510
422;8;17;60.076;65.220
422;17;8;60.076;72.960
423;8;18;126.482;69.090
423;18;8;126.482;77.030
424;8;19;118.254;74.850
424;19;8;118.254;82.900
425;8;19;103.714;72.620
425;19;8;103.714;80.670
426;8;20;124.353;60.330
426;20;8;124.353;69.340
427;8;21;117.524;61.960
427;21;8;117.524;71.010
428;8;22;131.923;74.270
428;22;8;131.923;83.530
429;8;23;131.839;53.290
429;23;8;131.839;63.490
430;8;23;148.743;76.210
430;23;8;148.743;86.410
431;8;23;133.376;72.160
431;23;8;133.376;82.360
432;8;24;122.043;56.390
432;24;8;122.043;66.700
433;8;24;139.500;75.480
433;24;8;139.500;85.790
434;8;25;132.951;71.840
434;25;8;132.951;83.570
435;8;25;154.487;67.480
435;25;8;154.487;79.210
436;8;26;81.779;73.810
436;26;8;81.779;85.590
437;8;26;90.440;55.420
437;26;8;90.440;67.200
438;8;26;83.814;62.570
438;26;8;83.814;74.350
439;8;27;136.347;67.930
439;27;8;136.347;80.270
440;8;27;120.898;71.610
440;27;8;120.898;83.950
441;8;27;150.755;57.640
441;27;8;150.755;69.980
442;8;28;110.600;72.200
442;28;8;110.600;84.930
443;8;28;117.200;68.090
443;28;8;117.200;80.820
444;8;28;97.769;71.230
444;28;8;97.769;83.960
445;8;29;81.991;10.530
445;29;8;126.991;73.190
446;8;29;65.949;14.640
446;29;8;110.949;77.300
447;8;29;78.773;10.680
447;29;8;123.773;73.340
448;9;10;68.621;67.780
448;10;9;68.621;71.100
449;9;10;65.596;78.550
449;10;9;65.596;81.870
450;9;11;59.255;60.350
450;11;9;59.255;64.250
451;9;11;60.208;77.170
451;11;9;60.208;81.070
452;9;11;57.138;78.830
452;11;9;57.138;82.730
453;9;12;137.838;65.490
453;12;9;137.838;69.910
454;9;12;122.182;66.470
454;12;9;122.182;70.890
455;9;13;85.204;75.410
455;13;9;85.204;80.280
456;9;13;91.788;75.770
456;13;9;91.788;80.640
457;9;13;92.329;62.720
457;13;9;92.329;67.590
458;9;14;95.763;57.810
458;14;9;95.763;63.010
459;9;14;99.853;81.050
459;14;9;99.853;86.250
460;9;15;55.323;81.080
460;15;9;55.323;86.470
461;9;15;53.121;65.840
461;15;9;53.121;71.230
462;9;15;54.911;67.540
462;15;9;54.911;72.930
463;9;16;59.400;78.140
463;16;9;59.400;84.030
464;9;16;56.612;58.310
464;16;9;56.612;64.200
465;9;17;140.389;71.500
465;17;9;140.389;78.760
466;9;17;157.300;59.900
466;17;9;157.300;67.160
467;9;17;120.639;76.530
467;17;9;120.639;83.790
468;9;18;59.020;57.610
468;18;9;59.020;65.070
469;9;18;59.375;78.430
469;18;9;59.375;85.890
470;9;18;56.431;75.370
470;18;9;56.431;82.830
471;9;19;55.905;67.130
471;19;9;55.905;74.700
472;9;19;57.043;76.050
472;19;9;57.043;83.620
473;9;20;92.282;76.800
473;20;9;92.282;85.330
474;9;21;125.865;61.560
474;21;9;125.865;70.130
475;9;22;91.481;67.270
475;22;9;91.481;76.050
476;9;22;101.853;57.160
476;22;9;101.853;65.940
477;9;22;102.999;73.550
477;22;9;102.999;82.330
478;9;23;71.283;55.250
478;23;9;71.283;64.970
479;9;23;67.412;67.100
479;23;9;67.412;76.820
480;9;23;75.988;71.970
480;23;9;75.988;81.690
481;9;24;136.617;66.290
481;24;9;136.617;76.120
482;9;24;115.343;62.760
482;24;9;115.343;72.590
483;9;25;58.931;73.300
483;25;9;58.931;84.550
484;9;25;60.970;70.610
484;25;9;60.970;81.860
485;9;26;103.016;51.910
485;26;9;103.016;63.210
486;9;26;96.635;55.550
486;26;9;96.635;66.850
487;9;27;90.067;71.570
487;27;9;90.067;83.430
488;9;27;79.336;55.260
488;27;9;79.336;67.120
489;9;28;66.551;69.700
489;28;9;66.551;81.950
490;9;28;66.269;60.080
490;28;9;66.269;72.330
491;9;28;65.178;70.880
491;28;9;65.178;83.130
492;9;29;22.688;0.300
492;29;9;67.688;62.480
493;10;11;78.310;62.140
493;11;10;78.310;62.720
494;10;12;126.733;57.780
494;12;10;126.733;58.880
495;10;12;140.410;72.680
495;12;10;140.410;73.780
496;10;13;107.314;60.500
496;13;10;107.314;62.050
497;10;14;118.587;57.530
497;14;10;118.587;59.410
498;10;14;113.030;78.500
498;14;10;113.030;80.380
499;10;14;128.390;75.170
499;14;10;128.390;77.050
500;10;15;73.859;57.390
500;15;10;73.859;59.460
501;10;15;72.572;67.340
501;15;10;72.572;69.410
502;10;15;77.930;80.130
502;15;10;77.930;82.200
503;10;16;59.501;57.840
503;16;10;59.501;60.410
504;10;16;57.525;74.920
504;16;10;57.525;77.490
505;10;16;56.883;67.660
505;16;10;56.883;70.230
506;10;17;138.102;69.290
506;17;10;138.102;73.230
507;10;17;133.101;74.020
507;17;10;133.101;77.960
508;10;18;81.838;64.600
508;18;10;81.838;68.740
509;10;18;81.804;75.890
509;18;10;81.804;80.030
510;10;18;76.938;78.250
510;18;10;76.938;82.390
511;10;19;72.879;59.660
511;19;10;72.879;63.910
512;10;19;77.292;57.780
512;19;10;77.292;62.030
513;10;19;75.350;70.750
513;19;10;75.350;75.000
514;10;20;113.074;61.510
514;20;10;113.074;66.720
515;10;20;108.521;56.710
515;20;10;108.521;61.920
516;10;20;115.793;72.090
516;20;10;115.793;77.300
517;10;21;142.511;75.570
517;21;10;142.511;80.820
518;10;21;163.929;76.750
518;21;10;163.929;82.000
519;10;21;143.972;57.990
519;21;10;143.972;63.240
520;10;22;113.670;73.710
520;22;10;113.670;79.170
521;10;23;51.162;52.580
521;23;10;51.162;58.980
522;10;24;152.971;61.410
522;24;10;152.971;67.920
523;10;24;136.045;71.420
523;24;10;136.045;77.930
524;10;24;177.830;75.700
524;24;10;177.830;82.210
525;10;25;58.417;62.300
525;25;10;58.417;70.230
526;10;26;110.986;52.850
526;26;10;110.986;60.830
527;10;26;119.757;52.610
527;26;10;119.757;60.590
528;10;26;96.224;56.040
528;26;10;96.224;64.020
529;10;27;67.038;59.310
529;27;10;67.038;67.850
530;10;27;68.969;69.000
530;27;10;68.969;77.540
531;10;27;69.197;55.500
531;27;10;69.197;64.040
532;10;28;62.475;59.020
532;28;10;62.475;67.950
533;10;28;59.528;55.730
533;28;10;59.528;64.660
534;10;29;45.309;12.930
534;29;10;90.309;71.790
535;11;12;152.070;66.960
535;12;11;152.070;67.480
536;11;12;130.042;75.390
536;12;11;130.042;75.910
537;11;13;86.406;66.270
537;13;11;86.406;67.240
538;11;13;77.301;61.720
538;13;11;77.301;62.690
539;11;14;94.518;68.280
539;14;11;94.518;69.580
540;11;15;67.218;66.240
540;15;11;67.218;67.730
541;11;15;71.000;69.230
541;15;11;71.000;70.720
542;11;16;73.053;75.430
542;16;11;73.053;77.420
543;11;16;66.477;68.740
543;16;11;66.477;70.730
544;11;16;66.997;63.700
544;16;11;66.997;65.690
545;11;17;154.004;55.020
545;17;11;154.004;58.380
546;11;18;63.808;74.870
546;18;11;63.808;78.430
547;11;18;60.479;63.680
547;18;11;60.479;67.240
548;11;19;68.490;72.540
548;19;11;68.490;76.210
549;11;19;64.212;57.090
549;19;11;64.212;60.760
550;11;19;74.237;64.820
550;19;11;74.237;68.490
551;11;20;95.180;72.000
551;20;11;95.180;76.630
552;11;21;131.719;71.090
552;21;11;131.719;75.760
553;11;22;92.029;63.690
553;22;11;92.029;68.570
554;11;23;78.613;76.950
554;23;11;78.613;82.770
555;11;23;75.663;64.370
555;23;11;75.663;70.190
556;11;23;70.439;74.980
556;23;11;70.439;80.800
557;11;24;142.452;75.730
557;24;11;142.452;81.660
558;11;24;135.923;60.950
558;24;11;135.923;66.880
559;11;25;65.193;73.830
559;25;11;65.193;81.180
560;11;25;63.280;51.600
560;25;11;63.280;58.950
561;11;26;114.519;67.980
561;26;11;114.519;75.380
562;11;26;125.970;50.920
562;26;11;125.970;58.320
563;11;27;97.156;71.710
563;27;11;97.156;79.670
564;11;28;80.564;51.600
564;28;11;80.564;59.950
565;11;28;86.832;73.380
565;28;11;86.832;81.730
566;11;28;73.845;57.030
566;28;11;73.845;65.380
567;11;29;25.217;15.410
567;29;11;70.217;73.690
568;12;13;151.670;78.640
568;13;12;151.670;79.090
569;12;14;162.882;71.290
569;14;12;162.882;72.070
570;12;14;152.752;78.710
570;14;12;152.752;79.490
571;12;14;145.742;69.660
571;14;12;145.742;70.440
572;12;15;132.309;66.760
572;15;12;132.309;67.730
573;12;16;124.458;61.970
573;16;12;124.458;63.440
574;12;17;81.032;79.050
574;17;12;81.032;81.890
575;12;17;77.750;78.860
575;17;12;77.750;81.700
576;12;18;141.305;70.280
576;18;12;141.305;73.320
577;12;19;130.613;59.140
577;19;12;130.613;62.290
578;12;19;137.982;59.020
578;19;12;137.982;62.170
579;12;20;149.317;63.890
579;20;12;149.317;68.000
580;12;20;159.069;59.230
580;20;12;159.069;63.340
581;12;20;151.725;59.410
581;20;12;151.725;63.520
582;12;21;149.773;65.510
582;21;12;149.773;69.660
583;12;21;173.113;56.060
583;21;12;173.113;60.210
584;12;21;127.071;54.730
584;21;12;127.071;58.880
585;12;22;155.894;74.210
585;22;12;155.894;78.570
586;12;22;159.465;60.670
586;22;12;159.465;65.030
587;12;22;181.370;76.680
587;22;12;181.370;81.040
588;12;23;131.545;74.160
588;23;12;131.545;79.460
589;12;23;134.888;77.000
589;23;12;134.888;82.300
590;12;24;155.233;68.120
590;24;12;155.233;73.530
591;12;24;146.133;54.870
591;24;12;146.133;60.280
592;12;25;137.654;53.860
592;25;12;137.654;60.690
593;12;25;156.617;73.750
593;25;12;156.617;80.580
594;12;25;148.223;66.770
594;25;12;148.223;73.600
595;12;26;109.812;75.660
595;26;12;109.812;82.540
596;12;26;121.160;52.420
596;26;12;121.160;59.300
597;12;26;108.854;63.340
597;26;12;108.854;70.220
598;12;27;128.736;54.810
598;27;12;128.736;62.250
599;12;27;138.807;63.600
599;27;12;138.807;71.040
600;12;28;116.718;71.800
600;28;12;116.718;79.630
601;12;29;99.628;13.000
601;29;12;144.628;70.760
602;12;29;86.911;17.550
602;29;12;131.911;75.310
603;13;14;57.233;73.270
603;14;13;57.233;73.600
604;13;14;55.858;73.420
604;14;13;55.858;73.750
605;13;15;78.542;67.830
605;15;13;78.542;68.350
606;13;15;73.142;76.220
606;15;13;73.142;76.740
607;13;16;93.799;61.260
607;16;13;93.799;62.280
608;13;16;97.741;63.010
608;16;13;97.741;64.030
609;13;17;139.672;79.450
609;17;13;139.672;81.840
610;13;17;134.790;75.480
610;17;13;134.790;77.870
611;13;18;71.190;64.780
611;18;13;71.190;67.370
612;13;19;79.729;78.520
612;19;13;79.729;81.220
613;13;20;54.650;67.930
613;20;13;54.650;71.590
614;13;21;92.554;73.100
614;21;13;92.554;76.800
615;13;22;51.355;61.500
615;22;13;51.355;65.410
616;13;23;111.073;59.230
616;23;13;111.073;64.080
617;13;24;102.932;59.670
617;24;13;102.932;64.630
618;13;25;99.113;68.910
618;25;13;99.113;75.290
619;13;26;93.082;73.350
619;26;13;93.082;79.780
620;13;26;96.192;67.770
620;26;13;96.192;74.200
621;13;27;129.341;59.650
621;27;13;129.341;66.640
622;13;27;121.541;66.370
622;27;13;121.541;73.360
623;13;28;96.396;70.860
623;28;13;96.396;78.240
624;13;28;83.612;72.590
624;28;13;83.612;79.970
625;13;28;104.764;64.960
625;28;13;104.764;72.340
626;13;29;17.549;17.890
626;29;13;62.549;75.200
627;13;29;13.179;11.280
627;29;13;58.179;68.590
628;13;29;14.859;22.700
628;29;13;59.859;80.010
629;14;15;90.108;64.840
629;15;14;90.108;65.030
630;14;15;94.019;57.810
630;15;14;94.019;58.000
631;14;16;105.469;75.470
631;16;14;105.469;76.160
632;14;16;115.232;70.980
632;16;14;115.232;71.670
633;14;17;148.777;65.430
633;17;14;148.777;67.490
634;14;17;145.661;64.710
634;17;14;145.661;66.770
635;14;17;128.524;77.350
635;17;14;128.524;79.410
636;14;18;81.867;64.860
636;18;14;81.867;67.120
637;14;19;91.414;67.810
637;19;14;91.414;70.180
638;14;19;83.204;70.650
638;19;14;83.204;73.020
639;14;20;59.458;74.230
639;20;14;59.458;77.560
640;14;20;59.191;63.330
640;20;14;59.191;66.660
641;14;21;92.077;78.070
641;21;14;92.077;81.440
642;14;22;51.988;66.460
642;22;14;51.988;70.040
643;14;22;52.810;71.530
643;22;14;52.810;75.110
644;14;23;121.973;72.960
644;23;14;121.973;77.480
645;14;24;101.499;61.610
645;24;14;101.499;66.240
646;14;24;114.649;67.920
646;24;14;114.649;72.550
647;14;24;88.581;67.470
647;24;14;88.581;72.100
648;14;25;109.471;67.480
648;25;14;109.471;73.530
649;14;25;105.695;52.320
649;25;14;105.695;58.370
650;14;25;122.540;54.480
650;25;14;122.540;60.530
651;14;26;102.108;53.850
651;26;14;102.108;59.950
652;14;26;92.597;67.770
652;26;14;92.597;73.870
653;14;26;90.661;71.140
653;26;14;90.661;77.240
654;14;27;140.527;68.500
654;27;14;140.527;75.160
655;14;27;143.024;61.020
655;27;14;143.024;67.680
656;14;28;108.444;66.250
656;28;14;108.444;73.300
657;14;28;120.494;70.950
657;28;14;120.494;78.000
658;14;28;114.220;70.760
658;28;14;114.220;77.810
659;14;29;28.285;5.880
659;29;14;73.285;62.860
660;15;16;60.372;74.740
660;16;15;60.372;75.240
661;15;16;59.562;71.170
661;16;15;59.562;71.670
662;15;17;131.899;59.260
662;17;15;131.899;61.130
663;15;17;124.738;66.970
663;17;15;124.738;68.840
664;15;17;133.565;66.390
664;17;15;133.565;68.260
665;15;18;54.971;62.040
665;18;15;54.971;64.110
666;15;18;57.014;75.410
666;18;15;57.014;77.480
667;15;18;56.832;59.950
667;18;15;56.832;62.020
668;15;19;46.755;71.340
668;19;15;46.755;73.520
669;15;19;47.035;79.410
669;19;15;47.035;81.590
670;15;19;47.134;69.480
670;19;15;47.134;71.660
671;15;20;84.311;61.020
671;20;15;84.311;64.160
672;15;20;84.691;70.060
672;20;15;84.691;73.200
673;15;20;78.780;78.330
673;20;15;78.780;81.470
674;15;21;116.180;69.010
674;21;15;116.180;72.190
675;15;21;105.957;69.530
675;21;15;105.957;72.710
676;15;21;103.618;63.150
676;21;15;103.618;66.330
677;15;22;84.892;73.050
677;22;15;84.892;76.440
678;15;22;80.825;68.730
678;22;15;80.825;72.120
679;15;23;78.058;60.260
679;23;15;78.058;64.590
680;15;23;70.015;69.710
680;23;15;70.015;74.040
681;15;23;75.531;62.000
681;23;15;75.531;66.330
682;15;24;126.893;67.640
682;24;15;126.893;72.080
683;15;24;120.997;65.810
683;24;15;120.997;70.250
684;15;24;120.492;60.410
684;24;15;120.492;64.850
685;15;25;67.813;53.480
685;25;15;67.813;59.340
686;15;26;92.930;53.870
686;26;15;92.930;59.780
687;15;26;88.359;50.960
687;26;15;88.359;56.870
688;15;26;99.277;55.220
688;26;15;99.277;61.130
689;15;27;95.895;64.690
689;27;15;95.895;71.160
690;15;27;96.188;73.510
690;27;15;96.188;79.980
691;15;27;104.909;65.710
691;27;15;104.909;72.180
692;15;28;64.562;58.750
692;28;15;64.562;65.610
693;15;28;59.828;74.430
693;28;15;59.828;81.290
694;15;29;17.194;22.330
694;29;15;62.194;79.120
695;15;29;13.966;5.010
695;29;15;58.966;61.800
696;16;17;130.235;72.020
696;17;16;130.235;73.390
697;16;18;69.630;66.080
697;18;16;69.630;67.650
698;16;19;59.075;68.140
698;19;16;59.075;69.820
699;16;19;58.350;77.220
699;19;16;58.350;78.900
700;16;19;62.092;63.280
700;19;16;62.092;64.960
701;16;20;98.966;72.980
701;20;16;98.966;75.620
702;16;20;100.270;69.490
702;20;16;100.270;72.130
703;16;20;90.789;69.170
703;20;16;90.789;71.810
704;16;21;128.075;58.760
704;21;16;128.075;61.440
705;16;21;123.053;77.600
705;21;16;123.053;80.280
706;16;21;128.107;75.550
706;21;16;128.107;78.230
707;16;22;100.131;65.360
707;22;16;100.131;68.250
708;16;22;87.975;58.950
708;22;16;87.975;61.840
709;16;22;94.895;61.910
709;22;16;94.895;64.800
710;16;23;64.822;56.980
710;23;16;64.822;60.810
711;16;24;138.576;53.050
711;24;16;138.576;56.990
712;16;24;146.285;66.390
712;24;16;146.285;70.330
713;16;25;60.219;71.070
713;25;16;60.219;76.430
714;16;25;59.697;61.240
714;25;16;59.697;66.600
715;16;25;57.282;70.030
715;25;16;57.282;75.390
716;16;26;98.228;65.500
716;26;16;98.228;70.910
717;16;26;106.072;51.140
717;26;16;106.072;56.550
718;16;27;81.175;61.480
718;27;16;81.175;67.450
719;16;27;89.235;66.770
719;27;16;89.235;72.740
720;16;28;52.772;57.620
720;28;16;52.772;63.980
721;16;29;32.509;5.680
721;29;16;77.509;61.970
722;16;29;26.748;20.360
722;29;16;71.748;76.650
723;17;18;138.521;55.970
723;18;17;138.521;56.170
724;17;19;130.535;63.090
724;19;17;130.535;63.400
725;17;20;134.327;71.610
725;20;17;134.327;72.880
726;17;21;123.109;68.690
726;21;17;123.109;70.000
727;17;22;142.123;62.020
727;22;17;142.123;63.540
728;17;23;144.000;56.000
728;23;17;144.000;58.460
729;17;24;126.135;68.380
729;24;17;126.135;70.950
730;17;24;132.353;59.320
730;24;17;132.353;61.890
731;17;25;145.341;53.970
731;25;17;145.341;57.960
732;17;25;135.003;51.370
732;25;17;135.003;55.360
733;17;26;91.711;68.720
733;26;17;91.711;72.760
734;17;26;97.115;72.720
734;26;17;97.115;76.760
735;17;27;147.797;65.720
735;27;17;147.797;70.320
736;17;27;162.050;54.040
736;27;17;162.050;58.640
737;17;27;128.394;57.280
737;27;17;128.394;61.880
738;17;28;122.976;56.880
738;28;17;122.976;61.870
739;17;28;116.882;57.520
739;28;17;116.882;62.510
740;17;28;116.948;68.510
740;28;17;116.948;73.500
741;17;29;93.673;9.080
741;29;17;138.673;64.000
742;17;29;71.076;7.890
742;29;17;116.076;62.810
743;18;19;56.693;78.460
743;19;18;56.693;78.570
744;18;19;54.156;66.120
744;19;18;54.156;66.230
745;18;20;78.563;70.860
745;20;18;78.563;71.930
746;18;20;73.249;62.310
746;20;18;73.249;63.380
747;18;20;78.813;55.570
747;20;18;78.813;56.640
748;18;21;113.582;58.790
748;21;18;113.582;59.900
749;18;22;77.461;63.290
749;22;18;77.461;64.610
750;18;22;79.632;75.760
750;22;18;79.632;77.080
751;18;23;85.111;58.100
751;23;18;85.111;60.360
752;18;23;89.777;66.140
752;23;18;89.777;68.400
753;18;23;80.842;73.150
753;23;18;80.842;75.410
754;18;24;124.351;61.030
754;24;18;124.351;63.400
755;18;25;72.923;59.640
755;25;18;72.923;63.430
756;18;25;78.128;68.320
756;25;18;78.128;72.110
757;18;25;71.071;72.700
757;25;18;71.071;76.490
758;18;26;96.604;73.480
758;26;18;96.604;77.320
759;18;26;83.763;70.830
759;26;18;83.763;74.670
760;18;27;103.691;68.640
760;27;18;103.691;73.040
761;18;28;74.495;64.720
761;28;18;74.495;69.510
762;18;29;8.671;3.540
762;29;18;53.671;58.260
763;18;29;9.972;0.120
763;29;18;54.972;54.840
764;18;29;8.787;13.070
764;29;18;53.787;67.790
765;19;20;85.197;68.300
765;20;19;85.197;69.260
766;19;20;81.636;54.630
766;20;19;81.636;55.590
767;19;21;116.411;64.460
767;21;19;116.411;65.460
768;19;22;86.065;74.250
768;22;19;86.065;75.460
769;19;22;82.510;53.610
769;22;19;82.510;54.820
770;19;23;77.299;55.960
770;23;19;77.299;58.110
771;19;24;127.095;55.900
771;24;19;127.095;58.160
772;19;24;133.334;55.990
772;24;19;133.334;58.250
773;19;24;125.405;74.130
773;24;19;125.405;76.390
774;19;25;67.623;69.130
774;25;19;67.623;72.810
775;19;26;92.122;69.550
775;26;19;92.122;73.280
776;19;26;99.357;65.890
776;26;19;99.357;69.620
777;19;27;94.887;68.820
777;27;19;94.887;73.110
778;19;27;93.306;59.910
778;27;19;93.306;64.200
779;19;27;103.679;75.250
779;27;19;103.679;79.540
780;19;28;62.904;66.080
780;28;19;62.904;70.760
781;19;29;18.686;3.800
781;29;19;63.686;58.410
782;19;29;20.338;8.960
782;29;19;65.338;63.570
783;20;21;82.907;60.730
783;21;20;82.907;60.770
784;20;21;89.312;67.840
784;21;20;89.312;67.880
785;20;22;53.171;63.340
785;22;20;53.171;63.590
786;20;22;53.791;66.250
786;22;20;53.791;66.500
787;20;23;117.357;61.570
787;23;20;117.357;62.760
788;20;24;93.319;62.220
788;24;20;93.319;63.520
789;20;24;87.919;54.790
789;24;20;87.919;56.090
790;20;24;96.032;75.340
790;24;20;96.032;76.640
791;20;25;106.174;60.650
791;25;20;106.174;63.370
792;20;25;100.582;67.280
792;25;20;100.582;70.000
793;20;26;87.680;65.310
793;26;20;87.680;68.080
794;20;27;135.057;53.430
794;27;20;135.057;56.760
795;20;28;100.342;73.220
795;28;20;100.342;76.940
796;20;28;103.640;65.000
796;28;20;103.640;68.720
797;20;29;25.336;7.320
797;29;20;70.336;60.970
798;21;22;89.275;55.610
798;22;21;89.275;55.820
799;21;22;78.926;68.210
799;22;21;78.926;68.420
800;21;22;83.095;54.400
800;22;21;83.095;54.610
801;21;23;147.844;60.720
801;23;21;147.844;61.870
802;21;23;132.274;57.060
802;23;21;132.274;58.210
803;21;23;168.203;64.690
803;23;21;168.203;65.840
804;21;24;55.772;73.150
804;24;21;55.772;74.410
805;21;24;53.731;55.250
805;24;21;53.731;56.510
806;21;24;54.169;77.050
806;24;21;54.169;78.310
807;21;25;138.986;73.120
807;25;21;138.986;75.800
808;21;25;156.352;75.890
808;25;21;156.352;78.570
809;21;26;87.281;68.350
809;26;21;87.281;71.080
810;21;26;77.374;75.770
810;26;21;77.374;78.500
811;21;27;163.287;57.450
811;27;21;163.287;60.740
812;21;28;126.447;52.890
812;28;21;126.447;56.570
813;21;29;61.520;10.080
813;29;21;106.520;63.690
814;22;23;117.410;54.010
814;23;22;117.410;54.950
815;22;23;105.291;64.380
815;23;22;105.291;65.320
816;22;24;99.294;53.530
816;24;22;99.294;54.580
817;22;25;105.370;55.590
817;25;22;105.370;58.060
818;22;25;95.500;55.540
818;25;22;95.500;58.010
819;22;25;108.224;66.500
819;25;22;108.224;68.970
820;22;26;95.417;72.960
820;26;22;95.417;75.480
821;22;27;135.696;63.690
821;27;22;135.696;66.770
822;22;27;145.851;67.300
822;27;22;145.851;70.380
823;22;28;102.592;52.300
823;28;22;102.592;55.770
824;22;29;23.796;3.330
824;29;22;68.796;56.730
825;23;24;158.374;55.960
825;24;23;158.374;56.070
826;23;25;58.563;53.840
826;25;23;58.563;55.370
827;23;25;58.594;71.520
827;25;23;58.594;73.050
828;23;25;56.136;61.030
828;25;23;56.136;62.560
829;23;26;117.049;70.910
829;26;23;117.049;72.490
830;23;26;134.984;71.210
830;26;23;134.984;72.790
831;23;26;118.570;67.440
831;26;23;118.570;69.020
832;23;27;63.928;54.170
832;27;23;63.928;56.310
833;23;28;68.569;51.910
833;28;23;68.569;54.440
834;23;28;72.099;55.070
834;28;23;72.099;57.600
835;23;29;48.744;11.760
835;29;23;93.744;64.220
836;23;29;40.009;8.920
836;29;23;85.009;61.380
837;23;29;55.155;5.540
837;29;23;100.155;58.000
838;24;25;149.690;66.990
838;25;24;149.690;68.410
839;24;26;95.224;62.880
839;26;24;95.224;64.350
840;24;26;94.389;74.320
840;26;24;94.389;75.790
841;24;27;173.550;66.720
841;27;24;173.550;68.750
842;24;27;188.331;58.780
842;27;24;188.331;60.810
843;24;28;136.700;59.440
843;28;24;136.700;61.860
844;24;28;114.320;63.340
844;28;24;114.320;65.760
845;24;29;72.243;2.260
845;29;24;117.243;54.610
846;24;29;82.269;7.520
846;29;24;127.269;59.870
847;24;29;79.242;18.410
847;29;24;124.242;70.760
848;25;26;112.601;64.520
848;26;25;112.601;64.570
849;25;27;77.413;74.500
849;27;25;77.413;75.110
850;25;27;81.661;58.270
850;27;25;81.661;58.880
851;25;27;82.455;70.200
851;27;25;82.455;70.810
852;25;28;67.400;57.070
852;28;25;67.400;58.070
853;25;29;36.575;20.540
853;29;25;81.575;71.470
854;25;29;34.005;14.250
854;29;25;79.005;65.180
855;25;29;31.322;6.250
855;29;25;76.322;57.180
856;26;27;128.720;73.190
856;27;26;128.720;73.750
857;26;27;145.457;69.950
857;27;26;145.457;70.510
858;26;28;93.513;73.010
858;28;26;93.513;73.960
859;26;28;82.749;68.730
859;28;26;82.749;69.680
860;26;29;49.508;24.460
860;29;26;94.508;75.340
861;26;29;61.178;21.700
861;29;26;106.178;72.580
862;26;29;53.498;11.610
862;29;26;98.498;62.490
863;27;28;81.851;67.460
863;28;27;81.851;67.850
864;27;28;86.973;69.260
864;28;27;86.973;69.650
865;27;29;67.243;8.870
865;29;27;112.243;59.190
866;27;29;69.850;18.690
866;29;27;114.850;69.010
867;27;29;60.351;20.840
867;29;27;105.351;71.160
868;28;29;36.444;3.140
868;29;28;81.444;53.070
869;28;29;29.863;16.150
869;29;28;74.863;66.080
