30
420.0
0;0;1;68.796;101.470
0;1;0;23.796;1.470
1;0;2;94.491;112.150
1;2;0;49.491;18.730
2;0;2;90.808;106.020
2;2;0;45.808;12.600
3;0;3;67.688;99.060
3;3;0;22.688;18.840
4;0;4;67.496;101.010
4;4;0;22.496;22.070
5;0;4;71.362;84.100
5;4;0;26.362;5.160
6;0;5;75.107;86.970
6;5;0;30.107;8.540
7;0;5;70.997;80.070
7;5;0;25.997;1.640
8;0;5;67.589;93.230
8;5;0;22.589;14.800
9;0;6;53.647;76.240
9;6;0;8.647;1.690
10;0;6;55.600;92.290
10;6;0;10.600;17.740
11;0;6;55.317;98.660
11;6;0;10.317;24.110
12;0;7;73.285;83.180
12;7;0;28.285;9.590
13;0;7;68.479;95.590
13;7;0;23.479;22.000
14;0;7;70.590;78.400
14;7;0;25.590;4.810
15;0;8;77.509;82.900
15;8;0;32.509;11.350
16;0;8;75.700;91.110
16;8;0;30.700;19.560
17;0;8;70.606;82.810
17;8;0;25.606;11.260
18;0;9;81.549;82.980
18;9;0;36.549;12.050
19;0;10;76.387;74.070
19;10;0;31.387;4.380
20;0;10;76.993;77.070
20;10;0;31.993;7.380
21;0;10;69.565;70.580
21;10;0;24.565;0.890
22;0;11;62.194;84.800
22;11;0;17.194;15.600
23;0;11;61.245;88.380
23;11;0;16.245;19.180
24;0;12;90.309;92.080
24;12;0;45.309;23.350
25;0;12;81.354;74.500
25;12;0;36.354;5.770
26;0;13;63.196;89.680
26;13;0;18.196;21.350
27;0;13;63.985;70.620
27;13;0;18.985;2.290
28;0;14;72.562;90.720
28;14;0;27.562;23.010
29;0;14;74.989;77.170
29;14;0;29.989;9.460
30;0;14;69.736;69.440
30;14;0;24.736;1.730
31;0;15;54.829;87.890
31;15;0;9.829;20.920
32;0;15;54.479;80.360
32;15;0;9.479;13.390
33;0;16;64.222;78.060
33;16;0;19.222;11.430
34;0;16;67.107;68.670
34;16;0;22.107;2.040
35;0;17;94.508;83.770
35;17;0;49.508;20.370
36;0;18;138.673;67.070
36;18;0;93.673;4.290
37;0;19;76.884;66.080
37;19;0;31.884;4.910
38;0;20;63.520;79.810
38;20;0;18.520;19.380
39;0;20;65.840;82.000
39;20;0;20.840;21.570
40;0;20;65.428;83.320
40;20;0;20.428;22.890
41;0;21;63.520;61.990
41;21;0;18.520;3.440
42;0;22;65.827;59.050
42;22;0;20.827;1.060
43;0;23;71.736;60.860
43;23;0;26.736;3.480
44;0;23;75.484;58.140
44;23;0;30.484;0.760
45;0;23;67.190;81.630
45;23;0;22.190;24.250
46;0;24;64.290;60.760
46;24;0;19.290;4.170
47;0;25;116.350;57.400
47;25;0;71.350;1.330
48;0;26;63.686;69.380
48;26;0;18.686;13.780
49;0;26;60.585;65.050
49;26;0;15.585;9.450
50;0;27;51.651;77.980
50;27;0;6.651;23.690
51;0;28;74.690;64.960
51;28;0;29.690;10.990
52;0;28;69.481;55.280
52;28;0;24.481;1.310
53;0;28;70.344;72.260
53;28;0;25.344;18.290
54;0;29;0.000;11.820
54;29;0;0.000;11.820
55;0;29;0.000;11.690
55;29;0;0.000;11.690
56;1;2;110.336;117.210
56;2;1;110.336;123.790
57;1;2;98.805;103.350
57;2;1;98.805;109.930
58;1;3;91.481;95.690
58;3;1;91.481;115.470
59;1;4;90.080;95.170
59;4;1;90.080;116.230
60;1;4;90.391;100.140
60;4;1;90.391;121.200
61;1;5;89.354;100.910
61;5;1;89.354;122.480
62;1;5;92.833;97.650
62;5;1;92.833;119.220
63;1;6;76.730;93.590
63;6;1;76.730;119.040
64;1;6;76.925;77.470
64;6;1;76.925;102.920
65;1;6;80.471;81.820
65;6;1;80.471;107.270
66;1;7;51.988;86.770
66;7;1;51.988;113.180
67;1;7;52.766;73.780
67;7;1;52.766;100.190
68;1;7;51.910;77.100
68;7;1;51.910;103.510
69;1;8;100.131;90.440
69;8;1;100.131;118.890
70;1;8;92.027;92.720
70;8;1;92.027;121.170
71;1;9;91.542;76.760
71;9;1;91.542;105.830
72;1;9;88.580;89.650
72;9;1;88.580;118.720
73;1;10;53.115;84.800
73;10;1;53.115;115.110
74;1;10;54.572;90.900
74;10;1;54.572;121.210
75;1;10;53.243;88.680
75;10;1;53.243;118.990
76;1;11;84.892;79.020
76;11;1;84.892;109.820
77;1;11;88.950;77.970
77;11;1;88.950;108.770
78;1;11;94.266;92.350
78;11;1;94.266;123.150
79;1;12;113.670;73.620
79;12;1;113.670;104.890
80;1;13;84.989;80.310
80;13;1;84.989;111.980
81;1;14;86.226;75.420
81;14;1;86.226;107.710
82;1;15;74.708;85.720
82;15;1;74.708;118.750
83;1;15;75.610;72.380
83;15;1;75.610;105.410
84;1;16;64.619;67.040
84;16;1;64.619;100.410
85;1;16;67.280;82.890
85;16;1;67.280;116.260
86;1;17;95.417;81.370
86;17;1;95.417;117.970
87;1;18;142.123;86.340
87;18;1;142.123;123.560
88;1;19;100.020;67.990
88;19;1;100.020;106.820
89;1;19;108.158;66.080
89;19;1;108.158;104.910
90;1;20;85.525;77.310
90;20;1;85.525;116.880
91;1;21;85.525;78.810
91;21;1;85.525;120.260
92;1;21;89.661;64.760
92;21;1;89.661;106.210
93;1;21;78.811;73.630
93;21;1;78.811;115.080
94;1;22;82.779;81.210
94;22;1;82.779;123.220
95;1;22;85.441;59.690
95;22;1;85.441;101.700
96;1;23;81.092;61.080
96;23;1;81.092;103.700
97;1;23;80.527;75.280
97;23;1;80.527;117.900
98;1;24;84.024;73.300
98;24;1;84.024;116.710
99;1;25;122.761;58.840
99;25;1;122.761;102.770
100;1;26;86.065;61.730
100;26;1;86.065;106.130
101;1;26;77.853;68.200
101;26;1;77.853;112.600
102;1;26;77.979;62.710
102;26;1;77.979;107.110
103;1;27;71.558;76.450
103;27;1;71.558;122.160
104;1;28;86.989;78.700
104;28;1;86.989;124.730
105;1;28;82.241;76.210
105;28;1;82.241;122.240
106;1;28;87.625;65.190
106;28;1;87.625;111.220
107;1;29;23.796;7.020
107;29;1;68.796;107.020
108;1;29;24.564;3.900
108;29;1;69.564;103.900
109;1;29;21.826;6.250
109;29;1;66.826;106.250
110;2;3;86.520;95.350
110;3;2;86.520;108.550
111;2;4;77.528;80.310
111;4;2;77.528;94.790
112;2;5;65.984;81.130
112;5;2;65.984;96.120
113;2;5;69.189;99.170
113;5;2;69.189;114.160
114;2;6;87.276;78.270
114;6;2;87.276;97.140
115;2;6;97.642;97.730
115;6;2;97.642;116.600
116;2;7;117.069;77.320
116;7;2;117.069;97.150
117;2;7;129.631;89.520
117;7;2;129.631;109.350
118;2;8;74.022;83.260
118;8;2;74.022;105.130
119;2;9;66.570;73.060
119;9;2;66.570;95.550
120;2;9;64.855;83.010
120;9;2;64.855;105.500
121;2;9;64.801;88.290
121;9;2;64.801;110.780
122;2;10;114.299;93.970
122;10;2;114.299;117.700
123;2;10;126.887;71.530
123;10;2;126.887;95.260
124;2;10;107.297;69.940
124;10;2;107.297;93.670
125;2;11;80.845;76.990
125;11;2;80.845;101.210
126;2;12;80.955;88.410
126;12;2;80.955;113.100
127;2;12;82.168;83.700
127;12;2;82.168;108.390
128;2;12;83.657;82.360
128;12;2;83.657;107.050
129;2;13;78.322;79.450
129;13;2;78.322;104.540
130;2;13;83.315;68.380
130;13;2;83.315;93.470
131;2;13;86.562;83.200
131;13;2;86.562;108.290
132;2;14;69.109;88.240
132;14;2;69.109;113.950
133;2;14;74.138;86.000
133;14;2;74.138;111.710
134;2;15;84.694;68.540
134;15;2;84.694;94.990
135;2;16;113.662;75.160
135;16;2;113.662;101.950
136;2;17;81.911;77.100
136;17;2;81.911;107.120
137;2;17;81.963;76.700
137;17;2;81.963;106.720
138;2;18;102.209;79.410
138;18;2;102.209;110.050
139;2;18;102.265;68.490
139;18;2;102.265;99.130
140;2;18;91.134;79.480
140;18;2;91.134;110.120
141;2;19;77.378;65.040
141;19;2;77.378;97.290
142;2;19;84.790;74.850
142;19;2;84.790;107.100
143;2;20;78.457;74.190
143;20;2;78.457;107.180
144;2;20;84.168;80.240
144;20;2;84.168;113.230
145;2;20;72.234;61.830
145;20;2;72.234;94.820
146;2;21;78.457;80.010
146;21;2;78.457;114.880
147;2;22;73.902;60.870
147;22;2;73.902;96.300
148;2;22;72.237;79.260
148;22;2;72.237;114.690
149;2;22;79.160;68.330
149;22;2;79.160;103.760
150;2;23;74.997;58.570
150;23;2;74.997;94.610
151;2;23;72.424;69.310
151;23;2;72.424;105.350
152;2;24;75.463;56.730
152;24;2;75.463;93.560
153;2;24;71.937;62.840
153;24;2;71.937;99.670
154;2;24;75.639;65.570
154;24;2;75.639;102.400
155;2;25;79.185;69.470
155;25;2;79.185;106.820
156;2;25;83.383;66.600
156;25;2;83.383;103.950
157;2;26;79.129;61.680
157;26;2;79.129;99.500
158;2;26;76.164;70.660
158;26;2;76.164;108.480
159;2;27;88.091;74.140
159;27;2;88.091;113.270
160;2;28;68.587;65.240
160;28;2;68.587;104.690
161;2;28;66.143;73.360
161;28;2;66.143;112.810
162;2;29;49.491;12.240
162;29;2;94.491;105.660
163;2;29;50.890;23.600
163;29;2;95.890;117.020
164;2;29;46.728;11.550
164;29;2;91.728;104.970
165;3;4;54.749;93.670
165;4;3;54.749;94.950
166;3;4;53.934;93.930
166;4;3;53.934;95.210
167;3;5;75.314;97.880
167;5;3;75.314;99.670
168;3;6;60.381;97.800
168;6;3;60.381;103.470
169;3;7;95.763;88.880
169;7;3;95.763;95.510
170;3;7;83.975;98.090
170;7;3;83.975;104.720
171;3;7;92.342;94.170
171;7;3;92.342;100.800
172;3;8;59.400;80.430
172;8;3;59.400;89.100
173;3;9;84.488;73.050
173;9;3;84.488;82.340
174;3;9;88.911;86.400
174;9;3;88.911;95.690
175;3;10;98.965;70.220
175;10;3;98.965;80.750
176;3;10;102.232;75.150
176;10;3;102.232;85.680
177;3;10;89.018;86.260
177;10;3;89.018;96.790
178;3;11;55.323;74.230
178;11;3;55.323;85.250
179;3;11;54.640;85.000
179;11;3;54.640;96.020
180;3;11;56.145;87.080
180;11;3;56.145;98.100
181;3;12;68.621;77.490
181;12;3;68.621;88.980
182;3;13;57.858;86.930
182;13;3;57.858;98.820
183;3;13;58.656;79.460
183;13;3;58.656;91.350
184;3;13;56.093;91.990
184;13;3;56.093;103.880
185;3;14;74.821;90.220
185;14;3;74.821;102.730
186;3;15;64.811;71.200
186;15;3;64.811;84.450
187;3;15;67.110;79.260
187;15;3;67.110;92.510
188;3;16;82.763;70.820
188;16;3;82.763;84.410
189;3;17;103.016;87.800
189;17;3;103.016;104.620
190;3;17;107.629;71.950
190;17;3;107.629;88.770
191;3;17;100.939;80.080
191;17;3;100.939;96.900
192;3;18;140.389;80.980
192;18;3;140.389;98.420
193;3;19;57.000;78.190
193;19;3;57.000;97.240
194;3;19;55.297;70.030
194;19;3;55.297;89.080
195;3;19;56.412;75.390
195;19;3;56.412;94.440
196;3;20;57.156;82.170
196;20;3;57.156;101.960
197;3;20;58.446;83.510
197;20;3;58.446;103.300
198;3;21;57.156;75.460
198;21;3;57.156;97.130
199;3;22;67.821;76.660
199;22;3;67.821;98.890
200;3;22;65.037;79.450
200;22;3;65.037;101.680
201;3;22;64.220;60.940
201;22;3;64.220;83.170
202;3;23;79.348;64.650
202;23;3;79.348;87.490
203;3;24;62.705;73.640
203;24;3;62.705;97.270
204;3;25;116.810;63.200
204;25;3;116.810;87.350
205;3;25;130.183;71.860
205;25;3;130.183;96.010
206;3;25;129.416;56.210
206;25;3;129.416;80.360
207;3;26;55.905;62.320
207;26;3;55.905;86.940
208;3;27;66.487;63.270
208;27;3;66.487;89.200
209;3;27;65.552;62.460
209;27;3;65.552;88.390
210;3;28;77.620;56.580
210;28;3;77.620;82.830
211;3;29;22.688;10.930
211;29;3;67.688;91.150
212;4;5;65.740;102.190
212;5;4;65.740;102.700
213;4;5;66.008;87.290
213;5;4;66.008;87.800
214;4;5;62.379;98.370
214;5;4;62.379;98.880
215;4;6;58.852;97.010
215;6;4;58.852;101.400
216;4;6;57.097;94.510
216;6;4;57.097;98.900
217;4;6;55.482;76.640
217;6;4;55.482;81.030
218;4;7;95.384;74.470
218;7;4;95.384;79.820
219;4;7;101.130;87.350
219;7;4;101.130;92.700
220;4;7;92.571;86.130
220;7;4;92.571;91.480
221;4;8;55.085;75.580
221;8;4;55.085;82.970
222;4;8;56.774;78.710
222;8;4;56.774;86.100
223;4;9;74.967;90.660
223;9;4;74.967;98.670
224;4;9;70.597;90.180
224;9;4;70.597;98.190
225;4;9;78.800;76.360
225;9;4;78.800;84.370
226;4;10;96.814;84.650
226;10;4;96.814;93.900
227;4;10;100.738;94.150
227;10;4;100.738;103.400
228;4;11;50.307;71.260
228;11;4;50.307;81.000
229;4;11;49.502;76.450
229;11;4;49.502;86.190
230;4;12;68.888;89.290
230;12;4;68.888;99.500
231;4;13;50.468;79.020
231;13;4;50.468;89.630
232;4;13;51.299;74.870
232;13;4;51.299;85.480
233;4;14;65.552;77.040
233;14;4;65.552;88.270
234;4;15;60.606;91.800
234;15;4;60.606;103.770
235;4;15;62.000;79.440
235;15;4;62.000;91.410
236;4;15;58.315;75.210
236;15;4;58.315;87.180
237;4;16;85.599;73.190
237;16;4;85.599;85.500
238;4;16;93.776;82.960
238;16;4;93.776;95.270
239;4;16;94.136;71.700
239;16;4;94.136;84.010
240;4;17;93.924;85.030
240;17;4;93.924;100.570
241;4;17;83.828;64.780
241;17;4;83.828;80.320
242;4;17;96.816;66.000
242;17;4;96.816;81.540
243;4;18;130.650;63.040
243;18;4;130.650;79.200
244;4;18;128.215;83.620
244;18;4;128.215;99.780
245;4;19;55.181;64.030
245;19;4;55.181;81.800
246;4;20;49.777;68.210
246;20;4;49.777;86.720
247;4;20;49.120;71.330
247;20;4;49.120;89.840
248;4;20;48.791;61.830
248;20;4;48.791;80.340
249;4;21;49.777;65.630
249;21;4;49.777;86.020
250;4;21;50.428;71.080
250;21;4;50.428;91.470
251;4;22;59.254;64.930
251;22;4;59.254;85.880
252;4;22;58.486;70.570
252;22;4;58.486;91.520
253;4;23;70.880;58.850
253;23;4;70.880;80.410
254;4;23;70.086;72.270
254;23;4;70.086;93.830
255;4;23;77.201;64.770
255;23;4;77.201;86.330
256;4;24;54.290;61.090
256;24;4;54.290;83.440
257;4;24;52.397;71.680
257;24;4;52.397;94.030
258;4;24;53.358;77.360
258;24;4;53.358;99.710
259;4;25;107.080;81.050
259;25;4;107.080;103.920
260;4;25;93.641;79.980
260;25;4;93.641;102.850
261;4;25;93.740;63.860
261;25;4;93.740;86.730
262;4;26;49.023;74.180
262;26;4;49.023;97.520
263;4;27;63.534;63.260
263;27;4;63.534;87.910
264;4;28;68.312;56.210
264;28;4;68.312;81.180
265;4;28;71.086;66.960
265;28;4;71.086;91.930
266;4;29;22.496;2.200
266;29;4;67.496;81.140
267;4;29;24.309;17.340
267;29;4;69.309;96.280
268;5;6;69.444;90.820
268;6;5;69.444;94.700
269;5;7;96.088;82.680
269;7;5;96.088;87.520
270;5;7;93.023;98.480
270;7;5;93.023;103.320
271;5;7;105.697;96.470
271;7;5;105.697;101.310
272;5;8;69.601;71.860
272;8;5;69.601;78.740
273;5;8;73.076;81.870
273;8;5;73.076;88.750
274;5;9;54.238;90.320
274;9;5;54.238;97.820
275;5;10;93.521;81.240
275;10;5;93.521;89.980
276;5;11;66.053;69.950
276;11;5;66.053;79.180
277;5;11;69.917;81.060
277;11;5;69.917;90.290
278;5;12;82.998;93.120
278;12;5;82.998;102.820
279;5;12;77.822;80.510
279;12;5;77.822;90.210
280;5;13;63.125;68.710
280;13;5;63.125;78.810
281;5;13;61.749;73.000
281;13;5;61.749;83.100
282;5;13;67.050;83.060
282;13;5;67.050;93.160
283;5;14;48.134;81.820
283;14;5;48.134;92.540
284;5;15;65.413;84.490
284;15;5;65.413;95.950
285;5;16;93.824;78.210
285;16;5;93.824;90.010
286;5;16;101.937;76.180
286;16;5;101.937;87.980
287;5;16;84.103;83.940
287;16;5;84.103;95.740
288;5;17;73.717;87.160
288;17;5;73.717;102.190
289;5;17;77.278;73.900
289;17;5;77.278;88.930
290;5;17;67.342;82.230
290;17;5;67.342;97.260
291;5;18;110.940;65.240
291;18;5;110.940;80.890
292;5;19;72.199;62.540
292;19;5;72.199;79.800
293;5;19;75.186;70.780
293;19;5;75.186;88.040
294;5;20;63.660;71.110
294;20;5;63.660;89.110
295;5;20;60.733;84.420
295;20;5;60.733;102.420
296;5;21;63.660;83.360
296;21;5;63.660;103.240
297;5;22;54.569;79.390
297;22;5;54.569;99.830
298;5;23;55.054;59.190
298;23;5;55.054;80.240
299;5;23;56.571;66.860
299;23;5;56.571;87.910
300;5;23;55.353;68.670
300;23;5;55.353;89.720
301;5;24;58.515;71.030
301;24;5;58.515;92.870
302;5;25;87.679;63.080
302;25;5;87.679;85.440
303;5;25;78.631;69.600
303;25;5;78.631;91.960
304;5;25;84.926;76.460
304;25;5;84.926;98.820
305;5;26;64.813;64.370
305;26;5;64.813;87.200
306;5;26;68.097;72.440
306;26;5;68.097;95.270
307;5;26;66.293;56.360
307;26;5;66.293;79.190
308;5;27;68.466;56.760
308;27;5;68.466;80.900
309;5;27;69.113;72.630
309;27;5;69.113;96.770
310;5;27;68.662;70.350
310;27;5;68.662;94.490
311;5;28;48.827;76.180
311;28;5;48.827;100.640
312;5;28;49.256;74.160
312;28;5;49.256;98.620
313;5;28;48.858;70.340
313;28;5;48.858;94.800
314;5;29;30.107;8.820
314;29;5;75.107;87.250
315;5;29;29.403;17.060
315;29;5;74.403;95.490
316;5;29;37.066;18.090
316;29;5;82.066;96.520
317;6;7;81.692;73.740
317;7;6;81.692;74.700
318;6;7;86.373;89.870
318;7;6;86.373;90.830
319;6;8;68.885;95.370
319;8;6;68.885;98.370
320;6;8;63.935;83.670
320;8;6;63.935;86.670
321;6;8;71.553;94.900
321;8;6;71.553;97.900
322;6;9;77.233;73.060
322;9;6;77.233;76.680
323;6;10;83.904;92.900
323;10;6;83.904;97.760
324;6;11;53.547;91.760
324;11;6;53.547;97.110
325;6;12;81.967;80.810
325;12;6;81.967;86.630
326;6;12;81.072;89.580
326;12;6;81.072;95.400
327;6;12;83.319;72.080
327;12;6;83.319;77.900
328;6;13;54.733;73.300
328;13;6;54.733;79.520
329;6;14;67.457;82.420
329;14;6;67.457;89.260
330;6;14;69.632;75.280
330;14;6;69.632;82.120
331;6;14;71.659;91.710
331;14;6;71.659;98.550
332;6;15;50.626;72.290
332;15;6;50.626;79.870
333;6;16;72.272;68.410
333;16;6;72.272;76.330
334;6;16;69.366;75.680
334;16;6;69.366;83.600
335;6;17;92.906;79.290
335;17;6;92.906;90.440
336;6;18;134.874;66.670
336;18;6;134.874;78.440
337;6;18;129.828;72.160
337;18;6;129.828;83.930
338;6;19;68.397;83.400
338;19;6;68.397;96.780
339;6;20;54.975;65.970
339;20;6;54.975;80.090
340;6;20;55.009;68.940
340;20;6;55.009;83.060
341;6;21;54.975;80.620
341;21;6;54.975;96.620
342;6;22;59.887;62.240
342;22;6;59.887;78.800
343;6;22;62.243;82.770
343;22;6;62.243;99.330
344;6;22;57.496;74.060
344;22;6;57.496;90.620
345;6;23;68.890;57.390
345;23;6;68.890;74.560
346;6;23;68.568;58.950
346;23;6;68.568;76.120
347;6;24;56.840;79.630
347;24;6;56.840;97.590
348;6;24;58.754;63.510
348;24;6;58.754;81.470
349;6;24;55.204;72.170
349;24;6;55.204;90.130
350;6;25;111.918;67.550
350;25;6;111.918;86.030
351;6;25;96.281;69.880
351;25;6;96.281;88.360
352;6;25;125.957;71.980
352;25;6;125.957;90.460
353;6;26;55.056;60.850
353;26;6;55.056;79.800
354;6;27;51.171;76.420
354;27;6;51.171;96.680
355;6;27;51.900;65.350
355;27;6;51.900;85.610
356;6;28;70.001;69.350
356;28;6;70.001;89.930
357;6;28;75.198;60.290
357;28;6;75.198;80.870
358;6;28;71.027;78.290
358;28;6;71.027;98.870
359;6;29;8.647;23.570
359;29;6;53.647;98.120
360;6;29;10.192;9.990
360;29;6;55.192;84.540
361;7;8;105.469;87.250
361;8;7;105.469;89.290
362;7;8;107.526;86.030
362;8;7;107.526;88.070
363;7;8;108.301;89.240
363;8;7;108.301;91.280
364;7;9;98.504;80.670
364;9;7;98.504;83.330
365;7;9;104.535;76.080
365;9;7;104.535;78.740
366;7;10;54.760;72.210
366;10;7;54.760;76.110
367;7;10;54.887;83.150
367;10;7;54.887;87.050
368;7;10;52.731;71.870
368;10;7;52.731;75.770
369;7;11;90.108;92.330
369;11;7;90.108;96.720
370;7;11;91.579;74.240
370;11;7;91.579;78.630
371;7;12;118.587;74.670
371;12;7;118.587;79.530
372;7;13;90.512;80.160
372;13;7;90.512;85.420
373;7;14;92.972;85.660
373;14;7;92.972;91.540
374;7;14;81.604;89.630
374;14;7;81.604;95.510
375;7;14;95.071;89.520
375;14;7;95.071;95.400
376;7;15;80.398;83.140
376;15;7;80.398;89.760
377;7;16;63.721;70.720
377;16;7;63.721;77.680
378;7;16;61.625;75.900
378;16;7;61.625;82.860
379;7;17;102.108;76.100
379;17;7;102.108;86.290
380;7;18;148.777;87.000
380;18;7;148.777;97.810
381;7;19;105.087;64.110
381;19;7;105.087;76.530
382;7;20;90.992;75.710
382;20;7;90.992;88.870
383;7;21;90.992;79.520
383;21;7;90.992;94.560
384;7;21;102.434;67.470
384;21;7;102.434;82.510
385;7;21;83.480;60.850
385;21;7;83.480;75.890
386;7;22;89.149;73.580
386;22;7;89.149;89.180
387;7;23;88.017;81.160
387;23;7;88.017;97.370
388;7;23;81.201;57.820
388;23;7;81.201;74.030
389;7;24;89.999;79.750
389;24;7;89.999;96.750
390;7;24;83.886;74.740
390;24;7;83.886;91.740
391;7;24;99.471;74.920
391;24;7;99.471;91.920
392;7;25;129.661;75.150
392;25;7;129.661;92.670
393;7;25;116.851;75.190
393;25;7;116.851;92.710
394;7;26;91.414;68.700
394;26;7;91.414;86.690
395;7;26;84.530;69.430
395;26;7;84.530;87.420
396;7;26;95.823;77.900
396;26;7;95.823;95.890
397;7;27;77.067;68.320
397;27;7;77.067;87.620
398;7;27;79.950;74.190
398;27;7;79.950;93.490
399;7;28;93.832;78.880
399;28;7;93.832;98.500
400;7;29;28.285;13.470
400;29;7;73.285;87.060
401;7;29;30.253;13.070
401;29;7;75.253;86.660
402;7;29;35.267;15.600
402;29;7;80.267;89.190
403;8;9;78.419;75.420
403;9;8;78.419;76.040
404;8;9;86.725;84.010
404;9;8;86.725;84.630
405;8;10;106.754;87.400
405;10;8;106.754;89.260
406;8;10;120.706;76.190
406;10;8;120.706;78.050
407;8;10;119.527;70.590
407;10;8;119.527;72.450
408;8;11;60.372;78.820
408;11;8;60.372;81.170
409;8;11;63.123;82.710
409;11;8;63.123;85.060
410;8;11;60.130;73.340
410;11;8;60.130;75.690
411;8;12;59.501;72.000
411;12;8;59.501;74.820
412;8;12;62.031;92.560
412;12;8;62.031;95.380
413;8;13;60.208;82.070
413;13;8;60.208;85.290
414;8;13;57.743;76.460
414;13;8;57.743;79.680
415;8;14;70.644;91.020
415;14;8;70.644;94.860
416;8;15;70.526;83.070
416;15;8;70.526;87.650
417;8;16;95.168;80.530
417;16;8;95.168;85.450
418;8;16;97.690;82.380
418;16;8;97.690;87.300
419;8;16;99.450;75.670
419;16;8;99.450;80.590
420;8;17;98.228;78.040
420;17;8;98.228;86.190
421;8;17;109.039;74.200
421;17;8;109.039;82.350
422;8;17;104.840;68.610
422;17;8;104.840;76.760
423;8;18;130.235;68.240
423;18;8;130.235;77.010
424;8;19;48.361;78.400
424;19;8;48.361;88.780
425;8;19;47.700;81.630
425;19;8;47.700;92.010
426;8;20;59.627;63.570
426;20;8;59.627;74.690
427;8;20;62.873;74.680
427;20;8;62.873;85.800
428;8;20;60.343;72.180
428;20;8;60.343;83.300
429;8;21;59.627;79.170
429;21;8;59.627;92.170
430;8;21;59.641;72.800
430;21;8;59.641;85.800
431;8;21;61.632;68.110
431;21;8;61.632;81.110
432;8;22;66.551;62.730
432;22;8;66.551;76.290
433;8;22;66.275;73.890
433;22;8;66.275;87.450
434;8;23;77.326;66.960
434;23;8;77.326;81.130
435;8;23;82.586;66.660
435;23;8;82.586;80.830
436;8;24;62.568;63.810
436;24;8;62.568;78.770
437;8;24;58.302;57.990
437;24;8;58.302;72.950
438;8;25;106.687;78.450
438;25;8;106.687;93.930
439;8;25;117.689;78.090
439;25;8;117.689;93.570
440;8;26;59.075;76.870
440;26;8;59.075;92.820
441;8;26;59.661;71.070
441;26;8;59.661;87.020
442;8;27;73.573;57.980
442;27;8;73.573;75.240
443;8;27;66.785;74.140
443;27;8;66.785;91.400
444;8;28;73.044;55.550
444;28;8;73.044;73.130
445;8;28;67.462;72.640
445;28;8;67.462;90.220
446;8;29;32.509;3.730
446;29;8;77.509;75.280
447;8;29;30.658;23.470
447;29;8;75.658;95.020
448;9;10;94.291;78.850
448;10;9;94.291;80.090
449;9;10;104.956;80.950
449;10;9;104.956;82.190
450;9;11;74.973;89.910
450;11;9;74.973;91.640
451;9;12;91.181;85.530
451;12;9;91.181;87.730
452;9;12;82.522;78.470
452;12;9;82.522;80.670
453;9;13;72.071;74.250
453;13;9;72.071;76.850
454;9;13;65.535;74.640
454;13;9;65.535;77.240
455;9;13;75.300;82.960
455;13;9;75.300;85.560
456;9;14;54.975;76.750
456;14;9;54.975;79.970
457;9;14;53.169;86.720
457;14;9;53.169;89.940
458;9;14;57.459;90.730
458;14;9;57.459;93.950
459;9;15;72.463;84.310
459;15;9;72.463;88.270
460;9;15;75.696;77.830
460;15;9;75.696;81.790
461;9;16;99.245;68.080
461;16;9;99.245;72.380
462;9;16;101.557;78.190
462;16;9;101.557;82.490
463;9;16;100.371;67.820
463;16;9;100.371;72.120
464;9;17;64.858;70.750
464;17;9;64.858;78.280
465;9;17;69.650;72.000
465;17;9;69.650;79.530
466;9;17;61.093;87.390
466;17;9;61.093;94.920
467;9;18;102.641;85.280
467;18;9;102.641;93.430
468;9;19;81.182;83.730
468;19;9;81.182;93.490
469;9;20;72.657;68.010
469;20;9;72.657;78.510
470;9;20;71.991;68.880
470;20;9;71.991;79.380
471;9;21;72.657;75.920
471;21;9;72.657;88.300
472;9;21;73.428;61.870
472;21;9;73.428;74.250
473;9;22;62.667;74.510
473;22;9;62.667;87.450
474;9;22;59.883;81.890
474;22;9;59.883;94.830
475;9;22;59.491;78.890
475;22;9;59.491;91.830
476;9;23;55.686;79.970
476;23;9;55.686;93.520
477;9;23;53.326;67.050
477;23;9;53.326;80.600
478;9;23;57.595;75.620
478;23;9;57.595;89.170
479;9;24;67.291;77.100
479;24;9;67.291;91.440
480;9;25;79.854;79.570
480;25;9;79.854;94.430
481;9;25;87.193;71.800
481;25;9;87.193;86.660
482;9;26;73.847;62.790
482;26;9;73.847;78.120
483;9;26;68.012;69.060
483;26;9;68.012;84.390
484;9;26;67.804;74.510
484;26;9;67.804;89.840
485;9;27;74.991;58.320
485;27;9;74.991;74.960
486;9;27;81.989;73.720
486;27;9;81.989;90.360
487;9;27;72.212;73.690
487;27;9;72.212;90.330
488;9;28;52.264;64.590
488;28;9;52.264;81.550
489;9;29;36.549;8.910
489;29;9;81.549;79.840
490;9;29;34.301;20.580
490;29;9;79.301;91.510
491;9;29;44.539;19.810
491;29;9;89.539;90.740
492;10;11;91.758;78.720
492;11;10;91.758;79.210
493;10;12;120.617;90.330
493;12;10;120.617;91.290
494;10;13;91.546;77.220
494;13;10;91.546;78.580
495;10;13;84.986;85.510
495;13;10;84.986;86.870
496;10;13;91.254;80.130
496;13;10;91.254;81.490
497;10;14;90.399;77.600
497;14;10;90.399;79.580
498;10;15;81.232;79.680
498;15;10;81.232;82.400
499;10;15;73.358;74.600
499;15;10;73.358;77.320
500;10;15;84.478;73.710
500;15;10;84.478;76.430
501;10;16;72.076;73.900
501;16;10;72.076;76.960
502;10;16;68.493;81.440
502;16;10;68.493;84.500
503;10;16;69.387;74.840
503;16;10;69.387;77.900
504;10;17;94.934;70.860
504;17;10;94.934;77.150
505;10;17;84.449;81.960
505;17;10;84.449;88.250
506;10;18;141.250;85.920
506;18;10;141.250;92.830
507;10;18;158.467;79.480
507;18;10;158.467;86.390
508;10;18;123.113;77.020
508;18;10;123.113;83.930
509;10;19;106.902;82.190
509;19;10;106.902;90.710
510;10;19;103.514;77.070
510;19;10;103.514;85.590
511;10;20;92.138;71.120
511;20;10;92.138;80.380
512;10;20;91.201;73.560
512;20;10;91.201;82.820
513;10;21;92.138;66.840
513;21;10;92.138;77.980
514;10;21;99.425;76.690
514;21;10;99.425;87.830
515;10;22;88.076;78.970
515;22;10;88.076;90.670
516;10;22;79.800;65.000
516;22;10;79.800;76.700
517;10;23;84.399;76.690
517;23;10;84.399;89.000
518;10;24;90.011;65.990
518;24;10;90.011;79.090
519;10;25;123.233;58.320
519;25;10;123.233;71.940
520;10;25;113.072;57.330
520;25;10;113.072;70.950
521;10;26;92.793;67.160
521;26;10;92.793;81.250
522;10;26;98.894;56.110
522;26;10;98.894;70.200
523;10;26;96.312;74.540
523;26;10;96.312;88.630
524;10;27;78.346;70.190
524;27;10;78.346;85.590
525;10;27;79.087;66.330
525;27;10;79.087;81.730
526;10;27;79.069;67.320
526;27;10;79.069;82.720
527;10;28;90.714;64.820
527;28;10;90.714;80.540
528;10;29;31.387;2.670
528;29;10;76.387;72.360
529;10;29;31.673;20.150
529;29;10;76.673;89.840
530;10;29;38.546;6.540
530;29;10;83.546;76.230
531;11;12;73.859;68.760
531;12;11;73.859;69.230
532;11;12;73.631;82.690
532;12;11;73.631;83.160
533;11;13;47.930;84.900
533;13;11;47.930;85.770
534;11;13;48.113;86.570
534;13;11;48.113;87.440
535;11;13;48.162;85.540
535;13;11;48.162;86.410
536;11;14;65.072;79.190
536;14;11;65.072;80.680
537;11;14;69.211;85.510
537;14;11;69.211;87.000
538;11;14;63.684;84.880
538;14;11;63.684;86.370
539;11;15;55.748;68.320
539;15;11;55.748;70.550
540;11;15;55.729;89.090
540;15;11;55.729;91.320
541;11;15;58.231;74.850
541;15;11;58.231;77.080
542;11;16;80.483;88.730
542;16;11;80.483;91.300
543;11;16;74.177;70.790
543;16;11;74.177;73.360
544;11;16;86.947;72.970
544;16;11;86.947;75.540
545;11;17;92.930;77.350
545;17;11;92.930;83.150
546;11;17;92.997;83.680
546;17;11;92.997;89.480
547;11;18;131.899;69.600
547;18;11;131.899;76.020
548;11;18;124.610;72.450
548;18;11;124.610;78.870
549;11;18;126.666;87.060
549;18;11;126.666;93.480
550;11;19;60.151;79.800
550;19;11;60.151;87.830
551;11;19;58.319;81.440
551;19;11;58.319;89.470
552;11;19;63.289;81.460
552;19;11;63.289;89.490
553;11;20;47.493;81.130
553;20;11;47.493;89.900
554;11;20;46.946;64.080
554;20;11;46.946;72.850
555;11;20;47.696;74.950
555;20;11;47.696;83.720
556;11;21;47.493;62.700
556;21;11;47.493;73.350
557;11;21;46.897;73.820
557;21;11;46.897;84.470
558;11;21;47.419;64.930
558;21;11;47.419;75.580
559;11;22;57.704;65.020
559;22;11;57.704;76.230
560;11;22;55.955;59.230
560;22;11;55.955;70.440
561;11;22;59.139;59.550
561;22;11;59.139;70.760
562;11;23;69.083;76.450
562;23;11;69.083;88.270
563;11;24;52.711;76.980
563;24;11;52.711;89.590
564;11;24;53.114;78.140
564;24;11;53.114;90.750
565;11;24;50.948;57.370
565;24;11;50.948;69.980
566;11;25;108.490;70.210
566;25;11;108.490;83.340
567;11;26;46.755;67.700
567;26;11;46.755;81.300
568;11;26;46.942;56.730
568;26;11;46.942;70.330
569;11;27;58.413;55.340
569;27;11;58.413;70.250
570;11;27;56.333;73.650
570;27;11;56.333;88.560
571;11;28;67.870;71.050
571;28;11;67.870;86.280
572;11;28;71.918;62.000
572;28;11;71.918;77.230
573;11;28;72.008;78.450
573;28;11;72.008;93.680
574;11;29;17.194;8.460
574;29;11;62.194;77.660
575;12;13;74.303;87.410
575;13;12;74.303;87.810
576;12;13;74.365;74.080
576;13;12;74.365;74.480
577;12;13;78.719;85.570
577;13;12;78.719;85.970
578;12;14;84.493;79.090
578;14;12;84.493;80.110
579;12;14;87.349;81.610
579;14;12;87.349;82.630
580;12;14;93.391;91.920
580;14;12;93.391;92.940
581;12;15;84.479;86.750
581;15;12;84.479;88.510
582;12;15;92.071;78.690
582;15;12;92.071;80.450
583;12;16;106.384;76.150
583;16;12;106.384;78.250
584;12;16;119.104;73.370
584;16;12;119.104;75.470
585;12;16;111.489;86.180
585;16;12;111.489;88.280
586;12;17;110.986;73.000
586;17;12;110.986;78.330
587;12;18;138.102;82.480
587;18;12;138.102;88.430
588;12;18;131.077;74.930
588;18;12;131.077;80.880
589;12;19;58.725;68.020
589;19;12;58.725;75.580
590;12;20;73.647;76.070
590;20;12;73.647;84.370
591;12;21;73.647;61.150
591;21;12;73.647;71.330
592;12;21;72.580;78.020
592;21;12;72.580;88.200
593;12;21;73.177;83.540
593;21;12;73.177;93.720
594;12;22;81.011;63.030
594;22;12;81.011;73.770
595;12;23;91.477;73.940
595;23;12;91.477;85.290
596;12;23;79.906;66.620
596;23;12;79.906;77.970
597;12;23;84.095;70.050
597;23;12;84.095;81.400
598;12;24;77.050;57.640
598;24;12;77.050;69.780
599;12;24;70.631;70.980
599;24;12;70.631;83.120
600;12;24;70.518;79.040
600;24;12;70.518;91.180
601;12;25;115.123;77.460
601;25;12;115.123;90.120
602;12;26;72.879;75.330
602;26;12;72.879;88.460
603;12;26;66.268;74.730
603;26;12;66.268;87.860
604;12;27;87.272;76.600
604;27;12;87.272;91.040
605;12;27;84.592;70.560
605;27;12;84.592;85.000
606;12;28;86.666;76.300
606;28;12;86.666;91.060
607;12;28;86.989;58.740
607;28;12;86.989;73.500
608;12;28;87.637;78.800
608;28;12;87.637;93.560
609;12;29;45.309;8.270
609;29;12;90.309;77.000
610;12;29;42.626;17.960
610;29;12;87.626;86.690
611;13;14;62.198;88.820
611;14;13;62.198;89.440
612;13;14;60.326;86.850
612;14;13;60.326;87.470
613;13;14;64.928;68.870
613;14;13;64.928;69.490
614;13;15;55.322;77.260
614;15;13;55.322;78.620
615;13;16;82.002;71.370
615;16;13;82.002;73.070
616;13;16;81.848;72.440
616;16;13;81.848;74.140
617;13;17;90.195;84.500
617;17;13;90.195;89.430
618;13;18;128.972;71.980
618;18;13;128.972;77.530
619;13;18;144.492;74.520
619;18;13;144.492;80.070
620;13;19;60.628;64.320
620;19;13;60.628;71.480
621;13;19;60.022;74.620
621;19;13;60.022;81.780
622;13;19;56.935;65.850
622;19;13;56.935;73.010
623;13;20;45.760;84.590
623;20;13;45.760;92.490
624;13;20;45.692;84.190
624;20;13;45.692;92.090
625;13;21;45.760;66.870
625;21;13;45.760;76.650
626;13;21;45.820;75.210
626;21;13;45.820;84.990
627;13;22;54.969;66.760
627;22;13;54.969;77.100
628;13;23;66.505;71.940
628;23;13;66.505;82.890
629;13;23;62.296;60.610
629;23;13;62.296;71.560
630;13;24;49.879;75.440
630;24;13;49.879;87.180
631;13;25;105.572;65.770
631;25;13;105.572;78.030
632;13;25;113.459;68.180
632;25;13;113.459;80.440
633;13;26;46.983;59.820
633;26;13;46.983;72.550
634;13;26;47.181;71.400
634;26;13;47.181;84.130
635;13;26;47.125;55.650
635;26;13;47.125;68.380
636;13;27;58.464;67.240
636;27;13;58.464;81.280
637;13;27;60.720;63.640
637;27;13;60.720;77.680
638;13;27;57.635;78.750
638;27;13;57.635;92.790
639;13;28;65.000;67.640
639;28;13;65.000;82.000
640;13;28;64.848;73.060
640;28;13;64.848;87.420
641;13;28;67.982;60.490
641;28;13;67.982;74.850
642;13;29;18.196;7.830
642;29;13;63.196;76.160
643;13;29;21.785;4.500
643;29;13;66.785;72.830
644;13;29;20.293;20.650
644;29;13;65.293;88.980
645;14;15;63.034;87.640
645;15;14;63.034;88.380
646;14;15;67.197;77.610
646;15;14;67.197;78.350
647;14;16;91.063;67.010
647;16;14;91.063;68.090
648;14;16;93.716;66.860
648;16;14;93.716;67.940
649;14;16;86.342;90.220
649;16;14;86.342;91.300
650;14;17;73.380;86.770
650;17;14;73.380;91.080
651;14;18;112.493;77.510
651;18;14;112.493;82.440
652;14;19;72.982;69.670
652;19;14;72.982;76.210
653;14;19;66.021;69.950
653;19;14;66.021;76.490
654;14;20;62.815;61.190
654;20;14;62.815;68.470
655;14;20;67.077;71.800
655;20;14;67.077;79.080
656;14;20;63.905;66.600
656;20;14;63.905;73.880
657;14;21;62.815;62.630
657;21;14;62.815;71.790
658;14;22;52.708;66.920
658;22;14;52.708;76.640
659;14;23;52.406;63.940
659;23;14;52.406;74.270
660;14;24;57.365;59.690
660;24;14;57.365;70.810
661;14;25;89.461;62.480
661;25;14;89.461;74.120
662;14;26;64.032;71.110
662;26;14;64.032;83.220
663;14;26;65.150;79.770
663;26;14;65.150;91.880
664;14;27;65.912;64.620
664;27;14;65.912;78.040
665;14;27;65.090;64.180
665;27;14;65.090;77.600
666;14;28;47.805;61.660
666;28;14;47.805;75.400
667;14;28;47.893;58.730
667;28;14;47.893;72.470
668;14;28;48.082;72.070
668;28;14;48.082;85.810
669;14;29;27.562;14.130
669;29;14;72.562;81.840
670;14;29;28.196;15.880
670;29;14;73.196;83.590
671;15;16;73.971;78.540
671;16;15;73.971;78.880
672;15;17;87.406;88.080
672;17;15;87.406;91.650
673;15;17;87.740;69.660
673;17;15;87.740;73.230
674;15;17;80.561;73.040
674;17;15;80.561;76.610
675;15;18;130.017;84.210
675;18;15;130.017;88.400
676;15;19;70.756;73.050
676;19;15;70.756;78.850
677;15;20;55.906;83.270
677;20;15;55.906;89.810
678;15;20;56.845;67.350
678;20;15;56.845;73.890
679;15;21;55.906;76.020
679;21;15;55.906;84.440
680;15;21;55.539;59.860
680;21;15;55.539;68.280
681;15;21;54.792;79.150
681;21;15;54.792;87.570
682;15;22;56.015;67.950
682;22;15;56.015;76.930
683;15;23;63.528;77.970
683;23;15;63.528;87.560
684;15;23;63.741;59.640
684;23;15;63.741;69.230
685;15;24;54.857;56.760
685;24;15;54.857;67.140
686;15;24;55.496;80.450
686;24;15;55.496;90.830
687;15;24;56.479;77.910
687;24;15;56.479;88.290
688;15;25;107.303;58.760
688;25;15;107.303;69.660
689;15;25;105.844;59.660
689;25;15;105.844;70.560
690;15;26;56.600;59.510
690;26;15;56.600;70.880
691;15;27;48.511;59.640
691;27;15;48.511;72.320
692;15;28;65.363;54.220
692;28;15;65.363;67.220
693;15;29;9.829;3.680
693;29;15;54.829;70.650
694;15;29;11.796;21.320
694;29;15;56.796;88.290
695;15;29;10.904;16.100
695;29;15;55.904;83.070
696;16;17;108.856;85.530
696;17;16;108.856;88.760
697;16;17;107.648;64.830
697;17;16;107.648;68.060
698;16;18;154.833;85.460
698;18;16;154.833;89.310
699;16;19;93.874;71.130
699;19;16;93.874;76.590
700;16;19;95.825;66.760
700;19;16;95.825;72.220
701;16;19;82.418;74.230
701;19;16;82.418;79.690
702;16;20;82.210;80.190
702;20;16;82.210;86.390
703;16;21;82.210;76.740
703;21;16;82.210;84.820
704;16;22;84.848;72.960
704;22;16;84.848;81.600
705;16;22;91.404;78.120
705;22;16;91.404;86.760
706;16;23;88.764;72.420
706;23;16;88.764;81.670
707;16;23;93.063;67.920
707;23;16;93.063;77.170
708;16;24;83.502;66.730
708;24;16;83.502;76.770
709;16;24;88.424;59.390
709;24;16;88.424;69.430
710;16;25;133.461;73.240
710;25;16;133.461;83.800
711;16;25;117.184;67.060
711;25;16;117.184;77.620
712;16;25;129.954;71.430
712;25;16;129.954;81.990
713;16;26;82.142;58.890
713;26;16;82.142;69.920
714;16;26;79.938;71.020
714;26;16;79.938;82.050
715;16;27;70.585;78.000
715;27;16;70.585;90.340
716;16;27;70.224;76.970
716;27;16;70.224;89.310
717;16;27;73.875;65.390
717;27;16;73.875;77.730
718;16;28;92.882;57.570
718;28;16;92.882;70.230
719;16;28;101.176;74.540
719;28;16;101.176;87.200
720;16;29;19.222;9.430
720;29;16;64.222;76.060
721;17;18;91.711;66.510
721;18;17;91.711;67.130
722;17;19;100.908;73.490
722;19;17;100.908;75.720
723;17;20;90.875;74.260
723;20;17;90.875;77.230
724;17;20;100.822;76.200
724;20;17;100.822;79.170
725;17;21;90.875;66.720
725;21;17;90.875;71.570
726;17;21;88.771;81.660
726;21;17;88.771;86.510
727;17;21;98.753;61.360
727;21;17;98.753;66.210
728;17;22;80.236;81.950
728;22;17;80.236;87.360
729;17;22;88.953;77.710
729;22;17;88.953;83.120
730;17;22;75.557;61.680
730;22;17;75.557;67.090
731;17;23;69.134;78.620
731;23;17;69.134;84.640
732;17;24;85.323;56.600
732;24;17;85.323;63.410
733;17;24;91.089;62.760
733;24;17;91.089;69.570
734;17;25;73.838;75.210
734;25;17;73.838;82.540
735;17;26;92.122;62.590
735;26;17;92.122;70.390
736;17;26;89.214;77.130
736;26;17;89.214;84.930
737;17;27;88.814;78.670
737;27;17;88.814;87.780
738;17;27;94.537;55.910
738;27;17;94.537;65.020
739;17;28;70.655;56.160
739;28;17;70.655;65.590
740;17;29;49.508;13.990
740;29;17;94.508;77.390
741;17;29;56.502;5.370
741;29;17;101.502;68.770
742;17;29;56.858;23.120
742;29;17;101.858;86.520
743;18;19;133.556;72.310
743;19;18;133.556;73.920
744;18;19;124.617;80.110
744;19;18;124.617;81.720
745;18;19;133.554;71.130
745;19;18;133.554;72.740
746;18;20;129.450;65.580
746;20;18;129.450;67.930
747;18;20;126.914;66.860
747;20;18;126.914;69.210
748;18;21;129.450;70.810
748;21;18;129.450;75.040
749;18;21;138.911;66.560
749;21;18;138.911;70.790
750;18;21;135.173;63.830
750;21;18;135.173;68.060
751;18;22;120.189;66.870
751;22;18;120.189;71.660
752;18;22;126.727;67.080
752;22;18;126.727;71.870
753;18;23;111.937;61.930
753;23;18;111.937;67.330
754;18;23;98.439;66.880
754;23;18;98.439;72.280
755;18;24;124.454;80.080
755;24;18;124.454;86.270
756;18;24;117.480;58.980
756;24;18;117.480;65.170
757;18;25;68.616;64.260
757;25;18;68.616;70.970
758;18;25;64.480;74.770
758;25;18;64.480;81.480
759;18;25;65.492;69.920
759;25;18;65.492;76.630
760;18;26;130.535;72.820
760;26;18;130.535;80.000
761;18;26;149.894;68.750
761;26;18;149.894;75.930
762;18;26;134.771;60.580
762;26;18;134.771;67.760
763;18;27;132.307;56.640
763;27;18;132.307;65.130
764;18;28;109.881;68.190
764;28;18;109.881;77.000
765;18;29;93.673;3.230
765;29;18;138.673;66.010
766;18;29;89.497;4.390
766;29;18;134.497;67.170
767;19;20;59.954;72.920
767;20;19;59.954;73.660
768;19;20;62.453;67.960
768;20;19;62.453;68.700
769;19;21;59.954;70.940
769;21;19;59.954;73.560
770;19;21;61.830;81.600
770;21;19;61.830;84.220
771;19;22;68.195;68.070
771;22;19;68.195;71.250
772;19;22;65.046;74.100
772;22;19;65.046;77.280
773;19;22;68.729;71.700
773;22;19;68.729;74.880
774;19;23;79.368;80.700
774;23;19;79.368;84.490
775;19;24;63.772;65.980
775;24;19;63.772;70.560
776;19;24;60.827;78.790
776;24;19;60.827;83.370
777;19;25;109.996;59.770
777;25;19;109.996;64.870
778;19;25;100.965;78.160
778;25;19;100.965;83.260
779;19;25;122.903;78.450
779;25;19;122.903;83.550
780;19;26;59.157;56.270
780;26;19;59.157;61.840
781;19;26;60.628;58.350
781;26;19;60.628;63.920
782;19;27;73.563;60.440
782;27;19;73.563;67.320
783;19;27;79.726;63.990
783;27;19;79.726;70.870
784;19;27;76.882;55.740
784;27;19;76.882;62.620
785;19;28;75.495;70.900
785;28;19;75.495;78.100
786;19;28;74.283;57.880
786;28;19;74.283;65.080
787;19;29;31.884;17.150
787;29;19;76.884;78.320
788;20;21;45.000;66.620
788;21;20;45.000;68.500
789;20;21;45.000;69.540
789;21;20;45.000;71.420
790;20;22;55.664;71.730
790;22;20;55.664;74.170
791;20;22;53.042;79.680
791;22;20;53.042;82.120
792;20;23;67.227;64.050
792;23;20;67.227;67.100
793;20;23;61.682;72.100
793;23;20;61.682;75.150
794;20;24;50.552;77.920
794;24;20;50.552;81.760
795;20;25;106.024;63.410
795;25;20;106.024;67.770
796;20;25;119.521;69.410
796;25;20;119.521;73.770
797;20;26;46.253;59.800
797;26;20;46.253;64.630
798;20;26;46.090;62.320
798;26;20;46.090;67.150
799;20;26;46.447;60.850
799;26;20;46.447;65.680
800;20;27;58.977;60.930
800;27;20;58.977;67.070
801;20;27;55.892;72.410
801;27;20;55.892;78.550
802;20;28;65.620;76.590
802;28;20;65.620;83.050
803;20;29;18.520;16.420
803;29;20;63.520;76.850
804;20;29;15.747;0.060
804;29;20;60.747;60.490
805;20;29;16.907;19.200
805;29;20;61.907;79.630
806;21;22;55.664;78.750
806;22;21;55.664;79.310
807;21;23;67.227;73.380
807;23;21;67.227;74.550
808;21;23;63.059;79.540
808;23;21;63.059;80.710
809;21;23;67.425;73.970
809;23;21;67.425;75.140
810;21;24;50.552;66.570
810;24;21;50.552;68.530
811;21;24;49.815;68.190
811;24;21;49.815;70.150
812;21;24;50.694;76.860
812;24;21;50.694;78.820
813;21;25;106.024;58.250
813;25;21;106.024;60.730
814;21;25;103.085;71.170
814;25;21;103.085;73.650
815;21;25;93.204;66.980
815;25;21;93.204;69.460
816;21;26;46.253;62.560
816;26;21;46.253;65.510
817;21;26;46.472;78.370
817;26;21;46.472;81.320
818;21;26;46.190;74.420
818;26;21;46.190;77.370
819;21;27;58.977;58.520
819;27;21;58.977;62.780
820;21;28;65.620;70.090
820;28;21;65.620;74.670
821;21;28;66.407;77.200
821;28;21;66.407;81.780
822;21;29;18.520;17.520
822;29;21;63.520;76.070
823;21;29;19.356;21.640
823;29;21;64.356;80.190
824;21;29;19.546;0.660
824;29;21;64.546;59.210
825;22;23;56.648;74.540
825;23;22;56.648;75.150
826;22;23;57.671;82.070
826;23;22;57.671;82.680
827;22;24;50.126;59.470
827;24;22;50.126;60.870
828;22;24;49.448;74.860
828;24;22;49.448;76.260
829;22;25;97.091;66.430
829;25;22;97.091;68.350
830;22;25;85.279;66.550
830;25;22;85.279;68.470
831;22;25;89.080;70.130
831;25;22;89.080;72.050
832;22;26;56.916;72.680
832;26;22;56.916;75.070
833;22;26;58.398;70.410
833;26;22;58.398;72.800
834;22;26;55.961;60.250
834;26;22;55.961;62.640
835;22;27;59.274;71.490
835;27;22;59.274;75.190
836;22;27;62.771;77.910
836;27;22;62.771;81.610
837;22;28;55.416;77.080
837;28;22;55.416;81.100
838;22;28;55.866;76.950
838;28;22;55.866;80.970
839;22;29;20.827;3.550
839;29;22;65.827;61.540
840;23;24;61.748;67.450
840;24;23;61.748;68.240
841;23;24;59.926;62.190
841;24;23;59.926;62.980
842;23;25;89.819;64.410
842;25;23;89.819;65.720
843;23;25;99.951;78.680
843;25;23;99.951;79.990
844;23;25;96.102;77.770
844;25;23;96.102;79.080
845;23;26;68.479;63.360
845;26;23;68.479;65.140
846;23;26;64.244;67.830
846;26;23;64.244;69.610
847;23;26;64.089;79.000
847;26;23;64.089;80.780
848;23;27;65.445;55.890
848;27;23;65.445;58.980
849;23;28;51.556;70.580
849;28;23;51.556;73.990
850;23;28;52.086;70.670
850;28;23;52.086;74.080
851;23;28;50.300;58.750
851;28;23;50.300;62.160
852;23;29;26.736;16.640
852;29;23;71.736;74.020
853;24;25;101.153;66.370
853;25;24;101.153;66.890
854;24;25;88.363;70.050
854;25;24;88.363;70.570
855;24;25;98.931;61.630
855;25;24;98.931;62.150
856;24;26;51.801;66.590
856;26;24;51.801;67.580
857;24;27;58.365;57.220
857;27;24;58.365;59.520
858;24;27;56.295;77.130
858;27;24;56.295;79.430
859;24;28;60.161;71.460
859;28;24;60.161;74.080
860;24;29;19.290;17.780
860;29;24;64.290;74.370
861;24;29;16.106;19.540
861;29;24;61.106;76.130
862;24;29;21.675;3.230
862;29;24;66.675;59.820
863;25;26;107.083;77.980
863;26;25;107.083;78.450
864;25;26;105.751;79.810
864;26;25;105.751;80.280
865;25;26;99.441;60.350
865;26;25;99.441;60.820
866;25;27;109.830;67.600
866;27;25;109.830;69.380
867;25;28;86.967;66.700
867;28;25;86.967;68.800
868;25;28;89.207;67.560
868;28;25;89.207;69.660
869;25;29;71.350;11.910
869;29;25;116.350;67.980
870;25;29;59.369;12.540
870;29;25;104.369;68.610
871;26;27;59.514;58.140
871;27;26;59.514;59.450
872;26;28;66.837;74.430
872;28;26;66.837;76.060
873;26;28;67.364;59.470
873;28;26;67.364;61.100
874;26;28;71.441;62.750
874;28;26;71.441;64.380
875;26;29;18.686;21.540
875;29;26;63.686;77.140
876;27;28;68.066;55.510
876;28;27;68.066;55.830
877;27;29;6.651;7.280
877;29;27;51.651;61.570
878;27;29;7.515;3.800
878;29;27;52.515;58.090
879;27;29;5.013;8.630
879;29;27;50.013;62.920
880;28;29;29.690;11.580
880;29;28;74.690;65.550
