30
240.0
0;0;1;68.796;106.140
0;1;0;23.796;24.480
1;0;2;67.688;90.380
1;2;0;22.688;13.340
2;0;2;66.221;82.800
2;2;0;21.221;5.760
3;0;3;63.315;88.080
3;3;0;18.315;12.870
4;0;3;62.385;84.720
4;3;0;17.385;9.510
5;0;3;64.526;89.860
5;3;0;19.526;14.650
6;0;4;124.572;88.280
6;4;0;79.572;13.230
7;0;4;133.148;97.540
7;4;0;88.148;22.490
8;0;5;73.285;81.440
8;5;0;28.285;7.750
9;0;5;70.588;82.340
9;5;0;25.588;8.650
10;0;5;79.415;84.320
10;5;0;34.415;10.630
11;0;6;119.442;86.570
11;6;0;74.442;16.070
12;0;7;77.509;76.640
12;7;0;32.509;7.220
13;0;8;62.194;89.940
13;8;0;17.194;20.680
14;0;8;59.654;73.470
14;8;0;14.654;4.210
15;0;9;75.107;92.220
15;9;0;30.107;23.200
16;0;9;73.845;89.750
16;9;0;28.845;20.730
17;0;10;90.309;72.260
17;10;0;45.309;3.280
18;0;10;101.536;81.860
18;10;0;56.536;12.880
19;0;11;53.647;85.520
19;11;0;8.647;18.770
20;0;12;94.491;76.720
20;12;0;49.491;12.620
21;0;13;75.026;79.590
21;13;0;30.026;15.630
22;0;13;68.540;71.390
22;13;0;23.540;7.430
23;0;13;77.497;76.180
23;13;0;32.497;12.220
24;0;14;138.673;83.090
24;14;0;93.673;20.210
25;0;14;130.823;85.090
25;14;0;85.823;22.210
26;0;15;81.549;83.530
26;15;0;36.549;21.060
27;0;16;72.562;66.190
27;16;0;27.562;6.130
28;0;17;64.222;77.140
28;17;0;19.222;17.110
29;0;17;66.248;79.940
29;17;0;21.248;19.910
30;0;17;65.637;68.170
30;17;0;20.637;8.140
31;0;18;102.583;59.110
31;18;0;57.583;0.260
32;0;18;97.736;76.550
32;18;0;52.736;17.700
33;0;19;67.496;80.380
33;19;0;22.496;22.240
34;0;19;64.522;75.280
34;19;0;19.522;17.140
35;0;20;76.387;71.330
35;20;0;31.387;13.570
36;0;20;76.346;66.970
36;20;0;31.346;9.210
37;0;21;63.196;58.290
37;21;0;18.196;0.700
38;0;22;70.336;78.270
38;22;0;25.336;21.460
39;0;22;75.683;73.250
39;22;0;30.683;16.440
40;0;22;65.880;79.540
40;22;0;20.880;22.730
41;0;23;63.686;71.150
41;23;0;18.686;14.800
42;0;24;126.991;57.050
42;24;0;81.991;2.010
43;0;25;121.973;66.090
43;25;0;76.973;11.400
44;0;25;118.000;60.480
44;25;0;73.000;5.790
45;0;25;128.924;64.370
45;25;0;83.924;9.680
46;0;26;51.651;66.030
46;26;0;6.651;11.440
47;0;27;63.520;61.360
47;27;0;18.520;8.630
48;0;28;52.648;56.750
48;28;0;7.648;4.320
49;0;28;53.562;53.330
49;28;0;8.562;0.900
50;0;28;51.907;68.720
50;28;0;6.907;16.290
51;0;29;0.000;10.120
51;29;0;0.000;10.120
52;0;29;0.000;14.890
52;29;0;0.000;14.890
53;0;29;0.000;22.050
53;29;0;0.000;22.050
54;1;2;91.481;89.650
54;2;1;91.481;94.270
55;1;3;86.710;81.530
55;3;1;86.710;87.980
56;1;4;147.414;88.910
56;4;1;147.414;95.520
57;1;5;51.988;93.170
57;5;1;51.988;101.140
58;1;6;142.767;81.970
58;6;1;142.767;93.130
59;1;6;133.970;93.700
59;6;1;133.970;104.860
60;1;7;100.131;85.170
60;7;1;100.131;97.410
61;1;7;107.289;78.940
61;7;1;107.289;91.180
62;1;8;84.892;76.160
62;8;1;84.892;88.560
63;1;9;89.354;82.130
63;9;1;89.354;94.770
64;1;10;113.670;77.900
64;10;1;113.670;90.580
65;1;10;125.357;81.570
65;10;1;125.357;94.250
66;1;11;76.730;87.290
66;11;1;76.730;102.200
67;1;12;110.336;76.280
67;12;1;110.336;93.840
68;1;12;111.849;81.380
68;12;1;111.849;98.940
69;1;13;98.562;82.130
69;13;1;98.562;99.830
70;1;13;96.229;70.650
70;13;1;96.229;88.350
71;1;14;142.123;72.510
71;14;1;142.123;91.290
72;1;14;125.915;83.720
72;14;1;125.915;102.500
73;1;15;91.542;66.850
73;15;1;91.542;86.040
74;1;15;81.685;86.790
74;15;1;81.685;105.980
75;1;15;92.455;84.200
75;15;1;92.455;103.390
76;1;16;86.226;64.390
76;16;1;86.226;85.990
77;1;16;88.193;65.730
77;16;1;88.193;87.330
78;1;17;64.619;71.680
78;17;1;64.619;93.310
79;1;17;65.973;65.550
79;17;1;65.973;87.180
80;1;17;61.797;68.760
80;17;1;61.797;90.390
81;1;18;126.132;71.410
81;18;1;126.132;94.220
82;1;18;138.682;59.900
82;18;1;138.682;82.710
83;1;19;90.080;67.100
83;19;1;90.080;90.620
84;1;20;53.115;74.090
84;20;1;53.115;97.990
85;1;20;54.084;78.430
85;20;1;54.084;102.330
86;1;20;54.805;66.180
86;20;1;54.805;90.080
87;1;21;84.989;62.000
87;21;1;84.989;86.070
88;1;22;53.171;70.450
88;22;1;53.171;95.300
89;1;23;86.065;74.430
89;23;1;86.065;99.740
90;1;23;77.645;64.160
90;23;1;77.645;89.470
91;1;24;131.923;76.140
91;24;1;131.923;102.760
92;1;24;153.261;70.100
92;24;1;153.261;96.720
93;1;25;132.213;58.600
93;25;1;132.213;85.570
94;1;25;147.734;56.860
94;25;1;147.734;83.830
95;1;25;133.367;60.910
95;25;1;133.367;87.880
96;1;26;71.558;77.240
96;26;1;71.558;104.310
97;1;27;85.525;60.220
97;27;1;85.525;89.150
98;1;28;76.099;65.890
98;28;1;76.099;95.120
99;1;28;81.510;56.960
99;28;1;81.510;86.190
100;1;28;76.777;64.850
100;28;1;76.777;94.080
101;1;29;23.796;17.370
101;29;1;68.796;99.030
102;1;29;20.021;19.000
102;29;1;65.021;100.660
103;1;29;20.799;24.540
103;29;1;65.799;106.200
104;2;3;52.549;86.370
104;3;2;52.549;88.200
105;2;3;50.689;99.090
105;3;2;50.689;100.920
106;2;4;103.279;79.480
106;4;2;103.279;81.470
107;2;4;105.928;94.020
107;4;2;105.928;96.010
108;2;5;95.763;79.060
108;5;2;95.763;82.410
109;2;5;108.202;87.970
109;5;2;108.202;91.320
110;2;6;97.433;89.810
110;6;2;97.433;96.350
111;2;7;59.400;83.230
111;7;2;59.400;90.850
112;2;8;55.323;78.150
112;8;2;55.323;85.930
113;2;8;57.255;85.280
113;8;2;57.255;93.060
114;2;9;75.314;91.060
114;9;2;75.314;99.080
115;2;9;69.963;77.970
115;9;2;69.963;85.990
116;2;10;68.621;90.870
116;10;2;68.621;98.930
117;2;11;60.381;84.190
117;11;2;60.381;94.480
118;2;11;58.046;68.660
118;11;2;58.046;78.950
119;2;12;86.520;77.870
119;12;2;86.520;90.810
120;2;13;54.344;68.700
120;13;2;54.344;81.780
121;2;13;53.190;84.400
121;13;2;53.190;97.480
122;2;14;140.389;64.120
122;14;2;140.389;78.280
123;2;14;159.202;75.330
123;14;2;159.202;89.490
124;2;15;84.488;64.860
124;15;2;84.488;79.430
125;2;15;90.047;67.010
125;15;2;90.047;81.580
126;2;16;74.821;82.720
126;16;2;74.821;99.700
127;2;16;73.741;78.900
127;16;2;73.741;95.880
128;2;17;82.763;73.580
128;17;2;82.763;90.590
129;2;17;80.931;71.030
129;17;2;80.931;88.040
130;2;18;80.299;58.940
130;18;2;80.299;77.130
131;2;18;76.326;72.800
131;18;2;76.326;90.990
132;2;18;83.419;68.340
132;18;2;83.419;86.530
133;2;19;54.749;61.020
133;19;2;54.749;79.920
134;2;20;98.965;76.890
134;20;2;98.965;96.170
135;2;20;108.843;68.260
135;20;2;108.843;87.540
136;2;20;110.403;68.690
136;20;2;110.403;87.970
137;2;21;57.858;62.120
137;21;2;57.858;81.570
138;2;21;59.401;73.640
138;21;2;59.401;93.090
139;2;21;57.506;82.500
139;21;2;57.506;101.950
140;2;22;92.282;70.270
140;22;2;92.282;90.500
141;2;22;92.689;58.970
141;22;2;92.689;79.200
142;2;22;102.919;61.060
142;22;2;102.919;81.290
143;2;23;55.905;80.920
143;23;2;55.905;101.610
144;2;23;56.279;71.020
144;23;2;56.279;91.710
145;2;23;58.572;67.170
145;23;2;58.572;87.860
146;2;24;128.027;74.590
146;24;2;128.027;96.590
147;2;24;110.925;62.460
147;24;2;110.925;84.460
148;2;24;134.904;61.390
148;24;2;134.904;83.390
149;2;25;117.778;72.290
149;25;2;117.778;94.640
150;2;25;134.713;72.500
150;25;2;134.713;94.850
151;2;25;115.308;68.470
151;25;2;115.308;90.820
152;2;26;66.487;57.950
152;26;2;66.487;80.400
153;2;26;71.041;59.180
153;26;2;71.041;81.630
154;2;27;57.156;71.820
154;27;2;57.156;96.130
155;2;27;55.932;61.920
155;27;2;55.932;86.230
156;2;28;60.801;64.040
156;28;2;60.801;88.650
157;2;28;63.530;63.800
157;28;2;63.530;88.410
158;2;29;22.688;23.600
158;29;2;67.688;100.640
159;2;29;22.104;13.740
159;29;2;67.104;90.780
160;3;4;110.310;87.540
160;4;3;110.310;87.700
161;3;4;99.262;95.350
161;4;3;99.262;95.510
162;3;4;109.105;92.790
162;4;3;109.105;92.950
163;3;5;90.296;97.820
163;5;3;90.296;99.340
164;3;6;104.115;70.730
164;6;3;104.115;75.440
165;3;6;91.146;92.990
165;6;3;91.146;97.700
166;3;6;107.890;84.910
166;6;3;107.890;89.620
167;3;7;66.825;76.940
167;7;3;66.825;82.730
168;3;7;64.926;83.520
168;7;3;64.926;89.310
169;3;7;71.465;75.840
169;7;3;71.465;81.630
170;3;8;58.035;90.060
170;8;3;58.035;96.010
171;3;9;79.073;90.850
171;9;3;79.073;97.040
172;3;9;79.154;84.270
172;9;3;79.154;90.460
173;3;9;78.674;72.090
173;9;3;78.674;78.280
174;3;10;75.731;79.670
174;10;3;75.731;85.900
175;3;10;76.100;73.490
175;10;3;76.100;79.720
176;3;10;74.751;85.780
176;10;3;74.751;92.010
177;3;11;58.400;85.740
177;11;3;58.400;94.200
178;3;11;56.218;74.370
178;11;3;56.218;82.830
179;3;11;58.091;88.150
179;11;3;58.091;96.610
180;3;12;92.752;68.000
180;12;3;92.752;79.110
181;3;12;96.345;80.070
181;12;3;96.345;91.180
182;3;12;99.581;73.640
182;12;3;99.581;84.750
183;3;13;56.863;83.330
183;13;3;56.863;94.580
184;3;13;54.624;81.270
184;13;3;54.624;92.520
185;3;13;54.262;67.920
185;13;3;54.262;79.170
186;3;14;144.932;78.700
186;14;3;144.932;91.030
187;3;14;165.023;74.120
187;14;3;165.023;86.450
188;3;15;87.897;74.810
188;15;3;87.897;87.550
189;3;15;81.923;72.290
189;15;3;81.923;85.030
190;3;15;86.587;77.740
190;15;3;86.587;90.480
191;3;16;77.940;64.720
191;16;3;77.940;79.870
192;3;17;75.947;68.600
192;17;3;75.947;83.780
193;3;17;73.883;79.980
193;17;3;73.883;95.160
194;3;17;69.807;84.990
194;17;3;69.807;100.170
195;3;18;86.861;64.950
195;18;3;86.861;81.310
196;3;18;80.650;76.680
196;18;3;80.650;93.040
197;3;19;60.226;61.860
197;19;3;60.226;78.930
198;3;19;61.033;73.700
198;19;3;61.033;90.770
199;3;20;94.527;60.220
199;20;3;94.527;77.670
200;3;20;103.250;68.150
200;20;3;103.250;85.600
201;3;20;88.827;78.090
201;20;3;88.827;95.540
202;3;21;60.964;82.120
202;21;3;60.964;99.740
203;3;22;88.638;61.320
203;22;3;88.638;79.720
204;3;23;59.427;62.700
204;23;3;59.427;81.560
205;3;23;62.107;66.110
205;23;3;62.107;84.970
206;3;24;132.667;66.870
206;24;3;132.667;87.040
207;3;24;127.586;58.060
207;24;3;127.586;78.230
208;3;25;123.579;60.220
208;25;3;123.579;80.740
209;3;25;133.803;70.630
209;25;3;133.803;91.150
210;3;25;107.124;69.060
210;25;3;107.124;89.580
211;3;26;64.327;67.350
211;26;3;64.327;87.970
212;3;27;60.483;64.150
212;27;3;60.483;86.630
213;3;27;60.944;59.230
213;27;3;60.944;81.710
214;3;28;55.697;56.270
214;28;3;55.697;79.050
215;3;28;58.093;58.460
215;28;3;58.093;81.240
216;3;29;18.315;19.480
216;29;3;63.315;94.690
217;4;5;152.715;89.420
217;5;4;152.715;90.780
218;4;5;152.479;85.530
218;5;4;152.479;86.890
219;4;5;178.509;85.520
219;5;4;178.509;86.880
220;4;6;53.891;88.880
220;6;4;53.891;93.430
221;4;7;92.290;93.640
221;7;4;92.290;99.270
222;4;7;85.658;91.270
222;7;4;85.658;96.900
223;4;7;102.548;82.260
223;7;4;102.548;87.890
224;4;8;107.614;92.580
224;8;4;107.614;98.370
225;4;8;113.597;83.420
225;8;4;113.597;89.210
226;4;9;110.123;73.490
226;9;4;110.123;79.520
227;4;9;124.264;69.960
227;9;4;124.264;75.990
228;4;9;125.198;73.130
228;9;4;125.198;79.160
229;4;10;79.657;81.790
229;10;4;79.657;87.860
230;4;10;86.203;74.710
230;10;4;86.203;80.780
231;4;10;84.887;70.740
231;10;4;84.887;76.810
232;4;11;116.038;69.340
232;11;4;116.038;77.640
233;4;12;96.851;84.100
233;12;4;96.851;95.050
234;4;12;90.605;73.360
234;12;4;90.605;84.310
235;4;12;106.378;83.670
235;12;4;106.378;94.620
236;4;13;100.587;72.690
236;13;4;100.587;83.780
237;4;13;88.110;75.800
237;13;4;88.110;86.890
238;4;14;145.386;63.680
238;14;4;145.386;75.850
239;4;15;115.732;72.690
239;15;4;115.732;85.270
240;4;15;120.954;70.290
240;15;4;120.954;82.870
241;4;15;119.701;75.670
241;15;4;119.701;88.250
242;4;16;112.603;70.730
242;16;4;112.603;85.720
243;4;16;125.304;67.900
243;16;4;125.304;82.890
244;4;16;118.963;66.330
244;16;4;118.963;81.320
245;4;17;141.041;63.200
245;17;4;141.041;78.220
246;4;17;146.587;79.350
246;17;4;146.587;94.370
247;4;18;69.273;79.610
247;18;4;69.273;95.810
248;4;18;63.837;63.550
248;18;4;63.837;79.750
249;4;18;67.438;79.970
249;18;4;67.438;96.170
250;4;19;102.363;71.230
250;19;4;102.363;88.140
251;4;19;103.889;76.170
251;19;4;103.889;93.080
252;4;19;112.826;65.070
252;19;4;112.826;81.980
253;4;20;153.905;58.480
253;20;4;153.905;75.770
254;4;20;135.326;72.590
254;20;4;135.326;89.880
255;4;20;175.721;69.240
255;20;4;175.721;86.530
256;4;21;107.439;64.840
256;21;4;107.439;82.300
257;4;22;145.892;70.030
257;22;4;145.892;88.270
258;4;23;106.364;63.990
258;23;4;106.364;82.690
259;4;24;134.838;69.630
259;24;4;134.838;89.640
260;4;24;116.315;59.160
260;24;4;116.315;79.170
261;4;24;120.529;65.400
261;24;4;120.529;85.410
262;4;25;115.801;66.280
262;25;4;115.801;86.640
263;4;25;130.645;55.660
263;25;4;130.645;76.020
264;4;26;120.858;67.280
264;26;4;120.858;87.740
265;4;27;106.891;57.790
265;27;4;106.891;80.110
266;4;27;97.568;75.570
266;27;4;97.568;97.890
267;4;28;118.727;54.670
267;28;4;118.727;77.290
268;4;29;79.572;7.620
268;29;4;124.572;82.670
269;4;29;86.444;8.630
269;29;4;131.444;83.680
270;5;6;147.722;82.910
270;6;5;147.722;86.100
271;5;6;140.454;76.100
271;6;5;140.454;79.290
272;5;6;168.784;71.190
272;6;5;168.784;74.380
273;5;7;105.469;93.260
273;7;5;105.469;97.530
274;5;7;102.439;90.110
274;7;5;102.439;94.380
275;5;7;108.196;82.850
275;7;5;108.196;87.120
276;5;8;90.108;81.100
276;8;5;90.108;85.530
277;5;8;84.634;69.380
277;8;5;84.634;73.810
278;5;8;80.158;72.540
278;8;5;80.158;76.970
279;5;9;96.088;91.160
279;9;5;96.088;95.830
280;5;10;118.587;80.520
280;10;5;118.587;85.230
281;5;11;81.692;87.010
281;11;5;81.692;93.950
282;5;12;117.069;72.920
282;12;5;117.069;82.510
283;5;13;102.121;84.150
283;13;5;102.121;93.880
284;5;13;90.102;64.760
284;13;5;90.102;74.490
285;5;14;148.777;68.250
285;14;5;148.777;79.060
286;5;14;148.989;79.420
286;14;5;148.989;90.230
287;5;14;126.912;63.070
287;14;5;126.912;73.880
288;5;15;98.504;63.330
288;15;5;98.504;74.550
289;5;15;110.552;70.520
289;15;5;110.552;81.740
290;5;16;92.972;71.980
290;16;5;92.972;85.610
291;5;17;63.721;76.120
291;17;5;63.721;89.780
292;5;17;65.438;70.970
292;17;5;65.438;84.630
293;5;18;130.857;61.810
293;18;5;130.857;76.650
294;5;18;131.487;70.620
294;18;5;131.487;85.460
295;5;19;95.384;73.030
295;19;5;95.384;88.580
296;5;20;54.760;61.760
296;20;5;54.760;77.690
297;5;21;90.512;59.520
297;21;5;90.512;75.620
298;5;21;95.102;66.500
298;21;5;95.102;82.600
299;5;22;59.458;81.320
299;22;5;59.458;98.200
300;5;22;61.248;77.640
300;22;5;61.248;94.520
301;5;23;91.414;71.960
301;23;5;91.414;89.300
302;5;23;90.144;69.830
302;23;5;90.144;87.170
303;5;24;138.718;79.960
303;24;5;138.718;98.610
304;5;24;160.360;66.440
304;24;5;160.360;85.090
305;5;24;136.009;73.880
305;24;5;136.009;92.530
306;5;25;139.200;64.440
306;25;5;139.200;83.440
307;5;26;77.067;76.840
307;26;5;77.067;95.940
308;5;27;90.992;67.910
308;27;5;90.992;88.870
309;5;27;98.979;52.940
309;27;5;98.979;73.900
310;5;27;98.437;66.870
310;27;5;98.437;87.830
311;5;28;80.025;71.560
311;28;5;80.025;92.820
312;5;28;87.407;70.470
312;28;5;87.407;91.730
313;5;28;84.683;66.070
313;28;5;84.683;87.330
314;5;29;28.285;2.460
314;29;5;73.285;76.150
315;5;29;29.599;5.460
315;29;5;74.599;79.150
316;5;29;32.964;12.730
316;29;5;77.964;86.420
317;6;7;87.910;74.000
317;7;6;87.910;75.080
318;6;8;102.892;78.540
318;8;6;102.892;79.780
319;6;8;92.737;75.460
319;8;6;92.737;76.700
320;6;9;108.137;78.650
320;9;6;108.137;80.130
321;6;9;114.606;78.230
321;9;6;114.606;79.710
322;6;10;74.136;76.990
322;10;6;74.136;78.510
323;6;10;77.632;89.730
323;10;6;77.632;91.250
324;6;11;111.092;71.220
324;11;6;111.092;74.970
325;6;12;97.504;77.350
325;12;6;97.504;83.750
326;6;12;88.416;75.070
326;12;6;88.416;81.470
327;6;12;93.890;67.970
327;12;6;93.890;74.370
328;6;13;93.727;81.980
328;13;6;93.727;88.520
329;6;14;149.258;72.450
329;14;6;149.258;80.070
330;6;14;149.764;71.470
330;14;6;149.764;79.090
331;6;15;114.654;84.820
331;15;6;114.654;92.850
332;6;16;110.343;71.080
332;16;6;110.343;81.520
333;6;17;135.045;65.370
333;17;6;135.045;75.840
334;6;18;62.276;59.830
334;18;6;62.276;71.480
335;6;18;64.382;79.120
335;18;6;64.382;90.770
336;6;19;97.787;78.600
336;19;6;97.787;90.960
337;6;19;87.376;72.750
337;19;6;87.376;85.110
338;6;20;149.601;64.950
338;20;6;149.601;77.690
339;6;20;130.353;60.990
339;20;6;130.353;73.730
340;6;21;103.090;61.750
340;21;6;103.090;74.660
341;6;22;141.875;81.310
341;22;6;141.875;95.000
342;6;22;133.940;69.430
342;22;6;133.940;83.120
343;6;22;121.170;57.770
343;22;6;121.170;71.460
344;6;23;101.809;68.130
344;23;6;101.809;82.280
345;6;23;106.466;59.380
345;23;6;106.466;73.530
346;6;23;111.630;80.460
346;23;6;111.630;94.610
347;6;24;138.199;62.960
347;24;6;138.199;78.420
348;6;24;153.244;66.930
348;24;6;153.244;82.390
349;6;25;119.772;67.380
349;25;6;119.772;83.190
350;6;25;134.455;76.080
350;25;6;134.455;91.890
351;6;26;116.292;56.000
351;26;6;116.292;71.910
352;6;26;119.406;76.370
352;26;6;119.406;92.280
353;6;26;104.447;68.240
353;26;6;104.447;84.150
354;6;27;102.478;75.680
354;27;6;102.478;93.450
355;6;27;115.753;67.300
355;27;6;115.753;85.070
356;6;27;108.862;70.120
356;27;6;108.862;87.890
357;6;28;113.151;52.890
357;28;6;113.151;70.960
358;6;28;100.711;65.990
358;28;6;100.711;84.060
359;6;28;105.319;65.220
359;28;6;105.319;83.290
360;6;29;74.442;9.090
360;29;6;119.442;79.590
361;6;29;88.701;19.600
361;29;6;133.701;90.100
362;6;29;80.787;21.220
362;29;6;125.787;91.720
363;7;8;60.372;78.040
363;8;7;60.372;78.200
364;7;8;60.806;75.060
364;8;7;60.806;75.220
365;7;9;69.601;69.970
365;9;7;69.601;70.370
366;7;9;67.627;87.550
366;9;7;67.627;87.950
367;7;10;59.501;83.250
367;10;7;59.501;83.690
368;7;10;60.020;75.220
368;10;7;60.020;75.660
369;7;10;63.116;72.250
369;10;7;63.116;72.690
370;7;11;68.885;69.690
370;11;7;68.885;72.360
371;7;11;71.920;76.760
371;11;7;71.920;79.430
372;7;11;73.981;69.620
372;11;7;73.981;72.290
373;7;12;74.022;85.620
373;12;7;74.022;90.940
374;7;13;63.996;87.750
374;13;7;63.996;93.210
375;7;13;61.836;75.380
375;13;7;61.836;80.840
376;7;14;130.235;75.420
376;14;7;130.235;81.960
377;7;15;78.419;74.470
377;15;7;78.419;81.420
378;7;15;73.428;85.460
378;15;7;73.428;92.410
379;7;16;70.644;63.760
379;16;7;70.644;73.120
380;7;17;95.168;68.650
380;17;7;95.168;78.040
381;7;17;96.387;80.970
381;17;7;96.387;90.360
382;7;18;72.178;74.430
382;18;7;72.178;85.000
383;7;19;55.085;58.490
383;19;7;55.085;69.770
384;7;19;55.966;79.420
384;19;7;55.966;90.700
385;7;19;55.488;65.100
385;19;7;55.488;76.380
386;7;20;106.754;59.640
386;20;7;106.754;71.300
387;7;20;103.730;69.110
387;20;7;103.730;80.770
388;7;21;60.208;70.130
388;21;7;60.208;81.960
389;7;21;59.524;58.220
389;21;7;59.524;70.050
390;7;22;98.966;65.650
390;22;7;98.966;78.260
391;7;23;59.075;78.660
391;23;7;59.075;91.730
392;7;23;60.722;60.000
392;23;7;60.722;73.070
393;7;23;59.880;65.710
393;23;7;59.880;78.780
394;7;24;117.833;65.950
394;24;7;117.833;80.330
395;7;25;105.565;57.130
395;25;7;105.565;71.860
396;7;26;73.573;62.040
396;26;7;73.573;76.870
397;7;26;67.094;65.660
397;26;7;67.094;80.490
398;7;27;59.627;53.620
398;27;7;59.627;70.310
399;7;27;59.942;59.730
399;27;7;59.942;76.420
400;7;28;72.476;68.760
400;28;7;72.476;85.750
401;7;28;76.605;75.620
401;28;7;76.605;92.610
402;7;29;32.509;15.010
402;29;7;77.509;84.430
403;7;29;38.629;0.140
403;29;7;83.629;69.560
404;7;29;28.243;18.720
404;29;7;73.243;88.140
405;8;9;66.053;80.500
405;9;8;66.053;80.740
406;8;10;73.859;93.650
406;10;8;73.859;93.930
407;8;10;69.275;74.520
407;10;8;69.275;74.800
408;8;11;53.547;77.790
408;11;8;53.547;80.300
409;8;12;80.845;69.630
409;12;8;80.845;74.790
410;8;12;77.636;80.270
410;12;8;77.636;85.430
411;8;12;88.030;83.330
411;12;8;88.030;88.490
412;8;13;64.667;84.140
412;13;8;64.667;89.440
413;8;14;131.899;87.400
413;14;8;131.899;93.780
414;8;14;116.933;79.700
414;14;8;116.933;86.080
415;8;15;74.973;78.840
415;15;8;74.973;85.630
416;8;15;74.219;79.400
416;15;8;74.219;86.190
417;8;15;68.150;70.010
417;15;8;68.150;76.800
418;8;16;65.072;82.140
418;16;8;65.072;91.340
419;8;17;80.483;77.960
419;17;8;80.483;87.190
420;8;18;86.462;60.910
420;18;8;86.462;71.320
421;8;19;50.307;70.790
421;19;8;50.307;81.910
422;8;19;49.016;63.310
422;19;8;49.016;74.430
423;8;20;91.758;64.720
423;20;8;91.758;76.220
424;8;20;101.955;71.810
424;20;8;101.955;83.310
425;8;21;47.930;65.080
425;21;8;47.930;76.750
426;8;22;84.311;72.260
426;22;8;84.311;84.710
427;8;22;77.659;79.860
427;22;8;77.659;92.310
428;8;22;92.960;60.960
428;22;8;92.960;73.410
429;8;23;46.755;62.020
429;23;8;46.755;74.930
430;8;24;119.643;69.480
430;24;8;119.643;83.700
431;8;25;111.028;59.230
431;25;8;111.028;73.800
432;8;25;118.074;70.300
432;25;8;118.074;84.870
433;8;25;100.777;69.250
433;25;8;100.777;83.820
434;8;26;58.413;75.690
434;26;8;58.413;90.360
435;8;26;59.998;56.840
435;26;8;59.998;71.510
436;8;27;47.493;61.920
436;27;8;47.493;78.450
437;8;28;58.189;55.640
437;28;8;58.189;72.470
438;8;28;61.178;58.730
438;28;8;61.178;75.560
439;8;29;17.194;23.480
439;29;8;62.194;92.740
440;8;29;21.409;2.920
440;29;8;66.409;72.180
441;9;10;82.998;78.700
441;10;9;82.998;78.740
442;9;10;84.371;90.140
442;10;9;84.371;90.180
443;9;11;69.444;89.550
443;11;9;69.444;91.820
444;9;11;64.198;88.220
444;11;9;64.198;90.490
445;9;12;65.984;87.030
445;12;9;65.984;91.950
446;9;13;84.115;83.850
446;13;9;84.115;88.910
447;9;13;80.168;83.150
447;13;9;80.168;88.210
448;9;13;76.093;88.440
448;13;9;76.093;93.500
449;9;14;110.940;65.830
449;14;9;110.940;71.970
450;9;14;98.183;62.900
450;14;9;98.183;69.040
451;9;15;54.238;77.350
451;15;9;54.238;83.900
452;9;15;52.033;85.900
452;15;9;52.033;92.450
453;9;15;53.904;85.630
453;15;9;53.904;92.180
454;9;16;48.134;74.500
454;16;9;48.134;83.460
455;9;17;93.824;77.970
455;17;9;93.824;86.960
456;9;18;94.880;71.370
456;18;9;94.880;81.540
457;9;19;65.740;67.950
457;19;9;65.740;78.830
458;9;19;65.068;74.790
458;19;9;65.068;85.670
459;9;20;93.521;66.150
459;20;9;93.521;77.410
460;9;20;84.863;70.800
460;20;9;84.863;82.060
461;9;20;87.704;79.680
461;20;9;87.704;90.940
462;9;21;63.125;78.730
462;21;9;63.125;90.160
463;9;21;58.652;68.030
463;21;9;58.652;79.460
464;9;22;84.813;75.280
464;22;9;84.813;87.490
465;9;22;81.445;79.830
465;22;9;81.445;92.040
466;9;23;64.813;66.250
466;23;9;64.813;78.920
467;9;23;65.348;72.600
467;23;9;65.348;85.270
468;9;24;98.755;70.300
468;24;9;98.755;84.280
469;9;25;91.911;77.760
469;25;9;91.911;92.090
470;9;25;94.238;61.160
470;25;9;94.238;75.490
471;9;26;68.466;68.340
471;26;9;68.466;82.770
472;9;26;65.868;62.470
472;26;9;65.868;76.900
473;9;26;66.690;57.240
473;26;9;66.690;71.670
474;9;27;63.660;54.150
474;27;9;63.660;70.440
475;9;27;62.657;67.200
475;27;9;62.657;83.490
476;9;27;68.264;72.700
476;27;9;68.264;88.990
477;9;28;76.014;53.290
477;28;9;76.014;69.880
478;9;28;69.490;54.600
478;28;9;69.490;71.190
479;9;28;81.137;63.590
479;28;9;81.137;80.180
480;9;29;30.107;11.430
480;29;9;75.107;80.450
481;9;29;37.064;20.700
481;29;9;82.064;89.720
482;9;29;29.800;11.510
482;29;9;74.800;80.530
483;10;11;81.967;78.290
483;11;10;81.967;80.520
484;10;11;81.534;74.090
484;11;10;81.534;76.320
485;10;12;80.955;74.750
485;12;10;80.955;79.630
486;10;12;76.188;65.390
486;12;10;76.188;70.270
487;10;12;80.297;66.030
487;12;10;80.297;70.910
488;10;13;67.057;71.060
488;13;10;67.057;76.080
489;10;14;138.102;85.210
489;14;10;138.102;91.310
490;10;14;121.133;75.730
490;14;10;121.133;81.830
491;10;15;91.181;75.290
491;15;10;91.181;81.800
492;10;15;96.395;79.810
492;15;10;96.395;86.320
493;10;15;85.322;82.460
493;15;10;85.322;88.970
494;10;16;84.493;61.760
494;16;10;84.493;70.680
495;10;16;92.455;60.940
495;16;10;92.455;69.860
496;10;16;84.266;77.170
496;16;10;84.266;86.090
497;10;17;106.384;77.920
497;17;10;106.384;86.870
498;10;18;57.717;67.880
498;18;10;57.717;78.010
499;10;18;57.896;69.260
499;18;10;57.896;79.390
500;10;18;56.727;79.480
500;18;10;56.727;89.610
501;10;19;68.888;73.640
501;19;10;68.888;84.480
502;10;20;120.617;66.070
502;20;10;120.617;77.290
503;10;20;127.443;80.430
503;20;10;127.443;91.650
504;10;20;109.088;73.510
504;20;10;109.088;84.730
505;10;21;74.303;80.610
505;21;10;74.303;92.000
506;10;22;113.074;74.850
506;22;10;113.074;87.020
507;10;23;72.879;72.520
507;23;10;72.879;85.150
508;10;23;75.915;73.880
508;23;10;75.915;86.510
509;10;24;125.897;68.220
509;24;10;125.897;82.160
510;10;24;106.910;75.650
510;24;10;106.910;89.590
511;10;24;116.484;72.720
511;24;10;116.484;86.660
512;10;25;111.005;72.570
512;25;10;111.005;86.860
513;10;26;87.272;61.790
513;26;10;87.272;76.180
514;10;27;73.647;72.530
514;27;10;73.647;88.780
515;10;27;66.855;54.090
515;27;10;66.855;70.340
516;10;28;84.149;62.920
516;28;10;84.149;79.470
517;10;28;84.835;58.090
517;28;10;84.835;74.640
518;10;29;45.309;5.650
518;29;10;90.309;74.630
519;10;29;46.192;5.920
519;29;10;91.192;74.900
520;10;29;38.301;16.900
520;29;10;83.301;85.880
521;11;12;87.276;79.630
521;12;11;87.276;82.280
522;11;13;68.888;71.920
522;13;11;68.888;74.710
523;11;13;67.063;75.010
523;13;11;67.063;77.800
524;11;13;67.432;86.550
524;13;11;67.432;89.340
525;11;14;134.874;71.940
525;14;11;134.874;75.810
526;11;14;145.474;76.340
526;14;11;145.474;80.210
527;11;14;144.759;77.570
527;14;11;144.759;81.440
528;11;15;77.233;79.810
528;15;11;77.233;84.090
529;11;15;73.147;77.210
529;15;11;73.147;81.490
530;11;15;79.709;79.380
530;15;11;79.709;83.660
531;11;16;67.457;68.260
531;16;11;67.457;74.950
532;11;16;68.478;71.770
532;16;11;68.478;78.460
533;11;17;72.272;75.820
533;17;11;72.272;82.540
534;11;17;71.913;68.640
534;17;11;71.913;75.360
535;11;17;70.808;67.640
535;17;11;70.808;74.360
536;11;18;94.403;80.630
536;18;11;94.403;88.530
537;11;18;90.151;67.080
537;18;11;90.151;74.980
538;11;19;58.852;80.630
538;19;11;58.852;89.240
539;11;20;83.904;67.180
539;20;11;83.904;76.170
540;11;20;83.951;58.100
540;20;11;83.951;67.090
541;11;20;93.533;65.010
541;20;11;93.533;74.000
542;11;21;54.733;81.910
542;21;11;54.733;91.070
543;11;21;55.740;71.200
543;21;11;55.740;80.360
544;11;22;76.945;62.540
544;22;11;76.945;72.480
545;11;22;74.810;74.110
545;22;11;74.810;84.050
546;11;22;81.055;78.360
546;22;11;81.055;88.300
547;11;23;55.056;58.840
547;23;11;55.056;69.240
548;11;23;56.334;57.520
548;23;11;56.334;67.920
549;11;23;56.510;79.200
549;23;11;56.510;89.600
550;11;24;122.863;77.150
550;24;11;122.863;88.860
551;11;24;112.947;68.780
551;24;11;112.947;80.490
552;11;24;133.992;60.280
552;24;11;133.992;71.990
553;11;25;116.122;62.810
553;25;11;116.122;74.870
554;11;25;110.748;60.450
554;25;11;110.748;72.510
555;11;25;115.602;74.420
555;25;11;115.602;86.480
556;11;26;51.171;75.150
556;26;11;51.171;87.310
557;11;26;49.839;79.360
557;26;11;49.839;91.520
558;11;27;54.975;67.640
558;27;11;54.975;81.660
559;11;28;51.574;75.070
559;28;11;51.574;89.390
560;11;28;51.578;58.090
560;28;11;51.578;72.410
561;11;28;52.776;52.980
561;28;11;52.776;67.300
562;11;29;8.647;1.420
562;29;11;53.647;68.170
563;11;29;10.478;1.330
563;29;11;55.478;68.080
564;12;13;92.913;86.910
564;13;12;92.913;87.050
565;12;14;102.209;77.730
565;14;12;102.209;78.950
566;12;14;113.312;66.080
566;14;12;113.312;67.300
567;12;15;66.570;65.510
567;15;12;66.570;67.140
568;12;15;64.027;72.380
568;15;12;64.027;74.010
569;12;15;68.747;84.610
569;15;12;68.747;86.240
570;12;16;69.109;79.790
570;16;12;69.109;83.830
571;12;16;75.119;67.220
571;16;12;75.119;71.260
572;12;16;70.661;63.310
572;16;12;70.661;67.350
573;12;17;113.662;61.290
573;17;12;113.662;65.360
574;12;17;97.302;70.800
574;17;12;97.302;74.870
575;12;18;89.204;73.840
575;18;12;89.204;79.090
576;12;18;93.924;68.570
576;18;12;93.924;73.820
577;12;19;77.528;78.020
577;19;12;77.528;83.980
578;12;20;114.299;63.080
578;20;12;114.299;69.420
579;12;20;99.257;74.870
579;20;12;99.257;81.210
580;12;21;78.322;81.900
580;21;12;78.322;88.410
581;12;22;105.577;69.170
581;22;12;105.577;76.460
582;12;22;104.953;72.020
582;22;12;104.953;79.310
583;12;22;97.897;75.380
583;22;12;97.897;82.670
584;12;23;79.129;68.220
584;23;12;79.129;75.970
585;12;24;89.955;76.310
585;24;12;89.955;85.370
586;12;24;101.078;57.270
586;24;12;101.078;66.330
587;12;24;97.414;77.930
587;24;12;97.414;86.990
588;12;25;76.549;76.610
588;25;12;76.549;86.020
589;12;25;70.105;78.650
589;25;12;70.105;88.060
590;12;26;88.091;65.810
590;26;12;88.091;75.320
591;12;26;84.378;56.970
591;26;12;84.378;66.480
592;12;26;82.301;68.040
592;26;12;82.301;77.550
593;12;27;78.457;67.860
593;27;12;78.457;79.230
594;12;27;77.013;68.450
594;27;12;77.013;79.820
595;12;28;93.438;65.000
595;28;12;93.438;76.670
596;12;28;101.296;61.070
596;28;12;101.296;72.740
597;12;29;49.491;18.520
597;29;12;94.491;82.620
598;13;14;148.288;64.140
598;14;13;148.288;65.220
599;13;15;93.346;71.660
599;15;13;93.346;73.150
600;13;15;94.162;62.900
600;15;13;94.162;64.390
601;13;15;100.476;76.250
601;15;13;100.476;77.740
602;13;16;83.871;80.020
602;16;13;83.871;83.920
603;13;16;85.852;72.170
603;16;13;85.852;76.070
604;13;16;85.643;77.070
604;16;13;85.643;80.970
605;13;17;87.085;74.950
605;17;13;87.085;78.880
606;13;17;81.615;77.090
606;17;13;81.615;81.020
607;13;17;96.122;70.400
607;17;13;96.122;74.330
608;13;18;76.508;79.520
608;18;13;76.508;84.630
609;13;19;63.382;82.510
609;19;13;63.382;88.330
610;13;19;59.023;73.720
610;19;13;59.023;79.540
611;13;19;61.775;60.150
611;19;13;61.775;65.970
612;13;20;106.346;77.690
612;20;13;106.346;83.890
613;13;20;105.316;71.790
613;20;13;105.316;77.990
614;13;21;67.147;62.430
614;21;13;67.147;68.800
615;13;21;67.976;64.720
615;21;13;67.976;71.090
616;13;22;100.244;74.450
616;22;13;100.244;81.600
617;13;23;65.174;69.040
617;23;13;65.174;76.650
618;13;23;60.659;80.930
618;23;13;60.659;88.540
619;13;23;61.239;57.290
619;23;13;61.239;64.900
620;13;24;135.886;57.630
620;24;13;135.886;66.550
621;13;25;124.455;78.940
621;25;13;124.455;88.210
622;13;25;112.638;74.780
622;25;13;112.638;84.050
623;13;25;142.570;62.270
623;25;13;142.570;71.540
624;13;26;75.057;67.130
624;26;13;75.057;76.500
625;13;27;66.427;72.300
625;27;13;66.427;83.530
626;13;27;67.466;75.940
626;27;13;67.466;87.170
627;13;27;71.650;68.830
627;27;13;71.650;80.060
628;13;28;67.490;54.470
628;28;13;67.490;66.000
629;13;29;30.026;6.420
629;29;13;75.026;70.380
630;13;29;32.536;11.150
630;29;13;77.536;75.110
631;14;15;102.641;68.230
631;15;14;102.641;68.640
632;14;15;96.380;67.880
632;15;14;96.380;68.290
633;14;16;112.493;67.150
633;16;14;112.493;69.970
634;14;16;100.495;67.990
634;16;14;100.495;70.810
635;14;16;104.317;62.900
635;16;14;104.317;65.720
636;14;17;154.833;74.750
636;17;14;154.833;77.600
637;14;17;140.735;78.460
637;17;14;140.735;81.310
638;14;18;145.154;79.000
638;18;14;145.154;83.030
639;14;18;124.783;68.330
639;18;14;124.783;72.360
640;14;18;156.774;66.890
640;18;14;156.774;70.920
641;14;19;130.650;71.950
641;19;14;130.650;76.690
642;14;19;113.544;62.260
642;19;14;113.544;67.000
643;14;20;141.250;59.490
643;20;14;141.250;64.610
644;14;21;128.972;79.130
644;21;14;128.972;84.420
645;14;22;134.327;74.730
645;22;14;134.327;80.800
646;14;23;130.535;72.270
646;23;14;130.535;78.800
647;14;23;117.468;59.980
647;23;14;117.468;66.510
648;14;24;57.409;70.600
648;24;14;57.409;78.440
649;14;24;54.336;70.960
649;24;14;54.336;78.800
650;14;24;54.545;56.840
650;24;14;54.545;64.680
651;14;25;74.586;58.100
651;25;14;74.586;66.290
652;14;25;74.292;63.940
652;25;14;74.292;72.130
653;14;26;132.307;77.950
653;26;14;132.307;86.240
654;14;26;121.960;67.500
654;26;14;121.960;75.790
655;14;27;129.450;58.610
655;27;14;129.450;68.760
656;14;27;141.034;60.440
656;27;14;141.034;70.590
657;14;27;121.332;76.930
657;27;14;121.332;87.080
658;14;28;141.388;71.310
658;28;14;141.388;81.760
659;14;28;145.552;73.900
659;28;14;145.552;84.350
660;14;28;139.245;73.130
660;28;14;139.245;83.580
661;14;29;93.673;19.910
661;29;14;138.673;82.790
662;14;29;83.506;19.880
662;29;14;128.506;82.760
663;14;29;71.439;12.630
663;29;14;116.439;75.510
664;15;16;54.975;76.670
664;16;15;54.975;79.080
665;15;16;56.012;60.780
665;16;15;56.012;63.190
666;15;17;99.245;76.140
666;17;15;99.245;78.580
667;15;17;107.147;80.710
667;17;15;107.147;83.150
668;15;17;86.326;70.360
668;17;15;86.326;72.800
669;15;18;102.552;83.500
669;18;15;102.552;87.120
670;15;18;112.446;75.510
670;18;15;112.446;79.130
671;15;18;112.875;60.980
671;18;15;112.875;64.600
672;15;19;74.967;63.770
672;19;15;74.967;68.100
673;15;19;75.271;81.610
673;19;15;75.271;85.940
674;15;19;70.479;62.160
674;19;15;70.479;66.490
675;15;20;94.291;67.000
675;20;15;94.291;71.710
676;15;20;94.275;77.950
676;20;15;94.275;82.660
677;15;20;84.030;64.250
677;20;15;84.030;68.960
678;15;21;72.071;58.220
678;21;15;72.071;63.100
679;15;21;66.958;66.870
679;21;15;66.958;71.750
680;15;22;85.666;61.350
680;22;15;85.666;67.010
681;15;22;82.356;64.630
681;22;15;82.356;70.290
682;15;23;73.847;70.920
682;23;15;73.847;77.040
683;15;23;80.154;61.710
683;23;15;80.154;67.830
684;15;23;76.841;63.620
684;23;15;76.841;69.740
685;15;24;90.674;55.900
685;24;15;90.674;63.330
686;15;24;100.258;78.910
686;24;15;100.258;86.340
687;15;25;86.270;73.510
687;25;15;86.270;81.290
688;15;25;93.385;67.510
688;25;15;93.385;75.290
689;15;25;94.611;78.200
689;25;15;94.611;85.980
690;15;26;74.991;59.940
690;26;15;74.991;67.820
691;15;26;75.954;74.940
691;26;15;75.954;82.820
692;15;26;70.216;65.790
692;26;15;70.216;73.670
693;15;27;72.657;54.220
693;27;15;72.657;63.960
694;15;27;66.665;61.570
694;27;15;66.665;71.310
695;15;27;74.239;61.090
695;27;15;74.239;70.830
696;15;28;83.752;57.210
696;28;15;83.752;67.250
697;15;28;80.722;76.890
697;28;15;80.722;86.930
698;15;28;83.981;60.540
698;28;15;83.981;70.580
699;15;29;36.549;11.220
699;29;15;81.549;73.690
700;15;29;38.300;13.200
700;29;15;83.300;75.670
701;16;17;91.063;64.830
701;17;16;91.063;64.860
702;16;18;96.627;59.860
702;18;16;96.627;61.070
703;16;18;92.686;70.330
703;18;16;92.686;71.540
704;16;19;65.552;66.800
704;19;16;65.552;68.720
705;16;20;90.399;67.220
705;20;16;90.399;69.520
706;16;20;85.360;60.370
706;20;16;85.360;62.670
707;16;20;93.029;80.550
707;20;16;93.029;82.850
708;16;21;62.198;68.140
708;21;16;62.198;70.610
709;16;21;60.609;79.850
709;21;16;60.609;82.320
710;16;22;81.695;78.290
710;22;16;81.695;81.540
711;16;22;80.546;71.520
711;22;16;80.546;74.770
712;16;23;64.032;78.960
712;23;16;64.032;82.670
713;16;24;100.425;68.040
713;24;16;100.425;73.060
714;16;24;112.860;68.880
714;24;16;112.860;73.900
715;16;24;99.819;65.410
715;24;16;99.819;70.430
716;16;25;94.420;78.760
716;25;16;94.420;84.130
717;16;26;65.912;72.400
717;26;16;65.912;77.870
718;16;26;71.043;68.690
718;26;16;71.043;74.160
719;16;26;68.371;68.750
719;26;16;68.371;74.220
720;16;27;62.815;75.200
720;27;16;62.815;82.530
721;16;28;74.019;52.860
721;28;16;74.019;60.490
722;16;29;27.562;12.340
722;29;16;72.562;72.400
723;16;29;32.975;20.610
723;29;16;77.975;80.670
724;17;18;117.802;83.020
724;18;17;117.802;84.200
725;17;19;85.599;80.080
725;19;17;85.599;81.970
726;17;20;72.076;74.900
726;20;17;72.076;77.170
727;17;21;82.002;78.290
727;21;17;82.002;80.730
728;17;21;78.579;71.340
728;21;17;78.579;73.780
729;17;21;80.223;73.410
729;21;17;80.223;75.850
730;17;22;71.588;80.940
730;22;17;71.588;84.160
731;17;23;82.142;64.040
731;23;17;82.142;67.720
732;17;23;83.825;65.050
732;23;17;83.825;68.730
733;17;24;143.653;56.000
733;24;17;143.653;60.990
734;17;24;132.961;62.800
734;24;17;132.961;67.790
735;17;25;140.326;67.910
735;25;17;140.326;73.250
736;17;25;164.010;75.010
736;25;17;164.010;80.350
737;17;26;70.585;56.560
737;26;17;70.585;62.000
738;17;27;82.210;58.720
738;27;17;82.210;66.020
739;17;27;82.672;60.500
739;27;17;82.672;67.800
740;17;27;82.367;53.810
740;27;17;82.367;61.110
741;17;28;67.692;65.680
741;28;17;67.692;73.280
742;17;28;67.936;56.010
742;28;17;67.936;63.610
743;17;28;66.790;57.850
743;28;17;66.790;65.450
744;17;29;19.222;13.360
744;29;17;64.222;73.390
745;17;29;20.059;5.340
745;29;17;65.059;65.370
746;17;29;19.178;5.490
746;29;17;64.178;65.520
747;18;19;81.571;65.760
747;19;18;81.571;66.470
748;18;19;88.052;77.740
748;19;18;88.052;78.450
749;18;20;133.195;80.470
749;20;18;133.195;81.560
750;18;20;134.155;58.290
750;20;18;134.155;59.380
751;18;21;87.003;79.810
751;21;18;87.003;81.070
752;18;21;80.056;69.770
752;21;18;80.056;71.030
753;18;22;125.739;73.650
753;22;18;125.739;75.690
754;18;23;85.544;58.770
754;23;18;85.544;61.270
755;18;24;133.290;57.170
755;24;18;133.290;60.980
756;18;25;116.704;58.910
756;25;18;116.704;63.070
757;18;25;127.008;63.350
757;25;18;127.008;67.510
758;18;26;99.858;60.090
758;26;18;99.858;64.350
759;18;26;103.970;57.160
759;26;18;103.970;61.420
760;18;27;86.339;61.600
760;27;18;86.339;67.720
761;18;27;88.276;72.690
761;27;18;88.276;78.810
762;18;27;87.049;62.930
762;27;18;87.049;69.050
763;18;28;96.076;72.130
763;28;18;96.076;78.550
764;18;28;94.808;73.060
764;28;18;94.808;79.480
765;18;28;106.349;72.390
765;28;18;106.349;78.810
766;18;29;57.583;6.860
766;29;18;102.583;65.710
767;18;29;57.606;17.270
767;29;18;102.606;76.120
768;18;29;58.124;16.800
768;29;18;103.124;75.650
769;19;20;96.814;64.670
769;20;19;96.814;65.050
770;19;20;88.990;61.350
770;20;19;88.990;61.730
771;19;20;83.868;66.190
771;20;19;83.868;66.570
772;19;21;50.468;61.210
772;21;19;50.468;61.760
773;19;21;51.159;76.540
773;21;19;51.159;77.090
774;19;21;49.789;80.860
774;21;19;49.789;81.410
775;19;22;89.188;79.240
775;22;19;89.188;80.570
776;19;23;49.023;57.750
776;23;19;49.023;59.540
777;19;24;118.294;74.630
777;24;19;118.294;77.730
778;19;25;108.438;74.300
778;25;19;108.438;77.750
779;19;26;63.534;74.040
779;26;19;63.534;77.590
780;19;26;61.332;75.300
780;26;19;61.332;78.850
781;19;26;65.763;77.230
781;26;19;65.763;80.780
782;19;27;49.777;59.080
782;27;19;49.777;64.490
783;19;27;50.962;75.130
783;27;19;50.962;80.540
784;19;28;63.056;68.010
784;28;19;63.056;73.720
785;19;29;22.496;5.980
785;29;19;67.496;64.120
786;19;29;19.245;16.740
786;29;19;64.245;74.880
787;19;29;18.953;7.830
787;29;19;63.953;65.970
788;20;21;91.546;78.130
788;21;20;91.546;78.300
789;20;21;88.369;73.670
789;21;20;88.369;73.840
790;20;21;91.342;80.590
790;21;20;91.342;80.760
791;20;22;53.722;66.020
791;22;20;53.722;66.970
792;20;22;55.565;59.540
792;22;20;55.565;60.490
793;20;22;54.597;63.570
793;22;20;54.597;64.520
794;20;23;92.793;72.470
794;23;20;92.793;73.880
795;20;23;86.291;71.530
795;23;20;86.291;72.940
796;20;24;131.713;65.460
796;24;20;131.713;68.180
797;20;25;133.825;77.650
797;25;20;133.825;80.720
798;20;25;149.599;77.070
798;25;20;149.599;80.140
799;20;26;78.346;76.940
799;26;20;78.346;80.110
800;20;26;71.538;70.470
800;26;20;71.538;73.640
801;20;27;92.138;68.310
801;27;20;92.138;73.340
802;20;27;103.792;53.730
802;27;20;103.792;58.760
803;20;28;83.857;66.420
803;28;20;83.857;71.750
804;20;28;82.001;53.190
804;28;20;82.001;58.520
805;20;28;80.058;73.890
805;28;20;80.058;79.220
806;20;29;31.387;6.880
806;29;20;76.387;64.640
807;20;29;29.673;21.120
807;29;20;74.673;78.880
808;20;29;32.352;17.380
808;29;20;77.352;75.140
809;21;22;83.807;66.180
809;22;21;83.807;66.960
810;21;22;78.752;67.320
810;22;21;78.752;68.100
811;21;23;46.983;66.350
811;23;21;46.983;67.590
812;21;23;47.186;59.580
812;23;21;47.186;60.820
813;21;24;116.720;78.340
813;24;21;116.720;80.890
814;21;24;132.715;58.520
814;24;21;132.715;61.070
815;21;25;108.257;61.730
815;25;21;108.257;64.630
816;21;25;118.738;64.760
816;25;21;118.738;67.660
817;21;25;92.693;56.850
817;25;21;92.693;59.750
818;21;26;58.464;70.780
818;26;21;58.464;73.780
819;21;27;45.760;64.900
819;27;21;45.760;69.760
820;21;28;60.254;64.790
820;28;21;60.254;69.950
821;21;28;61.537;53.980
821;28;21;61.537;59.140
822;21;29;18.196;13.260
822;29;21;63.196;70.850
823;22;23;85.197;56.500
823;23;22;85.197;56.960
824;22;23;77.772;71.730
824;23;22;77.772;72.190
825;22;24;124.353;65.830
825;24;22;124.353;67.600
826;22;24;111.013;65.850
826;24;22;111.013;67.620
827;22;25;125.577;64.300
827;25;22;125.577;66.420
828;22;25;125.653;61.730
828;25;22;125.653;63.850
829;22;25;129.043;58.640
829;25;22;129.043;60.760
830;22;26;71.038;65.030
830;26;22;71.038;67.250
831;22;26;65.113;60.800
831;26;22;65.113;63.020
832;22;27;84.442;74.110
832;27;22;84.442;78.190
833;22;27;83.014;72.980
833;27;22;83.014;77.060
834;22;27;91.618;76.160
834;27;22;91.618;80.240
835;22;28;77.982;58.660
835;28;22;77.982;63.040
836;22;28;78.527;72.480
836;28;22;78.527;76.860
837;22;29;25.336;12.390
837;29;22;70.336;69.200
838;22;29;29.165;0.520
838;29;22;74.165;57.330
839;22;29;27.859;0.670
839;29;22;72.859;57.480
840;23;24;118.254;79.900
840;24;23;118.254;81.210
841;23;25;109.413;65.660
841;25;23;109.413;67.320
842;23;25;117.705;56.370
842;25;23;117.705;58.030
843;23;26;59.514;60.240
843;26;23;59.514;62.000
844;23;26;60.759;75.740
844;26;23;60.759;77.500
845;23;26;58.651;55.790
845;26;23;58.651;57.550
846;23;27;46.253;59.360
846;27;23;46.253;62.980
847;23;27;46.300;54.670
847;27;23;46.300;58.290
848;23;27;46.201;70.230
848;27;23;46.201;73.850
849;23;28;59.928;56.760
849;28;23;59.928;60.680
850;23;28;63.192;72.600
850;28;23;63.192;76.520
851;23;29;18.686;4.090
851;29;23;63.686;60.440
852;23;29;19.355;20.280
852;29;23;64.355;76.630
853;23;29;20.085;5.910
853;29;23;65.085;62.260
854;24;25;64.736;59.300
854;25;24;64.736;59.650
855;24;25;67.045;72.520
855;25;24;67.045;72.870
856;24;25;61.097;73.990
856;25;24;61.097;74.340
857;24;26;120.540;69.080
857;26;24;120.540;69.530
858;24;26;105.919;63.590
858;26;24;105.919;64.040
859;24;27;117.184;61.110
859;27;24;117.184;63.420
860;24;27;111.301;77.330
860;27;24;111.301;79.640
861;24;27;105.931;62.430
861;27;24;105.931;64.740
862;24;28;129.406;75.240
862;28;24;129.406;77.850
863;24;29;81.991;17.150
863;29;24;126.991;72.190
864;24;29;80.526;15.640
864;29;24;125.526;70.680
865;24;29;90.493;17.720
865;29;24;135.493;72.760
866;25;26;115.322;64.860
866;26;25;115.322;64.960
867;25;26;127.903;66.820
867;26;25;127.903;66.920
868;25;26;108.155;76.260
868;26;25;108.155;76.360
869;25;27;108.546;58.760
869;27;25;108.546;60.720
870;25;27;95.990;54.240
870;27;25;95.990;56.200
871;25;27;100.968;65.970
871;27;25;100.968;67.930
872;25;28;122.629;55.730
872;28;25;122.629;57.990
873;25;29;76.973;21.410
873;29;25;121.973;76.100
874;25;29;69.465;12.620
874;29;25;114.465;67.310
875;25;29;81.708;21.900
875;29;25;126.708;76.590
876;26;27;58.977;77.620
876;27;26;58.977;79.480
877;26;27;61.815;67.670
877;27;26;61.815;69.530
878;26;28;55.342;67.200
878;28;26;55.342;69.360
879;26;28;55.677;68.670
879;28;26;55.677;70.830
880;26;28;54.522;71.430
880;28;26;54.522;73.590
881;26;29;6.651;2.460
881;29;26;51.651;57.050
882;26;29;6.272;13.860
882;29;26;51.272;68.450
883;26;29;7.994;18.790
883;29;26;52.994;73.380
884;27;28;60.269;71.160
884;28;27;60.269;71.460
885;27;29;18.520;14.040
885;29;27;63.520;66.770
886;28;29;7.648;0.210
886;29;28;52.648;52.640
887;28;29;8.381;21.120
887;29;28;53.381;73.550
