30
600.0
0;0;1;68.796;91.600
0;1;0;23.796;0.560
1;0;1;64.476;98.420
1;1;0;19.476;7.380
2;0;1;68.323;113.900
2;1;0;23.323;22.860
3;0;2;94.491;90.720
3;2;0;49.491;0.880
4;0;3;73.285;107.410
4;3;0;28.285;23.340
5;0;3;71.577;96.420
5;3;0;26.577;12.350
6;0;3;69.551;106.460
6;3;0;24.551;22.390
7;0;4;67.688;100.810
7;4;0;22.688;17.960
8;0;4;69.756;103.170
8;4;0;24.756;20.320
9;0;4;63.953;82.950
9;4;0;18.953;0.100
10;0;5;53.647;96.310
10;5;0;8.647;14.350
11;0;5;52.745;93.030
11;5;0;7.745;11.070
12;0;6;75.107;89.780
12;6;0;30.107;7.890
13;0;6;69.562;98.900
13;6;0;24.562;17.010
14;0;7;77.509;98.920
14;7;0;32.509;20.640
15;0;8;81.549;89.490
15;8;0;36.549;11.490
16;0;8;81.615;80.790
16;8;0;36.615;2.790
17;0;9;62.194;96.360
17;9;0;17.194;18.610
18;0;9;62.892;81.400
18;9;0;17.892;3.650
19;0;10;90.309;92.320
19;10;0;45.309;15.000
20;0;11;64.222;85.470
20;11;0;19.222;13.130
21;0;12;76.387;87.930
21;12;0;31.387;15.770
22;0;13;72.562;84.760
22;13;0;27.562;13.360
23;0;14;124.572;87.960
23;14;0;79.572;16.880
24;0;14;135.762;85.340
24;14;0;90.762;14.260
25;0;14;129.109;89.170
25;14;0;84.109;18.090
26;0;15;138.673;77.360
26;15;0;93.673;9.240
27;0;16;67.496;69.070
27;16;0;22.496;1.500
28;0;16;71.803;71.380
28;16;0;26.803;3.810
29;0;17;63.196;81.980
29;17;0;18.196;14.490
30;0;17;59.538;71.150
30;17;0;14.538;3.660
31;0;17;67.041;78.920
31;17;0;22.041;11.430
32;0;18;119.442;67.690
32;18;0;74.442;0.830
33;0;18;119.006;77.170
33;18;0;74.006;10.310
34;0;19;54.829;84.810
34;19;0;9.829;20.320
35;0;20;116.350;64.480
35;20;0;71.350;1.050
36;0;20;102.365;86.180
36;20;0;57.365;22.750
37;0;20;112.892;78.850
37;20;0;67.892;15.420
38;0;21;63.315;72.680
38;21;0;18.315;10.390
39;0;22;63.686;78.990
39;22;0;18.686;16.770
40;0;22;59.205;85.210
40;22;0;14.205;22.990
41;0;23;63.520;69.040
41;23;0;18.520;6.990
42;0;23;61.578;84.640
42;23;0;16.578;22.590
43;0;23;61.556;70.960
43;23;0;16.556;8.910
44;0;24;65.827;65.230
44;24;0;20.827;3.730
45;0;25;94.508;68.890
45;25;0;49.508;7.600
46;0;25;100.841;85.220
46;25;0;55.841;23.930
47;0;25;85.194;69.360
47;25;0;40.194;8.070
48;0;26;70.336;64.110
48;26;0;25.336;3.230
49;0;26;67.447;63.360
49;26;0;22.447;2.480
50;0;26;64.240;71.710
50;26;0;19.240;10.830
51;0;27;51.651;66.200
51;27;0;6.651;5.440
52;0;27;53.247;79.520
52;27;0;8.247;18.760
53;0;27;50.851;82.430
53;27;0;5.851;21.670
54;0;28;64.290;64.000
54;28;0;19.290;3.830
55;0;28;61.613;81.390
55;28;0;16.613;21.220
56;0;29;0.000;16.680
56;29;0;0.000;16.680
57;0;29;0.000;8.340
57;29;0;0.000;8.340
58;0;29;0.000;13.160
58;29;0;0.000;13.160
59;1;2;110.336;100.110
59;2;1;110.336;101.310
60;1;3;51.988;87.000
60;3;1;51.988;93.970
61;1;3;52.760;91.530
61;3;1;52.760;98.500
62;1;4;91.481;98.780
62;4;1;91.481;106.970
63;1;4;82.214;87.620
63;4;1;82.214;95.810
64;1;5;76.730;101.350
64;5;1;76.730;110.430
65;1;6;89.354;93.690
65;6;1;89.354;102.840
66;1;6;88.671;104.660
66;6;1;88.671;113.810
67;1;7;100.131;98.880
67;7;1;100.131;111.640
68;1;8;91.542;95.730
68;8;1;91.542;108.770
69;1;9;84.892;97.900
69;9;1;84.892;111.190
70;1;9;82.454;99.620
70;9;1;82.454;112.910
71;1;10;113.670;88.450
71;10;1;113.670;102.170
72;1;11;64.619;85.590
72;11;1;64.619;104.290
73;1;12;53.115;74.940
73;12;1;53.115;93.820
74;1;12;53.553;86.320
74;12;1;53.553;105.200
75;1;12;51.872;75.020
75;12;1;51.872;93.900
76;1;13;86.226;77.970
76;13;1;86.226;97.610
77;1;14;147.414;79.860
77;14;1;147.414;99.820
78;1;14;137.595;78.890
78;14;1;137.595;98.850
79;1;14;131.503;71.660
79;14;1;131.503;91.620
80;1;15;142.123;71.320
80;15;1;142.123;94.240
81;1;16;90.080;71.990
81;16;1;90.080;95.460
82;1;16;98.693;83.190
82;16;1;98.693;106.660
83;1;16;98.273;79.370
83;16;1;98.273;102.840
84;1;17;84.989;79.840
84;17;1;84.989;103.390
85;1;17;80.080;83.790
85;17;1;80.080;107.340
86;1;17;89.282;81.860
86;17;1;89.282;105.410
87;1;18;142.767;80.960
87;18;1;142.767;105.140
88;1;19;74.708;84.710
88;19;1;74.708;111.260
89;1;19;79.493;67.030
89;19;1;79.493;93.580
90;1;19;76.236;70.030
90;19;1;76.236;96.580
91;1;20;122.761;81.580
91;20;1;122.761;109.190
92;1;20;120.950;85.350
92;20;1;120.950;112.960
93;1;20;134.656;88.100
93;20;1;134.656;115.710
94;1;21;86.710;71.450
94;21;1;86.710;100.200
95;1;21;96.204;75.320
95;21;1;96.204;104.070
96;1;21;85.739;80.370
96;21;1;85.739;109.120
97;1;22;86.065;65.300
97;22;1;86.065;94.120
98;1;22;87.955;74.240
98;22;1;87.955;103.060
99;1;23;85.525;83.300
99;23;1;85.525;112.290
100;1;24;82.779;81.720
100;24;1;82.779;111.260
101;1;24;74.391;86.220
101;24;1;74.391;115.760
102;1;24;85.512;64.940
102;24;1;85.512;94.480
103;1;25;95.417;78.340
103;25;1;95.417;108.090
104;1;25;101.962;70.560
104;25;1;101.962;100.310
105;1;26;53.171;70.560
105;26;1;53.171;100.720
106;1;26;53.132;79.430
106;26;1;53.132;109.590
107;1;27;71.558;61.650
107;27;1;71.558;91.930
108;1;27;68.613;74.890
108;27;1;68.613;105.170
109;1;27;75.231;67.950
109;27;1;75.231;98.230
110;1;28;84.024;79.930
110;28;1;84.024;110.800
111;1;28;75.894;62.560
111;28;1;75.894;93.430
112;1;28;88.121;68.420
112;28;1;88.121;99.290
113;1;29;23.796;20.100
113;29;1;68.796;111.140
114;1;29;18.732;14.540
114;29;1;63.732;105.580
115;1;29;18.746;19.390
115;29;1;63.746;110.430
116;2;3;117.069;90.150
116;3;2;117.069;95.920
117;2;4;86.520;94.190
117;4;2;86.520;101.180
118;2;4;95.135;90.610
118;4;2;95.135;97.600
119;2;5;87.276;103.920
119;5;2;87.276;111.800
120;2;6;65.984;88.510
120;6;2;65.984;96.460
121;2;6;65.878;99.940
121;6;2;65.878;107.890
122;2;7;74.022;87.940
122;7;2;74.022;99.500
123;2;7;68.488;91.710
123;7;2;68.488;103.270
124;2;8;66.570;84.380
124;8;2;66.570;96.220
125;2;8;69.602;100.230
125;8;2;69.602;112.070
126;2;9;80.845;97.180
126;9;2;80.845;109.270
127;2;9;76.144;97.880
127;9;2;76.144;109.970
128;2;9;72.312;86.500
128;9;2;72.312;98.590
129;2;10;80.955;83.850
129;10;2;80.955;96.370
130;2;10;77.872;90.460
130;10;2;77.872;102.980
131;2;11;113.662;83.380
131;11;2;113.662;100.880
132;2;11;123.602;78.430
132;11;2;123.602;95.930
133;2;12;114.299;72.890
133;12;2;114.299;90.570
134;2;12;123.418;80.410
134;12;2;123.418;98.090
135;2;13;69.109;73.210
135;13;2;69.109;91.650
136;2;13;73.914;84.320
136;13;2;73.914;102.760
137;2;13;63.477;92.340
137;13;2;63.477;110.780
138;2;14;96.851;86.120
138;14;2;96.851;104.880
139;2;15;102.209;73.520
139;15;2;102.209;95.240
140;2;15;112.631;90.410
140;15;2;112.631;112.130
141;2;15;108.157;83.860
141;15;2;108.157;105.580
142;2;16;77.528;89.930
142;16;2;77.528;112.200
143;2;16;76.040;68.160
143;16;2;76.040;90.430
144;2;16;76.762;72.900
144;16;2;76.762;95.170
145;2;17;78.322;81.980
145;17;2;78.322;104.330
146;2;17;79.418;88.170
146;17;2;79.418;110.520
147;2;18;97.504;91.790
147;18;2;97.504;114.770
148;2;18;91.383;88.690
148;18;2;91.383;111.670
149;2;19;84.694;78.790
149;19;2;84.694;104.140
150;2;19;87.223;74.900
150;19;2;87.223;100.250
151;2;19;79.024;68.010
151;19;2;79.024;93.360
152;2;20;79.185;77.220
152;20;2;79.185;103.630
153;2;20;77.453;80.750
153;20;2;77.453;107.160
154;2;21;92.752;71.770
154;21;2;92.752;99.320
155;2;21;84.493;79.400
155;21;2;84.493;106.950
156;2;22;79.129;84.110
156;22;2;79.129;111.730
157;2;23;78.457;67.350
157;23;2;78.457;95.140
158;2;24;73.902;78.090
158;24;2;73.902;106.430
159;2;25;81.911;83.760
159;25;2;81.911;112.310
160;2;26;105.577;70.430
160;26;2;105.577;99.390
161;2;26;96.659;78.040
161;26;2;96.659;107.000
162;2;26;118.960;70.000
162;26;2;118.960;98.960
163;2;27;88.091;77.630
163;27;2;88.091;106.710
164;2;27;82.873;71.700
164;27;2;82.873;100.780
165;2;28;75.463;82.320
165;28;2;75.463;111.990
166;2;29;49.491;12.360
166;29;2;94.491;102.200
167;2;29;48.208;19.850
167;29;2;93.208;109.690
168;2;29;37.990;11.990
168;29;2;82.990;101.830
169;3;4;95.763;96.290
169;4;3;95.763;97.510
170;3;4;89.412;91.230
170;4;3;89.412;92.450
171;3;4;84.692;85.060
171;4;3;84.692;86.280
172;3;5;81.692;91.680
172;5;3;81.692;93.790
173;3;5;81.662;86.880
173;5;3;81.662;88.990
174;3;5;78.074;84.740
174;5;3;78.074;86.850
175;3;6;96.088;92.330
175;6;3;96.088;94.510
176;3;6;99.137;104.180
176;6;3;99.137;106.360
177;3;6;92.134;93.130
177;6;3;92.134;95.310
178;3;7;105.469;92.150
178;7;3;105.469;97.940
179;3;7;102.090;91.850
179;7;3;102.090;97.640
180;3;7;104.433;97.520
180;7;3;104.433;103.310
181;3;8;98.504;79.390
181;8;3;98.504;85.460
182;3;9;90.108;98.900
182;9;3;90.108;105.220
183;3;9;79.736;93.740
183;9;3;79.736;100.060
184;3;9;79.610;101.630
184;9;3;79.610;107.950
185;3;10;118.587;79.940
185;10;3;118.587;86.690
186;3;11;63.721;83.700
186;11;3;63.721;95.430
187;3;11;68.190;86.140
187;11;3;68.190;97.870
188;3;12;54.760;79.340
188;12;3;54.760;91.250
189;3;12;53.403;89.520
189;12;3;53.403;101.430
190;3;13;92.972;83.020
190;13;3;92.972;95.690
191;3;14;152.715;81.030
191;14;3;152.715;94.020
192;3;14;146.587;88.490
192;14;3;146.587;101.480
193;3;14;154.728;72.600
193;14;3;154.728;85.590
194;3;15;148.777;69.710
194;15;3;148.777;85.660
195;3;15;129.643;83.850
195;15;3;129.643;99.800
196;3;15;127.802;72.320
196;15;3;127.802;88.270
197;3;16;95.384;91.310
197;16;3;95.384;107.810
198;3;16;89.559;78.310
198;16;3;89.559;94.810
199;3;16;99.457;72.460
199;16;3;99.457;88.960
200;3;17;90.512;77.470
200;17;3;90.512;94.050
201;3;18;147.722;74.130
201;18;3;147.722;91.340
202;3;18;131.018;88.440
202;18;3;131.018;105.650
203;3;19;80.398;84.160
203;19;3;80.398;103.740
204;3;20;129.661;80.160
204;20;3;129.661;100.800
205;3;21;90.296;84.990
205;21;3;90.296;106.770
206;3;21;87.142;69.930
206;21;3;87.142;91.710
207;3;22;91.414;72.710
207;22;3;91.414;94.560
208;3;23;90.992;67.230
208;23;3;90.992;89.250
209;3;23;101.929;69.410
209;23;3;101.929;91.430
210;3;23;89.481;84.690
210;23;3;89.481;106.710
211;3;24;89.149;81.080
211;24;3;89.149;103.650
212;3;24;97.918;77.660
212;24;3;97.918;100.230
213;3;24;94.889;74.490
213;24;3;94.889;97.060
214;3;25;102.108;81.740
214;25;3;102.108;104.520
215;3;26;59.458;84.570
215;26;3;59.458;107.760
216;3;26;60.133;85.440
216;26;3;60.133;108.630
217;3;27;77.067;83.690
217;27;3;77.067;107.000
218;3;27;79.897;75.200
218;27;3;79.897;98.510
219;3;28;89.999;69.530
219;28;3;89.999;93.430
220;3;28;91.081;77.820
220;28;3;91.081;101.720
221;3;28;95.265;84.610
221;28;3;95.265;108.510
222;3;29;28.285;7.930
222;29;3;73.285;92.000
223;3;29;27.976;8.700
223;29;3;72.976;92.770
224;3;29;24.216;19.000
224;29;3;69.216;103.070
225;4;5;60.381;87.090
225;5;4;60.381;87.980
226;4;6;75.314;87.620
226;6;4;75.314;88.580
227;4;6;68.179;102.200
227;6;4;68.179;103.160
228;4;6;82.317;85.160
228;6;4;82.317;86.120
229;4;7;59.400;84.560
229;7;4;59.400;89.130
230;4;7;55.842;89.030
230;7;4;55.842;93.600
231;4;8;84.488;88.300
231;8;4;84.488;93.150
232;4;9;55.323;93.880
232;9;4;55.323;98.980
233;4;10;68.621;96.290
233;10;4;68.621;101.820
234;4;11;82.763;74.310
234;11;4;82.763;84.820
235;4;12;98.965;76.880
235;12;4;98.965;87.570
236;4;13;74.821;77.540
236;13;4;74.821;88.990
237;4;13;77.931;76.060
237;13;4;77.931;87.510
238;4;13;79.304;95.170
238;13;4;79.304;106.620
239;4;14;103.279;93.670
239;14;4;103.279;105.440
240;4;15;140.389;81.150
240;15;4;140.389;95.880
241;4;15;148.672;77.300
241;15;4;148.672;92.030
242;4;16;54.749;78.750
242;16;4;54.749;94.030
243;4;16;55.856;83.940
243;16;4;55.856;99.220
244;4;17;57.858;79.330
244;17;4;57.858;94.690
245;4;17;57.763;81.300
245;17;4;57.763;96.660
246;4;17;54.947;83.920
246;17;4;54.947;99.280
247;4;18;97.433;69.170
247;18;4;97.433;85.160
248;4;19;64.811;86.960
248;19;4;64.811;105.320
249;4;19;61.521;67.540
249;19;4;61.521;85.900
250;4;20;116.810;74.860
250;20;4;116.810;94.280
251;4;20;123.476;74.210
251;20;4;123.476;93.630
252;4;21;52.549;78.170
252;21;4;52.549;98.730
253;4;21;51.630;81.510
253;21;4;51.630;102.070
254;4;21;53.802;84.180
254;21;4;53.802;104.740
255;4;22;55.905;70.780
255;22;4;55.905;91.410
256;4;22;56.730;85.580
256;22;4;56.730;106.210
257;4;23;57.156;77.390
257;23;4;57.156;98.190
258;4;23;58.330;82.240
258;23;4;58.330;103.040
259;4;23;59.141;62.690
259;23;4;59.141;83.490
260;4;24;67.821;85.760
260;24;4;67.821;107.110
261;4;25;103.016;64.180
261;25;4;103.016;85.740
262;4;25;92.738;78.300
262;25;4;92.738;99.860
263;4;26;92.282;85.850
263;26;4;92.282;107.820
264;4;26;89.957;66.400
264;26;4;89.957;88.370
265;4;26;102.950;62.260
265;26;4;102.950;84.230
266;4;27;66.487;62.980
266;27;4;66.487;85.070
267;4;28;62.705;65.760
267;28;4;62.705;88.440
268;4;28;62.351;67.400
268;28;4;62.351;90.080
269;4;29;22.688;20.980
269;29;4;67.688;103.830
270;4;29;22.898;23.780
270;29;4;67.898;106.630
271;4;29;18.226;20.320
271;29;4;63.226;103.170
272;5;6;69.444;82.430
272;6;5;69.444;82.500
273;5;6;65.382;98.190
273;6;5;65.382;98.260
274;5;7;68.885;87.910
274;7;5;68.885;91.590
275;5;8;77.233;96.180
275;8;5;77.233;100.140
276;5;9;53.547;95.980
276;9;5;53.547;100.190
277;5;10;81.967;86.190
277;10;5;81.967;90.830
278;5;10;76.997;86.640
278;10;5;76.997;91.280
279;5;11;72.272;78.500
279;11;5;72.272;88.120
280;5;12;83.904;75.410
280;12;5;83.904;85.210
281;5;13;67.457;74.080
281;13;5;67.457;84.640
282;5;14;116.038;86.180
282;14;5;116.038;97.060
283;5;14;112.015;91.740
283;14;5;112.015;102.620
284;5;15;134.874;83.250
284;15;5;134.874;97.090
285;5;15;132.986;72.980
285;15;5;132.986;86.820
286;5;16;58.852;90.120
286;16;5;58.852;104.510
287;5;16;58.528;85.010
287;16;5;58.528;99.400
288;5;17;54.733;85.740
288;17;5;54.733;100.210
289;5;18;111.092;85.970
289;18;5;111.092;101.070
290;5;18;115.402;69.580
290;18;5;115.402;84.680
291;5;19;50.626;86.630
291;19;5;50.626;104.100
292;5;20;111.918;68.230
292;20;5;111.918;86.760
293;5;20;119.440;84.170
293;20;5;119.440;102.700
294;5;20;120.341;86.370
294;20;5;120.341;104.900
295;5;21;58.400;71.640
295;21;5;58.400;91.310
296;5;22;55.056;71.700
296;22;5;55.056;91.440
297;5;23;54.975;75.230
297;23;5;54.975;95.140
298;5;23;54.824;76.690
298;23;5;54.824;96.600
299;5;23;55.228;71.490
299;23;5;55.228;91.400
300;5;24;59.887;71.520
300;24;5;59.887;91.980
301;5;24;62.761;68.450
301;24;5;62.761;88.910
302;5;24;62.082;74.500
302;24;5;62.082;94.960
303;5;25;92.906;82.550
303;25;5;92.906;103.220
304;5;26;76.945;68.570
304;26;5;76.945;89.650
305;5;26;78.833;74.460
305;26;5;78.833;95.540
306;5;26;69.209;63.110
306;26;5;69.209;84.190
307;5;27;51.171;65.700
307;27;5;51.171;86.900
308;5;27;51.478;81.340
308;27;5;51.478;102.540
309;5;27;50.861;85.570
309;27;5;50.861;106.770
310;5;28;56.840;76.930
310;28;5;56.840;98.720
311;5;29;8.647;16.760
311;29;5;53.647;98.720
312;5;29;9.397;22.470
312;29;5;54.397;104.430
313;6;7;69.601;91.910
313;7;6;69.601;95.520
314;6;7;69.363;95.310
314;7;6;69.363;98.920
315;6;7;64.819;99.760
315;7;6;64.819;103.370
316;6;8;54.238;100.900
316;8;6;54.238;104.790
317;6;8;53.129;93.230
317;8;6;53.129;97.120
318;6;8;52.094;79.880
318;8;6;52.094;83.770
319;6;9;66.053;94.180
319;9;6;66.053;98.320
320;6;9;69.393;100.200
320;9;6;69.393;104.340
321;6;10;82.998;86.770
321;10;6;82.998;91.340
322;6;10;85.354;95.390
322;10;6;85.354;99.960
323;6;11;93.824;74.260
323;11;6;93.824;83.810
324;6;11;96.676;72.820
324;11;6;96.676;82.370
325;6;12;93.521;93.960
325;12;6;93.521;103.690
326;6;12;89.258;92.860
326;12;6;89.258;102.590
327;6;12;82.027;93.360
327;12;6;82.027;103.090
328;6;13;48.134;85.240
328;13;6;48.134;95.730
329;6;14;110.123;77.550
329;14;6;110.123;88.360
330;6;15;110.940;74.950
330;15;6;110.940;88.720
331;6;16;65.740;89.300
331;16;6;65.740;103.620
332;6;17;63.125;71.070
332;17;6;63.125;85.470
333;6;17;58.848;88.850
333;17;6;58.848;103.250
334;6;18;108.137;74.540
334;18;6;108.137;89.570
335;6;18;101.595;77.620
335;18;6;101.595;92.650
336;6;18;116.965;80.880
336;18;6;116.965;95.910
337;6;19;65.413;71.100
337;19;6;65.413;88.500
338;6;20;87.679;84.410
338;20;6;87.679;102.870
339;6;20;93.943;64.500
339;20;6;93.943;82.960
340;6;20;84.586;73.430
340;20;6;84.586;91.890
341;6;21;79.073;83.950
341;21;6;79.073;103.550
342;6;21;73.579;66.680
342;21;6;73.579;86.280
343;6;22;64.813;62.880
343;22;6;64.813;82.550
344;6;22;69.678;70.630
344;22;6;69.678;90.300
345;6;23;63.660;72.190
345;23;6;63.660;92.030
346;6;24;54.569;77.770
346;24;6;54.569;98.160
347;6;25;73.717;75.340
347;25;6;73.717;95.940
348;6;25;76.497;76.850
348;25;6;76.497;97.450
349;6;26;84.813;77.300
349;26;6;84.813;98.310
350;6;26;92.494;64.870
350;26;6;92.494;85.880
351;6;27;68.466;64.780
351;27;6;68.466;85.910
352;6;28;58.515;74.490
352;28;6;58.515;96.210
353;6;28;61.064;65.200
353;28;6;61.064;86.920
354;6;28;55.872;76.090
354;28;6;55.872;97.810
355;6;29;30.107;2.450
355;29;6;75.107;84.340
356;7;8;78.419;82.190
356;8;7;78.419;82.470
357;7;8;83.052;97.180
357;8;7;83.052;97.460
358;7;8;81.772;96.380
358;8;7;81.772;96.660
359;7;9;60.372;98.950
359;9;7;60.372;99.480
360;7;9;58.561;91.260
360;9;7;58.561;91.790
361;7;10;59.501;90.210
361;10;7;59.501;91.170
362;7;11;95.168;86.330
362;11;7;95.168;92.270
363;7;12;106.754;77.910
363;12;7;106.754;84.030
364;7;12;111.669;92.420
364;12;7;111.669;98.540
365;7;12;98.704;79.790
365;12;7;98.704;85.910
366;7;13;70.644;78.330
366;13;7;70.644;85.210
367;7;13;67.457;72.770
367;13;7;67.457;79.650
368;7;13;76.765;73.810
368;13;7;76.765;80.690
369;7;14;92.290;82.480
369;14;7;92.290;89.680
370;7;15;130.235;73.650
370;15;7;130.235;83.810
371;7;16;55.085;91.610
371;16;7;55.085;102.320
372;7;16;55.612;87.320
372;16;7;55.612;98.030
373;7;17;60.208;73.550
373;17;7;60.208;84.340
374;7;18;87.910;73.690
374;18;7;87.910;85.110
375;7;18;84.374;82.920
375;18;7;84.374;94.340
376;7;18;98.320;75.720
376;18;7;98.320;87.140
377;7;19;70.526;78.450
377;19;7;70.526;92.240
378;7;19;72.615;83.590
378;19;7;72.615;97.380
379;7;19;69.010;77.460
379;19;7;69.010;91.250
380;7;20;106.687;88.260
380;20;7;106.687;103.110
381;7;20;105.609;75.040
381;20;7;105.609;89.890
382;7;20;96.659;70.340
382;20;7;96.659;85.190
383;7;21;66.825;74.040
383;21;7;66.825;90.030
384;7;21;69.331;66.730
384;21;7;69.331;82.720
385;7;22;59.075;75.670
385;22;7;59.075;91.730
386;7;22;60.814;86.770
386;22;7;60.814;102.830
387;7;23;59.627;83.120
387;23;7;59.627;99.350
388;7;23;57.414;83.530
388;23;7;57.414;99.760
389;7;23;56.529;86.410
389;23;7;56.529;102.640
390;7;24;66.551;74.600
390;24;7;66.551;91.380
391;7;25;98.228;80.810
391;25;7;98.228;97.800
392;7;26;98.966;69.300
392;26;7;98.966;86.700
393;7;26;101.891;72.740
393;26;7;101.891;90.140
394;7;26;107.015;85.330
394;26;7;107.015;102.730
395;7;27;73.573;72.940
395;27;7;73.573;90.460
396;7;28;62.568;73.740
396;28;7;62.568;91.850
397;7;29;32.509;15.090
397;29;7;77.509;93.370
398;7;29;36.839;22.590
398;29;7;81.839;100.870
399;8;9;74.973;89.870
399;9;8;74.973;90.120
400;8;10;91.181;95.620
400;10;8;91.181;96.300
401;8;10;85.146;89.280
401;10;8;85.146;89.960
402;8;10;99.350;82.310
402;10;8;99.350;82.990
403;8;11;99.245;96.530
403;11;8;99.245;102.190
404;8;11;95.551;87.600
404;11;8;95.551;93.260
405;8;12;94.291;93.340
405;12;8;94.291;99.180
406;8;13;54.975;76.360
406;13;8;54.975;82.960
407;8;13;53.687;94.950
407;13;8;53.687;101.550
408;8;13;57.234;83.580
408;13;8;57.234;90.180
409;8;14;115.732;80.180
409;14;8;115.732;87.100
410;8;14;128.630;82.550
410;14;8;128.630;89.470
411;8;14;106.482;92.990
411;14;8;106.482;99.910
412;8;15;102.641;75.620
412;15;8;102.641;85.500
413;8;15;111.470;76.910
413;15;8;111.470;86.790
414;8;15;113.813;74.720
414;15;8;113.813;84.600
415;8;16;74.967;85.660
415;16;8;74.967;96.090
416;8;16;69.707;73.360
416;16;8;69.707;83.790
417;8;17;72.071;77.710
417;17;8;72.071;88.220
418;8;17;65.737;91.930
418;17;8;65.737;102.440
419;8;17;69.794;77.210
419;17;8;69.794;87.720
420;8;18;114.654;89.410
420;18;8;114.654;100.550
421;8;18;109.497;77.300
421;18;8;109.497;88.440
422;8;19;72.463;83.380
422;19;8;72.463;96.890
423;8;20;79.854;77.100
423;20;8;79.854;91.670
424;8;20;71.740;79.930
424;20;8;71.740;94.500
425;8;21;87.897;63.580
425;21;8;87.897;79.290
426;8;21;89.497;86.360
426;21;8;89.497;102.070
427;8;21;77.873;86.280
427;21;8;77.873;101.990
428;8;22;73.847;80.560
428;22;8;73.847;96.340
429;8;22;80.812;86.390
429;22;8;80.812;102.170
430;8;23;72.657;78.980
430;23;8;72.657;94.930
431;8;23;78.986;71.090
431;23;8;78.986;87.040
432;8;23;66.927;80.540
432;23;8;66.927;96.490
433;8;24;62.667;70.330
433;24;8;62.667;86.830
434;8;24;60.906;83.440
434;24;8;60.906;99.940
435;8;24;61.949;66.470
435;24;8;61.949;82.970
436;8;25;64.858;72.010
436;25;8;64.858;88.720
437;8;25;66.187;73.080
437;25;8;66.187;89.790
438;8;26;85.666;65.500
438;26;8;85.666;82.620
439;8;26;94.275;81.120
439;26;8;94.275;98.240
440;8;26;89.585;82.570
440;26;8;89.585;99.690
441;8;27;74.991;63.890
441;27;8;74.991;81.130
442;8;28;67.291;75.500
442;28;8;67.291;93.330
443;8;28;62.476;83.240
443;28;8;62.476;101.070
444;8;29;36.549;17.230
444;29;8;81.549;95.230
445;8;29;42.043;17.490
445;29;8;87.043;95.490
446;8;29;37.148;11.800
446;29;8;82.148;89.800
447;9;10;73.859;81.300
447;10;9;73.859;81.730
448;9;10;79.992;91.040
448;10;9;79.992;91.470
449;9;10;81.052;84.460
449;10;9;81.052;84.890
450;9;11;80.483;81.440
450;11;9;80.483;86.850
451;9;11;78.799;88.480
451;11;9;78.799;93.890
452;9;12;91.758;92.760
452;12;9;91.758;98.350
453;9;12;86.988;77.140
453;12;9;86.988;82.730
454;9;12;98.313;85.770
454;12;9;98.313;91.360
455;9;13;65.072;86.230
455;13;9;65.072;92.580
456;9;13;65.296;90.030
456;13;9;65.296;96.380
457;9;13;68.807;81.290
457;13;9;68.807;87.640
458;9;14;107.614;87.230
458;14;9;107.614;93.900
459;9;14;105.428;88.350
459;14;9;105.428;95.020
460;9;14;101.569;78.110
460;14;9;101.569;84.780
461;9;15;131.899;90.220
461;15;9;131.899;99.850
462;9;15;146.176;88.850
462;15;9;146.176;98.480
463;9;16;50.307;77.010
463;16;9;50.307;87.190
464;9;16;50.230;82.520
464;16;9;50.230;92.700
465;9;16;49.108;71.160
465;16;9;49.108;81.340
466;9;17;47.930;74.570
466;17;9;47.930;84.830
467;9;17;48.406;84.120
467;17;9;48.406;94.380
468;9;18;102.892;68.020
468;18;9;102.892;78.910
469;9;18;116.942;71.050
469;18;9;116.942;81.940
470;9;18;103.627;70.230
470;18;9;103.627;81.120
471;9;19;55.748;64.770
471;19;9;55.748;78.030
472;9;20;108.490;64.370
472;20;9;108.490;78.690
473;9;20;105.390;87.300
473;20;9;105.390;101.620
474;9;20;116.680;71.290
474;20;9;116.680;85.610
475;9;21;58.035;66.480
475;21;9;58.035;81.940
476;9;21;58.315;62.570
476;21;9;58.315;78.030
477;9;21;56.519;66.240
477;21;9;56.519;81.700
478;9;22;46.755;76.170
478;22;9;46.755;91.700
479;9;23;47.493;67.810
479;23;9;47.493;83.510
480;9;23;47.321;73.340
480;23;9;47.321;89.040
481;9;24;57.704;66.870
481;24;9;57.704;83.120
482;9;25;92.930;66.850
482;25;9;92.930;83.310
483;9;25;97.575;82.210
483;25;9;97.575;98.670
484;9;25;99.846;76.680
484;25;9;99.846;93.140
485;9;26;84.311;80.240
485;26;9;84.311;97.110
486;9;27;58.413;79.700
486;27;9;58.413;96.690
487;9;28;52.711;63.960
487;28;9;52.711;81.540
488;9;28;54.513;60.890
488;28;9;54.513;78.470
489;9;28;51.305;61.940
489;28;9;51.305;79.520
490;9;29;17.194;6.720
490;29;9;62.194;84.470
491;9;29;19.400;14.610
491;29;9;64.400;92.360
492;9;29;16.087;7.510
492;29;9;61.087;85.260
493;10;11;106.384;77.310
493;11;10;106.384;82.290
494;10;11;104.950;87.360
494;11;10;104.950;92.340
495;10;12;120.617;84.440
495;12;10;120.617;89.600
496;10;13;84.493;79.420
496;13;10;84.493;85.340
497;10;13;89.756;72.290
497;13;10;89.756;78.210
498;10;13;77.251;88.570
498;13;10;77.251;94.490
499;10;14;79.657;71.970
499;14;10;79.657;78.210
500;10;14;82.418;76.820
500;14;10;82.418;83.060
501;10;15;138.102;83.490
501;15;10;138.102;92.690
502;10;15;125.271;69.320
502;15;10;125.271;78.520
503;10;15;151.163;76.960
503;15;10;151.163;86.160
504;10;16;68.888;88.160
504;16;10;68.888;97.910
505;10;16;74.041;78.790
505;16;10;74.041;88.540
506;10;16;73.767;89.610
506;16;10;73.767;99.360
507;10;17;74.303;81.250
507;17;10;74.303;91.080
508;10;18;74.136;67.500
508;18;10;74.136;77.960
509;10;18;80.002;82.000
509;18;10;80.002;92.460
510;10;19;84.479;79.790
510;19;10;84.479;92.620
511;10;19;83.298;64.960
511;19;10;83.298;77.790
512;10;20;115.123;69.580
512;20;10;115.123;83.470
513;10;21;75.731;74.650
513;21;10;75.731;89.680
514;10;22;72.879;78.240
514;22;10;72.879;93.340
515;10;23;73.647;77.590
515;23;10;73.647;92.860
516;10;23;73.393;71.770
516;23;10;73.393;87.040
517;10;23;72.206;70.700
517;23;10;72.206;85.970
518;10;24;81.011;67.990
518;24;10;81.011;83.810
519;10;25;110.986;65.630
519;25;10;110.986;81.660
520;10;25;98.521;75.480
520;25;10;98.521;91.510
521;10;25;122.797;72.370
521;25;10;122.797;88.400
522;10;26;113.074;61.610
522;26;10;113.074;78.050
523;10;26;112.260;70.220
523;26;10;112.260;86.660
524;10;26;99.049;74.860
524;26;10;99.049;91.300
525;10;27;87.272;82.770
525;27;10;87.272;99.330
526;10;27;95.239;75.460
526;27;10;95.239;92.020
527;10;28;77.050;72.430
527;28;10;77.050;89.580
528;10;29;45.309;23.770
528;29;10;90.309;101.090
529;10;29;47.472;21.610
529;29;10;92.472;98.930
530;10;29;43.413;4.920
530;29;10;88.413;82.240
531;11;12;72.076;96.700
531;12;11;72.076;96.880
532;11;12;77.525;96.200
532;12;11;77.525;96.380
533;11;13;91.063;90.280
533;13;11;91.063;91.220
534;11;13;85.715;75.940
534;13;11;85.715;76.880
535;11;13;96.601;86.500
535;13;11;96.601;87.440
536;11;14;141.041;78.980
536;14;11;141.041;80.240
537;11;15;154.833;84.510
537;15;11;154.833;88.730
538;11;16;85.599;79.460
538;16;11;85.599;84.230
539;11;16;86.303;79.130
539;16;11;86.303;83.900
540;11;17;82.002;86.780
540;17;11;82.002;91.630
541;11;18;135.045;87.250
541;18;11;135.045;92.730
542;11;18;119.937;67.600
542;18;11;119.937;73.080
543;11;18;126.483;69.200
543;18;11;126.483;74.680
544;11;19;73.971;82.380
544;19;11;73.971;90.230
545;11;20;133.461;78.880
545;20;11;133.461;87.790
546;11;21;75.947;65.580
546;21;11;75.947;75.630
547;11;21;78.165;81.630
547;21;11;78.165;91.680
548;11;22;82.142;63.770
548;22;11;82.142;73.890
549;11;23;82.210;78.610
549;23;11;82.210;88.900
550;11;24;84.848;67.540
550;24;11;84.848;78.380
551;11;24;90.447;81.250
551;24;11;90.447;92.090
552;11;24;77.574;62.170
552;24;11;77.574;73.010
553;11;25;108.856;83.240
553;25;11;108.856;94.290
554;11;25;116.011;80.940
554;25;11;116.011;91.990
555;11;26;71.588;84.240
555;26;11;71.588;95.700
556;11;26;70.496;68.440
556;26;11;70.496;79.900
557;11;27;70.585;75.920
557;27;11;70.585;87.500
558;11;27;76.675;78.120
558;27;11;76.675;89.700
559;11;28;83.502;83.950
559;28;11;83.502;96.120
560;11;28;79.899;73.400
560;28;11;79.899;85.570
561;11;28;91.554;61.070
561;28;11;91.554;73.240
562;11;29;19.222;10.720
562;29;11;64.222;83.060
563;11;29;18.014;4.510
563;29;11;63.014;76.850
564;12;13;90.399;94.910
564;13;12;90.399;95.670
565;12;13;90.830;73.840
565;13;12;90.830;74.600
566;12;14;153.905;74.950
566;14;12;153.905;76.030
567;12;15;141.250;82.830
567;15;12;141.250;86.870
568;12;15;161.657;88.840
568;15;12;161.657;92.880
569;12;16;96.814;76.690
569;16;12;96.814;81.280
570;12;16;99.235;77.180
570;16;12;99.235;81.770
571;12;16;105.380;86.890
571;16;12;105.380;91.480
572;12;17;91.546;82.670
572;17;12;91.546;87.340
573;12;18;149.601;76.750
573;18;12;149.601;82.050
574;12;18;163.909;77.000
574;18;12;163.909;82.300
575;12;19;81.232;77.670
575;19;12;81.232;85.340
576;12;20;123.233;78.480
576;20;12;123.233;87.210
577;12;20;135.379;73.400
577;20;12;135.379;82.130
578;12;21;94.527;64.040
578;21;12;94.527;73.910
579;12;21;83.058;66.650
579;21;12;83.058;76.520
580;12;21;100.295;70.740
580;21;12;100.295;80.610
581;12;22;92.793;69.050
581;22;12;92.793;78.990
582;12;22;95.171;67.700
582;22;12;95.171;77.640
583;12;23;92.138;79.980
583;23;12;92.138;90.090
584;12;23;93.093;82.710
584;23;12;93.093;92.820
585;12;23;101.099;75.990
585;23;12;101.099;86.100
586;12;24;88.076;82.870
586;24;12;88.076;93.530
587;12;24;84.221;77.470
587;24;12;84.221;88.130
588;12;24;94.188;77.540
588;24;12;94.188;88.200
589;12;25;94.934;85.160
589;25;12;94.934;96.030
590;12;25;87.823;77.240
590;25;12;87.823;88.110
591;12;26;53.722;63.400
591;26;12;53.722;74.680
592;12;27;78.346;82.490
592;27;12;78.346;93.890
593;12;28;90.011;79.090
593;28;12;90.011;91.080
594;12;29;31.387;21.550
594;29;12;76.387;93.710
595;12;29;30.385;7.010
595;29;12;75.385;79.170
596;13;14;112.603;89.410
596;14;13;112.603;89.730
597;13;14;118.491;80.320
597;14;13;118.491;80.640
598;13;14;115.453;77.330
598;14;13;115.453;77.650
599;13;15;112.493;81.890
599;15;13;112.493;85.170
600;13;16;65.552;76.590
600;16;13;65.552;80.420
601;13;16;61.483;81.780
601;16;13;61.483;85.610
602;13;17;62.198;78.830
602;17;13;62.198;82.740
603;13;17;58.061;85.270
603;17;13;58.061;89.180
604;13;17;61.087;74.240
604;17;13;61.087;78.150
605;13;18;110.343;82.070
605;18;13;110.343;86.610
606;13;18;110.486;73.480
606;18;13;110.486;78.020
607;13;18;125.784;75.480
607;18;13;125.784;80.020
608;13;19;63.034;65.160
608;19;13;63.034;72.070
609;13;20;89.461;69.760
609;20;13;89.461;77.730
610;13;20;88.325;75.500
610;20;13;88.325;83.470
611;13;20;97.546;81.850
611;20;13;97.546;89.820
612;13;21;77.940;69.200
612;21;13;77.940;78.310
613;13;22;64.032;82.600
613;22;13;64.032;91.780
614;13;23;62.815;80.230
614;23;13;62.815;89.580
615;13;23;60.463;80.800
615;23;13;60.463;90.150
616;13;24;52.708;80.880
616;24;13;52.708;90.780
617;13;24;53.042;69.570
617;24;13;53.042;79.470
618;13;25;73.380;63.610
618;25;13;73.380;73.720
619;13;25;76.721;77.970
619;25;13;76.721;88.080
620;13;25;80.333;69.560
620;25;13;80.333;79.670
621;13;26;81.695;76.570
621;26;13;81.695;87.090
622;13;27;65.912;72.420
622;27;13;65.912;83.060
623;13;28;57.365;65.350
623;28;13;57.365;76.580
624;13;28;57.426;75.420
624;28;13;57.426;86.650
625;13;29;27.562;15.140
625;29;13;72.562;86.540
626;13;29;24.601;13.210
626;29;13;69.601;84.610
627;14;15;145.386;70.110
627;15;14;145.386;73.070
628;14;16;102.363;91.490
628;16;14;102.363;95.000
629;14;16;102.362;91.310
629;16;14;102.362;94.820
630;14;16;113.256;86.160
630;16;14;113.256;89.670
631;14;17;107.439;81.610
631;17;14;107.439;85.200
632;14;17;115.220;82.880
632;17;14;115.220;86.470
633;14;18;53.891;78.430
633;18;14;53.891;82.650
634;14;18;55.184;77.190
634;18;14;55.184;81.410
635;14;19;117.753;68.310
635;19;14;117.753;74.900
636;14;20;126.254;74.240
636;20;14;126.254;81.890
637;14;20;129.800;73.670
637;20;14;129.800;81.320
638;14;21;110.310;67.010
638;21;14;110.310;75.800
639;14;21;108.338;75.340
639;21;14;108.338;84.130
640;14;22;106.364;68.340
640;22;14;106.364;77.200
641;14;23;106.891;79.840
641;23;14;106.891;88.870
642;14;23;107.561;75.040
642;23;14;107.561;84.070
643;14;24;111.786;69.750
643;24;14;111.786;79.330
644;14;25;133.529;63.890
644;25;14;133.529;73.680
645;14;25;122.238;61.670
645;25;14;122.238;71.460
646;14;25;124.199;62.020
646;25;14;124.199;71.810
647;14;26;145.892;64.380
647;26;14;145.892;74.580
648;14;26;134.597;61.990
648;26;14;134.597;72.190
649;14;26;121.814;61.970
649;26;14;121.814;72.170
650;14;27;120.858;78.250
650;27;14;120.858;88.570
651;14;27;122.445;71.020
651;27;14;122.445;81.340
652;14;28;109.018;79.750
652;28;14;109.018;90.660
653;14;28;102.253;71.380
653;28;14;102.253;82.290
654;14;28;122.439;82.830
654;28;14;122.439;93.740
655;14;29;79.572;21.050
655;29;14;124.572;92.130
656;15;16;130.650;70.160
656;16;15;130.650;70.710
657;15;16;137.483;82.580
657;16;15;137.483;83.130
658;15;17;128.972;81.620
658;17;15;128.972;82.250
659;15;17;124.603;69.800
659;17;15;124.603;70.430
660;15;18;149.258;68.600
660;18;15;149.258;69.860
661;15;18;141.054;86.840
661;18;15;141.054;88.100
662;15;19;130.017;86.740
662;19;15;130.017;90.370
663;15;19;137.409;69.630
663;19;15;137.409;73.260
664;15;19;133.918;78.650
664;19;15;133.918;82.280
665;15;20;68.616;83.430
665;20;15;68.616;88.120
666;15;20;67.768;79.020
666;20;15;67.768;83.710
667;15;21;144.932;67.780
667;21;15;144.932;73.610
668;15;21;152.848;83.320
668;21;15;152.848;89.150
669;15;21;158.490;66.650
669;21;15;158.490;72.480
670;15;22;130.535;82.010
670;22;15;130.535;87.910
671;15;22;125.439;66.130
671;22;15;125.439;72.030
672;15;22;112.583;80.600
672;22;15;112.583;86.500
673;15;23;129.450;65.540
673;23;15;129.450;71.610
674;15;24;120.189;74.290
674;24;15;120.189;80.910
675;15;24;135.762;81.060
675;24;15;135.762;87.680
676;15;25;91.711;69.460
676;25;15;91.711;76.290
677;15;26;134.327;76.930
677;26;15;134.327;84.170
678;15;26;138.141;75.940
678;26;15;138.141;83.180
679;15;26;145.310;66.600
679;26;15;145.310;73.840
680;15;27;132.307;67.200
680;27;15;132.307;74.560
681;15;27;121.236;83.220
681;27;15;121.236;90.580
682;15;27;136.184;83.520
682;27;15;136.184;90.880
683;15;28;124.454;70.130
683;28;15;124.454;78.080
684;15;28;120.818;76.610
684;28;15;120.818;84.560
685;15;29;93.673;9.670
685;29;15;138.673;77.790
686;15;29;101.546;0.030
686;29;15;146.546;68.150
687;15;29;83.555;15.680
687;29;15;128.555;83.800
688;16;17;50.468;87.170
688;17;16;50.468;87.250
689;16;17;51.443;83.220
689;17;16;51.443;83.300
690;16;18;97.787;80.160
690;18;16;97.787;80.870
691;16;18;95.558;76.290
691;18;16;95.558;77.000
692;16;19;60.606;76.270
692;19;16;60.606;79.350
693;16;19;63.942;82.390
693;19;16;63.942;85.470
694;16;20;107.080;79.540
694;20;16;107.080;83.680
695;16;21;60.226;74.840
695;21;16;60.226;80.120
696;16;21;62.849;82.420
696;21;16;62.849;87.700
697;16;22;49.023;73.760
697;22;16;49.023;79.110
698;16;22;49.664;84.520
698;22;16;49.664;89.870
699;16;23;49.777;81.560
699;23;16;49.777;87.080
700;16;24;59.254;71.290
700;24;16;59.254;77.360
701;16;25;93.924;81.150
701;25;16;93.924;87.430
702;16;25;82.799;82.760
702;25;16;82.799;89.040
703;16;25;102.721;77.270
703;25;16;102.721;83.550
704;16;26;89.188;81.520
704;26;16;89.188;88.210
705;16;26;81.799;72.110
705;26;16;81.799;78.800
706;16;26;79.623;66.630
706;26;16;79.623;73.320
707;16;27;63.534;64.920
707;27;16;63.534;71.730
708;16;28;54.290;66.870
708;28;16;54.290;74.270
709;16;29;22.496;6.410
709;29;16;67.496;73.980
710;17;18;103.090;76.790
710;18;17;103.090;77.420
711;17;18;111.786;87.400
711;18;17;111.786;88.030
712;17;19;55.322;77.930
712;19;17;55.322;80.930
713;17;19;57.601;86.420
713;19;17;57.601;89.420
714;17;20;105.572;85.170
714;20;17;105.572;89.230
715;17;20;119.584;64.500
715;20;17;119.584;68.560
716;17;21;60.964;82.410
716;21;17;60.964;87.610
717;17;22;46.983;75.670
717;22;17;46.983;80.940
718;17;22;47.353;84.280
718;22;17;47.353;89.550
719;17;23;45.760;79.130
719;23;17;45.760;84.570
720;17;23;45.777;69.390
720;23;17;45.777;74.830
721;17;24;54.969;77.980
721;24;17;54.969;83.970
722;17;24;54.439;63.680
722;24;17;54.439;69.670
723;17;24;52.587;81.090
723;24;17;52.587;87.080
724;17;25;90.195;76.920
724;25;17;90.195;83.120
725;17;26;83.807;73.100
725;26;17;83.807;79.710
726;17;27;58.464;81.440
726;27;17;58.464;88.170
727;17;27;55.442;71.870
727;27;17;55.442;78.600
728;17;28;49.879;64.250
728;28;17;49.879;71.570
729;17;28;49.345;69.070
729;28;17;49.345;76.390
730;17;28;49.062;70.020
730;28;17;49.062;77.340
731;17;29;18.196;18.710
731;29;17;63.196;86.200
732;17;29;18.003;9.390
732;29;17;63.003;76.880
733;18;19;113.379;66.660
733;19;18;113.379;69.030
734;18;20;128.961;82.660
734;20;18;128.961;86.090
735;18;21;104.115;86.180
735;21;18;104.115;90.750
736;18;21;98.411;78.290
736;21;18;98.411;82.860
737;18;22;101.809;64.910
737;22;18;101.809;69.550
738;18;23;102.478;80.740
738;23;18;102.478;85.550
739;18;23;115.067;79.500
739;23;18;115.067;84.310
740;18;24;108.550;68.810
740;24;18;108.550;74.170
741;18;25;133.328;85.780
741;25;18;133.328;91.350
742;18;25;144.947;62.440
742;25;18;144.947;68.010
743;18;25;124.082;73.400
743;25;18;124.082;78.970
744;18;26;141.875;74.310
744;26;18;141.875;80.290
745;18;26;162.703;69.230
745;26;18;162.703;75.210
746;18;27;116.292;82.820
746;27;18;116.292;88.920
747;18;28;105.251;71.270
747;28;18;105.251;77.960
748;18;29;74.442;18.210
748;29;18;119.442;85.070
749;18;29;84.947;17.600
749;29;18;129.947;84.460
750;18;29;63.502;24.300
750;29;18;108.502;91.160
751;19;20;107.303;72.250
751;20;19;107.303;73.310
752;19;20;116.995;83.790
752;20;19;116.995;84.850
753;19;20;122.410;70.550
753;20;19;122.410;71.610
754;19;21;63.896;74.430
754;21;19;63.896;76.630
755;19;21;63.288;71.130
755;21;19;63.288;73.330
756;19;21;65.044;84.100
756;21;19;65.044;86.300
757;19;22;56.600;73.310
757;22;19;56.600;75.580
758;19;22;57.103;84.090
758;22;19;57.103;86.360
759;19;22;53.864;67.850
759;22;19;53.864;70.120
760;19;23;55.906;76.510
760;23;19;55.906;78.950
761;19;24;56.015;70.730
761;24;19;56.015;73.720
762;19;25;87.406;79.190
762;25;19;87.406;82.390
763;19;25;94.711;63.020
763;25;19;94.711;66.220
764;19;25;78.738;67.120
764;25;19;78.738;70.320
765;19;26;73.603;61.340
765;26;19;73.603;64.950
766;19;27;48.511;68.970
766;27;19;48.511;72.700
767;19;27;48.228;62.020
767;27;19;48.228;65.750
768;19;28;54.857;75.240
768;28;19;54.857;79.560
769;19;28;56.267;72.610
769;28;19;56.267;76.930
770;19;28;55.006;68.260
770;28;19;55.006;72.580
771;19;29;9.829;11.920
771;29;19;54.829;76.410
772;19;29;8.973;1.440
772;29;19;53.973;65.930
773;20;21;121.504;66.840
773;21;20;121.504;67.980
774;20;22;107.083;85.230
774;22;20;107.083;86.440
775;20;22;105.854;83.780
775;22;20;105.854;84.990
776;20;23;106.024;64.090
776;23;20;106.024;65.470
777;20;24;97.091;64.340
777;24;20;97.091;66.270
778;20;24;101.793;69.950
778;24;20;101.793;71.880
779;20;24;108.244;63.070
779;24;20;108.244;65.000
780;20;25;73.838;63.760
780;25;20;73.838;65.900
781;20;26;115.480;66.970
781;26;20;115.480;69.520
782;20;26;124.064;66.380
782;26;20;124.064;68.930
783;20;27;109.830;63.780
783;27;20;109.830;66.450
784;20;27;118.154;70.730
784;27;20;118.154;73.400
785;20;27;108.536;79.410
785;27;20;108.536;82.080
786;20;28;101.153;74.880
786;28;20;101.153;78.140
787;20;29;71.350;21.590
787;29;20;116.350;85.020
788;20;29;54.839;5.040
788;29;20;99.839;68.470
789;20;29;54.922;19.760
789;29;20;99.922;83.190
790;21;22;59.427;69.970
790;22;21;59.427;70.040
791;21;22;56.097;72.330
791;22;21;56.097;72.400
792;21;23;60.483;66.960
792;23;21;60.483;67.200
793;21;23;61.271;76.320
793;23;21;61.271;76.560
794;21;23;59.521;76.910
794;23;21;59.521;77.150
795;21;24;70.351;68.110
795;24;21;70.351;68.900
796;21;24;64.789;79.440
796;24;21;64.789;80.230
797;21;25;105.227;76.900
797;25;21;105.227;77.900
798;21;26;88.638;84.260
798;26;21;88.638;85.670
799;21;26;94.059;69.610
799;26;21;94.059;71.020
800;21;26;82.730;66.160
800;26;21;82.730;67.570
801;21;27;64.327;63.210
801;27;21;64.327;64.740
802;21;27;68.121;80.300
802;27;21;68.121;81.830
803;21;27;68.505;75.260
803;27;21;68.505;76.790
804;21;28;65.617;65.760
804;28;21;65.617;67.880
805;21;29;18.315;19.700
805;29;21;63.315;81.990
806;21;29;22.266;17.980
806;29;21;67.266;80.270
807;22;23;46.253;77.250
807;23;22;46.253;77.420
808;22;23;46.245;70.590
808;23;22;46.245;70.760
809;22;24;56.916;85.800
809;24;22;56.916;86.520
810;22;25;92.122;75.470
810;25;22;92.122;76.400
811;22;26;85.197;68.050
811;26;22;85.197;69.390
812;22;26;95.161;75.840
812;26;22;95.161;77.180
813;22;27;59.514;81.200
813;27;22;59.514;82.660
814;22;27;62.070;81.580
814;27;22;62.070;83.040
815;22;27;58.047;80.240
815;27;22;58.047;81.700
816;22;28;51.801;62.860
816;28;22;51.801;64.910
817;22;28;51.987;66.150
817;28;22;51.987;68.200
818;22;28;51.705;72.280
818;28;22;51.705;74.330
819;22;29;18.686;15.030
819;29;22;63.686;77.250
820;22;29;22.698;1.650
820;29;22;67.698;63.870
821;23;24;55.664;68.340
821;24;23;55.664;68.890
822;23;24;54.631;70.470
822;24;23;54.631;71.020
823;23;24;52.999;86.280
823;24;23;52.999;86.830
824;23;25;90.875;70.400
824;25;23;90.875;71.160
825;23;25;97.512;77.180
825;25;23;97.512;77.940
826;23;26;84.442;80.620
826;26;23;84.442;81.790
827;23;27;58.977;72.700
827;27;23;58.977;73.990
828;23;27;62.148;75.120
828;27;23;62.148;76.410
829;23;28;50.552;63.790
829;28;23;50.552;65.670
830;23;29;18.520;21.590
830;29;23;63.520;83.640
831;24;25;80.236;61.500
831;25;24;80.236;61.710
832;24;25;85.769;65.440
832;25;24;85.769;65.650
833;24;26;79.629;61.600
833;26;24;79.629;62.220
834;24;27;59.274;84.640
834;27;24;59.274;85.380
835;24;28;50.126;63.310
835;28;24;50.126;64.640
836;24;29;20.827;24.640
836;29;24;65.827;86.140
837;24;29;25.761;10.560
837;29;24;70.761;72.060
838;25;26;87.680;63.480
838;26;25;87.680;63.890
839;25;26;83.506;78.060
839;26;25;83.506;78.470
840;25;26;92.597;71.520
840;26;25;92.597;71.930
841;25;27;88.814;83.450
841;27;25;88.814;83.980
842;25;27;95.467;84.300
842;27;25;95.467;84.830
843;25;27;80.541;67.250
843;27;25;80.541;67.780
844;25;28;85.323;60.330
844;28;25;85.323;61.450
845;25;28;79.748;64.510
845;28;25;79.748;65.630
846;25;28;84.339;65.170
846;28;25;84.339;66.290
847;25;29;49.508;16.450
847;29;25;94.508;77.740
848;26;27;71.038;85.030
848;27;26;71.038;85.150
849;26;27;71.189;62.480
849;27;26;71.189;62.600
850;26;27;77.029;65.990
850;27;26;77.029;66.110
851;26;28;81.879;63.230
851;28;26;81.879;63.940
852;26;28;84.791;70.250
852;28;26;84.791;70.960
853;26;28;88.439;84.260
853;28;26;88.439;84.970
854;26;29;25.336;12.170
854;29;26;70.336;73.050
855;26;29;30.746;10.670
855;29;26;75.746;71.550
856;27;28;58.365;76.580
856;28;27;58.365;77.170
857;27;29;6.651;22.330
857;29;27;51.651;83.090
858;27;29;7.311;24.750
858;29;27;52.311;85.510
859;27;29;8.052;15.070
859;29;27;53.052;75.830
860;28;29;19.290;6.480
860;29;28;64.290;66.650
