30
600.0
0;0;1;68.796;113.500
0;1;0;23.796;17.520
1;0;1;68.459;108.040
1;1;0;23.459;12.060
2;0;1;69.209;117.070
2;1;0;24.209;21.090
3;0;2;94.491;108.740
3;2;0;49.491;22.700
4;0;3;67.688;88.260
4;3;0;22.688;3.270
5;0;3;68.582;98.220
5;3;0;23.582;13.230
6;0;3;71.113;99.570
6;3;0;26.113;14.580
7;0;4;73.285;106.740
7;4;0;28.285;23.590
8;0;4;76.005;106.750
8;4;0;31.005;23.600
9;0;5;53.647;98.200
9;5;0;8.647;18.250
10;0;5;54.377;91.770
10;5;0;9.377;11.820
11;0;5;55.126;93.610
11;5;0;10.126;13.660
12;0;6;75.107;80.190
12;6;0;30.107;1.020
13;0;7;77.509;93.660
13;7;0;32.509;15.750
14;0;7;73.956;83.620
14;7;0;28.956;5.710
15;0;7;70.226;96.010
15;7;0;25.226;18.100
16;0;8;62.194;98.450
16;8;0;17.194;21.330
17;0;8;64.794;79.830
17;8;0;19.794;2.710
18;0;8;60.485;96.900
18;8;0;15.485;19.780
19;0;9;90.309;96.970
19;9;0;45.309;20.610
20;0;10;81.549;80.170
20;10;0;36.549;4.270
21;0;10;76.312;85.090
21;10;0;31.312;9.190
22;0;10;84.227;98.980
22;10;0;39.227;23.080
23;0;11;64.222;76.110
23;11;0;19.222;4.790
24;0;11;65.367;92.760
24;11;0;20.367;21.440
25;0;12;67.496;92.710
25;12;0;22.496;21.660
26;0;13;76.387;93.070
26;13;0;31.387;22.090
27;0;13;83.378;93.760
27;13;0;38.378;22.780
28;0;13;83.718;84.430
28;13;0;38.718;13.450
29;0;14;72.562;75.690
29;14;0;27.562;4.860
30;0;14;66.147;91.500
30;14;0;21.147;20.670
31;0;14;70.349;91.470
31;14;0;25.349;20.640
32;0;15;124.572;78.250
32;15;0;79.572;7.680
33;0;16;138.673;87.770
33;16;0;93.673;19.320
34;0;16;133.392;72.330
34;16;0;88.392;3.880
35;0;16;151.315;75.530
35;16;0;106.315;7.080
36;0;17;63.196;79.390
36;17;0;18.196;12.090
37;0;17;62.515;86.520
37;17;0;17.515;19.220
38;0;17;65.718;82.460
38;17;0;20.718;15.160
39;0;18;119.442;66.560
39;18;0;74.442;0.060
40;0;18;101.218;77.450
40;18;0;56.218;10.950
41;0;18;132.004;88.620
41;18;0;87.004;22.120
42;0;19;54.829;85.490
42;19;0;9.829;21.570
43;0;19;56.187;69.000
43;19;0;11.187;5.080
44;0;20;63.315;70.570
44;20;0;18.315;8.370
45;0;20;66.979;78.480
45;20;0;21.979;16.280
46;0;21;116.350;81.420
46;21;0;71.350;19.410
47;0;21;121.539;65.990
47;21;0;76.539;3.980
48;0;21;113.832;86.090
48;21;0;68.832;24.080
49;0;22;63.520;83.300
49;22;0;18.520;21.500
50;0;22;67.766;72.480
50;22;0;22.766;10.680
51;0;22;67.710;74.200
51;22;0;22.710;12.400
52;0;23;63.686;71.470
52;23;0;18.686;10.630
53;0;23;61.233;61.210
53;23;0;16.233;0.370
54;0;23;60.579;75.700
54;23;0;15.579;14.860
55;0;24;70.336;66.760
55;24;0;25.336;6.380
56;0;25;51.651;71.990
56;25;0;6.651;11.830
57;0;25;52.570;63.880
57;25;0;7.570;3.720
58;0;25;51.135;82.900
58;25;0;6.135;22.740
59;0;26;65.827;80.650
59;26;0;20.827;20.530
60;0;27;121.973;68.730
60;27;0;76.973;9.520
61;0;28;52.648;82.160
61;28;0;7.648;23.330
62;0;28;54.469;61.180
62;28;0;9.469;2.350
63;0;29;0.000;11.880
63;29;0;0.000;11.880
64;0;29;0.000;3.730
64;29;0;0.000;3.730
65;1;2;110.336;94.680
65;2;1;110.336;104.620
66;1;2;116.071;106.610
66;2;1;116.071;116.550
67;1;2;96.491;93.200
67;2;1;96.491;103.140
68;1;3;91.481;99.220
68;3;1;91.481;110.210
69;1;3;90.519;104.700
69;3;1;90.519;115.690
70;1;3;93.365;109.580
70;3;1;93.365;120.570
71;1;4;51.988;99.480
71;4;1;51.988;112.310
72;1;4;53.463;89.620
72;4;1;53.463;102.450
73;1;4;50.927;107.980
73;4;1;50.927;120.810
74;1;5;76.730;86.510
74;5;1;76.730;102.540
75;1;6;89.354;100.180
75;6;1;89.354;116.990
76;1;6;93.716;80.070
76;6;1;93.716;96.880
77;1;6;80.570;98.750
77;6;1;80.570;115.560
78;1;7;100.131;94.090
78;7;1;100.131;112.160
79;1;7;105.374;92.190
79;7;1;105.374;110.260
80;1;7;93.356;80.020
80;7;1;93.356;98.090
81;1;8;84.892;97.330
81;8;1;84.892;116.190
82;1;8;81.207;94.950
82;8;1;81.207;113.810
83;1;8;75.087;96.000
83;8;1;75.087;114.860
84;1;9;113.670;90.940
84;9;1;113.670;110.560
85;1;9;123.908;97.350
85;9;1;123.908;116.970
86;1;10;91.542;89.140
86;10;1;91.542;109.220
87;1;10;98.597;90.130
87;10;1;98.597;110.210
88;1;11;64.619;91.070
88;11;1;64.619;115.730
89;1;11;62.256;95.340
89;11;1;62.256;120.000
90;1;12;90.080;95.130
90;12;1;90.080;120.060
91;1;12;92.050;90.650
91;12;1;92.050;115.580
92;1;12;92.035;86.960
92;12;1;92.035;111.890
93;1;13;53.115;89.150
93;13;1;53.115;114.150
94;1;13;52.510;78.380
94;13;1;52.510;103.380
95;1;14;86.226;86.760
95;14;1;86.226;111.910
96;1;15;147.414;82.590
96;15;1;147.414;108.000
97;1;15;154.010;80.500
97;15;1;154.010;105.910
98;1;16;142.123;88.160
98;16;1;142.123;115.690
99;1;17;84.989;74.860
99;17;1;84.989;103.540
100;1;17;83.013;76.200
100;17;1;83.013;104.880
101;1;17;76.905;75.430
101;17;1;76.905;104.110
102;1;18;142.767;91.280
102;18;1;142.767;120.760
103;1;19;74.708;86.600
103;19;1;74.708;118.660
104;1;19;70.129;64.740
104;19;1;70.129;96.800
105;1;19;80.045;74.250
105;19;1;80.045;106.310
106;1;20;86.710;82.710
106;20;1;86.710;116.490
107;1;20;91.016;62.220
107;20;1;91.016;96.000
108;1;20;78.332;85.610
108;20;1;78.332;119.390
109;1;21;122.761;75.100
109;21;1;122.761;109.070
110;1;22;85.525;71.900
110;22;1;85.525;106.080
111;1;22;91.592;86.780
111;22;1;91.592;120.960
112;1;23;86.065;75.790
112;23;1;86.065;110.930
113;1;24;53.171;82.910
113;24;1;53.171;118.510
114;1;25;71.558;69.200
114;25;1;71.558;105.020
115;1;25;72.930;64.540
115;25;1;72.930;100.360
116;1;25;70.435;69.640
116;25;1;70.435;105.460
117;1;26;82.779;66.450
117;26;1;82.779;102.310
118;1;27;132.213;82.760
118;27;1;132.213;119.530
119;1;27;141.114;71.500
119;27;1;141.114;108.270
120;1;27;118.525;79.370
120;27;1;118.525;116.140
121;1;28;76.099;78.810
121;28;1;76.099;115.960
122;1;28;77.066;67.830
122;28;1;77.066;104.980
123;1;28;81.651;74.600
123;28;1;81.651;111.750
124;1;29;23.796;19.480
124;29;1;68.796;115.460
125;1;29;22.038;17.720
125;29;1;67.038;113.700
126;2;3;86.520;95.500
126;3;2;86.520;96.550
127;2;4;117.069;85.840
127;4;2;117.069;88.730
128;2;5;87.276;80.490
128;5;2;87.276;86.580
129;2;5;87.159;95.090
129;5;2;87.159;101.180
130;2;6;65.984;92.200
130;6;2;65.984;99.070
131;2;6;62.952;91.750
131;6;2;62.952;98.620
132;2;7;74.022;95.920
132;7;2;74.022;104.050
133;2;7;79.153;90.390
133;7;2;79.153;98.520
134;2;7;77.111;78.360
134;7;2;77.111;86.490
135;2;8;80.845;90.670
135;8;2;80.845;99.590
136;2;8;74.340;81.220
136;8;2;74.340;90.140
137;2;9;80.955;94.550
137;9;2;80.955;104.230
138;2;10;66.570;92.060
138;10;2;66.570;102.200
139;2;10;64.481;90.550
139;10;2;64.481;100.690
140;2;10;65.764;99.780
140;10;2;65.764;109.920
141;2;11;113.662;77.370
141;11;2;113.662;92.090
142;2;11;100.780;95.300
142;11;2;100.780;110.020
143;2;11;113.175;90.180
143;11;2;113.175;104.900
144;2;12;77.528;92.270
144;12;2;77.528;107.260
145;2;12;76.695;81.510
145;12;2;76.695;96.500
146;2;12;79.967;88.110
146;12;2;79.967;103.100
147;2;13;114.299;89.900
147;13;2;114.299;104.960
148;2;13;121.609;82.400
148;13;2;121.609;97.460
149;2;13;106.919;78.430
149;13;2;106.919;93.490
150;2;14;69.109;73.210
150;14;2;69.109;88.420
151;2;14;66.480;84.320
151;14;2;66.480;99.530
152;2;15;96.851;87.690
152;15;2;96.851;103.160
153;2;16;102.209;78.880
153;16;2;102.209;96.470
154;2;16;99.047;93.270
154;16;2;99.047;110.860
155;2;16;90.541;86.770
155;16;2;90.541;104.360
156;2;17;78.322;83.320
156;17;2;78.322;102.060
157;2;18;97.504;86.620
157;18;2;97.504;106.160
158;2;18;104.565;84.930
158;18;2;104.565;104.470
159;2;18;84.546;83.380
159;18;2;84.546;102.920
160;2;19;84.694;71.760
160;19;2;84.694;93.880
161;2;20;92.752;75.740
161;20;2;92.752;99.580
162;2;21;79.185;86.500
162;21;2;79.185;110.530
163;2;22;78.457;78.030
163;22;2;78.457;102.270
164;2;22;72.434;81.290
164;22;2;72.434;105.530
165;2;22;86.015;71.790
165;22;2;86.015;96.030
166;2;23;79.129;67.150
166;23;2;79.129;92.350
167;2;23;74.928;66.480
167;23;2;74.928;91.680
168;2;23;80.524;71.540
168;23;2;80.524;96.740
169;2;24;105.577;79.600
169;24;2;105.577;105.260
170;2;24;100.760;79.440
170;24;2;100.760;105.100
171;2;25;88.091;71.030
171;25;2;88.091;96.910
172;2;26;73.902;81.540
172;26;2;73.902;107.460
173;2;27;76.549;60.330
173;27;2;76.549;87.160
174;2;27;69.025;82.860
174;27;2;69.025;109.690
175;2;28;93.438;59.740
175;28;2;93.438;86.950
176;2;28;94.141;68.310
176;28;2;94.141;95.520
177;2;29;49.491;15.960
177;29;2;94.491;102.000
178;2;29;42.542;2.290
178;29;2;87.542;88.330
179;2;29;41.569;7.410
179;29;2;86.569;93.450
180;3;4;95.763;87.000
180;4;3;95.763;88.840
181;3;4;107.852;86.820
181;4;3;107.852;88.660
182;3;5;60.381;94.840
182;5;3;60.381;99.880
183;3;5;61.364;97.040
183;5;3;61.364;102.080
184;3;5;57.854;87.280
184;5;3;57.854;92.320
185;3;6;75.314;91.350
185;6;3;75.314;97.170
186;3;7;59.400;86.820
186;7;3;59.400;93.900
187;3;8;55.323;97.020
187;8;3;55.323;104.890
188;3;9;68.621;86.020
188;9;3;68.621;94.650
189;3;10;84.488;97.030
189;10;3;84.488;106.120
190;3;11;82.763;94.860
190;11;3;82.763;108.530
191;3;11;84.625;78.860
191;11;3;84.625;92.530
192;3;12;54.749;79.770
192;12;3;54.749;93.710
193;3;12;55.207;87.170
193;12;3;55.207;101.110
194;3;12;55.671;73.420
194;12;3;55.671;87.360
195;3;13;98.965;71.330
195;13;3;98.965;85.340
196;3;13;104.973;90.440
196;13;3;104.973;104.450
197;3;14;74.821;74.640
197;14;3;74.821;88.800
198;3;14;71.133;77.700
198;14;3;71.133;91.860
199;3;15;103.279;89.310
199;15;3;103.279;103.730
200;3;15;114.914;73.090
200;15;3;114.914;87.510
201;3;16;140.389;92.580
201;16;3;140.389;109.120
202;3;16;148.413;72.480
202;16;3;148.413;89.020
203;3;17;57.858;76.930
203;17;3;57.858;94.620
204;3;17;60.476;89.730
204;17;3;60.476;107.420
205;3;17;56.926;84.680
205;17;3;56.926;102.370
206;3;18;97.433;67.780
206;18;3;97.433;86.270
207;3;18;106.569;69.220
207;18;3;106.569;87.710
208;3;19;64.811;68.410
208;19;3;64.811;89.480
209;3;20;52.549;87.130
209;20;3;52.549;109.920
210;3;20;52.666;66.220
210;20;3;52.666;89.010
211;3;21;116.810;78.010
211;21;3;116.810;100.990
212;3;21;104.615;68.090
212;21;3;104.615;91.070
213;3;21;130.237;76.440
213;21;3;130.237;99.420
214;3;22;57.156;80.440
214;22;3;57.156;103.630
215;3;23;55.905;79.540
215;23;3;55.905;103.690
216;3;23;53.851;74.020
216;23;3;53.851;98.170
217;3;23;53.486;72.920
217;23;3;53.486;97.070
218;3;24;92.282;77.330
218;24;3;92.282;101.940
219;3;25;66.487;84.150
219;25;3;66.487;108.980
220;3;26;67.821;61.890
220;26;3;67.821;86.760
221;3;26;62.796;75.870
221;26;3;62.796;100.740
222;3;27;117.778;62.110
222;27;3;117.778;87.890
223;3;28;60.801;80.680
223;28;3;60.801;106.840
224;3;28;63.374;60.170
224;28;3;63.374;86.330
225;3;29;22.688;13.920
225;29;3;67.688;98.910
226;3;29;26.682;2.630
226;29;3;71.682;87.620
227;4;5;81.692;91.780
227;5;4;81.692;94.980
228;4;5;90.377;96.670
228;5;4;90.377;99.870
229;4;6;96.088;98.440
229;6;4;96.088;102.420
230;4;6;97.543;100.900
230;6;4;97.543;104.880
231;4;6;101.260;96.380
231;6;4;101.260;100.360
232;4;7;105.469;80.330
232;7;4;105.469;85.570
233;4;7;112.297;79.380
233;7;4;112.297;84.620
234;4;7;101.067;91.170
234;7;4;101.067;96.410
235;4;8;90.108;84.910
235;8;4;90.108;90.940
236;4;9;118.587;78.860
236;9;4;118.587;85.650
237;4;9;104.780;79.200
237;9;4;104.780;85.990
238;4;9;105.262;99.740
238;9;4;105.262;106.530
239;4;10;98.504;89.840
239;10;4;98.504;97.090
240;4;11;63.721;75.250
240;11;4;63.721;87.080
241;4;12;95.384;87.030
241;12;4;95.384;99.130
242;4;13;54.760;95.380
242;13;4;54.760;107.550
243;4;13;54.000;71.340
243;13;4;54.000;83.510
244;4;14;92.972;77.810
244;14;4;92.972;90.130
245;4;14;100.403;83.250
245;14;4;100.403;95.570
246;4;14;86.508;91.790
246;14;4;86.508;104.110
247;4;15;152.715;92.820
247;15;4;152.715;105.400
248;4;15;132.939;82.910
248;15;4;132.939;95.490
249;4;15;156.307;71.390
249;15;4;156.307;83.970
250;4;16;148.777;78.380
250;16;4;148.777;93.080
251;4;17;90.512;69.550
251;17;4;90.512;85.400
252;4;17;100.169;77.070
252;17;4;100.169;92.920
253;4;17;91.774;83.110
253;17;4;91.774;98.960
254;4;18;147.722;89.490
254;18;4;147.722;106.140
255;4;19;80.398;64.980
255;19;4;80.398;84.210
256;4;20;90.296;76.790
256;20;4;90.296;97.740
257;4;20;84.439;75.540
257;20;4;84.439;96.490
258;4;20;99.423;82.470
258;20;4;99.423;103.420
259;4;21;129.661;85.030
259;21;4;129.661;106.170
260;4;22;90.992;69.600
260;22;4;90.992;90.950
261;4;22;90.793;66.210
261;22;4;90.793;87.560
262;4;22;95.655;86.360
262;22;4;95.655;107.710
263;4;23;91.414;76.740
263;23;4;91.414;99.050
264;4;23;82.835;69.660
264;23;4;82.835;91.970
265;4;24;59.458;80.480
265;24;4;59.458;103.250
266;4;24;60.462;74.860
266;24;4;60.462;97.630
267;4;25;77.067;78.530
267;25;4;77.067;101.520
268;4;26;89.149;69.210
268;26;4;89.149;92.240
269;4;27;139.200;67.970
269;27;4;139.200;91.910
270;4;28;80.025;73.460
270;28;4;80.025;97.780
271;4;28;77.976;80.940
271;28;4;77.976;105.260
272;4;28;76.712;83.550
272;28;4;76.712;107.870
273;4;29;28.285;1.130
273;29;4;73.285;84.280
274;5;6;69.444;91.790
274;6;5;69.444;92.570
275;5;6;69.721;93.750
275;6;5;69.721;94.530
276;5;7;68.885;99.120
276;7;5;68.885;101.160
277;5;7;71.038;102.270
277;7;5;71.038;104.310
278;5;7;70.041;77.910
278;7;5;70.041;79.950
279;5;8;53.547;100.700
279;8;5;53.547;103.530
280;5;8;54.852;93.940
280;8;5;54.852;96.770
281;5;8;54.930;79.670
281;8;5;54.930;82.500
282;5;9;81.967;95.710
282;9;5;81.967;99.300
283;5;9;79.503;77.850
283;9;5;79.503;81.440
284;5;9;77.033;83.670
284;9;5;77.033;87.260
285;5;10;77.233;85.640
285;10;5;77.233;89.690
286;5;10;79.113;77.800
286;10;5;79.113;81.850
287;5;10;78.798;83.370
287;10;5;78.798;87.420
288;5;11;72.272;80.680
288;11;5;72.272;89.310
289;5;12;58.852;72.940
289;12;5;58.852;81.840
290;5;12;61.443;89.210
290;12;5;61.443;98.110
291;5;13;83.904;83.730
291;13;5;83.904;92.700
292;5;14;67.457;75.900
292;14;5;67.457;85.020
293;5;14;66.775;91.840
293;14;5;66.775;100.960
294;5;15;116.038;85.330
294;15;5;116.038;94.710
295;5;16;134.874;82.540
295;16;5;134.874;94.040
296;5;17;54.733;73.470
296;17;5;54.733;86.120
297;5;17;54.922;85.300
297;17;5;54.922;97.950
298;5;17;57.139;88.750
298;17;5;57.139;101.400
299;5;18;111.092;77.100
299;18;5;111.092;90.550
300;5;18;109.373;70.570
300;18;5;109.373;84.020
301;5;18;106.079;90.050
301;18;5;106.079;103.500
302;5;19;50.626;68.090
302;19;5;50.626;84.120
303;5;20;58.400;84.730
303;20;5;58.400;102.480
304;5;20;58.184;86.870
304;20;5;58.184;104.620
305;5;20;58.982;76.090
305;20;5;58.982;93.840
306;5;21;111.918;72.440
306;21;5;111.918;90.380
307;5;21;116.040;85.700
307;21;5;116.040;103.640
308;5;21;107.324;80.620
308;21;5;107.324;98.560
309;5;22;54.975;79.050
309;22;5;54.975;97.200
310;5;22;57.014;71.150
310;22;5;57.014;89.300
311;5;23;55.056;67.460
311;23;5;55.056;86.570
312;5;24;76.945;62.640
312;24;5;76.945;82.210
313;5;24;69.438;74.390
313;24;5;69.438;93.960
314;5;25;51.171;82.820
314;25;5;51.171;102.610
315;5;26;59.887;79.790
315;26;5;59.887;99.620
316;5;27;116.122;78.880
316;27;5;116.122;99.620
317;5;28;51.574;63.110
317;28;5;51.574;84.230
318;5;28;52.213;75.550
318;28;5;52.213;96.670
319;5;28;50.132;80.700
319;28;5;50.132;101.820
320;5;29;8.647;0.380
320;29;5;53.647;80.330
321;6;7;69.601;100.540
321;7;6;69.601;101.800
322;6;7;69.540;78.860
322;7;6;69.540;80.120
323;6;7;67.480;102.810
323;7;6;67.480;104.070
324;6;8;66.053;85.560
324;8;6;66.053;87.610
325;6;9;82.998;85.260
325;9;6;82.998;88.070
326;6;10;54.238;84.590
326;10;6;54.238;87.860
327;6;10;56.017;77.220
327;10;6;56.017;80.490
328;6;10;53.600;92.450
328;10;6;53.600;95.720
329;6;11;93.824;74.940
329;11;6;93.824;82.790
330;6;12;65.740;82.020
330;12;6;65.740;90.140
331;6;12;69.086;83.730
331;12;6;69.086;91.850
332;6;12;63.732;78.530
332;12;6;63.732;86.650
333;6;13;93.521;82.410
333;13;6;93.521;90.600
334;6;13;93.299;73.110
334;13;6;93.299;81.300
335;6;13;103.891;81.200
335;13;6;103.891;89.390
336;6;14;48.134;87.870
336;14;6;48.134;96.210
337;6;14;48.510;82.690
337;14;6;48.510;91.030
338;6;15;110.123;72.480
338;15;6;110.123;81.080
339;6;16;110.940;80.630
339;16;6;110.940;91.350
340;6;16;117.279;90.960
340;16;6;117.279;101.680
341;6;16;96.292;91.090
341;16;6;96.292;101.810
342;6;17;63.125;72.050
342;17;6;63.125;83.920
343;6;17;63.522;82.290
343;17;6;63.522;94.160
344;6;17;66.860;85.740
344;17;6;66.860;97.610
345;6;18;108.137;75.090
345;18;6;108.137;87.760
346;6;18;98.539;73.130
346;18;6;98.539;85.800
347;6;19;65.413;79.620
347;19;6;65.413;94.870
348;6;19;66.328;85.060
348;19;6;66.328;100.310
349;6;20;79.073;85.840
349;20;6;79.073;102.810
350;6;20;71.468;62.690
350;20;6;71.468;79.660
351;6;20;83.453;70.240
351;20;6;83.453;87.210
352;6;21;87.679;80.170
352;21;6;87.679;97.330
353;6;22;63.660;86.490
353;22;6;63.660;103.860
354;6;22;59.439;85.370
354;22;6;59.439;102.740
355;6;23;64.813;61.900
355;23;6;64.813;80.230
356;6;23;60.495;66.700
356;23;6;60.495;85.030
357;6;23;66.872;84.460
357;23;6;66.872;102.790
358;6;24;84.813;69.340
358;24;6;84.813;88.130
359;6;24;86.964;75.060
359;24;6;86.964;93.850
360;6;25;68.466;67.050
360;25;6;68.466;86.060
361;6;26;54.569;82.040
361;26;6;54.569;101.090
362;6;26;52.631;78.120
362;26;6;52.631;97.170
363;6;27;91.911;80.210
363;27;6;91.911;100.170
364;6;27;85.660;59.270
364;27;6;85.660;79.230
365;6;28;76.014;61.420
365;28;6;76.014;81.760
366;6;28;76.237;70.570
366;28;6;76.237;90.910
367;6;29;30.107;10.870
367;29;6;75.107;90.040
368;6;29;34.128;11.310
368;29;6;79.128;90.480
369;6;29;27.267;24.340
369;29;6;72.267;103.510
370;7;8;60.372;91.730
370;8;7;60.372;92.520
371;7;8;61.591;92.500
371;8;7;61.591;93.290
372;7;9;59.501;100.210
372;9;7;59.501;101.760
373;7;9;59.690;96.840
373;9;7;59.690;98.390
374;7;10;78.419;91.850
374;10;7;78.419;93.860
375;7;10;75.929;99.930
375;10;7;75.929;101.940
376;7;11;95.168;75.130
376;11;7;95.168;81.720
377;7;11;102.774;72.280
377;11;7;102.774;78.870
378;7;12;55.085;78.940
378;12;7;55.085;85.800
379;7;12;57.224;93.070
379;12;7;57.224;99.930
380;7;13;106.754;92.840
380;13;7;106.754;99.770
381;7;13;98.820;77.810
381;13;7;98.820;84.740
382;7;14;70.644;81.800
382;14;7;70.644;88.880
383;7;14;70.089;84.070
383;14;7;70.089;91.150
384;7;14;76.355;93.610
384;14;7;76.355;100.690
385;7;15;92.290;91.080
385;15;7;92.290;98.420
386;7;16;130.235;68.600
386;16;7;130.235;78.060
387;7;16;111.458;78.630
387;16;7;111.458;88.090
388;7;16;125.326;81.410
388;16;7;125.326;90.870
389;7;17;60.208;92.180
389;17;7;60.208;102.790
390;7;17;63.883;69.910
390;17;7;63.883;80.520
391;7;18;87.910;80.940
391;18;7;87.910;92.350
392;7;18;98.515;79.080
392;18;7;98.515;90.490
393;7;18;83.362;69.810
393;18;7;83.362;81.220
394;7;19;70.526;86.090
394;19;7;70.526;100.080
395;7;19;64.658;79.450
395;19;7;64.658;93.440
396;7;20;66.825;79.170
396;20;7;66.825;94.880
397;7;20;67.553;64.370
397;20;7;67.553;80.080
398;7;20;65.759;67.330
398;20;7;65.759;83.040
399;7;21;106.687;85.840
399;21;7;106.687;101.740
400;7;22;59.627;67.470
400;22;7;59.627;83.580
401;7;23;59.075;74.410
401;23;7;59.075;91.480
402;7;23;59.937;70.790
402;23;7;59.937;87.860
403;7;24;98.966;72.470
403;24;7;98.966;90.000
404;7;24;109.175;71.190
404;24;7;109.175;88.720
405;7;24;100.629;67.700
405;24;7;100.629;85.230
406;7;25;73.573;80.500
406;25;7;73.573;98.250
407;7;25;78.807;79.380
407;25;7;78.807;97.130
408;7;25;72.937;63.260
408;25;7;72.937;81.010
409;7;26;66.551;82.810
409;26;7;66.551;100.600
410;7;26;70.189;62.190
410;26;7;70.189;79.980
411;7;27;105.565;59.850
411;27;7;105.565;78.550
412;7;27;103.845;62.380
412;27;7;103.845;81.080
413;7;27;108.786;68.720
413;27;7;108.786;87.420
414;7;28;72.476;82.450
414;28;7;72.476;101.530
415;7;28;75.847;71.740
415;28;7;75.847;90.820
416;7;28;72.807;71.000
416;28;7;72.807;90.080
417;7;29;32.509;19.360
417;29;7;77.509;97.270
418;7;29;35.363;16.670
418;29;7;80.363;94.580
419;8;9;73.859;89.110
419;9;8;73.859;89.870
420;8;9;73.084;100.080
420;9;8;73.084;100.840
421;8;9;71.929;96.850
421;9;8;71.929;97.610
422;8;10;74.973;94.580
422;10;8;74.973;95.800
423;8;11;80.483;77.690
423;11;8;80.483;83.490
424;8;12;50.307;86.370
424;12;8;50.307;92.440
425;8;13;91.758;88.550
425;13;8;91.758;94.690
426;8;13;103.221;84.300
426;13;8;103.221;90.440
427;8;13;86.135;91.030
427;13;8;86.135;97.170
428;8;14;65.072;89.190
428;14;8;65.072;95.480
429;8;14;67.906;94.600
429;14;8;67.906;100.890
430;8;14;62.247;88.680
430;14;8;62.247;94.970
431;8;15;107.614;75.960
431;15;8;107.614;82.510
432;8;15;103.363;91.890
432;15;8;103.363;98.440
433;8;15;98.875;83.450
433;15;8;98.875;90.000
434;8;16;131.899;73.150
434;16;8;131.899;81.820
435;8;16;132.153;75.470
435;16;8;132.153;84.140
436;8;16;140.018;86.800
436;16;8;140.018;95.470
437;8;17;47.930;83.180
437;17;8;47.930;93.000
438;8;17;48.623;76.380
438;17;8;48.623;86.200
439;8;17;48.468;68.630
439;17;8;48.468;78.450
440;8;18;102.892;76.090
440;18;8;102.892;86.710
441;8;18;90.747;69.320
441;18;8;90.747;79.940
442;8;18;116.662;88.960
442;18;8;116.662;99.580
443;8;19;55.748;82.190
443;19;8;55.748;95.390
444;8;19;56.622;73.130
444;19;8;56.622;86.330
445;8;19;54.117;64.480
445;19;8;54.117;77.680
446;8;20;58.035;80.530
446;20;8;58.035;95.450
447;8;21;108.490;83.110
447;21;8;108.490;98.220
448;8;22;47.493;83.680
448;22;8;47.493;99.000
449;8;23;46.755;72.330
449;23;8;46.755;88.610
450;8;23;46.328;79.990
450;23;8;46.328;96.270
451;8;24;84.311;75.930
451;24;8;84.311;92.670
452;8;24;94.137;64.070
452;24;8;94.137;80.810
453;8;24;90.663;69.350
453;24;8;90.663;86.090
454;8;25;58.413;65.770
454;25;8;58.413;82.730
455;8;26;57.704;75.460
455;26;8;57.704;92.460
456;8;27;111.028;76.300
456;27;8;111.028;94.210
457;8;27;103.952;71.260
457;27;8;103.952;89.170
458;8;28;58.189;82.630
458;28;8;58.189;100.920
459;8;28;59.381;63.360
459;28;8;59.381;81.650
460;8;28;58.671;68.590
460;28;8;58.671;86.880
461;8;29;17.194;20.050
461;29;8;62.194;97.170
462;9;10;91.181;78.430
462;10;9;91.181;78.890
463;9;11;106.384;81.370
463;11;9;106.384;86.410
464;9;11;110.069;81.790
464;11;9;110.069;86.830
465;9;11;118.499;90.190
465;11;9;118.499;95.230
466;9;12;68.888;74.900
466;12;9;68.888;80.210
467;9;12;71.044;83.390
467;12;9;71.044;88.700
468;9;13;120.617;80.260
468;13;9;120.617;85.640
469;9;13;104.035;77.430
469;13;9;104.035;82.810
470;9;13;119.436;85.320
470;13;9;119.436;90.700
471;9;14;84.493;88.770
471;14;9;84.493;94.300
472;9;14;81.773;86.190
472;14;9;81.773;91.720
473;9;14;80.791;87.040
473;14;9;80.791;92.570
474;9;15;79.657;89.160
474;15;9;79.657;94.950
475;9;16;138.102;79.990
475;16;9;138.102;87.900
476;9;16;147.542;92.090
476;16;9;147.542;100.000
477;9;16;133.367;77.790
477;16;9;133.367;85.700
478;9;17;74.303;85.900
478;17;9;74.303;94.960
479;9;17;80.244;81.380
479;17;9;80.244;90.440
480;9;18;74.136;68.430
480;18;9;74.136;78.290
481;9;19;84.479;77.300
481;19;9;84.479;89.740
482;9;20;75.731;78.050
482;20;9;75.731;92.210
483;9;21;115.123;78.830
483;21;9;115.123;93.180
484;9;22;73.647;75.830
484;22;9;73.647;90.390
485;9;22;70.473;70.200
485;22;9;70.473;84.760
486;9;22;74.909;75.660
486;22;9;74.909;90.220
487;9;23;72.879;66.500
487;23;9;72.879;82.020
488;9;23;69.631;70.870
488;23;9;69.631;86.390
489;9;24;113.074;65.750
489;24;9;113.074;81.730
490;9;25;87.272;76.140
490;25;9;87.272;92.340
491;9;26;81.011;81.500
491;26;9;81.011;97.740
492;9;27;111.005;72.690
492;27;9;111.005;89.840
493;9;28;84.149;70.210
493;28;9;84.149;87.740
494;9;29;45.309;12.540
494;29;9;90.309;88.900
495;9;29;48.368;18.240
495;29;9;93.368;94.600
496;9;29;45.554;22.310
496;29;9;90.554;98.670
497;10;11;99.245;78.580
497;11;10;99.245;83.160
498;10;11;105.589;84.700
498;11;10;105.589;89.280
499;10;12;74.967;76.730
499;12;10;74.967;81.580
500;10;13;94.291;90.240
500;13;10;94.291;95.160
501;10;13;90.684;84.410
501;13;10;90.684;89.330
502;10;14;54.975;92.470
502;14;10;54.975;97.540
503;10;14;55.181;95.390
503;14;10;55.181;100.460
504;10;14;57.019;82.000
504;14;10;57.019;87.070
505;10;15;115.732;91.930
505;15;10;115.732;97.260
506;10;15;105.070;83.540
506;15;10;105.070;88.870
507;10;16;102.641;84.430
507;16;10;102.641;91.880
508;10;17;72.071;82.200
508;17;10;72.071;90.800
509;10;17;65.325;79.120
509;17;10;65.325;87.720
510;10;18;114.654;90.360
510;18;10;114.654;99.760
511;10;18;110.168;87.180
511;18;10;110.168;96.580
512;10;19;72.463;69.720
512;19;10;72.463;81.700
513;10;19;77.094;74.090
513;19;10;77.094;86.070
514;10;20;87.897;85.070
514;20;10;87.897;98.770
515;10;21;79.854;77.260
515;21;10;79.854;91.150
516;10;22;72.657;73.650
516;22;10;72.657;87.750
517;10;22;76.211;70.980
517;22;10;76.211;85.080
518;10;23;73.847;74.640
518;23;10;73.847;89.700
519;10;23;70.988;74.750
519;23;10;70.988;89.810
520;10;24;85.666;72.550
520;24;10;85.666;88.070
521;10;24;78.101;77.730
521;24;10;78.101;93.250
522;10;24;85.706;81.700
522;24;10;85.706;97.220
523;10;25;74.991;66.410
523;25;10;74.991;82.150
524;10;25;69.528;68.170
524;25;10;69.528;83.910
525;10;26;62.667;66.190
525;26;10;62.667;81.970
526;10;27;86.270;66.540
526;27;10;86.270;83.230
527;10;27;82.227;75.570
527;27;10;82.227;92.260
528;10;28;83.752;70.700
528;28;10;83.752;87.770
529;10;28;88.425;61.980
529;28;10;88.425;79.050
530;10;28;90.265;61.360
530;28;10;90.265;78.430
531;10;29;36.549;9.120
531;29;10;81.549;85.020
532;10;29;34.481;21.530
532;29;10;79.481;97.430
533;11;12;85.599;94.690
533;12;11;85.599;94.960
534;11;13;72.076;80.180
534;13;11;72.076;80.520
535;11;14;91.063;84.340
535;14;11;91.063;84.830
536;11;15;141.041;72.110
536;15;11;141.041;72.860
537;11;16;154.833;87.310
537;16;11;154.833;90.180
538;11;16;170.032;84.290
538;16;11;170.032;87.160
539;11;16;145.965;84.870
539;16;11;145.965;87.740
540;11;17;82.002;89.840
540;17;11;82.002;93.860
541;11;17;82.052;74.630
541;17;11;82.052;78.650
542;11;17;75.146;83.800
542;17;11;75.146;87.820
543;11;18;135.045;70.070
543;18;11;135.045;74.890
544;11;19;73.971;80.100
544;19;11;73.971;87.500
545;11;19;74.617;70.190
545;19;11;74.617;77.590
546;11;19;70.619;71.990
546;19;11;70.619;79.390
547;11;20;75.947;73.070
547;20;11;75.947;82.190
548;11;21;133.461;83.040
548;21;11;133.461;92.350
549;11;21;116.365;86.750
549;21;11;116.365;96.060
550;11;22;82.210;76.800
550;22;11;82.210;86.320
551;11;22;79.575;68.410
551;22;11;79.575;77.930
552;11;23;82.142;81.210
552;23;11;82.142;91.690
553;11;23;81.608;69.480
553;23;11;81.608;79.960
554;11;23;87.861;68.390
554;23;11;87.861;78.870
555;11;24;71.588;61.430
555;24;11;71.588;72.370
556;11;25;70.585;74.380
556;25;11;70.585;85.540
557;11;25;76.429;71.250
557;25;11;76.429;82.410
558;11;26;84.848;64.470
558;26;11;84.848;75.670
559;11;26;91.043;77.660
559;26;11;91.043;88.860
560;11;27;140.326;81.120
560;27;11;140.326;93.230
561;11;27;132.089;68.170
561;27;11;132.089;80.280
562;11;28;67.692;81.050
562;28;11;67.692;93.540
563;11;29;19.222;11.900
563;29;11;64.222;83.220
564;11;29;15.069;0.280
564;29;11;60.069;71.600
565;11;29;15.405;3.120
565;29;11;60.405;74.440
566;12;13;96.814;74.490
566;13;12;96.814;74.560
567;12;13;97.384;74.650
567;13;12;97.384;74.720
568;12;13;92.971;82.700
568;13;12;92.971;82.770
569;12;14;65.552;84.160
569;14;12;65.552;84.380
570;12;15;102.363;86.250
570;15;12;102.363;86.730
571;12;16;130.650;91.280
571;16;12;130.650;93.880
572;12;16;151.549;84.230
572;16;12;151.549;86.830
573;12;16;122.881;86.210
573;16;12;122.881;88.810
574;12;17;50.468;67.730
574;17;12;50.468;71.480
575;12;17;51.034;69.640
575;17;12;51.034;73.390
576;12;17;51.547;68.940
576;17;12;51.547;72.690
577;12;18;97.787;71.520
577;18;12;97.787;76.070
578;12;18;98.700;87.800
578;18;12;98.700;92.350
579;12;19;60.606;79.810
579;19;12;60.606;86.940
580;12;20;60.226;71.590
580;20;12;60.226;80.440
581;12;20;63.494;70.670
581;20;12;63.494;79.520
582;12;21;107.080;73.740
582;21;12;107.080;82.780
583;12;22;49.777;79.360
583;22;12;49.777;88.610
584;12;23;49.023;63.410
584;23;12;49.023;73.620
585;12;23;48.734;84.000
585;23;12;48.734;94.210
586;12;24;89.188;84.010
586;24;12;89.188;94.680
587;12;24;91.271;61.630
587;24;12;91.271;72.300
588;12;24;95.366;80.050
588;24;12;95.366;90.720
589;12;25;63.534;69.980
589;25;12;63.534;80.870
590;12;25;62.005;81.250
590;25;12;62.005;92.140
591;12;26;59.254;74.420
591;26;12;59.254;85.350
592;12;26;61.077;70.220
592;26;12;61.077;81.150
593;12;27;108.438;63.390
593;27;12;108.438;75.230
594;12;28;63.056;66.170
594;28;12;63.056;78.390
595;12;28;65.490;81.340
595;28;12;65.490;93.560
596;12;28;65.664;82.830
596;28;12;65.664;95.050
597;12;29;22.496;13.490
597;29;12;67.496;84.540
598;13;14;90.399;88.060
598;14;13;90.399;88.210
599;13;14;97.375;92.200
599;14;13;97.375;92.350
600;13;15;153.905;72.160
600;15;13;153.905;72.570
601;13;15;153.399;72.710
601;15;13;153.399;73.120
602;13;16;141.250;90.840
602;16;13;141.250;93.370
603;13;16;126.404;71.450
603;16;13;126.404;73.980
604;13;16;145.756;81.090
604;16;13;145.756;83.620
605;13;17;91.546;89.300
605;17;13;91.546;92.980
606;13;18;149.601;70.850
606;18;13;149.601;75.330
607;13;19;81.232;69.530
607;19;13;81.232;76.590
608;13;20;94.527;86.380
608;20;13;94.527;95.160
609;13;20;91.362;73.510
609;20;13;91.362;82.290
610;13;20;92.439;79.500
610;20;13;92.439;88.280
611;13;21;123.233;86.700
611;21;13;123.233;95.670
612;13;21;128.882;85.360
612;21;13;128.882;94.330
613;13;21;118.855;76.100
613;21;13;118.855;85.070
614;13;22;92.138;69.600
614;22;13;92.138;78.780
615;13;22;82.674;67.230
615;22;13;82.674;76.410
616;13;22;82.838;63.840
616;22;13;82.838;73.020
617;13;23;92.793;70.210
617;23;13;92.793;80.350
618;13;23;90.302;76.600
618;23;13;90.302;86.740
619;13;23;91.427;76.880
619;23;13;91.427;87.020
620;13;24;53.722;80.920
620;24;13;53.722;91.520
621;13;24;53.033;68.910
621;24;13;53.033;79.510
622;13;25;78.346;75.930
622;25;13;78.346;86.750
623;13;26;88.076;65.120
623;26;13;88.076;75.980
624;13;26;87.507;75.940
624;26;13;87.507;86.800
625;13;26;89.504;73.100
625;26;13;89.504;83.960
626;13;27;133.825;75.420
626;27;13;133.825;87.190
627;13;28;83.857;70.470
627;28;13;83.857;82.620
628;13;29;31.387;2.170
628;29;13;76.387;73.150
629;13;29;29.274;7.990
629;29;13;74.274;78.970
630;14;15;112.603;90.680
630;15;14;112.603;90.940
631;14;15;124.146;81.090
631;15;14;124.146;81.350
632;14;15;123.870;90.930
632;15;14;123.870;91.190
633;14;16;112.493;81.590
633;16;14;112.493;83.970
634;14;16;127.203;81.020
634;16;14;127.203;83.400
635;14;17;62.198;73.320
635;17;14;62.198;76.850
636;14;18;110.343;85.470
636;18;14;110.343;89.800
637;14;18;114.465;71.970
637;18;14;114.465;76.300
638;14;19;63.034;86.680
638;19;14;63.034;93.590
639;14;19;65.789;66.770
639;19;14;65.789;73.680
640;14;20;77.940;69.140
640;20;14;77.940;77.770
641;14;20;73.881;77.580
641;20;14;73.881;86.210
642;14;20;72.467;67.340
642;20;14;72.467;75.970
643;14;21;89.461;78.160
643;21;14;89.461;86.980
644;14;21;94.583;76.160
644;21;14;94.583;84.980
645;14;22;62.815;67.950
645;22;14;62.815;76.980
646;14;23;64.032;82.120
646;23;14;64.032;92.110
647;14;24;81.695;61.280
647;24;14;81.695;71.730
648;14;25;65.912;72.260
648;25;14;65.912;82.930
649;14;26;52.708;76.720
649;26;14;52.708;87.430
650;14;27;94.420;68.480
650;27;14;94.420;80.100
651;14;28;74.019;69.400
651;28;14;74.019;81.400
652;14;28;68.773;83.290
652;28;14;68.773;95.290
653;14;29;27.562;17.510
653;29;14;72.562;88.340
654;14;29;24.127;22.050
654;29;14;69.127;92.880
655;15;16;145.386;78.750
655;16;15;145.386;80.870
656;15;16;147.754;75.180
656;16;15;147.754;77.300
657;15;16;157.303;81.980
657;16;15;157.303;84.100
658;15;17;107.439;92.000
658;17;15;107.439;95.270
659;15;17;122.841;77.000
659;17;15;122.841;80.270
660;15;17;116.061;86.100
660;17;15;116.061;89.370
661;15;18;53.891;70.840
661;18;15;53.891;74.910
662;15;19;117.753;75.790
662;19;15;117.753;82.440
663;15;19;132.220;82.990
663;19;15;132.220;89.640
664;15;19;108.222;77.470
664;19;15;108.222;84.120
665;15;20;110.310;84.270
665;20;15;110.310;92.640
666;15;21;126.254;78.960
666;21;15;126.254;87.520
667;15;21;115.027;82.700
667;21;15;115.027;91.260
668;15;21;115.380;81.770
668;21;15;115.380;90.330
669;15;22;106.891;78.190
669;22;15;106.891;86.960
670;15;22;118.312;85.940
670;22;15;118.312;94.710
671;15;23;106.364;72.120
671;23;15;106.364;81.850
672;15;23;107.295;80.430
672;23;15;107.295;90.160
673;15;23;105.786;65.450
673;23;15;105.786;75.180
674;15;24;145.892;80.740
674;24;15;145.892;90.930
675;15;24;124.040;65.400
675;24;15;124.040;75.590
676;15;25;120.858;69.320
676;25;15;120.858;79.730
677;15;26;111.786;71.330
677;26;15;111.786;81.780
678;15;26;99.138;69.220
678;26;15;99.138;79.670
679;15;27;115.801;69.970
679;27;15;115.801;81.330
680;15;27;130.268;73.170
680;27;15;130.268;84.530
681;15;28;118.727;83.330
681;28;15;118.727;95.070
682;15;28;106.627;73.480
682;28;15;106.627;85.220
683;15;29;79.572;13.860
683;29;15;124.572;84.430
684;16;17;128.972;85.010
684;17;16;128.972;86.160
685;16;18;149.258;68.450
685;18;16;149.258;70.400
686;16;18;162.532;88.270
686;18;16;162.532;90.220
687;16;19;130.017;81.850
687;19;16;130.017;86.380
688;16;19;122.792;88.880
688;19;16;122.792;93.410
689;16;20;144.932;85.450
689;20;16;144.932;91.700
690;16;20;130.925;76.340
690;20;16;130.925;82.590
691;16;20;122.977;73.940
691;20;16;122.977;80.190
692;16;21;68.616;73.200
692;21;16;68.616;79.640
693;16;21;72.017;71.050
693;21;16;72.017;77.490
694;16;21;64.275;63.600
694;21;16;64.275;70.040
695;16;22;129.450;85.730
695;22;16;129.450;92.380
696;16;22;119.605;71.470
696;22;16;119.605;78.120
697;16;23;130.535;83.260
697;23;16;130.535;90.870
698;16;23;122.291;73.160
698;23;16;122.291;80.770
699;16;24;134.327;72.410
699;24;16;134.327;80.480
700;16;25;132.307;66.060
700;25;16;132.307;74.350
701;16;25;142.219;82.870
701;25;16;142.219;91.160
702;16;26;120.189;62.500
702;26;16;120.189;70.830
703;16;27;74.586;78.170
703;27;16;74.586;87.410
704;16;28;141.388;81.090
704;28;16;141.388;90.710
705;16;28;162.078;66.060
705;28;16;162.078;75.680
706;16;28;136.329;60.160
706;28;16;136.329;69.780
707;16;29;93.673;21.710
707;29;16;138.673;90.160
708;17;18;103.090;74.860
708;18;17;103.090;75.660
709;17;18;110.825;79.000
709;18;17;110.825;79.800
710;17;18;93.687;68.750
710;18;17;93.687;69.550
711;17;19;55.322;70.270
711;19;17;55.322;73.650
712;17;19;53.133;70.500
712;19;17;53.133;73.880
713;17;20;60.964;67.340
713;20;17;60.964;72.440
714;17;21;105.572;72.170
714;21;17;105.572;77.460
715;17;21;111.809;83.480
715;21;17;111.809;88.770
716;17;21;106.152;74.630
716;21;17;106.152;79.920
717;17;22;45.760;85.560
717;22;17;45.760;91.060
718;17;22;45.940;62.870
718;22;17;45.940;68.370
719;17;23;46.983;83.020
719;23;17;46.983;89.480
720;17;24;83.807;73.070
720;24;17;83.807;79.990
721;17;25;58.464;62.170
721;25;17;58.464;69.310
722;17;25;58.443;70.860
722;25;17;58.443;78.000
723;17;25;57.994;60.570
723;25;17;57.994;67.710
724;17;26;54.969;63.010
724;26;17;54.969;70.190
725;17;27;108.257;83.870
725;27;17;108.257;91.960
726;17;28;60.254;68.210
726;28;17;60.254;76.680
727;17;28;57.601;79.180
727;28;17;57.601;87.650
728;17;29;18.196;14.710
728;29;17;63.196;82.010
729;17;29;18.555;6.070
729;29;17;63.555;73.370
730;17;29;17.054;10.680
730;29;17;62.054;77.980
731;18;19;113.379;75.090
731;19;18;113.379;77.670
732;18;20;104.115;72.870
732;20;18;104.115;77.170
733;18;20;95.259;71.740
733;20;18;95.259;76.040
734;18;21;128.961;78.080
734;21;18;128.961;82.570
735;18;22;102.478;61.860
735;22;18;102.478;66.560
736;18;22;92.014;73.340
736;22;18;92.014;78.040
737;18;22;88.638;76.430
737;22;18;88.638;81.130
738;18;23;101.809;63.100
738;23;18;101.809;68.760
739;18;24;141.875;69.670
739;24;18;141.875;75.790
740;18;24;122.978;69.060
740;24;18;122.978;75.180
741;18;24;144.842;72.410
741;24;18;144.842;78.530
742;18;25;116.292;82.770
742;25;18;116.292;89.110
743;18;25;115.603;64.450
743;25;18;115.603;70.790
744;18;26;108.550;69.090
744;26;18;108.550;75.470
745;18;27;119.772;79.290
745;27;18;119.772;86.580
746;18;27;101.441;68.080
746;27;18;101.441;75.370
747;18;28;113.151;83.580
747;28;18;113.151;91.250
748;18;28;98.355;64.010
748;28;18;98.355;71.680
749;18;29;74.442;15.820
749;29;18;119.442;82.320
750;18;29;84.708;18.430
750;29;18;129.708;84.930
751;19;20;63.896;67.750
751;20;19;63.896;69.470
752;19;20;65.590;70.130
752;20;19;65.590;71.850
753;19;21;107.303;78.200
753;21;19;107.303;80.110
754;19;21;94.381;76.740
754;21;19;94.381;78.650
755;19;21;97.649;81.380
755;21;19;97.649;83.290
756;19;22;55.906;75.800
756;22;19;55.906;77.920
757;19;22;58.513;70.340
757;22;19;58.513;72.460
758;19;22;55.528;86.220
758;22;19;55.528;88.340
759;19;23;56.600;67.020
759;23;19;56.600;70.100
760;19;24;73.603;70.230
760;24;19;73.603;73.770
761;19;24;75.729;65.860
761;24;19;75.729;69.400
762;19;24;77.630;70.100
762;24;19;77.630;73.640
763;19;25;48.511;78.630
763;25;19;48.511;82.390
764;19;26;56.015;82.030
764;26;19;56.015;85.830
765;19;26;57.004;76.820
765;26;19;57.004;80.620
766;19;27;112.324;65.770
766;27;19;112.324;70.480
767;19;28;56.562;70.090
767;28;19;56.562;75.180
768;19;29;9.829;20.930
768;29;19;54.829;84.850
769;19;29;11.598;9.750
769;29;19;56.598;73.670
770;19;29;8.129;15.310
770;29;19;53.129;79.230
771;20;21;121.504;77.170
771;21;20;121.504;77.360
772;20;22;60.483;85.370
772;22;20;60.483;85.770
773;20;23;59.427;71.770
773;23;20;59.427;73.130
774;20;23;62.702;66.830
774;23;20;62.702;68.190
775;20;24;88.638;75.900
775;24;20;88.638;77.720
776;20;25;64.327;69.890
776;25;20;64.327;71.930
777;20;25;67.411;71.250
777;25;20;67.411;73.290
778;20;26;70.351;67.250
778;26;20;70.351;69.330
779;20;26;66.388;78.000
779;26;20;66.388;80.080
780;20;27;123.579;76.390
780;27;20;123.579;79.380
781;20;28;55.697;75.590
781;28;20;55.697;78.960
782;20;29;18.315;4.240
782;29;20;63.315;66.440
783;20;29;16.668;20.010
783;29;20;61.668;82.210
784;20;29;22.802;15.250
784;29;20;67.802;77.450
785;21;22;106.024;62.850
785;22;21;106.024;63.060
786;21;22;119.742;76.660
786;22;21;119.742;76.870
787;21;23;107.083;72.040
787;23;21;107.083;73.210
788;21;24;115.480;62.210
788;24;21;115.480;63.840
789;21;24;112.349;63.580
789;24;21;112.349;65.210
790;21;24;122.664;79.620
790;24;21;122.664;81.250
791;21;25;109.830;68.620
791;25;21;109.830;70.470
792;21;25;116.123;79.550
792;25;21;116.123;81.400
793;21;26;97.091;62.560
793;26;21;97.091;64.450
794;21;26;109.053;71.210
794;26;21;109.053;73.100
795;21;26;96.438;68.880
795;26;21;96.438;70.770
796;21;27;60.436;80.210
796;27;21;60.436;83.010
797;21;28;118.478;58.850
797;28;21;118.478;62.030
798;21;28;128.678;71.110
798;28;21;128.678;74.290
799;21;28;129.677;60.030
799;28;21;129.677;63.210
800;21;29;71.350;15.320
800;29;21;116.350;77.330
801;21;29;61.715;5.150
801;29;21;106.715;67.160
802;21;29;65.214;14.230
802;29;21;110.214;76.240
803;22;23;46.253;62.180
803;23;22;46.253;63.140
804;22;24;84.442;62.610
804;24;22;84.442;64.030
805;22;25;58.977;75.400
805;25;22;58.977;77.040
806;22;25;61.996;70.620
806;25;22;61.996;72.260
807;22;26;55.664;64.100
807;26;22;55.664;65.780
808;22;26;56.937;71.370
808;26;22;56.937;73.050
809;22;26;56.945;69.360
809;26;22;56.945;71.040
810;22;27;108.546;79.010
810;27;22;108.546;81.600
811;22;28;60.269;64.730
811;28;22;60.269;67.700
812;22;28;59.450;77.790
812;28;22;59.450;80.760
813;22;28;61.710;82.240
813;28;22;61.710;85.210
814;22;29;18.520;0.800
814;29;22;63.520;62.600
815;22;29;19.522;21.830
815;29;22;64.522;83.630
816;22;29;15.964;2.460
816;29;22;60.964;64.260
817;23;24;85.197;72.300
817;24;23;85.197;72.760
818;23;24;90.110;71.030
818;24;23;90.110;71.490
819;23;24;77.199;60.810
819;24;23;77.199;61.270
820;23;25;59.514;73.320
820;25;23;59.514;74.000
821;23;25;61.958;62.340
821;25;23;61.958;63.020
822;23;26;56.916;78.180
822;26;23;56.916;78.900
823;23;27;109.413;65.930
823;27;23;109.413;67.560
824;23;27;119.248;83.490
824;27;23;119.248;85.120
825;23;27;99.397;70.500
825;27;23;99.397;72.130
826;23;28;59.928;65.690
826;28;23;59.928;67.700
827;23;28;63.546;61.120
827;28;23;63.546;63.130
828;23;28;59.293;59.170
828;28;23;59.293;61.180
829;23;29;18.686;23.510
829;29;23;63.686;84.350
830;23;29;14.977;11.410
830;29;23;59.977;72.250
831;23;29;21.288;10.890
831;29;23;66.288;71.730
832;24;25;71.038;70.040
832;25;24;71.038;70.260
833;24;25;74.454;74.520
833;25;24;74.454;74.740
834;24;26;79.629;78.490
834;26;24;79.629;78.750
835;24;27;125.577;60.370
835;27;24;125.577;61.540
836;24;27;110.335;75.260
836;27;24;110.335;76.430
837;24;27;111.397;73.680
837;27;24;111.397;74.850
838;24;28;77.982;74.030
838;28;24;77.982;75.580
839;24;29;25.336;9.400
839;29;24;70.336;69.780
840;24;29;21.492;11.940
840;29;24;66.492;72.320
841;25;26;59.274;74.340
841;26;25;59.274;74.380
842;25;26;60.522;76.590
842;26;25;60.522;76.630
843;25;26;56.932;76.040
843;26;25;56.932;76.080
844;25;27;115.322;66.410
844;27;25;115.322;67.360
845;25;27;110.215;66.510
845;27;25;110.215;67.460
846;25;28;55.342;73.630
846;28;25;55.342;74.960
847;25;29;6.651;9.040
847;29;25;51.651;69.200
848;25;29;8.203;9.710
848;29;25;53.203;69.870
849;26;27;101.410;59.220
849;27;26;101.410;60.130
850;26;27;94.123;74.940
850;27;26;94.123;75.850
851;26;27;113.790;83.040
851;27;26;113.790;83.950
852;26;28;66.460;75.440
852;28;26;66.460;76.730
853;26;29;20.827;16.750
853;29;26;65.827;76.870
854;26;29;18.695;15.700
854;29;26;63.695;75.820
855;26;29;25.547;15.870
855;29;26;70.547;75.990
856;27;28;122.629;59.460
856;28;27;122.629;59.840
857;27;28;138.623;64.660
857;28;27;138.623;65.040
858;27;29;76.973;13.140
858;29;27;121.973;72.350
859;27;29;60.092;6.010
859;29;27;105.092;65.220
860;28;29;7.648;24.680
860;29;28;52.648;83.510
861;28;29;8.094;11.840
861;29;28;53.094;70.670
