30
180.0
0;0;1;73.285;96.300
0;1;0;28.285;13.400
1;0;2;53.647;86.160
1;2;0;8.647;5.660
2;0;2;54.662;97.750
2;2;0;9.662;17.250
3;0;3;94.491;103.060
3;3;0;49.491;23.540
4;0;3;89.232;102.310
4;3;0;44.232;22.790
5;0;3;88.929;98.800
5;3;0;43.929;19.280
6;0;4;81.549;88.210
6;4;0;36.549;10.920
7;0;4;84.615;99.540
7;4;0;39.615;22.250
8;0;5;124.572;81.930
8;5;0;79.572;5.840
9;0;6;62.194;87.410
9;6;0;17.194;12.820
10;0;7;63.315;86.160
10;7;0;18.315;11.720
11;0;7;65.228;75.450
11;7;0;20.228;1.010
12;0;7;61.778;81.740
12;7;0;16.778;7.300
13;0;8;90.309;96.780
13;8;0;45.309;22.610
14;0;9;75.107;79.460
14;9;0;30.107;5.430
15;0;9;71.151;91.000
15;9;0;26.151;16.970
16;0;10;77.509;74.920
16;10;0;32.509;1.890
17;0;11;119.442;75.360
17;11;0;74.442;4.210
18;0;11;125.936;89.360
18;11;0;80.936;18.210
19;0;11;126.543;91.840
19;11;0;81.543;20.690
20;0;12;67.688;70.530
20;12;0;22.688;0.700
21;0;12;64.744;76.170
21;12;0;19.744;6.340
22;0;12;67.813;76.790
22;12;0;22.813;6.960
23;0;13;64.222;78.300
23;13;0;19.222;8.890
24;0;13;65.935;80.380
24;13;0;20.935;10.970
25;0;14;76.387;67.880
25;14;0;31.387;1.260
26;0;15;72.562;84.420
26;15;0;27.562;18.760
27;0;16;68.796;84.310
27;16;0;23.796;19.830
28;0;16;71.854;71.600
28;16;0;26.854;7.120
29;0;17;116.350;76.190
29;17;0;71.350;12.130
30;0;18;75.026;85.040
30;18;0;30.026;21.090
31;0;19;138.673;85.500
31;19;0;93.673;24.080
32;0;20;102.583;83.530
32;20;0;57.583;23.790
33;0;20;108.646;68.390
33;20;0;63.646;8.650
34;0;21;63.686;82.690
34;21;0;18.686;23.970
35;0;22;74.690;64.720
35;22;0;29.690;6.590
36;0;23;126.991;60.660
36;23;0;81.991;2.730
37;0;24;51.651;71.750
37;24;0;6.651;14.030
38;0;24;50.979;67.300
38;24;0;5.979;9.580
39;0;25;121.973;79.160
39;25;0;76.973;21.560
40;0;25;118.887;58.140
40;25;0;73.887;0.540
41;0;25;116.465;75.450
41;25;0;71.465;17.850
42;0;26;70.336;65.670
42;26;0;25.336;8.170
43;0;27;65.827;69.010
43;27;0;20.827;12.060
44;0;27;69.722;62.590
44;27;0;24.722;5.640
45;0;28;94.508;78.960
45;28;0;49.508;22.100
46;0;28;83.914;76.200
46;28;0;38.914;19.340
47;0;29;0.000;9.950
47;29;0;0.000;9.950
48;1;2;81.692;86.500
48;2;1;81.692;88.900
49;1;2;78.060;104.800
49;2;1;78.060;107.200
50;1;3;117.069;100.270
50;3;1;117.069;103.650
51;1;3;134.179;85.340
51;3;1;134.179;88.720
52;1;4;98.504;95.620
52;4;1;98.504;101.230
53;1;4;97.016;89.050
53;4;1;97.016;94.660
54;1;5;152.715;89.160
54;5;1;152.715;95.970
55;1;6;90.108;81.070
55;6;1;90.108;89.380
56;1;6;96.234;89.950
56;6;1;96.234;98.260
57;1;7;90.296;89.340
57;7;1;90.296;97.800
58;1;8;118.587;88.270
58;8;1;118.587;97.000
59;1;8;113.592;98.470
59;8;1;113.592;107.200
60;1;8;125.240;76.130
60;8;1;125.240;84.860
61;1;9;96.088;84.180
61;9;1;96.088;93.050
62;1;9;91.186;93.320
62;9;1;91.186;102.190
63;1;10;105.469;90.640
63;10;1;105.469;100.510
64;1;10;109.148;74.190
64;10;1;109.148;84.060
65;1;10;92.549;75.750
65;10;1;92.549;85.620
66;1;11;147.722;86.930
66;11;1;147.722;98.680
67;1;11;167.229;92.720
67;11;1;167.229;104.470
68;1;12;95.763;87.620
68;12;1;95.763;100.690
69;1;12;98.724;91.970
69;12;1;98.724;105.040
70;1;12;85.567;73.470
70;12;1;85.567;86.540
71;1;13;63.721;70.670
71;13;1;63.721;84.160
72;1;13;63.907;71.720
72;13;1;63.907;85.210
73;1;13;59.574;77.240
73;13;1;59.574;90.730
74;1;14;54.760;74.430
74;14;1;54.760;90.710
75;1;14;52.418;74.120
75;14;1;52.418;90.400
76;1;15;92.972;83.180
76;15;1;92.972;100.420
77;1;15;90.338;84.930
77;15;1;90.338;102.170
78;1;15;98.842;77.060
78;15;1;98.842;94.300
79;1;16;51.988;75.820
79;16;1;51.988;94.240
80;1;16;51.541;69.350
80;16;1;51.541;87.770
81;1;16;51.424;78.650
81;16;1;51.424;97.070
82;1;17;129.661;78.920
82;17;1;129.661;97.760
83;1;17;142.885;76.500
83;17;1;142.885;95.340
84;1;18;102.121;83.060
84;18;1;102.121;102.010
85;1;19;148.777;63.120
85;19;1;148.777;84.600
86;1;19;155.791;67.720
86;19;1;155.791;89.200
87;1;20;130.857;81.930
87;20;1;130.857;105.090
88;1;21;91.414;71.640
88;21;1;91.414;95.820
89;1;21;89.483;75.860
89;21;1;89.483;100.040
90;1;21;85.348;81.270
90;21;1;85.348;105.450
91;1;22;93.832;81.990
91;22;1;93.832;106.760
92;1;23;138.718;61.200
92;23;1;138.718;86.170
93;1;23;148.465;62.220
93;23;1;148.465;87.190
94;1;24;77.067;81.030
94;24;1;77.067;106.210
95;1;24;72.151;72.730
95;24;1;72.151;97.910
96;1;24;80.184;62.320
96;24;1;80.184;87.500
97;1;25;139.200;71.550
97;25;1;139.200;96.850
98;1;25;126.575;60.590
98;25;1;126.575;85.890
99;1;26;59.458;59.060
99;26;1;59.458;84.460
100;1;26;61.573;61.500
100;26;1;61.573;86.900
101;1;27;89.149;78.990
101;27;1;89.149;104.940
102;1;28;102.108;74.320
102;28;1;102.108;100.360
103;1;28;112.410;77.420
103;28;1;112.410;103.460
104;1;28;97.795;57.350
104;28;1;97.795;83.390
105;1;29;28.285;11.980
105;29;1;73.285;94.880
106;2;3;87.276;91.150
106;3;2;87.276;92.130
107;2;3;84.557;86.410
107;3;2;84.557;87.390
108;2;4;77.233;77.980
108;4;2;77.233;81.190
109;2;5;116.038;94.830
109;5;2;116.038;99.240
110;2;5;123.758;96.280
110;5;2;123.758;100.690
111;2;5;123.114;98.000
111;5;2;123.114;102.410
112;2;6;53.547;86.930
112;6;2;53.547;92.840
113;2;6;52.266;81.270
113;6;2;52.266;87.180
114;2;6;53.710;84.920
114;6;2;53.710;90.830
115;2;7;58.400;98.460
115;7;2;58.400;104.520
116;2;7;59.333;76.150
116;7;2;59.333;82.210
117;2;8;81.967;77.140
117;8;2;81.967;83.470
118;2;8;75.708;92.230
118;8;2;75.708;98.560
119;2;8;87.124;98.140
119;8;2;87.124;104.470
120;2;9;69.444;79.150
120;9;2;69.444;85.620
121;2;10;68.885;93.490
121;10;2;68.885;100.960
122;2;10;67.700;82.100
122;10;2;67.700;89.570
123;2;11;111.092;90.020
123;11;2;111.092;99.370
124;2;11;104.206;92.740
124;11;2;104.206;102.090
125;2;12;60.381;87.460
125;12;2;60.381;98.130
126;2;13;72.272;93.100
126;13;2;72.272;104.190
127;2;13;69.791;94.040
127;13;2;69.791;105.130
128;2;14;83.904;74.210
128;14;2;83.904;88.090
129;2;14;88.395;73.450
129;14;2;88.395;87.330
130;2;15;67.457;84.120
130;15;2;67.457;98.960
131;2;16;76.730;76.310
131;16;2;76.730;92.330
132;2;17;111.918;76.210
132;17;2;111.918;92.650
133;2;17;114.882;72.790
133;17;2;114.882;89.230
134;2;17;98.751;84.580
134;17;2;98.751;101.020
135;2;18;68.888;68.310
135;18;2;68.888;84.860
136;2;18;63.984;71.440
136;18;2;63.984;87.990
137;2;18;66.533;76.210
137;18;2;66.533;92.760
138;2;19;134.874;64.030
138;19;2;134.874;83.110
139;2;20;94.403;71.710
139;20;2;94.403;92.470
140;2;20;86.031;78.110
140;20;2;86.031;98.870
141;2;21;55.056;81.160
141;21;2;55.056;102.940
142;2;22;70.001;68.270
142;22;2;70.001;90.640
143;2;22;65.578;60.780
143;22;2;65.578;83.150
144;2;23;122.863;75.370
144;23;2;122.863;97.940
145;2;23;141.733;69.330
145;23;2;141.733;91.900
146;2;24;51.171;70.320
146;24;2;51.171;93.100
147;2;24;52.565;60.870
147;24;2;52.565;83.650
148;2;25;116.122;63.860
148;25;2;116.122;86.760
149;2;26;76.945;71.670
149;26;2;76.945;94.670
150;2;26;84.684;66.060
150;26;2;84.684;89.060
151;2;26;81.296;59.170
151;26;2;81.296;82.170
152;2;27;59.887;76.010
152;27;2;59.887;99.560
153;2;27;60.073;61.000
153;27;2;60.073;84.550
154;2;28;92.906;68.700
154;28;2;92.906;92.340
155;2;28;81.887;79.690
155;28;2;81.887;103.330
156;2;28;97.941;74.240
156;28;2;97.941;97.880
157;2;29;8.647;17.270
157;29;2;53.647;97.770
158;2;29;10.341;16.620
158;29;2;55.341;97.120
159;2;29;7.399;1.070
159;29;2;52.399;81.570
160;3;4;66.570;99.360
160;4;3;66.570;101.590
161;3;5;96.851;85.540
161;5;3;96.851;88.970
162;3;5;92.255;78.960
162;5;3;92.255;82.390
163;3;5;107.526;82.340
163;5;3;107.526;85.770
164;3;6;80.845;81.710
164;6;3;80.845;86.640
165;3;6;80.144;87.860
165;6;3;80.144;92.790
166;3;6;82.836;86.470
166;6;3;82.836;91.400
167;3;7;92.752;93.860
167;7;3;92.752;98.940
168;3;7;96.963;95.610
168;7;3;96.963;100.690
169;3;8;80.955;89.440
169;8;3;80.955;94.790
170;3;8;80.958;82.750
170;8;3;80.958;88.100
171;3;8;72.368;94.990
171;8;3;72.368;100.340
172;3;9;65.984;75.320
172;9;3;65.984;80.810
173;3;9;65.002;91.750
173;9;3;65.002;97.240
174;3;9;62.242;79.580
174;9;3;62.242;85.070
175;3;10;74.022;92.850
175;10;3;74.022;99.340
176;3;10;79.853;94.850
176;10;3;79.853;101.340
177;3;10;72.575;85.660
177;10;3;72.575;92.150
178;3;11;97.504;93.580
178;11;3;97.504;101.950
179;3;11;93.590;78.110
179;11;3;93.590;86.480
180;3;12;86.520;87.120
180;12;3;86.520;96.810
181;3;12;91.736;94.610
181;12;3;91.736;104.300
182;3;13;113.662;78.860
182;13;3;113.662;88.970
183;3;14;114.299;88.220
183;14;3;114.299;101.120
184;3;15;69.109;85.720
184;15;3;69.109;99.580
185;3;16;110.336;83.420
185;16;3;110.336;98.460
186;3;16;108.356;74.710
186;16;3;108.356;89.750
187;3;16;118.760;82.230
187;16;3;118.760;97.270
188;3;17;79.185;72.010
188;17;3;79.185;87.470
189;3;18;92.913;68.490
189;18;3;92.913;84.060
190;3;18;101.967;87.640
190;18;3;101.967;103.210
191;3;19;102.209;66.580
191;19;3;102.209;84.680
192;3;19;107.515;71.610
192;19;3;107.515;89.710
193;3;20;89.204;83.200
193;20;3;89.204;102.980
194;3;20;92.255;75.990
194;20;3;92.255;95.770
195;3;21;79.129;74.720
195;21;3;79.129;95.520
196;3;22;68.587;67.850
196;22;3;68.587;89.240
197;3;22;63.672;71.650
197;22;3;63.672;93.040
198;3;22;64.778;69.160
198;22;3;64.778;90.550
199;3;23;89.955;68.230
199;23;3;89.955;89.820
200;3;23;99.970;78.380
200;23;3;99.970;99.970
201;3;24;88.091;65.830
201;24;3;88.091;87.630
202;3;24;80.339;67.350
202;24;3;80.339;89.150
203;3;25;76.549;69.090
203;25;3;76.549;91.010
204;3;25;79.289;79.510
204;25;3;79.289;101.430
205;3;26;105.577;78.000
205;26;3;105.577;100.020
206;3;27;73.902;62.690
206;27;3;73.902;85.260
207;3;27;67.125;71.800
207;27;3;67.125;94.370
208;3;27;71.984;61.870
208;27;3;71.984;84.440
209;3;28;81.911;70.100
209;28;3;81.911;92.760
210;3;28;79.722;71.640
210;28;3;79.722;94.300
211;3;28;81.398;77.210
211;28;3;81.398;99.870
212;3;29;49.491;17.830
212;29;3;94.491;97.350
213;3;29;56.891;16.790
213;29;3;101.891;96.310
214;3;29;54.921;17.210
214;29;3;99.921;96.730
215;4;5;115.732;77.340
215;5;4;115.732;78.540
216;4;5;103.827;94.970
216;5;4;103.827;96.170
217;4;6;74.973;96.290
217;6;4;74.973;98.990
218;4;6;68.506;84.320
218;6;4;68.506;87.020
219;4;7;87.897;90.510
219;7;4;87.897;93.360
220;4;8;91.181;96.860
220;8;4;91.181;99.980
221;4;8;95.738;89.280
221;8;4;95.738;92.400
222;4;8;96.932;80.880
222;8;4;96.932;84.000
223;4;9;54.238;91.330
223;9;4;54.238;94.590
224;4;10;78.419;81.880
224;10;4;78.419;86.140
225;4;10;83.061;80.180
225;10;4;83.061;84.440
226;4;10;86.397;95.800
226;10;4;86.397;100.060
227;4;11;114.654;95.850
227;11;4;114.654;101.990
228;4;11;101.370;90.430
228;11;4;101.370;96.570
229;4;11;123.512;85.100
229;11;4;123.512;91.240
230;4;12;84.488;83.290
230;12;4;84.488;90.750
231;4;12;83.980;91.750
231;12;4;83.980;99.210
232;4;13;99.245;84.470
232;13;4;99.245;92.350
233;4;14;94.291;74.000
233;14;4;94.291;84.670
234;4;15;54.975;71.070
234;15;4;54.975;82.700
235;4;15;54.711;86.440
235;15;4;54.711;98.070
236;4;16;91.542;87.270
236;16;4;91.542;100.080
237;4;16;90.127;65.320
237;16;4;90.127;78.130
238;4;17;79.854;67.790
238;17;4;79.854;81.020
239;4;17;77.391;79.240
239;17;4;77.391;92.470
240;4;17;77.169;75.820
240;17;4;77.169;89.050
241;4;18;93.346;69.900
241;18;4;93.346;83.240
242;4;18;86.360;87.180
242;18;4;86.360;100.520
243;4;19;102.641;71.590
243;19;4;102.641;87.460
244;4;20;102.552;72.010
244;20;4;102.552;89.560
245;4;21;73.847;71.550
245;21;4;73.847;90.120
246;4;21;77.324;67.970
246;21;4;77.324;86.540
247;4;22;52.264;58.300
247;22;4;52.264;77.460
248;4;22;51.534;62.340
248;22;4;51.534;81.500
249;4;22;53.052;64.990
249;22;4;53.052;84.150
250;4;23;90.674;66.160
250;23;4;90.674;85.520
251;4;23;99.260;70.020
251;23;4;99.260;89.380
252;4;24;74.991;72.680
252;24;4;74.991;92.250
253;4;25;86.270;65.290
253;25;4;86.270;84.980
254;4;26;85.666;64.200
254;26;4;85.666;83.990
255;4;26;86.120;69.480
255;26;4;86.120;89.270
256;4;26;80.145;57.750
256;26;4;80.145;77.540
257;4;27;62.667;57.480
257;27;4;62.667;77.820
258;4;27;62.560;74.420
258;27;4;62.560;94.760
259;4;27;58.854;59.070
259;27;4;58.854;79.410
260;4;28;64.858;62.740
260;28;4;64.858;83.170
261;4;28;64.977;71.070
261;28;4;64.977;91.500
262;4;29;36.549;10.910
262;29;4;81.549;88.200
263;4;29;38.355;8.410
263;29;4;83.355;85.700
264;4;29;27.853;22.880
264;29;4;72.853;100.170
265;5;6;107.614;85.070
265;6;5;107.614;86.570
266;5;6;115.348;82.010
266;6;5;115.348;83.510
267;5;6;92.834;81.160
267;6;5;92.834;82.660
268;5;7;110.310;77.280
268;7;5;110.310;78.930
269;5;7;94.977;81.350
269;7;5;94.977;83.000
270;5;8;79.657;80.600
270;8;5;79.657;82.520
271;5;8;80.754;86.600
271;8;5;80.754;88.520
272;5;8;76.908;83.000
272;8;5;76.908;84.920
273;5;9;110.123;75.560
273;9;5;110.123;77.620
274;5;10;92.290;77.180
274;10;5;92.290;80.240
275;5;10;81.416;81.170
275;10;5;81.416;84.230
276;5;11;53.891;71.710
276;11;5;53.891;76.650
277;5;12;103.279;87.490
277;12;5;103.279;93.750
278;5;12;116.179;92.690
278;12;5;116.179;98.950
279;5;12;97.514;73.600
279;12;5;97.514;79.860
280;5;13;141.041;82.990
280;13;5;141.041;89.670
281;5;13;128.520;78.880
281;13;5;128.520;85.560
282;5;13;159.392;80.760
282;13;5;159.392;87.440
283;5;14;153.905;77.910
283;14;5;153.905;87.380
284;5;15;112.603;68.850
284;15;5;112.603;79.280
285;5;15;96.612;80.530
285;15;5;96.612;90.960
286;5;16;147.414;77.630
286;16;5;147.414;89.240
287;5;16;134.946;78.930
287;16;5;134.946;90.540
288;5;17;126.254;77.530
288;17;5;126.254;89.560
289;5;17;145.045;71.260
289;17;5;145.045;83.290
290;5;18;100.587;78.500
290;18;5;100.587;90.640
291;5;19;145.386;68.830
291;19;5;145.386;83.500
292;5;19;141.337;77.950
292;19;5;141.337;92.620
293;5;19;153.769;69.520
293;19;5;153.769;84.190
294;5;20;69.273;63.390
294;20;5;69.273;79.740
295;5;21;106.364;62.390
295;21;5;106.364;79.760
296;5;21;92.119;67.730
296;21;5;92.119;85.100
297;5;22;113.917;72.140
297;22;5;113.917;90.100
298;5;22;102.704;65.250
298;22;5;102.704;83.210
299;5;23;134.838;72.660
299;23;5;134.838;90.820
300;5;23;137.612;71.520
300;23;5;137.612;89.680
301;5;23;138.684;74.770
301;23;5;138.684;92.930
302;5;24;120.858;58.240
302;24;5;120.858;76.610
303;5;24;125.946;77.720
303;24;5;125.946;96.090
304;5;24;114.922;67.680
304;24;5;114.922;86.050
305;5;25;115.801;60.960
305;25;5;115.801;79.450
306;5;25;123.897;80.880
306;25;5;123.897;99.370
307;5;26;145.892;67.930
307;26;5;145.892;86.520
308;5;27;111.786;60.900
308;27;5;111.786;80.040
309;5;28;133.529;71.410
309;28;5;133.529;90.640
310;5;28;126.336;71.930
310;28;5;126.336;91.160
311;5;29;79.572;8.660
311;29;5;124.572;84.750
312;5;29;74.829;3.330
312;29;5;119.829;79.420
313;6;7;58.035;76.070
313;7;6;58.035;76.220
314;6;7;56.003;98.810
314;7;6;56.003;98.960
315;6;8;73.859;84.190
315;8;6;73.859;84.610
316;6;9;66.053;94.370
316;9;6;66.053;94.930
317;6;9;63.756;88.580
317;9;6;63.756;89.140
318;6;9;63.610;95.810
318;9;6;63.610;96.370
319;6;10;60.372;86.490
319;10;6;60.372;88.050
320;6;10;60.687;78.450
320;10;6;60.687;80.010
321;6;10;59.514;82.770
321;10;6;59.514;84.330
322;6;11;102.892;90.460
322;11;6;102.892;93.900
323;6;12;55.323;75.220
323;12;6;55.323;79.980
324;6;12;54.063;92.430
324;12;6;54.063;97.190
325;6;13;80.483;92.530
325;13;6;80.483;97.710
326;6;14;91.758;80.650
326;14;6;91.758;88.620
327;6;14;90.766;75.520
327;14;6;90.766;83.490
328;6;14;87.236;89.110
328;14;6;87.236;97.080
329;6;15;65.072;82.480
329;15;6;65.072;91.410
330;6;15;63.803;81.500
330;15;6;63.803;90.430
331;6;15;67.679;78.250
331;15;6;67.679;87.180
332;6;16;84.892;77.680
332;16;6;84.892;87.790
333;6;16;92.858;81.890
333;16;6;92.858;92.000
334;6;16;94.736;72.900
334;16;6;94.736;83.010
335;6;17;108.490;79.320
335;17;6;108.490;89.850
336;6;17;107.275;64.170
336;17;6;107.275;74.700
337;6;18;64.667;88.090
337;18;6;64.667;98.730
338;6;18;67.350;69.510
338;18;6;67.350;80.150
339;6;19;131.899;67.140
339;19;6;131.899;80.310
340;6;19;112.293;74.140
340;19;6;112.293;87.310
341;6;19;123.461;65.490
341;19;6;123.461;78.660
342;6;20;86.462;75.870
342;20;6;86.462;90.720
343;6;20;83.135;65.510
343;20;6;83.135;80.360
344;6;21;46.755;73.880
344;21;6;46.755;89.750
345;6;21;47.003;81.790
345;21;6;47.003;97.660
346;6;21;47.043;79.950
346;21;6;47.043;95.820
347;6;22;67.870;80.240
347;22;6;67.870;96.700
348;6;22;67.209;62.380
348;22;6;67.209;78.840
349;6;22;62.640;69.660
349;22;6;62.640;86.120
350;6;23;119.643;75.250
350;23;6;119.643;91.910
351;6;23;114.003;68.450
351;23;6;114.003;85.110
352;6;23;120.138;67.410
352;23;6;120.138;84.070
353;6;24;58.413;59.650
353;24;6;58.413;76.520
354;6;25;111.028;75.030
354;25;6;111.028;92.020
355;6;26;84.311;67.910
355;26;6;84.311;85.000
356;6;26;93.461;63.890
356;26;6;93.461;80.980
357;6;27;57.704;71.920
357;27;6;57.704;89.560
358;6;27;55.260;81.080
358;27;6;55.260;98.720
359;6;28;92.930;71.230
359;28;6;92.930;88.960
360;6;28;96.024;59.560
360;28;6;96.024;77.290
361;6;29;17.194;16.420
361;29;6;62.194;91.010
362;6;29;13.344;10.920
362;29;6;58.344;85.510
363;6;29;16.633;0.650
363;29;6;61.633;75.240
364;7;8;75.731;96.760
364;8;7;75.731;97.030
365;7;9;79.073;74.170
365;9;7;79.073;74.580
366;7;9;76.034;78.900
366;9;7;76.034;79.310
367;7;9;71.702;93.140
367;9;7;71.702;93.550
368;7;10;66.825;95.810
368;10;7;66.825;97.220
369;7;10;70.375;94.560
369;10;7;70.375;95.970
370;7;11;104.115;81.150
370;11;7;104.115;84.440
371;7;11;109.941;71.940
371;11;7;109.941;75.230
372;7;12;52.549;71.390
372;12;7;52.549;76.000
373;7;12;51.956;81.190
373;12;7;51.956;85.800
374;7;12;51.864;74.750
374;12;7;51.864;79.360
375;7;13;75.947;92.430
375;13;7;75.947;97.460
376;7;13;75.291;92.200
376;13;7;75.291;97.230
377;7;14;94.527;78.580
377;14;7;94.527;86.400
378;7;14;106.796;85.950
378;14;7;106.796;93.770
379;7;14;85.761;69.530
379;14;7;85.761;77.350
380;7;15;77.940;87.190
380;15;7;77.940;95.970
381;7;15;73.157;76.850
381;15;7;73.157;85.630
382;7;16;86.710;64.530
382;16;7;86.710;74.490
383;7;16;85.744;75.380
383;16;7;85.744;85.340
384;7;17;121.504;64.340
384;17;7;121.504;74.720
385;7;17;126.461;67.370
385;17;7;126.461;77.750
386;7;18;56.863;86.690
386;18;7;56.863;97.180
387;7;19;144.932;83.720
387;19;7;144.932;96.740
388;7;19;168.324;77.310
388;19;7;168.324;90.330
389;7;20;86.861;77.340
389;20;7;86.861;92.040
390;7;21;59.427;60.610
390;21;7;59.427;76.330
391;7;21;62.533;66.590
391;21;7;62.533;82.310
392;7;21;58.985;72.400
392;21;7;58.985;88.120
393;7;22;80.714;73.900
393;22;7;80.714;90.210
394;7;22;83.598;58.900
394;22;7;83.598;75.210
395;7;23;132.667;76.700
395;23;7;132.667;93.210
396;7;23;142.688;58.420
396;23;7;142.688;74.930
397;7;24;64.327;79.800
397;24;7;64.327;96.520
398;7;24;61.315;70.540
398;24;7;61.315;87.260
399;7;24;67.369;81.930
399;24;7;67.369;98.650
400;7;25;123.579;77.930
400;25;7;123.579;94.770
401;7;25;107.373;67.160
401;25;7;107.373;84.000
402;7;25;141.709;59.620
402;25;7;141.709;76.460
403;7;26;88.638;78.880
403;26;7;88.638;95.820
404;7;26;87.077;74.610
404;26;7;87.077;91.550
405;7;26;89.692;76.810
405;26;7;89.692;93.750
406;7;27;70.351;62.800
406;27;7;70.351;80.290
407;7;28;105.227;61.000
407;28;7;105.227;78.580
408;7;29;18.315;3.560
408;29;7;63.315;78.000
409;7;29;17.624;0.150
409;29;7;62.624;74.590
410;7;29;17.751;12.820
410;29;7;62.751;87.260
411;8;9;82.998;87.490
411;9;8;82.998;87.630
412;8;9;74.642;85.570
412;9;8;74.642;85.710
413;8;10;59.501;73.300
413;10;8;59.501;74.440
414;8;11;74.136;90.920
414;11;8;74.136;93.940
415;8;11;69.996;79.960
415;11;8;69.996;82.980
416;8;12;68.621;79.910
416;12;8;68.621;84.250
417;8;12;62.925;73.020
417;12;8;62.925;77.360
418;8;13;106.384;80.270
418;13;8;106.384;85.030
419;8;13;95.356;76.870
419;13;8;95.356;81.630
420;8;14;120.617;71.430
420;14;8;120.617;78.980
421;8;15;84.493;78.200
421;15;8;84.493;86.710
422;8;16;113.670;86.980
422;16;8;113.670;96.670
423;8;16;124.570;83.640
423;16;8;124.570;93.330
424;8;16;128.214;69.410
424;16;8;128.214;79.100
425;8;17;115.123;73.860
425;17;8;115.123;83.970
426;8;17;122.920;67.630
426;17;8;122.920;77.740
427;8;18;67.057;82.680
427;18;8;67.057;92.900
428;8;18;72.344;71.470
428;18;8;72.344;81.690
429;8;19;138.102;72.270
429;19;8;138.102;85.020
430;8;20;57.717;78.060
430;20;8;57.717;92.490
431;8;21;72.879;72.600
431;21;8;72.879;88.050
432;8;21;67.087;75.490
432;21;8;67.087;90.940
433;8;21;69.287;80.370
433;21;8;69.287;95.820
434;8;22;86.666;59.540
434;22;8;86.666;75.580
435;8;22;81.054;65.690
435;22;8;81.054;81.730
436;8;23;125.897;71.860
436;23;8;125.897;88.100
437;8;23;114.589;62.570
437;23;8;114.589;78.810
438;8;24;87.272;78.650
438;24;8;87.272;95.100
439;8;24;93.898;82.540
439;24;8;93.898;98.990
440;8;24;94.609;63.220
440;24;8;94.609;79.670
441;8;25;111.005;73.120
441;25;8;111.005;89.690
442;8;25;112.208;69.780
442;25;8;112.208;86.350
443;8;26;113.074;66.440
443;26;8;113.074;83.110
444;8;26;105.457;58.040
444;26;8;105.457;74.710
445;8;26;121.102;72.150
445;26;8;121.102;88.820
446;8;27;81.011;69.120
446;27;8;81.011;86.340
447;8;27;86.936;66.780
447;27;8;86.936;84.000
448;8;28;110.986;76.080
448;28;8;110.986;93.390
449;8;28;99.161;62.810
449;28;8;99.161;80.120
450;8;28;122.557;76.740
450;28;8;122.557;94.050
451;8;29;45.309;7.730
451;29;8;90.309;81.900
452;8;29;34.993;24.660
452;29;8;79.993;98.830
453;9;10;69.601;90.500
453;10;9;69.601;91.500
454;9;10;71.207;85.540
454;10;9;71.207;86.540
455;9;11;108.137;76.560
455;11;9;108.137;79.440
456;9;11;119.636;78.710
456;11;9;119.636;81.590
457;9;12;75.314;78.880
457;12;9;75.314;83.080
458;9;13;93.824;86.440
458;13;9;93.824;91.060
459;9;14;93.521;70.930
459;14;9;93.521;78.340
460;9;14;86.593;81.170
460;14;9;86.593;88.580
461;9;14;100.999;70.590
461;14;9;100.999;78.000
462;9;15;48.134;80.070
462;15;9;48.134;88.440
463;9;16;89.354;85.380
463;16;9;89.354;94.930
464;9;16;86.326;88.100
464;16;9;86.326;97.650
465;9;17;87.679;76.880
465;17;9;87.679;86.850
466;9;18;84.115;78.220
466;18;9;84.115;88.300
467;9;18;76.450;69.530
467;18;9;76.450;79.610
468;9;18;74.819;66.680
468;18;9;74.819;76.760
469;9;19;110.940;70.740
469;19;9;110.940;83.350
470;9;19;112.048;77.590
470;19;9;112.048;90.200
471;9;19;122.886;68.900
471;19;9;122.886;81.510
472;9;20;94.880;69.370
472;20;9;94.880;83.660
473;9;21;64.813;72.790
473;21;9;64.813;88.100
474;9;21;62.819;77.770
474;21;9;62.819;93.080
475;9;21;61.287;70.030
475;21;9;61.287;85.340
476;9;22;48.827;82.900
476;22;9;48.827;98.800
477;9;23;98.755;74.990
477;23;9;98.755;91.090
478;9;23;95.538;60.520
478;23;9;95.538;76.620
479;9;24;68.466;64.930
479;24;9;68.466;81.240
480;9;24;73.470;62.160
480;24;9;73.470;78.470
481;9;25;91.911;60.910
481;25;9;91.911;77.340
482;9;25;85.341;59.700
482;25;9;85.341;76.130
483;9;26;84.813;58.360
483;26;9;84.813;74.890
484;9;27;54.569;74.840
484;27;9;54.569;91.920
485;9;28;73.717;57.380
485;28;9;73.717;74.550
486;9;28;76.021;66.180
486;28;9;76.021;83.350
487;9;29;30.107;12.250
487;29;9;75.107;86.280
488;9;29;26.374;7.800
488;29;9;71.374;81.830
489;9;29;29.820;21.140
489;29;9;74.820;95.170
490;10;11;87.910;81.230
490;11;10;87.910;83.110
491;10;12;59.400;77.950
491;12;10;59.400;81.150
492;10;12;60.991;76.650
492;12;10;60.991;79.850
493;10;13;95.168;70.300
493;13;10;95.168;73.920
494;10;13;98.204;94.400
494;13;10;98.204;98.020
495;10;13;107.701;92.300
495;13;10;107.701;95.920
496;10;14;106.754;78.860
496;14;10;106.754;85.270
497;10;14;121.221;85.130
497;14;10;121.221;91.540
498;10;14;112.014;66.840
498;14;10;112.014;73.250
499;10;15;70.644;69.140
499;15;10;70.644;76.510
500;10;15;73.287;70.260
500;15;10;73.287;77.630
501;10;16;100.131;80.860
501;16;10;100.131;89.410
502;10;16;86.573;87.160
502;16;10;86.573;95.710
503;10;17;106.687;67.370
503;17;10;106.687;76.340
504;10;18;63.996;87.560
504;18;10;63.996;96.640
505;10;18;61.596;78.400
505;18;10;61.596;87.480
506;10;19;130.235;78.050
506;19;10;130.235;89.660
507;10;20;72.178;63.260
507;20;10;72.178;76.550
508;10;21;59.075;59.030
508;21;10;59.075;73.340
509;10;22;73.044;64.570
509;22;10;73.044;79.470
510;10;22;67.069;78.380
510;22;10;67.069;93.280
511;10;22;70.728;72.080
511;22;10;70.728;86.980
512;10;23;117.833;80.000
512;23;10;117.833;95.100
513;10;24;73.573;74.020
513;24;10;73.573;89.330
514;10;24;78.236;61.380
514;24;10;78.236;76.690
515;10;24;78.725;77.070
515;24;10;78.725;92.380
516;10;25;105.565;81.040
516;25;10;105.565;96.470
517;10;25;90.785;62.320
517;25;10;90.785;77.750
518;10;26;98.966;73.540
518;26;10;98.966;89.070
519;10;26;97.689;65.420
519;26;10;97.689;80.950
520;10;27;66.551;65.220
520;27;10;66.551;81.300
521;10;27;70.211;67.730
521;27;10;70.211;83.810
522;10;28;98.228;58.160
522;28;10;98.228;74.330
523;10;28;96.736;56.930
523;28;10;96.736;73.100
524;10;28;110.852;67.950
524;28;10;110.852;84.120
525;10;29;32.509;4.530
525;29;10;77.509;77.560
526;10;29;29.336;2.540
526;29;10;74.336;75.570
527;10;29;25.716;18.220
527;29;10;70.716;91.250
528;11;12;97.433;91.770
528;12;11;97.433;93.090
529;11;12;92.162;82.430
529;12;11;92.162;83.750
530;11;13;135.045;77.820
530;13;11;135.045;79.560
531;11;14;149.601;82.610
531;14;11;149.601;87.140
532;11;14;166.677;70.930
532;14;11;166.677;75.460
533;11;14;138.049;89.280
533;14;11;138.049;93.810
534;11;15;110.343;85.040
534;15;11;110.343;90.530
535;11;16;142.767;78.830
535;16;11;142.767;85.500
536;11;17;128.961;71.110
536;17;11;128.961;78.200
537;11;17;126.125;65.130
537;17;11;126.125;72.220
538;11;17;130.382;73.350
538;17;11;130.382;80.440
539;11;18;93.727;76.700
539;18;11;93.727;83.900
540;11;19;149.258;62.100
540;19;11;149.258;71.830
541;11;19;129.692;80.100
541;19;11;129.692;89.830
542;11;20;62.276;69.200
542;20;11;62.276;80.610
543;11;20;64.040;61.020
543;20;11;64.040;72.430
544;11;21;101.809;79.760
544;21;11;101.809;92.190
545;11;22;111.963;82.010
545;22;11;111.963;95.030
546;11;22;125.731;58.660
546;22;11;125.731;71.680
547;11;23;138.199;62.970
547;23;11;138.199;76.190
548;11;23;121.532;73.110
548;23;11;121.532;86.330
549;11;24;116.292;69.210
549;24;11;116.292;82.640
550;11;24;104.183;79.360
550;24;11;104.183;92.790
551;11;24;127.257;63.240
551;24;11;127.257;76.670
552;11;25;119.772;77.040
552;25;11;119.772;90.590
553;11;26;141.875;66.070
553;26;11;141.875;79.720
554;11;26;151.993;58.260
554;26;11;151.993;71.910
555;11;26;135.124;57.890
555;26;11;135.124;71.540
556;11;27;108.550;70.360
556;27;11;108.550;84.560
557;11;27;107.773;66.890
557;27;11;107.773;81.090
558;11;28;133.328;58.930
558;28;11;133.328;73.220
559;11;28;132.096;68.060
559;28;11;132.096;82.350
560;11;28;121.938;79.790
560;28;11;121.938;94.080
561;11;29;74.442;10.350
561;29;11;119.442;81.500
562;12;13;82.763;81.420
562;13;12;82.763;81.840
563;12;13;77.890;92.040
563;13;12;77.890;92.460
564;12;14;98.965;79.740
564;14;12;98.965;82.950
565;12;15;74.821;77.370
565;15;12;74.821;81.540
566;12;15;81.251;82.130
566;15;12;81.251;86.300
567;12;15;80.908;74.190
567;15;12;80.908;78.360
568;12;16;91.481;75.940
568;16;12;91.481;81.290
569;12;16;87.131;67.000
569;16;12;87.131;72.350
570;12;17;116.810;75.630
570;17;12;116.810;81.400
571;12;18;54.344;81.040
571;18;12;54.344;86.920
572;12;19;140.389;66.590
572;19;12;140.389;75.000
573;12;19;151.670;75.530
573;19;12;151.670;83.940
574;12;19;152.092;71.020
574;19;12;152.092;79.430
575;12;20;80.299;61.720
575;20;12;80.299;71.810
576;12;21;55.905;73.720
576;21;12;55.905;84.830
577;12;21;57.718;77.950
577;21;12;57.718;89.060
578;12;21;53.996;78.300
578;21;12;53.996;89.410
579;12;22;77.620;76.360
579;22;12;77.620;88.060
580;12;23;128.027;60.150
580;23;12;128.027;72.050
581;12;23;131.514;58.340
581;23;12;131.514;70.240
582;12;23;142.106;70.810
582;23;12;142.106;82.710
583;12;24;66.487;69.590
583;24;12;66.487;81.700
584;12;24;71.856;69.450
584;24;12;71.856;81.560
585;12;25;117.778;67.310
585;25;12;117.778;79.540
586;12;25;110.119;64.470
586;25;12;110.119;76.700
587;12;25;113.616;61.630
587;25;12;113.616;73.860
588;12;26;92.282;68.370
588;26;12;92.282;80.700
589;12;26;92.125;80.670
589;26;12;92.125;93.000
590;12;26;99.843;65.960
590;26;12;99.843;78.290
591;12;27;67.821;66.690
591;27;12;67.821;79.570
592;12;28;103.016;69.420
592;28;12;103.016;82.390
593;12;28;96.482;62.490
593;28;12;96.482;75.460
594;12;29;22.688;7.600
594;29;12;67.688;77.430
595;12;29;21.399;3.730
595;29;12;66.399;73.560
596;12;29;18.015;16.990
596;29;12;63.015;86.820
597;13;14;72.076;87.030
597;14;13;72.076;89.820
598;13;14;70.368;87.080
598;14;13;70.368;89.870
599;13;14;67.643;71.990
599;14;13;67.643;74.780
600;13;15;91.063;88.300
600;15;13;91.063;92.050
601;13;15;81.791;67.040
601;15;13;81.791;70.790
602;13;16;64.619;81.220
602;16;13;64.619;86.150
603;13;16;62.593;76.890
603;16;13;62.593;81.820
604;13;16;65.652;88.780
604;16;13;65.652;93.710
605;13;17;133.461;82.300
605;17;13;133.461;87.650
606;13;18;87.085;78.520
606;18;13;87.085;83.980
607;13;18;91.170;82.380
607;18;13;91.170;87.840
608;13;19;154.833;85.250
608;19;13;154.833;93.240
609;13;20;117.802;78.440
609;20;13;117.802;88.110
610;13;20;119.821;67.460
610;20;13;119.821;77.130
611;13;21;82.142;73.460
611;21;13;82.142;84.150
612;13;22;92.882;66.830
612;22;13;92.882;78.110
613;13;22;104.429;79.060
613;22;13;104.429;90.340
614;13;23;143.653;61.270
614;23;13;143.653;72.750
615;13;23;168.232;82.520
615;23;13;168.232;94.000
616;13;23;134.793;67.360
616;23;13;134.793;78.840
617;13;24;70.585;77.100
617;24;13;70.585;88.790
618;13;24;73.348;75.120
618;24;13;73.348;86.810
619;13;24;71.160;58.220
619;24;13;71.160;69.910
620;13;25;140.326;78.440
620;25;13;140.326;90.250
621;13;26;71.588;75.230
621;26;13;71.588;87.140
622;13;26;72.832;67.720
622;26;13;72.832;79.630
623;13;27;84.848;68.960
623;27;13;84.848;81.420
624;13;27;77.596;78.950
624;27;13;77.596;91.410
625;13;27;76.267;69.940
625;27;13;76.267;82.400
626;13;28;108.856;67.600
626;28;13;108.856;80.150
627;13;28;113.141;76.650
627;28;13;113.141;89.200
628;13;28;104.255;61.770
628;28;13;104.255;74.320
629;13;29;19.222;10.810
629;29;13;64.222;80.220
630;13;29;22.107;13.990
630;29;13;67.107;83.400
631;13;29;15.633;12.770
631;29;13;60.633;82.180
632;14;15;90.399;71.530
632;15;14;90.399;72.490
633;14;15;83.593;80.360
633;15;14;83.593;81.320
634;14;16;53.115;78.170
634;16;14;53.115;80.310
635;14;16;51.818;80.380
635;16;14;51.818;82.520
636;14;17;123.233;83.760
636;17;14;123.233;86.320
637;14;17;142.328;73.070
637;17;14;142.328;75.630
638;14;18;106.346;65.320
638;18;14;106.346;67.990
639;14;18;107.953;79.420
639;18;14;107.953;82.090
640;14;18;100.779;72.860
640;18;14;100.779;75.530
641;14;19;141.250;85.620
641;19;14;141.250;90.820
642;14;19;130.349;75.890
642;19;14;130.349;81.090
643;14;20;133.195;61.220
643;20;14;133.195;68.100
644;14;20;115.004;76.640
644;20;14;115.004;83.520
645;14;21;92.793;67.800
645;21;14;92.793;75.700
646;14;21;99.005;80.850
646;21;14;99.005;88.750
647;14;22;90.714;69.630
647;22;14;90.714;78.120
648;14;22;94.713;67.770
648;22;14;94.713;76.260
649;14;22;87.952;60.150
649;22;14;87.952;68.640
650;14;23;131.713;61.840
650;23;14;131.713;70.530
651;14;23;127.369;62.130
651;23;14;127.369;70.820
652;14;23;123.145;64.010
652;23;14;123.145;72.700
653;14;24;78.346;69.840
653;24;14;78.346;78.740
654;14;25;133.825;71.250
654;25;14;133.825;80.270
655;14;25;127.189;77.610
655;25;14;127.189;86.630
656;14;26;53.722;81.300
656;26;14;53.722;90.420
657;14;26;55.627;70.860
657;26;14;55.627;79.980
658;14;27;88.076;71.720
658;27;14;88.076;81.390
659;14;27;90.655;58.010
659;27;14;90.655;67.680
660;14;27;80.413;76.800
660;27;14;80.413;86.470
661;14;28;94.934;70.270
661;28;14;94.934;80.030
662;14;28;89.984;80.400
662;28;14;89.984;90.160
663;14;29;31.387;5.640
663;29;14;76.387;72.260
664;15;16;86.226;80.440
664;16;15;86.226;81.620
665;15;16;93.910;70.910
665;16;15;93.910;72.090
666;15;17;89.461;76.320
666;17;15;89.461;77.920
667;15;17;80.066;86.610
667;17;15;80.066;88.210
668;15;17;99.505;87.030
668;17;15;99.505;88.630
669;15;18;83.871;83.120
669;18;15;83.871;84.830
670;15;18;82.337;71.460
670;18;15;82.337;73.170
671;15;19;112.493;63.530
671;19;15;112.493;67.770
672;15;19;122.454;68.950
672;19;15;122.454;73.190
673;15;19;127.250;69.780
673;19;15;127.250;74.020
674;15;20;96.627;74.970
674;20;15;96.627;80.890
675;15;20;83.722;70.160
675;20;15;83.722;76.080
676;15;21;64.032;60.080
676;21;15;64.032;67.020
677;15;22;47.805;72.390
677;22;15;47.805;79.920
678;15;22;48.064;64.970
678;22;15;48.064;72.500
679;15;23;100.425;60.130
679;23;15;100.425;67.860
680;15;24;65.912;61.370
680;24;15;65.912;69.310
681;15;24;63.340;67.200
681;24;15;63.340;75.140
682;15;25;94.420;68.290
682;25;15;94.420;76.350
683;15;25;95.832;76.220
683;25;15;95.832;84.280
684;15;26;81.695;68.480
684;26;15;81.695;76.640
685;15;26;80.414;64.540
685;26;15;80.414;72.700
686;15;26;87.482;74.510
686;26;15;87.482;82.670
687;15;27;52.708;78.540
687;27;15;52.708;87.250
688;15;28;73.380;75.360
688;28;15;73.380;84.160
689;15;29;27.562;1.560
689;29;15;72.562;67.220
690;15;29;33.228;16.800
690;29;15;78.228;82.460
691;15;29;30.356;19.850
691;29;15;75.356;85.510
692;16;17;122.761;64.340
692;17;16;122.761;64.760
693;16;17;103.420;73.660
693;17;16;103.420;74.080
694;16;18;98.562;73.950
694;18;16;98.562;74.480
695;16;18;95.248;67.170
695;18;16;95.248;67.700
696;16;19;142.123;67.150
696;19;16;142.123;70.210
697;16;19;127.975;67.890
697;19;16;127.975;70.950
698;16;20;126.132;68.300
698;20;16;126.132;73.040
699;16;20;134.897;80.190
699;20;16;134.897;84.930
700;16;20;106.396;64.440
700;20;16;106.396;69.180
701;16;21;86.065;77.850
701;21;16;86.065;83.610
702;16;21;87.760;70.560
702;21;16;87.760;76.320
703;16;22;86.989;69.870
703;22;16;86.989;76.220
704;16;22;93.351;81.400
704;22;16;93.351;87.750
705;16;22;81.954;70.640
705;22;16;81.954;76.990
706;16;23;131.923;64.770
706;23;16;131.923;71.320
707;16;24;71.558;62.270
707;24;16;71.558;69.030
708;16;24;73.315;78.880
708;24;16;73.315;85.640
709;16;25;132.213;66.020
709;25;16;132.213;72.900
710;16;25;142.037;72.080
710;25;16;142.037;78.960
711;16;25;115.948;71.370
711;25;16;115.948;78.250
712;16;26;53.171;60.830
712;26;16;53.171;67.810
713;16;27;82.779;65.920
713;27;16;82.779;73.450
714;16;28;95.417;71.260
714;28;16;95.417;78.880
715;16;29;23.796;19.880
715;29;16;68.796;84.360
716;16;29;24.584;15.250
716;29;16;69.584;79.730
717;16;29;27.719;3.220
717;29;16;72.719;67.700
718;17;18;124.672;85.210
718;18;17;124.672;85.320
719;17;19;68.616;67.740
719;19;17;68.616;70.380
720;17;19;72.338;78.030
720;19;17;72.338;80.670
721;17;19;65.341;70.180
721;19;17;65.341;72.820
722;17;20;123.008;75.310
722;20;17;123.008;79.630
723;17;21;107.083;81.220
723;21;17;107.083;86.560
724;17;22;86.967;72.070
724;22;17;86.967;78.000
725;17;22;81.190;60.250
725;22;17;81.190;66.180
726;17;23;56.221;75.210
726;23;17;56.221;81.340
727;17;23;55.444;68.750
727;23;17;55.444;74.880
728;17;23;58.593;62.720
728;23;17;58.593;68.850
729;17;24;109.830;60.920
729;24;17;109.830;67.260
730;17;24;103.965;74.630
730;24;17;103.965;80.970
731;17;24;112.066;71.790
731;24;17;112.066;78.130
732;17;25;60.436;77.730
732;25;17;60.436;84.190
733;17;25;60.818;71.110
733;25;17;60.818;77.570
734;17;26;115.480;65.200
734;26;17;115.480;71.760
735;17;26;120.912;70.700
735;26;17;120.912;77.260
736;17;26;121.623;76.580
736;26;17;121.623;83.140
737;17;27;97.091;74.140
737;27;17;97.091;81.250
738;17;27;84.971;71.790
738;27;17;84.971;78.900
739;17;27;92.080;72.950
739;27;17;92.080;80.060
740;17;28;73.838;57.190
740;28;17;73.838;64.390
741;17;28;76.446;65.770
741;28;17;76.446;72.970
742;17;29;71.350;1.450
742;29;17;116.350;65.510
743;18;19;148.288;71.900
743;19;18;148.288;74.430
744;18;19;166.763;81.140
744;19;18;166.763;83.670
745;18;20;76.508;61.920
745;20;18;76.508;66.130
746;18;20;82.506;71.930
746;20;18;82.506;76.140
747;18;20;79.883;68.500
747;20;18;79.883;72.710
748;18;21;65.174;71.900
748;21;18;65.174;77.130
749;18;21;64.809;82.660
749;21;18;64.809;87.890
750;18;21;67.486;83.080
750;21;18;67.486;88.310
751;18;22;86.651;62.750
751;22;18;86.651;68.570
752;18;22;84.212;75.470
752;22;18;84.212;81.290
753;18;22;85.098;81.100
753;22;18;85.098;86.920
754;18;23;135.886;65.820
754;23;18;135.886;71.840
755;18;23;138.702;67.400
755;23;18;138.702;73.420
756;18;24;75.057;63.140
756;24;18;75.057;69.370
757;18;25;124.455;63.030
757;25;18;124.455;69.380
758;18;26;100.244;60.980
758;26;18;100.244;67.430
759;18;27;77.075;79.610
759;27;18;77.075;86.610
760;18;28;112.183;74.640
760;28;18;112.183;81.730
761;18;28;103.671;68.690
761;28;18;103.671;75.780
762;18;28;122.806;80.350
762;28;18;122.806;87.440
763;18;29;30.026;16.320
763;29;18;75.026;80.270
764;18;29;30.465;1.590
764;29;18;75.465;65.540
765;19;20;145.154;79.850
765;20;19;145.154;81.530
766;19;21;130.535;61.190
766;21;19;130.535;63.890
767;19;21;133.247;74.710
767;21;19;133.247;77.410
768;19;22;109.881;79.670
768;22;19;109.881;82.960
769;19;23;57.409;67.250
769;23;19;57.409;70.740
770;19;24;132.307;76.370
770;24;19;132.307;80.070
771;19;24;142.641;61.140
771;24;19;142.641;64.840
772;19;25;74.586;58.310
772;25;19;74.586;62.130
773;19;25;70.127;67.720
773;25;19;70.127;71.540
774;19;26;134.327;61.400
774;26;19;134.327;65.320
775;19;26;121.355;78.930
775;26;19;121.355;82.850
776;19;26;149.891;60.930
776;26;19;149.891;64.850
777;19;27;120.189;72.050
777;27;19;120.189;76.520
778;19;27;122.129;67.150
778;27;19;122.129;71.620
779;19;27;121.891;78.520
779;27;19;121.891;82.990
780;19;28;91.711;57.340
780;28;19;91.711;61.900
781;19;28;91.661;61.630
781;28;19;91.661;66.190
782;19;28;102.898;79.140
782;28;19;102.898;83.700
783;19;29;93.673;10.970
783;29;19;138.673;72.390
784;19;29;110.286;4.420
784;29;19;155.286;65.840
785;19;29;80.732;4.330
785;29;19;125.732;65.750
786;20;21;85.544;60.840
786;21;20;85.544;61.860
787;20;22;98.636;59.990
787;22;20;98.636;61.600
788;20;22;101.182;74.790
788;22;20;101.182;76.400
789;20;23;133.290;65.000
789;23;20;133.290;66.810
790;20;23;155.165;79.440
790;23;20;155.165;81.250
791;20;23;127.000;62.040
791;23;20;127.000;63.850
792;20;24;99.858;80.100
792;24;20;99.858;82.120
793;20;25;116.704;82.360
793;25;20;116.704;84.500
794;20;26;125.739;72.640
794;26;20;125.739;74.880
795;20;26;116.182;64.610
795;26;20;116.182;66.850
796;20;26;136.850;75.380
796;26;20;136.850;77.620
797;20;27;93.598;64.750
797;27;20;93.598;67.540
798;20;27;96.017;57.080
798;27;20;96.017;59.870
799;20;28;122.122;70.990
799;28;20;122.122;73.870
800;20;28;129.786;65.050
800;28;20;129.786;67.930
801;20;28;137.719;70.290
801;28;20;137.719;73.170
802;20;29;57.583;7.130
802;29;20;102.583;66.870
803;20;29;68.589;23.210
803;29;20;113.589;82.950
804;20;29;55.071;7.260
804;29;20;100.071;67.000
805;21;22;66.837;81.070
805;22;21;66.837;81.660
806;21;23;118.254;78.410
806;23;21;118.254;79.200
807;21;23;115.297;73.200
807;23;21;115.297;73.990
808;21;23;135.349;60.490
808;23;21;135.349;61.280
809;21;24;59.514;67.230
809;24;21;59.514;68.230
810;21;24;56.074;58.900
810;24;21;56.074;59.900
811;21;24;58.157;67.140
811;24;21;58.157;68.140
812;21;25;109.413;58.680
812;25;21;109.413;59.800
813;21;25;119.504;68.220
813;25;21;119.504;69.340
814;21;25;114.070;58.230
814;25;21;114.070;59.350
815;21;26;85.197;80.070
815;26;21;85.197;81.290
816;21;26;76.465;70.500
816;26;21;76.465;71.720
817;21;26;92.650;70.320
817;26;21;92.650;71.540
818;21;27;56.916;57.720
818;27;21;56.916;59.490
819;21;27;57.890;76.750
819;27;21;57.890;78.520
820;21;28;92.122;68.460
820;28;21;92.122;70.320
821;21;29;18.686;11.150
821;29;21;63.686;69.870
822;21;29;18.767;3.000
822;29;21;63.767;61.720
823;21;29;14.327;19.190
823;29;21;59.327;77.910
824;22;23;97.867;82.910
824;23;22;97.867;83.110
825;22;23;98.954;82.000
825;23;22;98.954;82.200
826;22;23;100.230;74.270
826;23;22;100.230;74.470
827;22;24;68.066;70.530
827;24;22;68.066;70.940
828;22;24;73.065;63.370
828;24;22;73.065;63.780
829;22;24;71.273;69.000
829;24;22;71.273;69.410
830;22;25;92.454;73.840
830;25;22;92.454;74.370
831;22;26;81.992;57.870
831;26;22;81.992;58.500
832;22;26;75.640;60.040
832;26;22;75.640;60.670
833;22;27;55.416;58.060
833;27;22;55.416;59.240
834;22;27;54.683;67.260
834;27;22;54.683;68.440
835;22;27;57.055;79.030
835;27;22;57.055;80.210
836;22;28;70.655;70.520
836;28;22;70.655;71.790
837;22;29;29.690;8.340
837;29;22;74.690;66.470
838;22;29;33.340;21.710
838;29;22;78.340;79.840
839;22;29;35.517;2.860
839;29;22;80.517;60.990
840;23;24;120.540;75.390
840;24;23;120.540;75.600
841;23;24;108.403;71.370
841;24;23;108.403;71.580
842;23;24;119.492;62.070
842;24;23;119.492;62.280
843;23;25;64.736;60.220
843;25;23;64.736;60.550
844;23;25;60.829;58.190
844;25;23;60.829;58.520
845;23;25;67.684;72.700
845;25;23;67.684;73.030
846;23;26;124.353;69.220
846;26;23;124.353;69.650
847;23;26;125.455;72.660
847;26;23;125.455;73.090
848;23;26;119.749;81.640
848;26;23;119.749;82.070
849;23;27;108.095;73.740
849;27;23;108.095;74.720
850;23;27;115.445;77.700
850;27;23;115.445;78.680
851;23;28;81.779;78.460
851;28;23;81.779;79.530
852;23;29;81.991;1.280
852;29;23;126.991;59.210
853;23;29;66.826;4.810
853;29;23;111.826;62.740
854;24;25;115.322;61.650
854;25;24;115.322;61.770
855;24;26;71.038;73.760
855;26;24;71.038;73.980
856;24;26;69.409;77.120
856;26;24;69.409;77.340
857;24;26;71.537;61.070
857;26;24;71.537;61.290
858;24;27;59.274;77.540
858;27;24;59.274;78.310
859;24;28;88.814;60.360
859;28;24;88.814;61.220
860;24;28;93.667;72.980
860;28;24;93.667;73.840
861;24;28;93.627;66.020
861;28;24;93.627;66.880
862;24;29;6.651;4.360
862;29;24;51.651;62.080
863;25;26;125.577;81.290
863;26;25;125.577;81.390
864;25;26;108.734;61.790
864;26;25;108.734;61.890
865;25;27;101.410;74.910
865;27;25;101.410;75.560
866;25;28;86.633;71.300
866;28;25;86.633;72.040
867;25;28;77.890;65.690
867;28;25;77.890;66.430
868;25;29;76.973;5.460
868;29;25;121.973;63.060
869;26;27;79.629;73.650
869;27;26;79.629;74.200
870;26;27;79.818;60.850
870;27;26;79.818;61.400
871;26;27;83.745;69.130
871;27;26;83.745;69.680
872;26;28;87.680;74.910
872;28;26;87.680;75.550
873;26;28;94.727;67.290
873;28;26;94.727;67.930
874;26;29;25.336;1.420
874;29;26;70.336;58.920
875;26;29;22.408;4.250
875;29;26;67.408;61.750
876;26;29;26.755;13.100
876;29;26;71.755;70.600
877;27;28;80.236;69.530
877;28;27;80.236;69.620
878;27;28;72.131;79.360
878;28;27;72.131;79.450
879;27;28;85.318;70.940
879;28;27;85.318;71.030
880;27;29;20.827;19.760
880;29;27;65.827;76.710
881;28;29;49.508;11.630
881;29;28;94.508;68.490
882;28;29;53.076;5.160
882;29;28;98.076;62.020
883;28;29;58.765;9.240
883;29;28;103.765;66.100
