30
420.0
0;0;1;63.315;96.400
0;1;0;18.315;11.450
1;0;1;61.460;89.070
1;1;0;16.460;4.120
2;0;1;59.103;104.380
2;1;0;14.103;19.430
3;0;2;124.572;98.940
3;2;0;79.572;19.940
4;0;3;68.796;80.950
4;3;0;23.796;4.600
5;0;3;68.612;89.040
5;3;0;23.612;12.690
6;0;4;119.442;80.370
6;4;0;74.442;6.360
7;0;5;67.688;77.770
7;5;0;22.688;4.540
8;0;5;72.835;77.820
8;5;0;27.835;4.590
9;0;5;64.203;96.380
9;5;0;19.203;23.150
10;0;6;75.107;78.740
10;6;0;30.107;6.230
11;0;6;67.639;80.330
11;6;0;22.639;7.820
12;0;7;75.026;93.160
12;7;0;30.026;21.960
13;0;7;75.130;94.950
13;7;0;30.130;23.750
14;0;7;70.022;91.480
14;7;0;25.022;20.280
15;0;8;102.583;85.510
15;8;0;57.583;19.760
16;0;8;103.048;67.700
16;8;0;58.048;1.950
17;0;9;53.671;65.880
17;9;0;8.671;0.560
18;0;10;94.508;65.720
18;10;0;49.508;2.860
19;0;10;91.492;65.670
19;10;0;46.492;2.810
20;0;10;103.141;86.750
20;10;0;58.141;23.890
21;0;11;126.991;78.810
21;11;0;81.991;16.420
22;0;12;138.673;61.120
22;12;0;93.673;0.360
23;0;12;148.331;84.470
23;12;0;103.331;23.710
24;0;13;90.309;83.670
24;13;0;45.309;23.590
25;0;13;82.759;84.850
25;13;0;37.759;24.770
26;0;14;74.820;82.620
26;14;0;29.820;22.820
27;0;15;77.509;61.230
27;15;0;32.509;2.190
28;0;16;63.686;81.450
28;16;0;18.686;22.600
29;0;17;67.496;67.480
29;17;0;22.496;8.920
30;0;17;72.935;82.040
30;17;0;27.935;23.480
31;0;17;62.707;58.690
31;17;0;17.707;0.130
32;0;18;71.736;71.520
32;18;0;26.736;14.020
33;0;19;62.194;67.570
33;19;0;17.194;10.340
34;0;19;59.154;66.420
34;19;0;14.154;9.190
35;0;20;70.336;77.070
35;20;0;25.336;20.020
36;0;20;73.126;67.080
36;20;0;28.126;10.030
37;0;20;64.206;70.100
37;20;0;19.206;13.050
38;0;21;63.196;74.710
38;21;0;18.196;17.950
39;0;21;58.782;71.160
39;21;0;13.782;14.400
40;0;21;64.579;65.850
40;21;0;19.579;9.090
41;0;22;62.549;66.970
41;22;0;17.549;11.340
42;0;22;60.835;69.540
42;22;0;15.835;13.910
43;0;22;60.446;66.180
43;22;0;15.446;10.550
44;0;23;73.285;67.510
44;23;0;28.285;13.700
45;0;24;144.628;65.750
45;24;0;99.628;13.350
46;0;24;159.803;66.990
46;24;0;114.803;14.590
47;0;25;70.217;75.890
47;25;0;25.217;23.710
48;0;26;117.243;52.540
48;26;0;72.243;0.700
49;0;26;123.720;73.890
49;26;0;78.720;22.050
50;0;26;133.606;76.140
50;26;0;88.606;24.300
51;0;27;78.232;53.920
51;27;0;33.232;2.280
52;0;27;73.795;62.610
52;27;0;28.795;10.970
53;0;27;70.117;62.760
53;27;0;25.117;11.120
54;0;28;106.520;64.940
54;28;0;61.520;13.520
55;0;28;104.340;73.230
55;28;0;59.340;21.810
56;0;29;0.000;6.430
56;29;0;0.000;6.430
57;0;29;0.000;9.960
57;29;0;0.000;9.960
58;0;29;0.000;13.710
58;29;0;0.000;13.710
59;1;2;110.310;90.250
59;2;1;110.310;96.200
60;1;2;108.028;101.350
60;2;1;108.028;107.300
61;1;3;86.710;76.680
61;3;1;86.710;85.280
62;1;3;80.491;101.130
62;3;1;80.491;109.730
63;1;4;104.115;87.360
63;4;1;104.115;98.300
64;1;5;52.549;93.790
64;5;1;52.549;105.510
65;1;5;53.214;91.210
65;5;1;53.214;102.930
66;1;5;51.471;81.060
66;5;1;51.471;92.780
67;1;6;79.073;94.500
67;6;1;79.073;106.940
68;1;7;56.863;94.750
68;7;1;56.863;108.500
69;1;7;56.199;84.910
69;7;1;56.199;98.660
70;1;7;56.743;79.180
70;7;1;56.743;92.930
71;1;8;86.861;89.520
71;8;1;86.861;108.720
72;1;8;90.850;76.360
72;8;1;90.850;95.560
73;1;9;55.457;78.050
73;9;1;55.457;97.680
74;1;9;54.378;68.290
74;9;1;54.378;87.920
75;1;10;105.227;84.030
75;10;1;105.227;106.120
76;1;10;111.748;78.130
76;10;1;111.748;100.220
77;1;11;132.667;83.610
77;11;1;132.667;106.170
78;1;11;120.398;78.840
78;11;1;120.398;101.400
79;1;12;144.932;70.460
79;12;1;144.932;94.650
80;1;12;121.732;68.610
80;12;1;121.732;92.800
81;1;13;75.731;63.360
81;13;1;75.731;88.230
82;1;13;72.770;63.960
82;13;1;72.770;88.830
83;1;14;62.130;77.890
83;14;1;62.130;103.040
84;1;15;66.825;70.000
84;15;1;66.825;95.910
85;1;16;59.427;68.110
85;16;1;59.427;94.210
86;1;16;56.265;61.630
86;16;1;56.265;87.730
87;1;17;60.226;67.500
87;17;1;60.226;93.890
88;1;17;59.249;72.230
88;17;1;59.249;98.620
89;1;18;81.110;74.120
89;18;1;81.110;101.570
90;1;18;86.992;59.220
90;18;1;86.992;86.670
91;1;18;73.308;69.760
91;18;1;73.308;97.210
92;1;19;58.035;68.680
92;19;1;58.035;96.400
93;1;19;58.251;77.190
93;19;1;58.251;104.910
94;1;19;58.680;67.370
94;19;1;58.680;95.090
95;1;20;88.638;77.230
95;20;1;88.638;105.130
96;1;20;89.015;77.310
96;20;1;89.015;105.210
97;1;21;60.964;72.160
97;21;1;60.964;100.350
98;1;21;63.652;70.240
98;21;1;63.652;98.430
99;1;21;59.523;57.080
99;21;1;59.523;85.270
100;1;22;80.644;69.460
100;22;1;80.644;98.780
101;1;22;74.598;75.130
101;22;1;74.598;104.450
102;1;22;79.575;62.910
102;22;1;79.575;92.230
103;1;23;90.296;60.290
103;23;1;90.296;91.430
104;1;23;89.277;60.950
104;23;1;89.277;92.090
105;1;23;79.535;67.550
105;23;1;79.535;98.690
106;1;24;144.269;75.810
106;24;1;144.269;108.360
107;1;25;54.317;66.700
107;25;1;54.317;99.470
108;1;25;52.506;60.020
108;25;1;52.506;92.790
109;1;25;54.291;64.220
109;25;1;54.291;96.990
110;1;26;134.808;71.600
110;26;1;134.808;104.710
111;1;26;151.396;71.510
111;26;1;151.396;104.620
112;1;27;83.629;71.510
112;27;1;83.629;104.820
113;1;27;82.759;72.770
113;27;1;82.759;106.080
114;1;28;124.039;69.370
114;28;1;124.039;102.900
115;1;29;18.315;24.430
115;29;1;63.315;109.380
116;1;29;14.608;24.060
116;29;1;59.608;109.010
117;1;29;22.067;12.330
117;29;1;67.067;97.280
118;2;3;147.414;92.560
118;3;2;147.414;95.210
119;2;4;53.891;82.800
119;4;2;53.891;87.790
120;2;4;54.057;95.030
120;4;2;54.057;100.020
121;2;5;103.279;74.490
121;5;2;103.279;80.260
122;2;5;99.907;78.180
122;5;2;99.907;83.950
123;2;5;111.094;79.820
123;5;2;111.094;85.590
124;2;6;110.123;84.650
124;6;2;110.123;91.140
125;2;6;113.081;91.070
125;6;2;113.081;97.560
126;2;7;100.587;84.650
126;7;2;100.587;92.450
127;2;7;111.986;77.250
127;7;2;111.986;85.050
128;2;7;99.218;76.970
128;7;2;99.218;84.770
129;2;8;69.273;68.040
129;8;2;69.273;81.290
130;2;8;71.339;80.500
130;8;2;71.339;93.750
131;2;9;116.280;77.640
131;9;2;116.280;91.320
132;2;9;101.744;70.540
132;9;2;101.744;84.220
133;2;9;123.908;81.490
133;9;2;123.908;95.170
134;2;10;133.529;75.220
134;10;2;133.529;91.360
135;2;10;138.855;84.250
135;10;2;138.855;100.390
136;2;10;124.048;65.030
136;10;2;124.048;81.170
137;2;11;134.838;87.260
137;11;2;134.838;103.870
138;2;12;145.386;77.930
138;12;2;145.386;96.170
139;2;12;146.691;66.720
139;12;2;146.691;84.960
140;2;13;79.657;64.310
140;13;2;79.657;83.230
141;2;13;72.927;63.060
141;13;2;72.927;81.980
142;2;13;86.239;77.010
142;13;2;86.239;95.930
143;2;14;94.818;67.170
143;14;2;94.818;86.370
144;2;15;92.290;67.530
144;15;2;92.290;87.490
145;2;15;97.169;62.560
145;15;2;97.169;82.520
146;2;16;106.364;82.350
146;16;2;106.364;102.500
147;2;16;104.932;74.910
147;16;2;104.932;95.060
148;2;16;114.273;64.350
148;16;2;114.273;84.500
149;2;17;102.363;80.770
149;17;2;102.363;101.210
150;2;17;107.446;63.410
150;17;2;107.446;83.850
151;2;17;106.057;75.670
151;17;2;106.057;96.110
152;2;18;120.007;67.000
152;18;2;120.007;88.500
153;2;18;112.255;62.570
153;18;2;112.255;84.070
154;2;19;107.614;72.330
154;19;2;107.614;94.100
155;2;19;110.669;73.930
155;19;2;110.669;95.700
156;2;20;145.892;74.520
156;20;2;145.892;96.470
157;2;20;124.822;66.200
157;20;2;124.822;88.150
158;2;21;107.439;70.620
158;21;2;107.439;92.860
159;2;21;102.361;57.350
159;21;2;102.361;79.590
160;2;22;141.087;62.950
160;22;2;141.087;86.320
161;2;22;124.117;64.960
161;22;2;124.117;88.330
162;2;22;118.755;75.400
162;22;2;118.755;98.770
163;2;23;152.715;54.660
163;23;2;152.715;79.850
164;2;23;146.375;55.040
164;23;2;146.375;80.230
165;2;24;121.640;74.570
165;24;2;121.640;101.170
166;2;25;111.755;60.470
166;25;2;111.755;87.290
167;2;25;104.849;69.430
167;25;2;104.849;96.250
168;2;25;102.719;52.270
168;25;2;102.719;79.090
169;2;26;180.954;55.300
169;26;2;180.954;82.460
170;2;26;191.646;72.930
170;26;2;191.646;100.090
171;2;26;148.640;66.330
171;26;2;148.640;93.490
172;2;27;113.043;60.130
172;27;2;113.043;87.490
173;2;28;171.093;69.730
173;28;2;171.093;97.310
174;2;29;79.572;12.140
174;29;2;124.572;91.140
175;2;29;94.733;24.770
175;29;2;139.733;103.770
176;3;4;142.767;84.530
176;4;3;142.767;86.870
177;3;5;91.481;92.440
177;5;3;91.481;95.560
178;3;5;86.575;96.910
178;5;3;86.575;100.030
179;3;5;94.183;81.140
179;5;3;94.183;84.260
180;3;6;89.354;74.600
180;6;3;89.354;78.440
181;3;6;82.723;96.050
181;6;3;82.723;99.890
182;3;7;98.562;93.030
182;7;3;98.562;98.180
183;3;7;99.505;76.420
183;7;3;99.505;81.570
184;3;8;126.132;81.150
184;8;3;126.132;91.750
185;3;8;116.914;85.010
185;8;3;116.914;95.610
186;3;8;139.396;86.040
186;8;3;139.396;96.640
187;3;9;77.461;79.080
187;9;3;77.461;90.110
188;3;10;95.417;71.840
188;10;3;95.417;85.330
189;3;11;131.923;67.530
189;11;3;131.923;81.490
190;3;11;113.228;80.500
190;11;3;113.228;94.460
191;3;11;119.810;68.290
191;11;3;119.810;82.250
192;3;12;142.123;63.800
192;12;3;142.123;79.390
193;3;12;140.527;85.270
193;12;3;140.527;100.860
194;3;12;158.376;67.200
194;12;3;158.376;82.790
195;3;13;113.670;63.680
195;13;3;113.670;79.950
196;3;13;122.200;62.080
196;13;3;122.200;78.350
197;3;14;98.131;80.510
197;14;3;98.131;97.060
198;3;14;94.854;75.990
198;14;3;94.854;92.540
199;3;14;110.386;82.410
199;14;3;110.386;98.960
200;3;15;100.131;60.850
200;15;3;100.131;78.160
201;3;16;86.065;72.070
201;16;3;86.065;89.570
202;3;17;90.080;66.470
202;17;3;90.080;84.260
203;3;17;99.897;68.150
203;17;3;99.897;85.940
204;3;18;81.092;71.730
204;18;3;81.092;90.580
205;3;18;88.800;76.640
205;18;3;88.800;95.490
206;3;18;78.724;75.290
206;18;3;78.724;94.140
207;3;19;84.892;72.830
207;19;3;84.892;91.950
208;3;19;86.403;58.580
208;19;3;86.403;77.700
209;3;19;80.854;58.960
209;19;3;80.854;78.080
210;3;20;53.171;63.940
210;20;3;53.171;83.240
211;3;21;84.989;59.280
211;21;3;84.989;78.870
212;3;21;89.068;59.060
212;21;3;89.068;78.650
213;3;22;51.355;71.210
213;22;3;51.355;91.930
214;3;22;49.995;69.770
214;22;3;49.995;90.490
215;3;23;51.988;61.770
215;23;3;51.988;84.310
216;3;23;53.379;75.540
216;23;3;53.379;98.080
217;3;23;52.939;61.910
217;23;3;52.939;84.450
218;3;24;155.894;76.840
218;24;3;155.894;100.790
219;3;24;131.508;74.620
219;24;3;131.508;98.570
220;3;24;166.206;71.950
220;24;3;166.206;95.900
221;3;25;92.029;54.390
221;25;3;92.029;78.560
222;3;26;99.294;62.740
222;26;3;99.294;87.250
223;3;26;95.550;63.830
223;26;3;95.550;88.340
224;3;27;90.169;52.400
224;27;3;90.169;77.110
225;3;27;94.661;76.420
225;27;3;94.661;101.130
226;3;27;80.395;73.630
226;27;3;80.395;98.340
227;3;28;89.275;58.290
227;28;3;89.275;83.220
228;3;28;82.510;72.430
228;28;3;82.510;97.360
229;3;28;79.463;70.340
229;28;3;79.463;95.270
230;3;29;23.796;8.190
230;29;3;68.796;84.540
231;3;29;23.773;8.420
231;29;3;68.773;84.770
232;4;5;97.433;74.970
232;5;4;97.433;75.750
233;4;5;86.099;93.240
233;5;4;86.099;94.020
234;4;5;98.991;80.390
234;5;4;98.991;81.170
235;4;6;108.137;78.300
235;6;4;108.137;79.800
236;4;7;93.727;92.210
236;7;4;93.727;95.020
237;4;8;62.276;90.070
237;8;4;62.276;98.330
238;4;8;65.807;75.790
238;8;4;65.807;84.050
239;4;8;62.655;79.310
239;8;4;62.655;87.570
240;4;9;110.940;90.280
240;9;4;110.940;98.970
241;4;10;133.328;83.520
241;10;4;133.328;94.670
242;4;11;138.199;81.540
242;11;4;138.199;93.160
243;4;11;128.966;85.060
243;11;4;128.966;96.680
244;4;12;149.258;66.600
244;12;4;149.258;79.850
245;4;12;148.003;83.430
245;12;4;148.003;96.680
246;4;13;74.136;72.080
246;13;4;74.136;86.010
247;4;13;67.472;62.490
247;13;4;67.472;76.420
248;4;14;89.666;80.370
248;14;4;89.666;94.580
249;4;14;95.003;75.480
249;14;4;95.003;89.690
250;4;15;87.910;82.190
250;15;4;87.910;97.160
251;4;16;101.809;60.880
251;16;4;101.809;76.040
252;4;16;95.530;83.040
252;16;4;95.530;98.200
253;4;16;113.210;62.120
253;16;4;113.210;77.280
254;4;17;97.787;65.440
254;17;4;97.787;80.890
255;4;17;91.133;79.430
255;17;4;91.133;94.880
256;4;18;117.712;75.770
256;18;4;117.712;92.280
257;4;18;118.206;67.320
257;18;4;118.206;83.830
258;4;18;106.999;82.390
258;18;4;106.999;98.900
259;4;19;102.892;81.280
259;19;4;102.892;98.060
260;4;19;90.256;69.590
260;19;4;90.256;86.370
261;4;19;102.788;60.470
261;19;4;102.788;77.250
262;4;20;141.875;68.740
262;20;4;141.875;85.700
263;4;21;103.090;63.470
263;21;4;103.090;80.720
264;4;21;90.352;80.560
264;21;4;90.352;97.810
265;4;22;136.412;61.350
265;22;4;136.412;79.730
266;4;22;144.410;70.720
266;22;4;144.410;89.100
267;4;23;147.722;69.060
267;23;4;147.722;89.260
268;4;23;144.719;78.760
268;23;4;144.719;98.960
269;4;23;145.210;70.230
269;23;4;145.210;90.430
270;4;24;127.781;72.640
270;24;4;127.781;94.250
271;4;25;104.687;64.170
271;25;4;104.687;86.000
272;4;25;99.603;68.410
272;25;4;99.603;90.240
273;4;25;116.722;71.000
273;25;4;116.722;92.830
274;4;26;179.262;55.940
274;26;4;179.262;78.110
275;4;26;176.254;53.270
275;26;4;176.254;75.440
276;4;26;146.587;61.560
276;26;4;146.587;83.730
277;4;27;111.540;53.670
277;27;4;111.540;76.040
278;4;28;169.133;56.910
278;28;4;169.133;79.500
279;4;28;170.755;59.700
279;28;4;170.755;82.290
280;4;28;146.416;76.040
280;28;4;146.416;98.630
281;4;29;74.442;9.700
281;29;4;119.442;83.710
282;5;6;75.314;81.520
282;6;5;75.314;82.240
283;5;6;74.972;79.350
283;6;5;74.972;80.070
284;5;6;75.337;78.640
284;6;5;75.337;79.360
285;5;7;54.344;86.010
285;7;5;54.344;88.040
286;5;8;80.299;89.760
286;8;5;80.299;97.240
287;5;9;59.020;80.730
287;9;5;59.020;88.640
288;5;10;103.016;65.480
288;10;5;103.016;75.850
289;5;10;102.756;77.610
289;10;5;102.756;87.980
290;5;11;128.027;74.300
290;11;5;128.027;85.140
291;5;11;122.602;68.830
291;11;5;122.602;79.670
292;5;12;140.389;74.350
292;12;5;140.389;86.820
293;5;13;68.621;61.220
293;13;5;68.621;74.370
294;5;13;67.061;78.040
294;13;5;67.061;91.190
295;5;14;54.587;79.940
295;14;5;54.587;93.370
296;5;14;55.454;60.530
296;14;5;55.454;73.960
297;5;14;55.273;68.130
297;14;5;55.273;81.560
298;5;15;59.400;77.660
298;15;5;59.400;91.850
299;5;15;56.065;61.770
299;15;5;56.065;75.960
300;5;15;59.169;65.240
300;15;5;59.169;79.430
301;5;16;55.905;68.380
301;16;5;55.905;82.760
302;5;16;57.935;71.850
302;16;5;57.935;86.230
303;5;17;54.749;63.440
303;17;5;54.749;78.110
304;5;17;56.867;81.130
304;17;5;56.867;95.800
305;5;17;56.224;66.880
305;17;5;56.224;81.550
306;5;18;79.348;73.310
306;18;5;79.348;89.040
307;5;19;55.323;71.550
307;19;5;55.323;87.550
308;5;20;92.282;74.260
308;20;5;92.282;90.440
309;5;20;100.445;62.320
309;20;5;100.445;78.500
310;5;20;95.455;59.870
310;20;5;95.455;76.050
311;5;21;57.858;75.800
311;21;5;57.858;92.270
312;5;21;59.928;66.140
312;21;5;59.928;82.610
313;5;22;85.204;79.550
313;22;5;85.204;97.150
314;5;22;82.952;64.270
314;22;5;82.952;81.870
315;5;22;86.134;63.390
315;22;5;86.134;80.990
316;5;23;95.763;60.510
316;23;5;95.763;79.930
317;5;24;137.838;66.270
317;24;5;137.838;87.100
318;5;24;138.188;60.910
318;24;5;138.188;81.740
319;5;24;127.723;66.950
319;24;5;127.723;87.780
320;5;25;59.255;56.360
320;25;5;59.255;77.410
321;5;25;62.322;75.070
321;25;5;62.322;96.120
322;5;26;136.617;72.350
322;26;5;136.617;93.740
323;5;26;148.476;66.450
323;26;5;148.476;87.840
324;5;27;80.092;52.590
324;27;5;80.092;74.180
325;5;27;86.644;73.200
325;27;5;86.644;94.790
326;5;28;125.865;74.730
326;28;5;125.865;96.540
327;5;28;144.317;57.700
327;28;5;144.317;79.510
328;5;28;141.498;51.510
328;28;5;141.498;73.320
329;5;29;22.688;9.080
329;29;5;67.688;82.310
330;6;7;84.115;76.660
330;7;6;84.115;77.970
331;6;7;79.157;73.540
331;7;6;79.157;74.850
332;6;7;80.692;73.350
332;7;6;80.692;74.660
333;6;8;94.880;71.820
333;8;6;94.880;78.580
334;6;8;82.926;77.060
334;8;6;82.926;83.820
335;6;9;72.936;70.490
335;9;6;72.936;77.680
336;6;10;73.717;64.980
336;10;6;73.717;74.630
337;6;10;68.934;76.650
337;10;6;68.934;86.300
338;6;10;78.413;80.050
338;10;6;78.413;89.700
339;6;11;98.755;86.730
339;11;6;98.755;96.850
340;6;11;100.963;72.470
340;11;6;100.963;82.590
341;6;11;85.596;63.590
341;11;6;85.596;73.710
342;6;12;110.940;83.740
342;12;6;110.940;95.490
343;6;12;108.597;70.330
343;12;6;108.597;82.080
344;6;12;103.902;61.810
344;12;6;103.902;73.560
345;6;13;82.998;70.360
345;13;6;82.998;82.790
346;6;14;72.339;78.730
346;14;6;72.339;91.440
347;6;14;68.709;67.840
347;14;6;68.709;80.550
348;6;15;69.601;63.840
348;15;6;69.601;77.310
349;6;16;64.813;76.320
349;16;6;64.813;89.980
350;6;16;64.782;82.590
350;16;6;64.782;96.250
351;6;17;65.740;63.920
351;17;6;65.740;77.870
352;6;18;55.054;68.590
352;18;6;55.054;83.600
353;6;18;53.944;63.050
353;18;6;53.944;78.060
354;6;19;66.053;57.960
354;19;6;66.053;73.240
355;6;19;64.736;64.600
355;19;6;64.736;79.880
356;6;20;84.813;69.670
356;20;6;84.813;85.130
357;6;21;63.125;69.270
357;21;6;63.125;85.020
358;6;21;67.011;57.740
358;21;6;67.011;73.490
359;6;22;84.012;72.100
359;22;6;84.012;88.980
360;6;23;96.088;59.540
360;23;6;96.088;78.240
361;6;23;93.588;70.610
361;23;6;93.588;89.310
362;6;23;90.266;70.950
362;23;6;90.266;89.650
363;6;24;114.552;65.590
363;24;6;114.552;85.700
364;6;24;113.970;75.730
364;24;6;113.970;95.840
365;6;25;88.266;61.960
365;25;6;88.266;82.290
366;6;26;116.126;73.830
366;26;6;116.126;94.500
367;6;26;127.760;61.530
367;26;6;127.760;82.200
368;6;26;108.582;69.720
368;26;6;108.582;90.390
369;6;27;49.830;52.680
369;27;6;49.830;73.550
370;6;27;49.386;73.480
370;27;6;49.386;94.350
371;6;28;106.055;62.820
371;28;6;106.055;83.910
372;6;28;107.870;65.970
372;28;6;107.870;87.060
373;6;29;30.107;23.810
373;29;6;75.107;96.320
374;7;8;76.508;82.890
374;8;7;76.508;88.340
375;7;8;76.105;69.300
375;8;7;76.105;74.750
376;7;8;79.727;88.660
376;8;7;79.727;94.110
377;7;9;66.705;73.900
377;9;7;66.705;79.780
378;7;10;112.183;71.550
378;10;7;112.183;79.890
379;7;11;135.886;67.160
379;11;7;135.886;75.970
380;7;11;117.034;66.730
380;11;7;117.034;75.540
381;7;12;148.288;66.550
381;12;7;148.288;76.990
382;7;12;122.702;77.300
382;12;7;122.702;87.740
383;7;13;67.057;62.880
383;13;7;67.057;74.000
384;7;14;58.908;67.310
384;14;7;58.908;78.710
385;7;14;58.535;77.920
385;14;7;58.535;89.320
386;7;14;61.937;77.900
386;14;7;61.937;89.300
387;7;15;63.996;77.160
387;15;7;63.996;89.320
388;7;15;67.031;71.320
388;15;7;67.031;83.480
389;7;15;59.972;72.440
389;15;7;59.972;84.600
390;7;16;65.174;71.410
390;16;7;65.174;83.760
391;7;16;63.422;82.620
391;16;7;63.422;94.970
392;7;17;63.382;74.650
392;17;7;63.382;87.290
393;7;17;60.783;76.130
393;17;7;60.783;88.770
394;7;18;88.651;66.750
394;18;7;88.651;80.450
395;7;19;64.667;80.150
395;19;7;64.667;94.120
396;7;20;100.244;81.380
396;20;7;100.244;95.530
397;7;20;104.213;57.480
397;20;7;104.213;71.630
398;7;20;92.059;76.560
398;20;7;92.059;90.710
399;7;21;67.147;62.030
399;21;7;67.147;76.470
400;7;22;92.464;69.960
400;22;7;92.464;85.530
401;7;23;102.121;77.650
401;23;7;102.121;95.040
402;7;23;88.536;67.910
402;23;7;88.536;85.300
403;7;24;143.397;71.350
403;24;7;143.397;90.150
404;7;25;56.285;54.650
404;25;7;56.285;73.670
405;7;26;145.562;66.630
405;26;7;145.562;85.990
406;7;27;88.935;67.710
406;27;7;88.935;87.270
407;7;28;134.796;72.480
407;28;7;134.796;92.260
408;7;29;30.026;20.660
408;29;7;75.026;91.860
409;8;9;93.996;78.380
409;9;8;93.996;78.810
410;8;9;92.348;83.290
410;9;8;92.348;83.720
411;8;10;122.122;86.320
411;10;8;122.122;89.210
412;8;10;108.822;63.310
412;10;8;108.822;66.200
413;8;11;133.290;67.470
413;11;8;133.290;70.830
414;8;11;142.075;74.080
414;11;8;142.075;77.440
415;8;12;145.154;72.390
415;12;8;145.154;77.380
416;8;12;144.403;71.490
416;12;8;144.403;76.480
417;8;12;132.309;64.370
417;12;8;132.309;69.360
418;8;13;57.717;72.410
418;13;8;57.717;78.080
419;8;13;54.791;61.910
419;13;8;54.791;67.580
420;8;13;58.598;69.660
420;13;8;58.598;75.330
421;8;14;73.068;82.390
421;14;8;73.068;88.340
422;8;15;72.178;71.970
422;15;8;72.178;78.680
423;8;15;77.611;68.790
423;15;8;77.611;75.500
424;8;15;65.388;82.030
424;15;8;65.388;88.740
425;8;16;85.544;81.050
425;16;8;85.544;87.950
426;8;16;79.170;71.920
426;16;8;79.170;78.820
427;8;17;81.571;79.930
427;17;8;81.571;87.120
428;8;18;103.771;77.120
428;18;8;103.771;85.370
429;8;19;86.462;65.940
429;19;8;86.462;74.460
430;8;20;125.739;73.220
430;20;8;125.739;81.920
431;8;20;117.367;80.030
431;20;8;117.367;88.730
432;8;21;87.003;79.930
432;21;8;87.003;88.920
433;8;21;90.145;61.150
433;21;8;90.145;70.140
434;8;21;85.902;59.310
434;21;8;85.902;68.300
435;8;22;119.782;59.610
435;22;8;119.782;69.730
436;8;22;107.082;77.290
436;22;8;107.082;87.410
437;8;23;130.857;58.650
437;23;8;130.857;70.590
438;8;24;129.420;65.190
438;24;8;129.420;78.540
439;8;24;145.355;63.170
439;24;8;145.355;76.520
440;8;24;128.132;62.400
440;24;8;128.132;75.750
441;8;25;87.571;71.890
441;25;8;87.571;85.460
442;8;25;97.105;55.010
442;25;8;97.105;68.580
443;8;26;165.412;58.050
443;26;8;165.412;71.960
444;8;26;160.428;55.620
444;26;8;160.428;69.530
445;8;27;98.889;58.190
445;27;8;98.889;72.300
446;8;27;108.194;69.700
446;27;8;108.194;83.810
447;8;27;102.749;61.720
447;27;8;102.749;75.830
448;8;28;155.013;52.780
448;28;8;155.013;67.110
449;8;28;149.556;56.590
449;28;8;149.556;70.920
450;8;29;57.583;0.990
450;29;8;102.583;66.740
451;8;29;60.566;10.490
451;29;8;105.566;76.240
452;9;10;96.604;69.740
452;10;9;96.604;72.200
453;9;11;126.482;75.720
453;11;9;126.482;78.650
454;9;11;146.603;83.360
454;11;9;146.603;86.290
455;9;12;138.521;63.700
455;12;9;138.521;68.260
456;9;13;81.838;61.240
456;13;9;81.838;66.480
457;9;14;66.463;65.930
457;14;9;66.463;71.450
458;9;14;71.693;61.810
458;14;9;71.693;67.330
459;9;14;63.544;69.950
459;14;9;63.544;75.470
460;9;15;69.630;75.040
460;15;9;69.630;81.320
461;9;15;68.148;73.410
461;15;9;68.148;79.690
462;9;16;56.693;75.410
462;16;9;56.693;81.880
463;9;17;59.979;73.580
463;17;9;59.979;80.340
464;9;18;72.607;80.600
464;18;9;72.607;88.420
465;9;18;70.562;59.560
465;18;9;70.562;67.380
466;9;19;54.971;65.990
466;19;9;54.971;74.080
467;9;19;53.202;66.690
467;19;9;53.202;74.780
468;9;20;78.563;78.560
468;20;9;78.563;86.830
469;9;20;86.460;80.280
469;20;9;86.460;88.550
470;9;21;56.952;58.680
470;21;9;56.952;67.240
471;9;21;59.632;69.700
471;21;9;59.632;78.260
472;9;22;71.190;56.200
472;22;9;71.190;65.890
473;9;22;71.227;77.820
473;22;9;71.227;87.510
474;9;23;81.867;76.300
474;23;9;81.867;87.810
475;9;24;141.305;54.650
475;24;9;141.305;67.570
476;9;25;63.808;69.550
476;25;9;63.808;82.690
477;9;25;65.254;66.930
477;25;9;65.254;80.070
478;9;26;124.351;68.510
478;26;9;124.351;81.990
479;9;26;113.998;57.110
479;26;9;113.998;70.590
480;9;27;76.950;54.500
480;27;9;76.950;68.180
481;9;27;70.917;52.780
481;27;9;70.917;66.460
482;9;28;113.582;52.880
482;28;9;113.582;66.780
483;9;28;113.857;72.350
483;28;9;113.857;86.250
484;9;28;99.752;52.530
484;28;9;99.752;66.430
485;9;29;8.671;12.000
485;29;9;53.671;77.320
486;9;29;7.892;16.870
486;29;9;52.892;82.190
487;9;29;9.690;20.470
487;29;9;54.690;85.790
488;10;11;81.779;75.270
488;11;10;81.779;75.740
489;10;11;74.916;72.960
489;11;10;74.916;73.430
490;10;12;91.711;70.570
490;12;10;91.711;72.670
491;10;12;81.382;68.520
491;12;10;81.382;70.620
492;10;13;110.986;61.560
492;13;10;110.986;64.340
493;10;14;101.036;83.010
493;14;10;101.036;86.070
494;10;14;110.353;66.020
494;14;10;110.353;69.080
495;10;14;88.322;60.540
495;14;10;88.322;63.600
496;10;15;98.228;73.050
496;15;10;98.228;76.870
497;10;15;89.725;63.070
497;15;10;89.725;66.890
498;10;16;92.122;68.860
498;16;10;92.122;72.870
499;10;16;86.723;82.470
499;16;10;86.723;86.480
500;10;17;93.924;59.600
500;17;10;93.924;63.900
501;10;17;94.315;66.220
501;17;10;94.315;70.520
502;10;18;69.134;58.830
502;18;10;69.134;64.190
503;10;18;75.096;60.160
503;18;10;75.096;65.520
504;10;19;92.930;73.550
504;19;10;92.930;79.180
505;10;19;86.627;80.400
505;19;10;86.627;86.030
506;10;20;87.680;66.600
506;20;10;87.680;72.410
507;10;21;90.195;65.900
507;21;10;90.195;72.000
508;10;21;92.000;81.270
508;21;10;92.000;87.370
509;10;21;100.668;80.010
509;21;10;100.668;86.110
510;10;22;93.082;70.470
510;22;10;93.082;77.700
511;10;22;93.900;71.800
511;22;10;93.900;79.030
512;10;22;94.086;71.770
512;22;10;94.086;79.000
513;10;23;102.108;55.650
513;23;10;102.108;64.700
514;10;24;109.812;72.300
514;24;10;109.812;82.760
515;10;24;103.778;55.760
515;24;10;103.778;66.220
516;10;25;114.519;52.880
516;25;10;114.519;63.560
517;10;25;105.686;61.100
517;25;10;105.686;71.780
518;10;26;95.224;76.750
518;26;10;95.224;87.770
519;10;26;94.870;54.010
519;26;10;94.870;65.030
520;10;26;98.550;63.490
520;26;10;98.550;74.510
521;10;27;69.021;58.120
521;27;10;69.021;69.340
522;10;27;71.024;55.210
522;27;10;71.024;66.430
523;10;27;65.270;71.190
523;27;10;65.270;82.410
524;10;28;87.281;76.040
524;28;10;87.281;87.480
525;10;28;78.799;55.550
525;28;10;78.799;66.990
526;10;28;81.633;70.730
526;28;10;81.633;82.170
527;10;29;49.508;8.160
527;29;10;94.508;71.020
528;10;29;42.282;8.480
528;29;10;87.282;71.340
529;10;29;49.789;8.960
529;29;10;94.789;71.820
530;11;12;57.409;73.780
530;12;11;57.409;75.410
531;11;12;56.326;65.580
531;12;11;56.326;67.210
532;11;12;58.720;65.330
532;12;11;58.720;66.960
533;11;13;125.897;62.160
533;13;11;125.897;64.470
534;11;14;122.353;60.010
534;14;11;122.353;62.600
535;11;15;117.833;63.530
535;15;11;117.833;66.880
536;11;15;130.231;72.190
536;15;11;130.231;75.540
537;11;15;123.270;74.100
537;15;11;123.270;77.450
538;11;16;118.254;78.040
538;16;11;118.254;81.580
539;11;17;118.294;59.060
539;17;11;118.294;62.890
540;11;17;135.632;81.410
540;17;11;135.632;85.240
541;11;18;100.307;67.600
541;18;11;100.307;72.490
542;11;18;93.812;68.370
542;18;11;93.812;73.260
543;11;19;119.643;63.170
543;19;11;119.643;68.330
544;11;19;120.621;77.640
544;19;11;120.621;82.800
545;11;19;112.097;78.400
545;19;11;112.097;83.560
546;11;20;124.353;79.530
546;20;11;124.353;84.870
547;11;20;113.765;81.760
547;20;11;113.765;87.100
548;11;20;107.007;68.980
548;20;11;107.007;74.320
549;11;21;116.720;67.290
549;21;11;116.720;72.920
550;11;21;116.166;68.020
550;21;11;116.166;73.650
551;11;22;129.042;71.290
551;22;11;129.042;78.050
552;11;23;138.718;70.030
552;23;11;138.718;78.610
553;11;23;135.157;65.170
553;23;11;135.157;73.750
554;11;24;78.937;76.750
554;24;11;78.937;86.740
555;11;24;86.830;65.140
555;24;11;86.830;75.130
556;11;24;82.576;55.760
556;24;11;82.576;65.750
557;11;25;141.700;73.220
557;25;11;141.700;83.430
558;11;25;148.153;66.240
558;25;11;148.153;76.450
559;11;25;151.319;70.640
559;25;11;151.319;80.850
560;11;26;122.043;72.190
560;26;11;122.043;82.740
561;11;26;120.906;62.770
561;26;11;120.906;73.320
562;11;27;94.535;68.740
562;27;11;94.535;79.490
563;11;27;105.385;59.740
563;27;11;105.385;70.490
564;11;28;117.524;58.410
564;28;11;117.524;69.380
565;11;28;107.877;74.110
565;28;11;107.877;85.080
566;11;29;81.991;20.820
566;29;11;126.991;83.210
567;12;13;138.102;66.190
567;13;12;138.102;66.870
568;12;14;134.762;67.630
568;14;12;134.762;68.590
569;12;15;130.235;79.740
569;15;12;130.235;81.460
570;12;15;126.393;72.780
570;15;12;126.393;74.500
571;12;15;131.184;82.140
571;15;12;131.184;83.860
572;12;16;130.535;62.380
572;16;12;130.535;64.290
573;12;16;132.819;83.390
573;16;12;132.819;85.300
574;12;17;130.650;59.820
574;17;12;130.650;62.020
575;12;17;134.192;83.180
575;17;12;134.192;85.380
576;12;18;111.937;74.940
576;18;12;111.937;78.200
577;12;18;110.141;79.310
577;18;12;110.141;82.570
578;12;18;108.287;58.200
578;18;12;108.287;61.460
579;12;19;131.899;79.080
579;19;12;131.899;82.610
580;12;19;144.477;76.180
580;19;12;144.477;79.710
581;12;20;134.327;72.800
581;20;12;134.327;76.510
582;12;20;147.740;80.820
582;20;12;147.740;84.530
583;12;20;140.942;66.150
583;20;12;140.942;69.860
584;12;21;128.972;63.070
584;21;12;128.972;67.070
585;12;21;130.983;78.420
585;21;12;130.983;82.420
586;12;21;109.752;80.880
586;21;12;109.752;84.880
587;12;22;139.672;57.290
587;22;12;139.672;62.420
588;12;23;148.777;78.780
588;23;12;148.777;85.730
589;12;24;81.032;69.180
589;24;12;81.032;77.540
590;12;25;154.004;60.390
590;25;12;154.004;68.970
591;12;26;126.135;67.590
591;26;12;126.135;76.510
592;12;27;106.618;68.450
592;27;12;106.618;77.570
593;12;27;115.637;62.430
593;27;12;115.637;71.550
594;12;28;123.109;75.970
594;28;12;123.109;85.310
595;12;29;93.673;2.300
595;29;12;138.673;63.060
596;13;14;60.541;80.440
596;14;13;60.541;80.720
597;13;14;61.024;74.770
597;14;13;61.024;75.050
598;13;14;57.353;79.060
598;14;13;57.353;79.340
599;13;15;59.501;68.620
599;15;13;59.501;69.660
600;13;16;72.879;62.100
600;16;13;72.879;63.330
601;13;16;66.820;75.980
601;16;13;66.820;77.210
602;13;16;78.165;62.300
602;16;13;78.165;63.530
603;13;17;68.888;70.240
603;17;13;68.888;71.760
604;13;17;68.117;62.090
604;17;13;68.117;63.610
605;13;18;91.477;80.840
605;18;13;91.477;83.420
606;13;19;73.859;78.310
606;19;13;73.859;81.160
607;13;20;113.074;62.000
607;20;13;113.074;65.030
608;13;20;121.707;67.070
608;20;13;121.707;70.100
609;13;20;115.966;80.620
609;20;13;115.966;83.650
610;13;21;74.303;77.610
610;21;13;74.303;80.930
611;13;21;72.169;72.100
611;21;13;72.169;75.420
612;13;22;107.314;57.610
612;22;13;107.314;62.060
613;13;23;118.587;60.280
613;23;13;118.587;66.550
614;13;23;115.319;59.090
614;23;13;115.319;65.360
615;13;24;126.733;58.280
615;24;13;126.733;65.960
616;13;24;144.020;74.320
616;24;13;144.020;82.000
617;13;25;78.310;73.600
617;25;13;78.310;81.500
618;13;25;81.208;73.720
618;25;13;81.208;81.620
619;13;25;85.489;62.580
619;25;13;85.489;70.480
620;13;26;152.971;56.530
620;26;13;152.971;64.770
621;13;26;156.003;59.920
621;26;13;156.003;68.160
622;13;27;87.271;62.150
622;27;13;87.271;70.590
623;13;27;93.994;70.890
623;27;13;93.994;79.330
624;13;28;142.511;58.300
624;28;13;142.511;66.960
625;13;29;45.309;18.130
625;29;13;90.309;78.210
626;13;29;56.476;24.130
626;29;13;101.476;84.210
627;13;29;40.703;16.860
627;29;13;85.703;76.940
628;14;15;50.206;74.110
628;15;14;50.206;74.870
629;14;15;49.203;71.530
629;15;14;49.203;72.290
630;14;15;49.072;60.880
630;15;14;49.072;61.640
631;14;16;57.604;80.590
631;16;14;57.604;81.540
632;14;16;57.747;77.650
632;16;14;57.747;78.600
633;14;16;58.039;67.730
633;16;14;58.039;68.680
634;14;17;53.790;73.840
634;17;14;53.790;75.080
635;14;17;52.969;67.250
635;17;14;52.969;68.490
636;14;17;55.493;66.780
636;17;14;55.493;68.020
637;14;18;78.929;78.440
637;18;14;78.929;80.740
638;14;18;77.929;69.150
638;18;14;77.929;71.450
639;14;19;58.406;64.810
639;19;14;58.406;67.380
640;14;19;60.946;65.370
640;19;14;60.946;67.940
641;14;20;97.714;79.020
641;20;14;97.714;81.770
642;14;20;89.165;78.390
642;20;14;89.165;81.140
643;14;20;99.524;77.020
643;20;14;99.524;79.770
644;14;21;59.241;73.110
644;21;14;59.241;76.150
645;14;21;61.375;71.770
645;21;14;61.375;74.810
646;14;22;91.776;75.230
646;22;14;91.776;79.400
647;14;23;103.075;77.680
647;23;14;103.075;83.670
648;14;23;98.822;72.100
648;23;14;98.822;78.090
649;14;23;92.579;73.190
649;23;14;92.579;79.180
650;14;24;129.642;56.860
650;24;14;129.642;64.260
651;14;24;145.773;59.230
651;24;14;145.773;66.630
652;14;25;67.886;76.490
652;25;14;67.886;84.110
653;14;26;139.249;58.060
653;26;14;139.249;66.020
654;14;26;161.927;73.100
654;26;14;161.927;81.060
655;14;26;154.922;73.710
655;26;14;154.922;81.670
656;14;27;77.115;63.490
656;27;14;77.115;71.650
657;14;28;128.626;55.560
657;28;14;128.626;63.940
658;14;29;29.820;21.570
658;29;14;74.820;81.370
659;14;29;23.536;20.090
659;29;14;68.536;79.890
660;15;16;59.075;79.570
660;16;15;59.075;79.760
661;15;17;55.085;60.240
661;17;15;55.085;60.720
662;15;17;53.524;79.010
662;17;15;53.524;79.490
663;15;18;77.326;81.320
663;18;15;77.326;82.860
664;15;18;72.635;66.040
664;18;15;72.635;67.580
665;15;19;60.372;67.190
665;19;15;60.372;69.000
666;15;19;58.363;64.390
666;19;15;58.363;66.200
667;15;19;63.680;65.350
667;19;15;63.680;67.160
668;15;20;98.966;65.840
668;20;15;98.966;67.830
669;15;20;108.147;61.100
669;20;15;108.147;63.090
670;15;21;60.208;77.760
670;21;15;60.208;80.040
671;15;22;93.799;58.420
671;22;15;93.799;61.830
672;15;23;105.469;74.100
672;23;15;105.469;79.330
673;15;24;124.458;59.980
673;24;15;124.458;66.620
674;15;25;73.053;65.200
674;25;15;73.053;72.060
675;15;25;67.470;76.790
675;25;15;67.470;83.650
676;15;25;79.732;54.140
676;25;15;79.732;61.000
677;15;26;138.576;66.850
677;26;15;138.576;74.050
678;15;26;157.994;56.860
678;26;15;157.994;64.060
679;15;27;74.210;52.010
679;27;15;74.210;59.410
680;15;27;76.135;68.300
680;27;15;76.135;75.700
681;15;27;79.105;69.800
681;27;15;79.105;77.200
682;15;28;128.075;76.070
682;28;15;128.075;83.690
683;15;28;123.835;60.020
683;28;15;123.835;67.640
684;15;28;138.398;67.450
684;28;15;138.398;75.070
685;15;29;32.509;17.150
685;29;15;77.509;76.190
686;16;17;49.023;65.040
686;17;16;49.023;65.330
687;16;17;49.262;83.530
687;17;16;49.262;83.820
688;16;17;48.847;62.220
688;17;16;48.847;62.510
689;16;18;68.479;68.270
689;18;16;68.479;69.620
690;16;19;46.755;70.980
690;19;16;46.755;72.600
691;16;20;85.197;73.930
691;20;16;85.197;75.730
692;16;20;77.342;72.640
692;20;16;77.342;74.440
693;16;21;46.983;60.190
693;21;16;46.983;62.280
694;16;22;79.729;67.200
694;22;16;79.729;70.420
695;16;22;81.434;75.590
695;22;16;81.434;78.810
696;16;23;91.414;66.400
696;23;16;91.414;71.440
697;16;23;92.295;75.230
697;23;16;92.295;80.270
698;16;24;130.613;63.770
698;24;16;130.613;70.220
699;16;24;128.517;61.290
699;24;16;128.517;67.740
700;16;25;68.490;60.670
700;25;16;68.490;67.340
701;16;25;65.890;63.820
701;25;16;65.890;70.490
702;16;25;74.350;71.450
702;25;16;74.350;78.120
703;16;26;127.095;69.610
703;26;16;127.095;76.620
704;16;26;119.615;54.750
704;26;16;119.615;61.760
705;16;27;69.494;74.020
705;27;16;69.494;81.230
706;16;27;70.904;65.820
706;27;16;70.904;73.030
707;16;28;116.411;57.450
707;28;16;116.411;64.880
708;16;28;111.362;56.870
708;28;16;111.362;64.300
709;16;29;18.686;24.410
709;29;16;63.686;83.260
710;17;18;70.880;73.740
710;18;17;70.880;74.800
711;17;18;69.120;74.380
711;18;17;69.120;75.440
712;17;19;50.307;69.550
712;19;17;50.307;70.880
713;17;19;50.225;77.550
713;19;17;50.225;78.880
714;17;19;50.709;73.800
714;19;17;50.709;75.130
715;17;20;89.188;78.660
715;20;17;89.188;80.170
716;17;21;50.468;65.450
716;21;17;50.468;67.250
717;17;21;49.474;60.940
717;21;17;49.474;62.740
718;17;21;51.789;80.640
718;21;17;51.789;82.440
719;17;22;83.740;76.170
719;22;17;83.740;79.100
720;17;23;95.384;69.260
720;23;17;95.384;74.010
721;17;23;96.921;72.120
721;23;17;96.921;76.870
722;17;24;129.056;56.170
722;24;17;129.056;62.330
723;17;25;68.622;52.680
723;25;17;68.622;59.060
724;17;25;67.253;62.540
724;25;17;67.253;68.920
725;17;25;65.698;75.670
725;25;17;65.698;82.050
726;17;26;130.539;60.320
726;26;17;130.539;67.040
727;17;26;114.823;59.720
727;26;17;114.823;66.440
728;17;27;70.556;63.440
728;27;17;70.556;70.360
729;17;27;66.192;70.040
729;27;17;66.192;76.960
730;17;28;119.893;56.220
730;28;17;119.893;63.360
731;17;29;22.496;4.680
731;29;17;67.496;63.240
732;18;19;69.083;63.160
732;19;18;69.083;63.430
733;18;20;75.687;58.750
733;20;18;75.687;59.200
734;18;21;66.505;79.270
734;21;18;66.505;80.010
735;18;21;68.281;73.370
735;21;18;68.281;74.110
736;18;22;76.387;79.610
736;22;18;76.387;81.480
737;18;22;74.918;69.070
737;22;18;74.918;70.940
738;18;23;88.017;78.650
738;23;18;88.017;82.340
739;18;24;120.371;60.470
739;24;18;120.371;65.570
740;18;25;90.391;73.640
740;25;18;90.391;78.960
741;18;26;106.698;59.770
741;26;18;106.698;65.430
742;18;27;54.199;76.090
742;27;18;54.199;81.950
743;18;27;55.544;60.430
743;27;18;55.544;66.290
744;18;28;96.440;61.900
744;28;18;96.440;67.980
745;18;28;105.395;71.940
745;28;18;105.395;78.020
746;18;28;94.327;56.250
746;28;18;94.327;62.330
747;18;29;26.736;18.980
747;29;18;71.736;76.480
748;18;29;23.899;6.490
748;29;18;68.899;63.990
749;19;20;84.311;69.640
749;20;19;84.311;69.820
750;19;20;80.367;67.660
750;20;19;80.367;67.840
751;19;20;78.379;64.370
751;20;19;78.379;64.550
752;19;21;47.930;59.840
752;21;19;47.930;60.310
753;19;22;78.542;72.530
753;22;19;78.542;74.130
754;19;23;90.108;65.020
754;23;19;90.108;68.440
755;19;23;84.522;60.110
755;23;19;84.522;63.530
756;19;23;91.369;58.030
756;23;19;91.369;61.450
757;19;24;132.309;71.500
757;24;19;132.309;76.330
758;19;24;132.437;76.410
758;24;19;132.437;81.240
759;19;24;137.751;75.290
759;24;19;137.751;80.120
760;19;25;67.218;67.700
760;25;19;67.218;72.750
761;19;26;126.893;55.410
761;26;19;126.893;60.800
762;19;26;133.576;59.340
762;26;19;133.576;64.730
763;19;27;70.659;59.010
763;27;19;70.659;64.600
764;19;27;74.583;57.430
764;27;19;74.583;63.020
765;19;27;74.152;74.610
765;27;19;74.152;80.200
766;19;28;116.180;51.970
766;28;19;116.180;57.780
767;19;28;99.880;57.020
767;28;19;99.880;62.830
768;19;29;17.194;9.830
768;29;19;62.194;67.060
769;20;21;83.807;79.230
769;21;20;83.807;79.520
770;20;21;88.210;80.660
770;21;20;88.210;80.950
771;20;21;79.756;79.380
771;21;20;79.756;79.670
772;20;22;54.650;70.700
772;22;20;54.650;72.120
773;20;22;52.635;62.710
773;22;20;52.635;64.130
774;20;23;59.458;67.970
774;23;20;59.458;71.210
775;20;23;59.270;58.560
775;23;20;59.270;61.800
776;20;23;57.396;71.950
776;23;20;57.396;75.190
777;20;24;149.317;68.290
777;24;20;149.317;72.940
778;20;25;95.180;72.790
778;25;20;95.180;77.660
779;20;26;93.319;75.400
779;26;20;93.319;80.610
780;20;26;89.090;62.140
780;26;20;89.090;67.350
781;20;27;84.886;70.270
781;27;20;84.886;75.680
782;20;27;77.418;74.000
782;27;20;77.418;79.410
783;20;27;90.167;64.020
783;27;20;90.167;69.430
784;20;28;82.907;55.790
784;28;20;82.907;61.420
785;20;28;78.593;70.130
785;28;20;78.593;75.760
786;20;29;25.336;9.420
786;29;20;70.336;66.470
787;21;22;78.680;59.500
787;22;21;78.680;60.630
788;21;23;90.512;76.010
788;23;21;90.512;78.960
789;21;23;79.970;55.820
789;23;21;79.970;58.770
790;21;24;129.697;75.850
790;24;21;129.697;80.210
791;21;24;121.288;58.570
791;24;21;121.288;62.930
792;21;25;70.142;56.100
792;25;21;70.142;60.680
793;21;25;66.712;68.590
793;25;21;66.712;73.170
794;21;25;73.385;76.110
794;25;21;73.385;80.690
795;21;26;125.239;60.480
795;26;21;125.239;65.400
796;21;26;118.842;72.350
796;26;21;118.842;77.270
797;21;27;67.745;56.510
797;27;21;67.745;61.630
798;21;28;114.567;60.130
798;28;21;114.567;65.470
799;21;29;18.196;10.530
799;29;21;63.196;67.290
800;21;29;14.072;19.630
800;29;21;59.072;76.390
801;21;29;17.968;8.460
801;29;21;62.968;65.220
802;22;23;57.233;61.440
802;23;22;57.233;63.260
803;22;24;151.670;74.940
803;24;22;151.670;78.170
804;22;24;150.806;63.320
804;24;22;150.806;66.550
805;22;25;86.406;69.480
805;25;22;86.406;72.930
806;22;25;88.411;62.660
806;25;22;88.411;66.110
807;22;25;79.554;59.410
807;25;22;79.554;62.860
808;22;26;102.932;72.660
808;26;22;102.932;76.450
809;22;26;94.529;74.580
809;26;22;94.529;78.370
810;22;26;108.002;68.650
810;26;22;108.002;72.440
811;22;27;85.246;72.220
811;27;22;85.246;76.210
812;22;27;88.798;59.580
812;27;22;88.798;63.570
813;22;28;92.554;68.780
813;28;22;92.554;72.990
814;22;28;85.862;61.950
814;28;22;85.862;66.160
815;22;29;17.549;2.510
815;29;22;62.549;58.140
816;23;24;162.882;53.030
816;24;23;162.882;54.440
817;23;24;156.085;55.970
817;24;23;156.085;57.380
818;23;24;174.680;56.040
818;24;23;174.680;57.450
819;23;25;94.518;67.250
819;25;23;94.518;68.880
820;23;25;98.940;58.690
820;25;23;98.940;60.320
821;23;25;85.984;63.000
821;25;23;85.984;64.630
822;23;26;101.499;62.210
822;26;23;101.499;64.180
823;23;26;87.429;75.300
823;26;23;87.429;77.270
824;23;27;97.055;69.990
824;27;23;97.055;72.160
825;23;28;92.077;57.830
825;28;23;92.077;60.220
826;23;28;101.846;57.970
826;28;23;101.846;60.360
827;23;28;90.354;70.770
827;28;23;90.354;73.160
828;23;29;28.285;4.470
828;29;23;73.285;58.280
829;24;25;152.070;68.530
829;25;24;152.070;68.750
830;24;26;155.233;71.190
830;26;24;155.233;71.750
831;24;26;173.695;59.980
831;26;24;173.695;60.540
832;24;27;111.989;69.400
832;27;24;111.989;70.160
833;24;27;108.543;56.100
833;27;24;108.543;56.860
834;24;28;149.773;55.080
834;28;24;149.773;56.060
835;24;28;131.317;63.470
835;28;24;131.317;64.450
836;24;29;99.628;11.100
836;29;24;144.628;63.500
837;24;29;116.638;6.430
837;29;24;161.638;58.830
838;24;29;82.328;14.830
838;29;24;127.328;67.230
839;25;26;142.452;56.060
839;26;25;142.452;56.400
840;25;27;92.872;65.290
840;27;25;92.872;65.830
841;25;28;131.719;72.300
841;28;25;131.719;73.060
842;25;29;25.217;14.610
842;29;25;70.217;66.790
843;25;29;29.013;17.560
843;29;25;74.013;69.740
844;25;29;20.201;8.370
844;29;25;65.201;60.550
845;26;27;112.919;67.000
845;27;26;112.919;67.200
846;26;27;128.286;59.910
846;27;26;128.286;60.110
847;26;28;55.772;62.490
847;28;26;55.772;62.910
848;26;28;55.656;66.150
848;28;26;55.656;66.570
849;26;28;55.018;72.630
849;28;26;55.018;73.050
850;26;29;72.243;2.790
850;29;26;117.243;54.630
851;26;29;60.988;12.180
851;29;26;105.988;64.020
852;27;28;103.086;72.810
852;28;27;103.086;73.030
853;27;28;93.976;72.440
853;28;27;93.976;72.660
854;27;29;33.232;7.010
854;29;27;78.232;58.650
855;27;29;27.478;23.720
855;29;27;72.478;75.360
856;28;29;61.520;10.890
856;29;28;106.520;62.310
