30
600.0
0;0;1;94.491;114.330
0;1;0;49.491;14.330
1;0;2;53.647;113.160
1;2;0;8.647;22.820
2;0;3;81.549;89.260
2;3;0;36.549;1.340
3;0;4;73.285;89.690
3;4;0;28.285;2.070
4;0;4;67.193;90.230
4;4;0;22.193;2.610
5;0;4;68.979;105.740
5;4;0;23.979;18.120
6;0;5;68.796;98.640
6;5;0;23.796;18.670
7;0;5;71.663;94.470
7;5;0;26.663;14.500
8;0;6;64.222;94.870
8;6;0;19.222;16.720
9;0;6;60.888;80.690
9;6;0;15.888;2.540
10;0;7;76.387;85.920
10;7;0;31.387;7.820
11;0;8;75.107;97.810
11;8;0;30.107;20.000
12;0;9;62.194;92.670
12;9;0;17.194;15.090
13;0;9;58.728;102.370
13;9;0;13.728;24.790
14;0;10;77.509;101.650
14;10;0;32.509;24.570
15;0;10;71.110;81.690
15;10;0;26.110;4.610
16;0;11;90.309;80.230
16;11;0;45.309;4.110
17;0;11;91.484;93.390
17;11;0;46.484;17.270
18;0;11;83.948;92.100
18;11;0;38.948;15.980
19;0;12;67.688;88.830
19;12;0;22.688;14.460
20;0;12;65.196;95.580
20;12;0;20.196;21.210
21;0;12;70.097;87.430
21;12;0;25.097;13.060
22;0;13;72.562;91.090
22;13;0;27.562;17.190
23;0;13;70.519;91.380
23;13;0;25.519;17.480
24;0;14;116.350;94.300
24;14;0;71.350;22.750
25;0;15;74.690;88.500
25;15;0;29.690;18.840
26;0;16;54.829;71.780
26;16;0;9.829;4.370
27;0;16;56.472;83.540
27;16;0;11.472;16.130
28;0;17;66.172;82.480
28;17;0;21.172;16.960
29;0;18;63.196;86.180
29;18;0;18.196;22.980
30;0;19;138.673;76.720
30;19;0;93.673;14.220
31;0;19;155.033;73.600
31;19;0;110.033;11.100
32;0;20;65.827;63.990
32;20;0;20.827;1.990
33;0;21;63.520;63.940
33;21;0;18.520;2.390
34;0;21;59.013;83.930
34;21;0;14.013;22.380
35;0;22;124.572;72.500
35;22;0;79.572;11.610
36;0;23;94.508;82.240
36;23;0;49.508;21.470
37;0;24;99.909;77.740
37;24;0;54.909;18.280
38;0;24;96.404;68.630
38;24;0;51.404;9.170
39;0;24;91.492;62.400
39;24;0;46.492;2.940
40;0;25;51.651;81.750
40;25;0;6.651;22.730
41;0;26;64.290;63.580
41;26;0;19.290;4.570
42;0;26;68.258;65.040
42;26;0;23.258;6.030
43;0;26;63.139;68.120
43;26;0;18.139;9.110
44;0;27;52.648;83.150
44;27;0;7.648;24.600
45;0;27;52.588;69.480
45;27;0;7.588;10.930
46;0;27;50.981;78.820
46;27;0;5.981;20.270
47;0;28;76.884;68.160
47;28;0;31.884;9.690
48;0;28;80.536;63.210
48;28;0;35.536;4.740
49;0;29;0.000;2.350
49;29;0;0.000;2.350
50;0;29;0.000;8.300
50;29;0;0.000;8.300
51;1;2;87.276;91.660
51;2;1;87.276;101.320
52;1;2;95.628;97.030
52;2;1;95.628;106.690
53;1;2;94.056;101.680
53;2;1;94.056;111.340
54;1;3;66.570;100.730
54;3;1;66.570;112.810
55;1;4;117.069;97.920
55;4;1;117.069;110.300
56;1;5;110.336;94.320
56;5;1;110.336;114.350
57;1;5;105.942;81.830
57;5;1;105.942;101.860
58;1;5;115.895;93.410
58;5;1;115.895;113.440
59;1;6;113.662;97.020
59;6;1;113.662;118.870
60;1;7;114.299;94.310
60;7;1;114.299;116.210
61;1;7;107.810;96.440
61;7;1;107.810;118.340
62;1;8;65.984;95.530
62;8;1;65.984;117.720
63;1;8;63.002;98.310
63;8;1;63.002;120.500
64;1;9;80.845;78.740
64;9;1;80.845;101.160
65;1;10;74.022;96.910
65;10;1;74.022;119.830
66;1;11;80.955;80.460
66;11;1;80.955;104.340
67;1;11;81.083;77.900
67;11;1;81.083;101.780
68;1;12;86.520;92.930
68;12;1;86.520;118.560
69;1;13;69.109;78.030
69;13;1;69.109;104.130
70;1;14;79.185;80.730
70;14;1;79.185;109.180
71;1;15;68.587;86.610
71;15;1;68.587;116.950
72;1;15;70.278;72.010
72;15;1;70.278;102.350
73;1;15;71.560;86.020
73;15;1;71.560;116.360
74;1;16;84.694;71.400
74;16;1;84.694;103.990
75;1;16;92.072;80.420
75;16;1;92.072;113.010
76;1;16;92.742;88.060
76;16;1;92.742;120.650
77;1;17;80.589;70.070
77;17;1;80.589;104.550
78;1;17;73.041;81.880
78;17;1;73.041;116.360
79;1;18;78.322;84.000
79;18;1;78.322;120.800
80;1;19;102.209;64.730
80;19;1;102.209;102.230
81;1;20;73.902;80.360
81;20;1;73.902;118.360
82;1;21;78.457;79.630
82;21;1;78.457;118.080
83;1;22;96.851;69.590
83;22;1;96.851;108.700
84;1;22;101.204;80.250
84;22;1;101.204;119.360
85;1;23;81.911;61.650
85;23;1;81.911;100.880
86;1;23;83.623;64.520
86;23;1;83.623;103.750
87;1;23;85.282;83.900
87;23;1;85.282;123.130
88;1;24;75.486;66.200
88;24;1;75.486;106.740
89;1;24;80.404;63.980
89;24;1;80.404;104.520
90;1;25;88.091;69.290
90;25;1;88.091;110.270
91;1;25;84.316;71.970
91;25;1;84.316;112.950
92;1;26;75.463;72.650
92;26;1;75.463;113.640
93;1;27;93.438;82.790
93;27;1;93.438;124.240
94;1;27;85.064;76.710
94;27;1;85.064;118.160
95;1;28;77.378;64.700
95;28;1;77.378;106.230
96;1;28;81.134;61.220
96;28;1;81.134;102.750
97;1;28;73.921;73.260
97;28;1;73.921;114.790
98;1;29;49.491;0.850
98;29;1;94.491;100.850
99;2;3;77.233;109.510
99;3;2;77.233;111.930
100;2;3;72.805;110.520
100;3;2;72.805;112.940
101;2;4;81.692;106.430
101;4;2;81.692;109.150
102;2;4;82.544;98.360
102;4;2;82.544;101.080
103;2;4;77.819;108.140
103;4;2;77.819;110.860
104;2;5;76.730;81.490
104;5;2;76.730;91.860
105;2;6;72.272;102.580
105;6;2;72.272;114.770
106;2;6;67.395;101.120
106;6;2;67.395;113.310
107;2;6;69.633;83.600
107;6;2;69.633;95.790
108;2;7;83.904;102.460
108;7;2;83.904;114.700
109;2;7;90.863;96.630
109;7;2;90.863;108.870
110;2;7;89.871;92.500
110;7;2;89.871;104.740
111;2;8;69.444;98.900
111;8;2;69.444;111.430
112;2;8;65.825;94.330
112;8;2;65.825;106.860
113;2;8;70.725;86.020
113;8;2;70.725;98.550
114;2;9;53.547;83.590
114;9;2;53.547;96.350
115;2;9;54.425;96.090
115;9;2;54.425;108.850
116;2;10;68.885;82.070
116;10;2;68.885;95.330
117;2;10;63.267;96.470
117;10;2;63.267;109.730
118;2;11;81.967;88.510
118;11;2;81.967;102.730
119;2;11;87.671;77.940
119;11;2;87.671;92.160
120;2;12;60.381;74.580
120;12;2;60.381;90.550
121;2;13;67.457;83.110
121;13;2;67.457;99.550
122;2;14;111.918;92.560
122;14;2;111.918;111.350
123;2;14;105.201;93.820
123;14;2;105.201;112.610
124;2;15;70.001;91.390
124;15;2;70.001;112.070
125;2;15;64.461;86.500
125;15;2;64.461;107.180
126;2;15;74.351;93.490
126;15;2;74.351;114.170
127;2;16;50.626;70.680
127;16;2;50.626;93.610
128;2;17;57.678;65.770
128;17;2;57.678;90.590
129;2;18;54.733;80.170
129;18;2;54.733;107.310
130;2;18;56.432;76.230
130;18;2;56.432;103.370
131;2;19;134.874;67.430
131;19;2;134.874;95.270
132;2;19;127.163;83.930
132;19;2;127.163;111.770
133;2;19;124.167;77.490
133;19;2;124.167;105.330
134;2;20;59.887;64.700
134;20;2;59.887;93.040
135;2;21;54.975;80.460
135;21;2;54.975;109.250
136;2;21;54.476;83.970
136;21;2;54.476;112.760
137;2;21;55.952;77.520
137;21;2;55.952;106.310
138;2;22;116.038;62.540
138;22;2;116.038;91.990
139;2;23;92.906;71.580
139;23;2;92.906;101.150
140;2;23;98.723;79.500
140;23;2;98.723;109.070
141;2;24;96.710;83.920
141;24;2;96.710;114.800
142;2;24;96.362;74.520
142;24;2;96.362;105.400
143;2;24;95.863;71.080
143;24;2;95.863;101.960
144;2;25;51.171;64.150
144;25;2;51.171;95.470
145;2;25;50.395;69.890
145;25;2;50.395;101.210
146;2;25;50.937;72.640
146;25;2;50.937;103.960
147;2;26;56.840;79.820
147;26;2;56.840;111.150
148;2;27;51.574;68.600
148;27;2;51.574;100.390
149;2;27;51.448;73.790
149;27;2;51.448;105.580
150;2;28;68.397;69.490
150;28;2;68.397;101.360
151;2;28;68.379;67.690
151;28;2;68.379;99.560
152;2;28;71.022;72.680
152;28;2;71.022;104.550
153;2;29;8.647;3.040
153;29;2;53.647;93.380
154;2;29;7.669;2.570
154;29;2;52.669;92.910
155;3;4;98.504;112.240
155;4;3;98.504;112.540
156;3;4;94.172;104.220
156;4;3;94.172;104.520
157;3;4;111.718;92.960
157;4;3;111.718;93.260
158;3;5;91.542;91.540
158;5;3;91.542;99.490
159;3;5;88.160;94.090
159;5;3;88.160;102.040
160;3;6;99.245;92.920
160;6;3;99.245;102.690
161;3;6;93.310;101.320
161;6;3;93.310;111.090
162;3;7;94.291;98.700
162;7;3;94.291;108.520
163;3;7;104.002;91.360
163;7;3;104.002;101.180
164;3;7;105.729;78.670
164;7;3;105.729;88.490
165;3;8;54.238;80.700
165;8;3;54.238;90.810
166;3;8;56.258;86.490
166;8;3;56.258;96.600
167;3;8;52.983;77.860
167;8;3;52.983;87.970
168;3;9;74.973;92.420
168;9;3;74.973;102.760
169;3;9;81.876;79.960
169;9;3;81.876;90.300
170;3;9;72.068;93.740
170;9;3;72.068;104.080
171;3;10;78.419;87.930
171;10;3;78.419;98.770
172;3;10;77.498;92.120
172;10;3;77.498;102.960
173;3;10;81.675;81.840
173;10;3;81.675;92.680
174;3;11;91.181;87.660
174;11;3;91.181;99.460
175;3;11;94.999;84.680
175;11;3;94.999;96.480
176;3;11;84.618;85.160
176;11;3;84.618;96.960
177;3;12;84.488;88.860
177;12;3;84.488;102.410
178;3;12;90.868;91.450
178;12;3;90.868;105.000
179;3;12;88.458;97.830
179;12;3;88.458;111.380
180;3;13;54.975;93.780
180;13;3;54.975;107.800
181;3;13;56.304;90.920
181;13;3;56.304;104.940
182;3;13;52.608;89.690
182;13;3;52.608;103.710
183;3;14;79.854;83.790
183;14;3;79.854;100.160
184;3;14;71.929;84.140
184;14;3;71.929;100.510
185;3;15;52.264;87.470
185;15;3;52.264;105.730
186;3;15;52.239;70.610
186;15;3;52.239;88.870
187;3;16;72.463;72.320
187;16;3;72.463;92.830
188;3;17;77.631;72.210
188;17;3;77.631;94.610
189;3;17;75.386;80.690
189;17;3;75.386;103.090
190;3;18;72.071;70.590
190;18;3;72.071;95.310
191;3;18;77.399;74.960
191;18;3;77.399;99.680
192;3;18;75.405;64.330
192;18;3;75.405;89.050
193;3;19;102.641;68.720
193;19;3;102.641;94.140
194;3;20;62.667;73.140
194;20;3;62.667;99.060
195;3;21;72.657;86.320
195;21;3;72.657;112.690
196;3;21;68.745;70.380
196;21;3;68.745;96.750
197;3;22;115.732;73.080
197;22;3;115.732;100.110
198;3;22;121.088;66.250
198;22;3;121.088;93.280
199;3;23;64.858;83.090
199;23;3;64.858;110.240
200;3;23;61.919;70.900
200;23;3;61.919;98.050
201;3;24;64.964;78.100
201;24;3;64.964;106.560
202;3;24;63.796;70.810
202;24;3;63.796;99.270
203;3;25;74.991;59.850
203;25;3;74.991;88.750
204;3;25;73.128;81.710
204;25;3;73.128;110.610
205;3;26;67.291;62.270
205;26;3;67.291;91.180
206;3;26;63.806;81.520
206;26;3;63.806;110.430
207;3;26;62.177;65.510
207;26;3;62.177;94.420
208;3;27;83.752;80.780
208;27;3;83.752;110.150
209;3;27;78.884;66.360
209;27;3;78.884;95.730
210;3;28;81.182;59.460
210;28;3;81.182;88.910
211;3;28;75.106;62.730
211;28;3;75.106;92.180
212;3;29;36.549;11.690
212;29;3;81.549;99.610
213;3;29;35.757;6.900
213;29;3;80.757;94.820
214;4;5;51.988;92.770
214;5;4;51.988;100.420
215;4;5;51.202;102.890
215;5;4;51.202;110.540
216;4;5;53.727;97.480
216;5;4;53.727;105.130
217;4;6;63.721;90.190
217;6;4;63.721;99.660
218;4;6;64.476;93.200
218;6;4;64.476;102.670
219;4;6;66.178;88.990
219;6;4;66.178;98.460
220;4;7;54.760;79.770
220;7;4;54.760;89.290
221;4;8;96.088;85.510
221;8;4;96.088;95.320
222;4;9;90.108;90.500
222;9;4;90.108;100.540
223;4;9;88.446;81.790
223;9;4;88.446;91.830
224;4;10;105.469;85.960
224;10;4;105.469;96.500
225;4;10;97.246;81.340
225;10;4;97.246;91.880
226;4;11;118.587;85.380
226;11;4;118.587;96.880
227;4;12;95.763;98.210
227;12;4;95.763;111.460
228;4;12;106.583;79.320
228;12;4;106.583;92.570
229;4;13;92.972;86.740
229;13;4;92.972;100.460
230;4;13;88.193;76.530
230;13;4;88.193;90.250
231;4;13;97.782;88.300
231;13;4;97.782;102.020
232;4;14;129.661;82.080
232;14;4;129.661;98.150
233;4;15;93.832;81.930
233;15;4;93.832;99.890
234;4;16;80.398;89.800
234;16;4;80.398;110.010
235;4;17;94.364;85.150
235;17;4;94.364;107.250
236;4;17;99.925;75.040
236;17;4;99.925;97.140
237;4;17;96.623;88.160
237;17;4;96.623;110.260
238;4;18;90.512;87.750
238;18;4;90.512;112.170
239;4;18;101.834;85.260
239;18;4;101.834;109.680
240;4;18;100.157;83.510
240;18;4;100.157;107.930
241;4;19;148.777;74.100
241;19;4;148.777;99.220
242;4;19;142.583;67.180
242;19;4;142.583;92.300
243;4;20;89.149;76.750
243;20;4;89.149;102.370
244;4;20;92.677;62.530
244;20;4;92.677;88.150
245;4;21;90.992;81.740
245;21;4;90.992;107.810
246;4;22;152.715;63.560
246;22;4;152.715;90.290
247;4;23;102.108;65.160
247;23;4;102.108;92.010
248;4;23;90.441;81.370
248;23;4;90.441;108.220
249;4;23;103.204;63.440
249;23;4;103.204;90.290
250;4;24;111.208;75.990
250;24;4;111.208;104.150
251;4;24;105.492;74.540
251;24;4;105.492;102.700
252;4;24;107.588;60.040
252;24;4;107.588;88.200
253;4;25;77.067;59.730
253;25;4;77.067;88.330
254;4;26;89.999;68.530
254;26;4;89.999;97.140
255;4;27;80.025;79.160
255;27;4;80.025;108.230
256;4;28;105.087;69.280
256;28;4;105.087;98.430
257;4;28;115.776;61.120
257;28;4;115.776;90.270
258;4;28;104.821;73.540
258;28;4;104.821;102.690
259;4;29;28.285;21.240
259;29;4;73.285;108.860
260;4;29;35.130;16.760
260;29;4;80.130;104.380
261;5;6;64.619;86.950
261;6;5;64.619;88.770
262;5;7;53.115;99.720
262;7;5;53.115;101.590
263;5;8;89.354;89.150
263;8;5;89.354;91.310
264;5;8;97.872;85.210
264;8;5;97.872;87.370
265;5;8;97.560;87.640
265;8;5;97.560;89.800
266;5;9;84.892;96.490
266;9;5;84.892;98.880
267;5;9;79.893;86.770
267;9;5;79.893;89.160
268;5;9;75.927;91.120
268;9;5;75.927;93.510
269;5;10;100.131;100.950
269;10;5;100.131;103.840
270;5;10;112.617;81.170
270;10;5;112.617;84.060
271;5;10;104.154;101.430
271;10;5;104.154;104.320
272;5;11;113.670;80.180
272;11;5;113.670;84.030
273;5;11;123.520;86.940
273;11;5;123.520;90.790
274;5;11;118.036;91.090
274;11;5;118.036;94.940
275;5;12;91.481;96.150
275;12;5;91.481;101.750
276;5;12;100.213;77.160
276;12;5;100.213;82.760
277;5;12;94.260;92.930
277;12;5;94.260;98.530
278;5;13;86.226;92.180
278;13;5;86.226;98.250
279;5;14;122.761;71.820
279;14;5;122.761;80.240
280;5;14;117.193;74.430
280;14;5;117.193;82.850
281;5;15;86.989;79.950
281;15;5;86.989;90.260
282;5;15;95.312;80.450
282;15;5;95.312;90.760
283;5;15;85.986;83.360
283;15;5;85.986;93.670
284;5;16;74.708;70.400
284;16;5;74.708;82.960
285;5;17;89.356;69.180
285;17;5;89.356;83.630
286;5;17;86.506;79.900
286;17;5;86.506;94.350
287;5;17;80.998;85.940
287;17;5;80.998;100.390
288;5;18;84.989;87.780
288;18;5;84.989;104.550
289;5;18;79.533;87.310
289;18;5;79.533;104.080
290;5;19;142.123;85.480
290;19;5;142.123;102.950
291;5;19;142.104;78.380
291;19;5;142.104;95.850
292;5;19;160.464;62.510
292;19;5;160.464;79.980
293;5;20;82.779;69.600
293;20;5;82.779;87.570
294;5;20;74.046;81.590
294;20;5;74.046;99.560
295;5;21;85.525;68.260
295;21;5;85.525;86.680
296;5;22;147.414;81.580
296;22;5;147.414;100.660
297;5;22;161.886;60.920
297;22;5;161.886;80.000
298;5;22;162.651;71.480
298;22;5;162.651;90.560
299;5;23;95.417;79.610
299;23;5;95.417;98.810
300;5;23;98.482;73.640
300;23;5;98.482;92.840
301;5;23;104.959;69.070
301;23;5;104.959;88.270
302;5;24;104.345;60.710
302;24;5;104.345;81.220
303;5;24;94.397;67.790
303;24;5;94.397;88.300
304;5;24;99.726;61.800
304;24;5;99.726;82.310
305;5;25;71.558;71.970
305;25;5;71.558;92.920
306;5;25;69.789;78.860
306;25;5;69.789;99.810
307;5;26;84.024;72.520
307;26;5;84.024;93.480
308;5;27;76.099;60.510
308;27;5;76.099;81.930
309;5;27;81.498;67.000
309;27;5;81.498;88.420
310;5;28;100.020;66.280
310;28;5;100.020;87.780
311;5;29;23.796;22.810
311;29;5;68.796;102.780
312;5;29;23.416;0.440
312;29;5;68.416;80.410
313;5;29;21.641;17.470
313;29;5;66.641;97.440
314;6;7;72.076;79.870
314;7;6;72.076;79.920
315;6;7;66.222;92.480
315;7;6;66.222;92.530
316;6;8;93.824;90.490
316;8;6;93.824;90.830
317;6;9;80.483;79.350
317;9;6;80.483;79.920
318;6;9;88.408;94.920
318;9;6;88.408;95.490
319;6;10;95.168;86.100
319;10;6;95.168;87.170
320;6;10;85.637;81.120
320;10;6;85.637;82.190
321;6;11;106.384;85.050
321;11;6;106.384;87.080
322;6;12;82.763;86.370
322;12;6;82.763;90.150
323;6;12;83.748;91.380
323;12;6;83.748;95.160
324;6;13;91.063;88.780
324;13;6;91.063;93.030
325;6;14;133.461;79.980
325;14;6;133.461;86.580
326;6;14;113.509;77.550
326;14;6;113.509;84.150
327;6;15;92.882;71.580
327;15;6;92.882;80.070
328;6;15;85.257;85.500
328;15;6;85.257;93.990
329;6;16;73.971;79.990
329;16;6;73.971;90.730
330;6;16;75.126;80.500
330;16;6;75.126;91.240
331;6;17;83.631;69.360
331;17;6;83.631;81.990
332;6;17;75.944;74.940
332;17;6;75.944;87.570
333;6;17;85.585;85.350
333;17;6;85.585;97.980
334;6;18;82.002;86.900
334;18;6;82.002;101.850
335;6;19;154.833;75.560
335;19;6;154.833;91.210
336;6;19;154.578;63.810
336;19;6;154.578;79.460
337;6;20;84.848;69.280
337;20;6;84.848;85.430
338;6;21;82.210;63.750
338;21;6;82.210;80.350
339;6;22;141.041;64.850
339;22;6;141.041;82.110
340;6;23;108.856;63.750
340;23;6;108.856;81.130
341;6;23;118.069;62.410
341;23;6;118.069;79.790
342;6;24;115.996;61.920
342;24;6;115.996;80.610
343;6;25;70.585;69.510
343;25;6;70.585;88.640
344;6;25;74.035;65.470
344;25;6;74.035;84.600
345;6;25;76.545;63.120
345;25;6;76.545;82.250
346;6;26;83.502;77.440
346;26;6;83.502;96.580
347;6;26;78.076;71.070
347;26;6;78.076;90.210
348;6;27;67.692;78.960
348;27;6;67.692;98.560
349;6;28;93.874;61.660
349;28;6;93.874;81.340
350;6;29;19.222;2.480
350;29;6;64.222;80.630
351;6;29;21.936;10.900
351;29;6;66.936;89.050
352;7;8;93.521;79.540
352;8;7;93.521;79.830
353;7;9;91.758;91.310
353;9;7;91.758;91.830
354;7;9;92.086;81.620
354;9;7;92.086;82.140
355;7;10;106.754;83.420
355;10;7;106.754;84.440
356;7;10;107.853;98.350
356;10;7;107.853;99.370
357;7;10;106.803;90.220
357;10;7;106.803;91.240
358;7;11;120.617;87.540
358;11;7;120.617;89.520
359;7;12;98.965;75.920
359;12;7;98.965;79.650
360;7;12;105.240;81.120
360;12;7;105.240;84.850
361;7;12;111.972;77.930
361;12;7;111.972;81.660
362;7;13;90.399;89.700
362;13;7;90.399;93.900
363;7;13;96.297;82.600
363;13;7;96.297;86.800
364;7;14;123.233;74.630
364;14;7;123.233;81.180
365;7;14;135.798;95.260
365;14;7;135.798;101.810
366;7;15;90.714;74.010
366;15;7;90.714;82.450
367;7;16;81.232;81.830
367;16;7;81.232;92.520
368;7;17;96.362;77.670
368;17;7;96.362;90.250
369;7;18;91.546;76.860
369;18;7;91.546;91.760
370;7;18;87.713;81.630
370;18;7;87.713;96.530
371;7;18;97.450;79.920
371;18;7;97.450;94.820
372;7;19;141.250;72.480
372;19;7;141.250;88.080
373;7;19;124.302;85.530
373;19;7;124.302;101.130
374;7;19;141.003;75.020
374;19;7;141.003;90.620
375;7;20;88.076;84.680
375;20;7;88.076;100.780
376;7;20;81.197;74.440
376;20;7;81.197;90.540
377;7;20;89.942;65.820
377;20;7;89.942;81.920
378;7;21;92.138;67.530
378;21;7;92.138;84.080
379;7;22;153.905;82.240
379;22;7;153.905;99.450
380;7;22;176.755;84.930
380;22;7;176.755;102.140
381;7;23;94.934;75.090
381;23;7;94.934;92.420
382;7;23;103.767;64.820
382;23;7;103.767;82.150
383;7;23;95.673;74.730
383;23;7;95.673;92.060
384;7;24;104.672;63.700
384;24;7;104.672;82.340
385;7;24;103.013;70.430
385;24;7;103.013;89.070
386;7;24;106.936;75.000
386;24;7;106.936;93.640
387;7;25;78.346;65.260
387;25;7;78.346;84.340
388;7;25;72.705;71.130
388;25;7;72.705;90.210
389;7;25;71.705;65.710
389;25;7;71.705;84.790
390;7;26;90.011;60.580
390;26;7;90.011;79.670
391;7;26;99.823;81.290
391;26;7;99.823;100.380
392;7;27;83.857;60.070
392;27;7;83.857;79.620
393;7;27;76.615;58.640
393;27;7;76.615;78.190
394;7;28;106.902;61.750
394;28;7;106.902;81.380
395;7;29;31.387;14.990
395;29;7;76.387;93.090
396;7;29;38.794;5.230
396;29;7;83.794;83.330
397;7;29;28.672;14.630
397;29;7;73.672;92.730
398;8;9;66.053;100.260
398;9;8;66.053;100.490
399;8;10;69.601;79.490
399;10;8;69.601;80.220
400;8;11;82.998;80.970
400;11;8;82.998;82.660
401;8;11;78.129;98.000
401;11;8;78.129;99.690
402;8;12;75.314;89.010
402;12;8;75.314;92.450
403;8;13;48.134;74.530
403;13;8;48.134;78.440
404;8;13;48.624;93.220
404;13;8;48.624;97.130
405;8;14;87.679;88.900
405;14;8;87.679;95.160
406;8;14;86.814;86.000
406;14;8;86.814;92.260
407;8;15;48.827;85.830
407;15;8;48.827;93.980
408;8;16;65.413;72.490
408;16;8;65.413;82.890
409;8;16;70.183;70.930
409;16;8;70.183;81.330
410;8;17;68.447;81.700
410;17;8;68.447;93.990
411;8;17;68.533;66.010
411;17;8;68.533;78.300
412;8;17;73.021;77.940
412;17;8;73.021;90.230
413;8;18;63.125;83.210
413;18;8;63.125;97.820
414;8;19;110.940;75.440
414;19;8;110.940;90.750
415;8;19;106.556;64.360
415;19;8;106.556;79.670
416;8;20;54.569;62.150
416;20;8;54.569;77.960
417;8;20;54.938;85.000
417;20;8;54.938;100.810
418;8;20;53.777;86.630
418;20;8;53.777;102.440
419;8;21;63.660;77.840
419;21;8;63.660;94.100
420;8;22;110.123;64.840
420;22;8;110.123;81.760
421;8;22;109.447;77.150
421;22;8;109.447;94.070
422;8;22;119.514;82.690
422;22;8;119.514;99.610
423;8;23;73.717;82.310
423;23;8;73.717;99.350
424;8;23;68.810;65.880
424;23;8;68.810;82.920
425;8;23;73.564;82.580
425;23;8;73.564;99.620
426;8;24;74.071;75.960
426;24;8;74.071;94.310
427;8;24;74.465;73.710
427;24;8;74.465;92.060
428;8;24;81.023;61.690
428;24;8;81.023;80.040
429;8;25;68.466;74.900
429;25;8;68.466;93.690
430;8;25;70.766;80.720
430;25;8;70.766;99.510
431;8;26;58.515;61.690
431;26;8;58.515;80.490
432;8;26;57.486;61.400
432;26;8;57.486;80.200
433;8;26;59.183;63.200
433;26;8;59.183;82.000
434;8;27;76.014;60.940
434;27;8;76.014;80.200
435;8;28;72.199;64.660
435;28;8;72.199;84.000
436;8;28;69.563;80.950
436;28;8;69.563;100.290
437;8;29;30.107;22.560
437;29;8;75.107;100.370
438;9;10;60.372;81.950
438;10;9;60.372;82.450
439;9;10;62.797;81.740
439;10;9;62.797;82.240
440;9;11;73.859;91.290
440;11;9;73.859;92.750
441;9;11;70.769;85.000
441;11;9;70.769;86.460
442;9;11;77.920;89.380
442;11;9;77.920;90.840
443;9;12;55.323;79.200
443;12;9;55.323;82.410
444;9;13;65.072;81.120
444;13;9;65.072;84.800
445;9;13;68.536;75.760
445;13;9;68.536;79.440
446;9;14;108.490;76.030
446;14;9;108.490;82.060
447;9;14;111.225;93.590
447;14;9;111.225;99.620
448;9;14;123.234;84.020
448;14;9;123.234;90.050
449;9;15;67.870;73.840
449;15;9;67.870;81.760
450;9;15;62.279;70.760
450;15;9;62.279;78.680
451;9;15;64.705;93.800
451;15;9;64.705;101.720
452;9;16;55.748;68.920
452;16;9;55.748;79.090
453;9;16;55.771;75.050
453;16;9;55.771;85.220
454;9;16;57.901;78.150
454;16;9;57.901;88.320
455;9;17;49.784;68.280
455;17;9;49.784;80.340
456;9;18;47.930;76.170
456;18;9;47.930;90.550
457;9;18;47.787;84.900
457;18;9;47.787;99.280
458;9;19;131.899;68.170
458;19;9;131.899;83.250
459;9;20;57.704;85.870
459;20;9;57.704;101.450
460;9;20;60.707;86.120
460;20;9;60.707;101.700
461;9;20;58.029;81.600
461;20;9;58.029;97.180
462;9;21;47.493;75.550
462;21;9;47.493;91.580
463;9;22;107.614;82.230
463;22;9;107.614;98.920
464;9;22;97.715;71.600
464;22;9;97.715;88.290
465;9;22;92.154;81.400
465;22;9;92.154;98.090
466;9;23;92.930;72.050
466;23;9;92.930;88.860
467;9;23;84.996;70.860
467;23;9;84.996;87.670
468;9;23;96.795;82.130
468;23;9;96.795;98.940
469;9;24;94.936;60.520
469;24;9;94.936;78.640
470;9;24;106.475;75.750
470;24;9;106.475;93.870
471;9;24;91.664;73.180
471;24;9;91.664;91.300
472;9;25;58.413;80.690
472;25;9;58.413;99.250
473;9;26;52.711;67.090
473;26;9;52.711;85.660
474;9;26;53.490;67.190
474;26;9;53.490;85.760
475;9;26;53.664;68.240
475;26;9;53.664;86.810
476;9;27;58.189;78.220
476;27;9;58.189;97.250
477;9;27;58.853;62.900
477;27;9;58.853;81.930
478;9;28;60.151;76.500
478;28;9;60.151;95.610
479;9;28;58.455;73.600
479;28;9;58.455;92.710
480;9;29;17.194;15.050
480;29;9;62.194;92.630
481;9;29;16.408;14.430
481;29;9;61.408;92.010
482;10;11;59.501;77.550
482;11;10;59.501;78.510
483;10;11;57.462;84.010
483;11;10;57.462;84.970
484;10;12;59.400;95.770
484;12;10;59.400;98.480
485;10;12;61.701;82.410
485;12;10;61.701;85.120
486;10;13;70.644;87.650
486;13;10;70.644;90.830
487;10;13;74.596;87.040
487;13;10;74.596;90.220
488;10;13;74.962;87.270
488;13;10;74.962;90.450
489;10;14;106.687;80.390
489;14;10;106.687;85.920
490;10;15;73.044;74.120
490;15;10;73.044;81.540
491;10;16;70.526;81.170
491;16;10;70.526;90.840
492;10;16;64.338;81.760
492;16;10;64.338;91.430
493;10;16;64.832;84.810
493;16;10;64.832;94.480
494;10;17;56.546;73.220
494;17;10;56.546;84.780
495;10;17;55.749;74.750
495;17;10;55.749;86.310
496;10;18;60.208;76.010
496;18;10;60.208;89.890
497;10;18;59.679;65.880
497;18;10;59.679;79.760
498;10;19;130.235;83.420
498;19;10;130.235;98.000
499;10;19;135.448;72.420
499;19;10;135.448;87.000
500;10;20;66.551;86.190
500;20;10;66.551;101.270
501;10;20;70.409;68.730
501;20;10;70.409;83.810
502;10;20;63.149;81.930
502;20;10;63.149;97.010
503;10;21;59.627;63.730
503;21;10;59.627;79.260
504;10;21;61.248;79.640
504;21;10;61.248;95.170
505;10;22;92.290;61.020
505;22;10;92.290;77.210
506;10;22;91.747;79.170
506;22;10;91.747;95.360
507;10;23;98.228;84.340
507;23;10;98.228;100.650
508;10;23;97.877;71.820
508;23;10;97.877;88.130
509;10;23;96.400;72.480
509;23;10;96.400;88.790
510;10;24;97.053;77.030
510;24;10;97.053;94.650
511;10;24;103.352;74.960
511;24;10;103.352;92.580
512;10;25;73.573;67.950
512;25;10;73.573;86.010
513;10;25;70.464;78.250
513;25;10;70.464;96.310
514;10;26;62.568;59.030
514;26;10;62.568;77.100
515;10;26;65.132;75.410
515;26;10;65.132;93.480
516;10;27;72.476;60.280
516;27;10;72.476;78.810
517;10;27;76.770;70.290
517;27;10;76.770;88.820
518;10;27;75.250;71.150
518;27;10;75.250;89.680
519;10;28;48.361;66.270
519;28;10;48.361;84.880
520;10;29;32.509;2.600
520;29;10;77.509;79.680
521;10;29;36.928;23.490
521;29;10;81.928;100.570
522;11;12;68.621;78.810
522;12;11;68.621;80.560
523;11;12;65.640;92.510
523;12;11;65.640;94.260
524;11;13;84.493;86.450
524;13;11;84.493;88.670
525;11;13;84.516;93.260
525;13;11;84.516;95.480
526;11;13;80.057;90.800
526;13;11;80.057;93.020
527;11;14;115.123;95.860
527;14;11;115.123;100.430
528;11;14;101.393;80.640
528;14;11;101.393;85.210
529;11;15;86.666;82.300
529;15;11;86.666;88.760
530;11;15;84.970;89.130
530;15;11;84.970;95.590
531;11;15;79.327;91.400
531;15;11;79.327;97.860
532;11;16;84.479;89.370
532;16;11;84.479;98.080
533;11;17;69.314;88.620
533;17;11;69.314;99.220
534;11;17;65.288;74.910
534;17;11;65.288;85.510
535;11;18;74.303;67.600
535;18;11;74.303;80.520
536;11;19;138.102;81.960
536;19;11;138.102;95.580
537;11;19;144.645;80.120
537;19;11;144.645;93.740
538;11;20;81.011;81.160
538;20;11;81.011;95.280
539;11;21;73.647;75.030
539;21;11;73.647;89.600
540;11;21;79.077;78.480
540;21;11;79.077;93.050
541;11;21;71.780;78.870
541;21;11;71.780;93.440
542;11;22;79.657;82.720
542;22;11;79.657;97.950
543;11;22;80.982;66.950
543;22;11;80.982;82.180
544;11;23;110.986;75.640
544;23;11;110.986;90.990
545;11;23;120.460;81.250
545;23;11;120.460;96.600
546;11;24;108.342;75.720
546;24;11;108.342;92.380
547;11;24;94.286;68.000
547;24;11;94.286;84.660
548;11;25;87.272;78.630
548;25;11;87.272;95.730
549;11;26;77.050;59.080
549;26;11;77.050;76.190
550;11;26;75.733;59.930
550;26;11;75.733;77.040
551;11;26;73.237;81.660
551;26;11;73.237;98.770
552;11;27;84.149;65.890
552;27;11;84.149;83.460
553;11;27;81.076;83.210
553;27;11;81.076;100.780
554;11;28;58.725;62.860
554;28;11;58.725;80.510
555;11;29;45.309;17.220
555;29;11;90.309;93.340
556;12;13;74.821;85.780
556;13;12;74.821;86.250
557;12;14;116.810;86.530
557;14;12;116.810;89.350
558;12;14;126.949;90.650
558;14;12;126.949;93.470
559;12;15;77.620;77.810
559;15;12;77.620;82.520
560;12;15;75.438;71.300
560;15;12;75.438;76.010
561;12;16;64.811;71.300
561;16;12;64.811;78.260
562;12;17;51.869;76.040
562;17;12;51.869;84.890
563;12;18;57.858;75.830
563;18;12;57.858;87.000
564;12;19;140.389;79.680
564;19;12;140.389;91.550
565;12;20;67.821;63.420
565;20;12;67.821;75.790
566;12;20;70.169;84.850
566;20;12;70.169;97.220
567;12;20;66.494;86.390
567;20;12;66.494;98.760
568;12;21;57.156;66.340
568;21;12;57.156;79.160
569;12;21;56.245;78.320
569;21;12;56.245;91.140
570;12;21;60.086;76.260
570;21;12;60.086;89.080
571;12;22;103.279;71.790
571;22;12;103.279;85.270
572;12;22;107.496;72.150
572;22;12;107.496;85.630
573;12;22;116.963;69.130
573;22;12;116.963;82.610
574;12;23;103.016;72.310
574;23;12;103.016;85.910
575;12;23;102.582;83.690
575;23;12;102.582;97.290
576;12;24;104.384;66.700
576;24;12;104.384;81.610
577;12;25;66.487;81.700
577;25;12;66.487;97.050
578;12;25;65.225;63.320
578;25;12;65.225;78.670
579;12;25;65.471;78.620
579;25;12;65.471;93.970
580;12;26;62.705;70.990
580;26;12;62.705;86.350
581;12;27;60.801;61.430
581;27;12;60.801;77.250
582;12;27;58.301;75.750
582;27;12;58.301;91.570
583;12;28;57.000;60.680
583;28;12;57.000;76.580
584;12;29;22.688;7.610
584;29;12;67.688;81.980
585;12;29;22.283;7.640
585;29;12;67.283;82.010
586;12;29;20.899;2.780
586;29;12;65.899;77.150
587;13;14;89.461;78.480
587;14;13;89.461;80.830
588;13;14;88.631;82.640
588;14;13;88.631;84.990
589;13;14;82.271;86.940
589;14;13;82.271;89.290
590;13;15;47.805;74.470
590;15;13;47.805;78.710
591;13;15;47.195;71.850
591;15;13;47.195;76.090
592;13;15;48.448;91.210
592;15;13;48.448;95.450
593;13;16;63.034;85.870
593;16;13;63.034;92.360
594;13;16;61.296;73.300
594;16;13;61.296;79.790
595;13;16;58.770;75.630
595;16;13;58.770;82.120
596;13;17;68.020;89.200
596;17;13;68.020;97.580
597;13;17;70.050;71.630
597;17;13;70.050;80.010
598;13;18;62.198;82.350
598;18;13;62.198;93.050
599;13;18;62.280;65.390
599;18;13;62.280;76.090
600;13;18;62.671;69.550
600;18;13;62.671;80.250
601;13;19;112.493;79.230
601;19;13;112.493;90.630
602;13;19;110.733;71.710
602;19;13;110.733;83.110
603;13;19;105.017;68.130
603;19;13;105.017;79.530
604;13;20;52.708;70.670
604;20;13;52.708;82.570
605;13;20;53.796;85.520
605;20;13;53.796;97.420
606;13;20;51.212;71.920
606;20;13;51.212;83.820
607;13;21;62.815;75.320
607;21;13;62.815;87.670
608;13;21;58.864;61.770
608;21;13;58.864;74.120
609;13;21;59.884;65.280
609;21;13;59.884;77.630
610;13;22;112.603;77.020
610;22;13;112.603;90.030
611;13;22;110.522;76.540
611;22;13;110.522;89.550
612;13;22;115.758;69.410
612;22;13;115.758;82.420
613;13;23;73.380;71.910
613;23;13;73.380;85.040
614;13;23;68.068;69.320
614;23;13;68.068;82.450
615;13;24;74.895;81.680
615;24;13;74.895;96.120
616;13;24;71.845;62.450
616;24;13;71.845;76.890
617;13;24;76.945;62.180
617;24;13;76.945;76.620
618;13;25;65.912;64.940
618;25;13;65.912;79.820
619;13;25;65.104;74.940
619;25;13;65.104;89.820
620;13;26;57.365;62.110
620;26;13;57.365;77.000
621;13;27;74.019;81.410
621;27;13;74.019;96.760
622;13;27;70.082;77.650
622;27;13;70.082;93.000
623;13;28;72.982;67.990
623;28;13;72.982;83.420
624;13;28;78.097;59.910
624;28;13;78.097;75.340
625;13;28;73.718;68.610
625;28;13;73.718;84.040
626;13;29;27.562;5.880
626;29;13;72.562;79.780
627;14;15;86.967;76.240
627;15;14;86.967;78.130
628;14;16;107.303;70.170
628;16;14;107.303;74.310
629;14;16;114.623;89.790
629;16;14;114.623;93.930
630;14;17;110.084;86.490
630;17;14;110.084;92.520
631;14;17;124.650;66.220
631;17;14;124.650;72.250
632;14;17;104.565;74.880
632;17;14;104.565;80.910
633;14;18;105.572;67.800
633;18;14;105.572;76.150
634;14;18;105.640;71.470
634;18;14;105.640;79.820
635;14;19;68.616;78.500
635;19;14;68.616;87.550
636;14;19;63.114;63.320
636;19;14;63.114;72.370
637;14;20;97.091;68.460
637;20;14;97.091;78.010
638;14;21;106.024;75.110
638;21;14;106.024;85.110
639;14;21;115.982;63.740
639;21;14;115.982;73.740
640;14;21;112.256;80.090
640;21;14;112.256;90.090
641;14;22;126.254;64.150
641;22;14;126.254;74.810
642;14;23;73.838;72.500
642;23;14;73.838;83.280
643;14;23;66.896;75.750
643;23;14;66.896;86.530
644;14;23;77.959;64.470
644;23;14;77.959;75.250
645;14;24;63.562;73.080
645;24;14;63.562;85.170
646;14;25;109.830;72.500
646;25;14;109.830;85.030
647;14;25;108.807;76.740
647;25;14;108.807;89.270
648;14;25;99.183;65.550
648;25;14;99.183;78.080
649;14;26;101.153;74.950
649;26;14;101.153;87.490
650;14;27;118.478;72.710
650;27;14;118.478;85.710
651;14;27;100.430;74.240
651;27;14;100.430;87.240
652;14;27;112.277;61.820
652;27;14;112.277;74.820
653;14;28;109.996;61.120
653;28;14;109.996;74.200
654;14;28;123.165;62.390
654;28;14;123.165;75.470
655;14;29;71.350;10.700
655;29;14;116.350;82.250
656;14;29;78.491;15.800
656;29;14;123.491;87.350
657;15;16;65.363;68.140
657;16;15;65.363;70.390
658;15;17;70.811;88.890
658;17;15;70.811;93.030
659;15;18;65.000;85.180
659;18;15;65.000;91.640
660;15;18;63.561;74.790
660;18;15;63.561;81.250
661;15;19;109.881;76.940
661;19;15;109.881;84.100
662;15;19;101.655;82.640
662;19;15;101.655;89.800
663;15;20;55.416;68.850
663;20;15;55.416;76.510
664;15;20;55.564;74.920
664;20;15;55.564;82.580
665;15;21;65.620;68.250
665;21;15;65.620;76.360
666;15;22;113.917;61.860
666;22;15;113.917;70.630
667;15;22;96.928;84.910
667;22;15;96.928;93.680
668;15;23;70.655;64.120
668;23;15;70.655;73.010
669;15;23;65.060;62.620
669;23;15;65.060;71.510
670;15;23;68.908;68.870
670;23;15;68.908;77.760
671;15;24;72.123;59.530
671;24;15;72.123;69.730
672;15;25;68.066;82.500
672;25;15;68.066;93.140
673;15;26;60.161;81.780
673;26;15;60.161;92.430
674;15;26;61.518;65.860
674;26;15;61.518;76.510
675;15;27;76.539;73.150
675;27;15;76.539;84.260
676;15;27;68.884;61.020
676;27;15;68.884;72.130
677;15;28;75.495;61.800
677;28;15;75.495;72.990
678;15;28;78.228;61.440
678;28;15;78.228;72.630
679;15;29;29.690;23.540
679;29;15;74.690;93.200
680;16;17;60.512;79.330
680;17;16;60.512;81.220
681;16;18;55.322;69.640
681;18;16;55.322;73.850
682;16;18;55.355;79.860
682;18;16;55.355;84.070
683;16;19;130.017;63.640
683;19;16;130.017;68.550
684;16;19;126.286;76.720
684;19;16;126.286;81.630
685;16;20;56.015;77.710
685;20;16;56.015;83.120
686;16;20;58.012;73.130
686;20;16;58.012;78.540
687;16;20;56.894;82.380
687;20;16;56.894;87.790
688;16;21;55.906;77.670
688;21;16;55.906;83.530
689;16;22;117.753;84.230
689;22;16;117.753;90.750
690;16;23;87.406;61.100
690;23;16;87.406;67.740
691;16;23;82.969;81.690
691;23;16;82.969;88.330
692;16;24;91.588;76.400
692;24;16;91.588;84.350
693;16;24;94.232;66.610
693;24;16;94.232;74.560
694;16;24;84.093;76.440
694;24;16;84.093;84.390
695;16;25;48.511;79.170
695;25;16;48.511;87.560
696;16;25;47.633;65.080
696;25;16;47.633;73.470
697;16;25;48.166;65.510
697;25;16;48.166;73.900
698;16;26;54.857;71.340
698;26;16;54.857;79.740
699;16;26;55.650;62.420
699;26;16;55.650;70.820
700;16;26;53.599;65.550
700;26;16;53.599;73.950
701;16;27;56.562;71.990
701;27;16;56.562;80.850
702;16;27;57.001;75.370
702;27;16;57.001;84.230
703;16;28;70.756;59.830
703;28;16;70.756;68.770
704;16;29;9.829;17.220
704;29;16;54.829;84.630
705;16;29;9.683;6.720
705;29;16;54.683;74.130
706;16;29;9.518;6.580
706;29;16;54.518;73.990
707;17;18;51.494;82.950
707;18;17;51.494;85.270
708;17;18;50.105;63.590
708;18;17;50.105;65.910
709;17;18;52.529;78.760
709;18;17;52.529;81.080
710;17;19;133.638;63.360
710;19;17;133.638;66.380
711;17;19;112.724;71.350
711;19;17;112.724;74.370
712;17;19;154.103;71.000
712;19;17;154.103;74.020
713;17;20;61.247;80.560
713;20;17;61.247;84.080
714;17;20;62.728;83.290
714;20;17;62.728;86.810
715;17;21;50.739;74.030
715;21;17;50.739;78.000
716;17;21;49.455;62.620
716;21;17;49.455;66.590
717;17;21;51.378;80.380
717;21;17;51.378;84.350
718;17;22;103.401;84.990
718;22;17;103.401;89.620
719;17;22;117.377;63.300
719;22;17;117.377;67.930
720;17;23;96.304;79.560
720;23;17;96.304;84.310
721;17;24;97.517;66.140
721;24;17;97.517;72.200
722;17;25;63.039;64.160
722;25;17;63.039;70.660
723;17;25;59.101;67.830
723;25;17;59.101;74.330
724;17;25;63.871;67.140
724;25;17;63.871;73.640
725;17;26;56.129;68.640
725;26;17;56.129;75.150
726;17;26;56.088;78.290
726;26;17;56.088;84.800
727;17;26;55.974;68.640
727;26;17;55.974;75.150
728;17;27;60.946;66.000
728;27;17;60.946;72.970
729;17;28;55.724;61.080
729;28;17;55.724;68.130
730;17;28;55.239;82.510
730;28;17;55.239;89.560
731;17;28;57.473;66.150
731;28;17;57.473;73.200
732;17;29;21.172;7.840
732;29;17;66.172;73.360
733;17;29;25.086;19.660
733;29;17;70.086;85.180
734;18;19;128.972;67.970
734;19;18;128.972;68.670
735;18;19;142.869;84.850
735;19;18;142.869;85.550
736;18;20;54.969;62.190
736;20;18;54.969;63.390
737;18;20;53.439;80.130
737;20;18;53.439;81.330
738;18;21;45.760;66.110
738;21;18;45.760;67.760
739;18;21;45.789;81.500
739;21;18;45.789;83.150
740;18;21;45.590;79.400
740;21;18;45.590;81.050
741;18;22;107.439;71.430
741;22;18;107.439;73.740
742;18;22;109.341;84.660
742;22;18;109.341;86.970
743;18;23;90.195;75.770
743;23;18;90.195;78.200
744;18;24;92.035;72.670
744;24;18;92.035;76.410
745;18;24;83.739;70.770
745;24;18;83.739;74.510
746;18;25;58.464;73.090
746;25;18;58.464;77.270
747;18;25;60.003;66.150
747;25;18;60.003;70.330
748;18;25;58.825;63.500
748;25;18;58.825;67.680
749;18;26;49.879;83.620
749;26;18;49.879;87.810
750;18;26;49.995;71.820
750;26;18;49.995;76.010
751;18;26;48.936;79.440
751;26;18;48.936;83.630
752;18;27;60.254;80.640
752;27;18;60.254;85.290
753;18;27;59.146;62.010
753;27;18;59.146;66.660
754;18;27;63.556;75.080
754;27;18;63.556;79.730
755;18;28;60.628;66.480
755;28;18;60.628;71.210
756;18;29;18.196;6.660
756;29;18;63.196;69.860
757;18;29;14.814;15.540
757;29;18;59.814;78.740
758;18;29;15.331;9.110
758;29;18;60.331;72.310
759;19;20;120.189;85.580
759;20;19;120.189;86.080
760;19;20;117.185;86.060
760;20;19;117.185;86.560
761;19;21;129.450;68.600
761;21;19;129.450;69.550
762;19;21;148.115;69.640
762;21;19;148.115;70.590
763;19;22;145.386;67.890
763;22;19;145.386;69.500
764;19;22;139.077;68.690
764;22;19;139.077;70.300
765;19;23;91.711;65.090
765;23;19;91.711;66.820
766;19;23;87.405;73.240
766;23;19;87.405;74.970
767;19;23;85.118;74.680
767;23;19;85.118;76.410
768;19;24;83.888;59.620
768;24;19;83.888;62.660
769;19;25;132.307;73.440
769;25;19;132.307;76.920
770;19;26;124.454;68.830
770;26;19;124.454;72.320
771;19;26;115.199;73.430
771;26;19;115.199;76.920
772;19;27;141.388;74.680
772;27;19;141.388;78.630
773;19;27;138.652;69.610
773;27;19;138.652;73.560
774;19;28;133.556;74.320
774;28;19;133.556;78.350
775;19;29;93.673;7.870
775;29;19;138.673;70.370
776;20;21;55.664;63.220
776;21;20;55.664;63.670
777;20;22;111.786;81.140
777;22;20;111.786;82.250
778;20;23;80.236;70.740
778;23;20;80.236;71.970
779;20;23;73.237;72.960
779;23;20;73.237;74.190
780;20;23;83.402;75.250
780;23;20;83.402;76.480
781;20;24;82.522;81.890
781;24;20;82.522;84.430
782;20;25;59.274;82.760
782;25;20;59.274;85.740
783;20;25;59.221;61.440
783;25;20;59.221;64.420
784;20;26;50.126;62.060
784;26;20;50.126;65.050
785;20;26;49.525;69.720
785;26;20;49.525;72.710
786;20;26;49.806;63.750
786;26;20;49.806;66.740
787;20;27;66.460;79.810
787;27;20;66.460;83.260
788;20;27;61.692;66.370
788;27;20;61.692;69.820
789;20;27;70.992;68.120
789;27;20;70.992;71.570
790;20;28;68.195;60.540
790;28;20;68.195;64.070
791;20;29;20.827;4.350
791;29;20;65.827;66.350
792;20;29;19.034;14.480
792;29;20;64.034;76.480
793;20;29;20.200;17.390
793;29;20;65.200;79.390
794;21;22;106.891;78.890
794;22;21;106.891;79.550
795;21;23;90.875;76.930
795;23;21;90.875;77.710
796;21;24;92.619;71.410
796;24;21;92.619;73.500
797;21;24;88.747;68.000
797;24;21;88.747;70.090
798;21;25;58.977;59.800
798;25;21;58.977;62.330
799;21;25;59.410;75.230
799;25;21;59.410;77.760
800;21;26;50.552;65.770
800;26;21;50.552;68.310
801;21;26;49.918;79.140
801;26;21;49.918;81.680
802;21;26;49.309;59.790
802;26;21;49.309;62.330
803;21;27;60.269;83.120
803;27;21;60.269;86.120
804;21;27;59.814;61.240
804;27;21;59.814;64.240
805;21;28;59.954;66.610
805;28;21;59.954;69.690
806;21;28;56.618;79.740
806;28;21;56.618;82.820
807;21;29;18.520;9.600
807;29;21;63.520;71.150
808;21;29;14.220;11.370
808;29;21;59.220;72.920
809;22;23;133.529;75.820
809;23;22;133.529;75.940
810;22;23;142.985;79.640
810;23;22;142.985;79.760
811;22;24;127.212;65.190
811;24;22;127.212;66.620
812;22;24;117.287;78.910
812;24;22;117.287;80.340
813;22;25;120.858;81.420
813;25;22;120.858;83.290
814;22;25;113.996;83.770
814;25;22;113.996;85.640
815;22;26;109.018;62.160
815;26;22;109.018;64.040
816;22;26;94.139;74.900
816;26;22;94.139;76.780
817;22;27;118.727;69.820
817;27;22;118.727;72.160
818;22;27;118.448;60.230
818;27;22;118.448;62.570
819;22;27;124.962;79.270
819;27;22;124.962;81.610
820;22;28;92.692;59.790
820;28;22;92.692;62.210
821;22;28;82.531;67.780
821;28;22;82.531;70.200
822;22;28;86.322;68.690
822;28;22;86.322;71.110
823;22;29;79.572;0.220
823;29;22;124.572;61.110
824;22;29;85.410;16.020
824;29;22;130.410;76.910
825;22;29;71.697;21.300
825;29;22;116.697;82.190
826;23;24;55.835;79.130
826;24;23;55.835;80.440
827;23;24;55.005;62.530
827;24;23;55.005;63.840
828;23;24;57.009;78.610
828;24;23;57.009;79.920
829;23;25;88.814;82.460
829;25;23;88.814;84.210
830;23;26;85.323;68.160
830;26;23;85.323;69.920
831;23;26;82.137;72.630
831;26;23;82.137;74.390
832;23;26;75.991;62.330
832;26;23;75.991;64.090
833;23;27;98.895;60.370
833;27;23;98.895;62.590
834;23;27;89.835;77.720
834;27;23;89.835;79.940
835;23;27;87.013;74.400
835;27;23;87.013;76.620
836;23;28;100.908;69.910
836;28;23;100.908;72.210
837;23;28;110.077;64.910
837;28;23;110.077;67.210
838;23;29;49.508;17.260
838;29;23;94.508;78.030
839;23;29;40.065;23.430
839;29;23;85.065;84.200
840;24;25;93.658;62.900
840;25;24;93.658;63.340
841;24;25;86.810;81.360
841;25;24;86.810;81.800
842;24;25;103.317;81.790
842;25;24;103.317;82.230
843;24;26;87.246;71.250
843;26;24;87.246;71.700
844;24;26;82.996;81.650
844;26;24;82.996;82.100
845;24;27;103.104;66.810
845;27;24;103.104;67.720
846;24;27;98.254;68.470
846;27;24;98.254;69.380
847;24;28;100.082;76.380
847;28;24;100.082;77.370
848;24;28;99.974;63.360
848;28;24;99.974;64.350
849;24;29;54.909;17.200
849;29;24;99.909;76.660
850;25;26;58.365;61.160
850;26;25;58.365;61.170
851;25;26;58.563;64.510
851;26;25;58.563;64.520
852;25;26;59.455;83.590
852;26;25;59.455;83.600
853;25;27;55.342;76.240
853;27;25;55.342;76.710
854;25;27;57.834;70.630
854;27;25;57.834;71.100
855;25;27;53.567;59.030
855;27;25;53.567;59.500
856;25;28;73.563;62.820
856;28;25;73.563;63.370
857;25;28;71.849;59.950
857;28;25;71.849;60.500
858;25;29;6.651;3.840
858;29;25;51.651;62.860
859;26;27;63.193;65.110
859;27;26;63.193;65.570
860;26;27;67.599;79.610
860;27;26;67.599;80.070
861;26;28;63.772;82.130
861;28;26;63.772;82.670
862;26;29;19.290;22.910
862;29;26;64.290;81.920
863;26;29;17.902;4.300
863;29;26;62.902;63.310
864;26;29;21.252;19.300
864;29;26;66.252;78.310
865;27;28;71.250;82.600
865;28;27;71.250;82.680
866;27;29;7.648;8.590
866;29;27;52.648;67.140
867;27;29;7.386;24.580
867;29;27;52.386;83.130
868;27;29;9.050;19.890
868;29;27;54.050;78.440
869;28;29;31.884;16.920
869;29;28;76.884;75.390
870;28;29;34.345;3.040
870;29;28;79.345;61.510
871;28;29;37.610;13.370
871;29;28;82.610;71.840
