30
180.0
0;0;1;94.491;108.090
0;1;0;49.491;15.190
1;0;2;53.647;93.140
1;2;0;8.647;5.740
2;0;2;52.362;110.110
2;2;0;7.362;22.710
3;0;3;73.285;88.120
3;3;0;28.285;0.960
4;0;3;78.065;91.290
4;3;0;33.065;4.130
5;0;3;71.477;107.220
5;3;0;26.477;20.060
6;0;4;81.549;90.770
6;4;0;36.549;6.540
7;0;4;74.691;97.060
7;4;0;29.691;12.830
8;0;5;75.107;82.760
8;5;0;30.107;0.730
9;0;5;68.387;87.840
9;5;0;23.387;5.810
10;0;6;62.194;100.550
10;6;0;17.194;22.240
11;0;7;90.309;83.850
11;7;0;45.309;5.650
12;0;7;90.676;90.840
12;7;0;45.676;12.640
13;0;7;91.102;98.220
13;7;0;46.102;20.020
14;0;8;77.509;82.940
14;8;0;32.509;6.010
15;0;9;64.222;92.620
15;9;0;19.222;17.990
16;0;9;60.993;83.050
16;9;0;15.993;8.420
17;0;10;124.572;84.820
17;10;0;79.572;10.210
18;0;10;140.052;88.440
18;10;0;95.052;13.830
19;0;11;94.508;93.990
19;11;0;49.508;19.720
20;0;11;93.012;85.620
20;11;0;48.012;11.350
21;0;12;76.387;81.200
21;12;0;31.387;8.130
22;0;13;67.688;72.190
22;13;0;22.688;0.700
23;0;13;64.659;87.220
23;13;0;19.659;15.730
24;0;14;72.562;82.300
24;14;0;27.562;11.720
25;0;14;69.043;93.840
25;14;0;24.043;23.260
26;0;14;71.138;91.120
26;14;0;26.138;20.540
27;0;15;119.442;86.400
27;15;0;74.442;16.670
28;0;16;53.671;75.490
28;16;0;8.671;5.910
29;0;16;53.128;88.280
29;16;0;8.128;18.700
30;0;17;116.350;73.750
30;17;0;71.350;4.910
31;0;18;63.315;79.750
31;18;0;18.315;11.090
32;0;18;63.715;69.850
32;18;0;18.715;1.190
33;0;19;71.736;80.980
33;19;0;26.736;13.710
34;0;20;68.796;83.580
34;20;0;23.796;17.060
35;0;20;63.905;76.730
35;20;0;18.905;10.210
36;0;20;67.897;73.970
36;20;0;22.897;7.450
37;0;21;78.232;68.260
37;21;0;33.232;4.060
38;0;21;72.362;67.760
38;21;0;27.362;3.560
39;0;22;74.690;77.160
39;22;0;29.690;13.380
40;0;22;81.940;66.690
40;22;0;36.940;2.910
41;0;22;80.802;70.430
41;22;0;35.802;6.650
42;0;23;138.673;84.490
42;23;0;93.673;20.740
43;0;24;63.686;73.300
43;24;0;18.686;10.790
44;0;25;76.884;77.040
44;25;0;31.884;14.880
45;0;26;65.827;84.190
45;26;0;20.827;22.070
46;0;26;62.718;65.060
46;26;0;17.718;2.940
47;0;26;65.883;79.660
47;26;0;20.883;17.540
48;0;27;63.196;85.390
48;27;0;18.196;24.080
49;0;27;60.234;62.940
49;27;0;15.234;1.630
50;0;27;65.298;77.820
50;27;0;20.298;16.510
51;0;28;66.172;63.580
51;28;0;21.172;2.270
52;0;28;64.246;62.890
52;28;0;19.246;1.580
53;0;28;62.926;79.600
53;28;0;17.926;18.290
54;0;29;0.000;0.770
54;29;0;0.000;0.770
55;0;29;0.000;19.810
55;29;0;0.000;19.810
56;1;2;87.276;88.400
56;2;1;87.276;93.900
57;1;2;88.668;93.140
57;2;1;88.668;98.640
58;1;3;117.069;87.730
58;3;1;117.069;93.470
59;1;4;66.570;99.070
59;4;1;66.570;107.740
60;1;5;65.984;104.770
60;5;1;65.984;115.640
61;1;5;64.367;106.820
61;5;1;64.367;117.690
62;1;6;80.845;99.180
62;6;1;80.845;113.770
63;1;6;79.289;88.650
63;6;1;79.289;103.240
64;1;7;80.955;87.890
64;7;1;80.955;102.590
65;1;7;83.665;80.770
65;7;1;83.665;95.470
66;1;8;74.022;84.250
66;8;1;74.022;100.220
67;1;9;113.662;87.420
67;9;1;113.662;105.690
68;1;9;117.579;83.550
68;9;1;117.579;101.820
69;1;10;96.851;91.630
69;10;1;96.851;109.920
70;1;11;81.911;78.460
70;11;1;81.911;97.090
71;1;11;90.666;86.600
71;11;1;90.666;105.230
72;1;11;88.440;99.090
72;11;1;88.440;117.720
73;1;12;114.299;84.800
73;12;1;114.299;104.630
74;1;12;97.694;85.870
74;12;1;97.694;105.700
75;1;12;131.268;95.270
75;12;1;131.268;115.100
76;1;13;86.520;87.270
76;13;1;86.520;108.680
77;1;13;81.776;94.240
77;13;1;81.776;115.650
78;1;14;69.109;92.660
78;14;1;69.109;114.980
79;1;14;67.855;81.350
79;14;1;67.855;103.670
80;1;14;71.140;82.950
80;14;1;71.140;105.270
81;1;15;97.504;83.820
81;15;1;97.504;106.990
82;1;15;99.972;74.390
82;15;1;99.972;97.560
83;1;15;90.044;86.020
83;15;1;90.044;109.190
84;1;16;90.133;73.970
84;16;1;90.133;97.290
85;1;16;100.139;72.150
85;16;1;100.139;95.470
86;1;16;82.082;88.830
86;16;1;82.082;112.150
87;1;17;79.185;89.600
87;17;1;79.185;113.660
88;1;17;78.546;69.960
88;17;1;78.546;94.020
89;1;17;77.562;70.060
89;17;1;77.562;94.120
90;1;18;92.752;90.190
90;18;1;92.752;114.430
91;1;19;74.997;85.160
91;19;1;74.997;110.790
92;1;19;72.332;89.760
92;19;1;72.332;115.390
93;1;19;67.979;72.490
93;19;1;67.979;98.120
94;1;20;110.336;74.790
94;20;1;110.336;101.170
95;1;20;122.070;85.540
95;20;1;122.070;111.920
96;1;21;65.896;85.600
96;21;1;65.896;114.300
97;1;22;68.587;74.090
97;22;1;68.587;103.210
98;1;22;66.780;79.250
98;22;1;66.780;108.370
99;1;22;68.442;76.780
99;22;1;68.442;105.900
100;1;23;102.209;73.860
100;23;1;102.209;103.010
101;1;23;106.754;86.500
101;23;1;106.754;115.650
102;1;23;96.782;86.930
102;23;1;96.782;116.080
103;1;24;79.129;83.800
103;24;1;79.129;114.190
104;1;24;86.509;80.990
104;24;1;86.509;111.380
105;1;24;81.006;67.770
105;24;1;81.006;98.160
106;1;25;77.378;67.930
106;25;1;77.378;98.670
107;1;26;73.902;80.200
107;26;1;73.902;110.980
108;1;26;71.486;64.660
108;26;1;71.486;95.440
109;1;27;78.322;67.710
109;27;1;78.322;99.300
110;1;28;80.589;70.410
110;28;1;80.589;102.000
111;1;28;78.365;73.400
111;28;1;78.365;104.990
112;1;28;74.580;83.540
112;28;1;74.580;115.130
113;1;29;49.491;12.670
113;29;1;94.491;105.570
114;1;29;53.594;23.800
114;29;1;98.594;116.700
115;2;3;81.692;100.400
115;3;2;81.692;100.640
116;2;4;77.233;89.670
116;4;2;77.233;92.840
117;2;4;76.331;101.670
117;4;2;76.331;104.840
118;2;5;69.444;101.300
118;5;2;69.444;106.670
119;2;5;75.074;98.210
119;5;2;75.074;103.580
120;2;5;68.074;85.540
120;5;2;68.074;90.910
121;2;6;53.547;95.760
121;6;2;53.547;104.850
122;2;6;52.491;92.500
122;6;2;52.491;101.590
123;2;7;81.967;83.560
123;7;2;81.967;92.760
124;2;7;74.789;80.680
124;7;2;74.789;89.880
125;2;7;83.171;103.140
125;7;2;83.171;112.340
126;2;8;68.885;90.830
126;8;2;68.885;101.300
127;2;9;72.272;93.250
127;9;2;72.272;106.020
128;2;10;116.038;96.060
128;10;2;116.038;108.850
129;2;10;105.416;76.000
129;10;2;105.416;88.790
130;2;11;92.906;93.050
130;11;2;92.906;106.180
131;2;12;83.904;91.740
131;12;2;83.904;106.070
132;2;12;84.782;87.380
132;12;2;84.782;101.710
133;2;12;83.090;94.480
133;12;2;83.090;108.810
134;2;13;60.381;84.640
134;13;2;60.381;100.550
135;2;13;56.543;90.170
135;13;2;56.543;106.080
136;2;14;67.457;91.160
136;14;2;67.457;107.980
137;2;14;71.484;82.800
137;14;2;71.484;99.620
138;2;14;66.453;73.030
138;14;2;66.453;89.850
139;2;15;111.092;85.700
139;15;2;111.092;103.370
140;2;16;48.720;86.610
140;16;2;48.720;104.430
141;2;16;48.636;75.460
141;16;2;48.636;93.280
142;2;16;48.776;79.600
142;16;2;48.776;97.420
143;2;17;111.918;75.400
143;17;2;111.918;93.960
144;2;17;115.893;85.180
144;17;2;115.893;103.740
145;2;17;119.583;83.230
145;17;2;119.583;101.790
146;2;18;58.400;79.410
146;18;2;58.400;98.150
147;2;19;68.890;86.540
147;19;2;68.890;106.670
148;2;19;69.678;89.460
148;19;2;69.678;109.590
149;2;19;69.911;88.340
149;19;2;69.911;108.470
150;2;20;76.730;86.270
150;20;2;76.730;107.150
151;2;21;73.348;71.430
151;21;2;73.348;94.630
152;2;21;70.112;67.380
152;21;2;70.112;90.580
153;2;22;70.001;78.110
153;22;2;70.001;101.730
154;2;22;67.718;79.720
154;22;2;67.718;103.340
155;2;23;134.874;77.600
155;23;2;134.874;101.250
156;2;23;141.562;68.570
156;23;2;141.562;92.220
157;2;23;121.465;72.050
157;23;2;121.465;95.700
158;2;24;55.056;68.510
158;24;2;55.056;93.400
159;2;24;57.119;82.820
159;24;2;57.119;107.710
160;2;24;53.205;79.070
160;24;2;53.205;103.960
161;2;25;68.397;63.110
161;25;2;68.397;88.350
162;2;25;64.414;84.930
162;25;2;64.414;110.170
163;2;26;59.887;70.450
163;26;2;59.887;95.730
164;2;26;60.266;86.710
164;26;2;60.266;111.990
165;2;26;58.559;62.480
165;26;2;58.559;87.760
166;2;27;54.733;74.570
166;27;2;54.733;100.660
167;2;27;54.532;68.270
167;27;2;54.532;94.360
168;2;27;56.640;67.840
168;27;2;56.640;93.930
169;2;28;57.678;75.730
169;28;2;57.678;101.820
170;2;29;8.647;17.140
170;29;2;53.647;104.540
171;2;29;8.119;4.250
171;29;2;53.119;91.650
172;2;29;8.037;13.410
172;29;2;53.037;100.810
173;3;4;98.504;88.260
173;4;3;98.504;91.190
174;3;4;93.907;99.860
174;4;3;93.907;102.790
175;3;5;96.088;92.650
175;5;3;96.088;97.780
176;3;6;90.108;87.200
176;6;3;90.108;96.050
177;3;7;118.587;93.150
177;7;3;118.587;102.110
178;3;7;122.866;97.590
178;7;3;122.866;106.550
179;3;7;134.762;101.290
179;7;3;134.762;110.250
180;3;8;105.469;95.220
180;8;3;105.469;105.450
181;3;8;105.155;96.590
181;8;3;105.155;106.820
182;3;9;63.721;85.010
182;9;3;63.721;97.540
183;3;9;67.078;89.220
183;9;3;67.078;101.750
184;3;10;152.715;90.790
184;10;3;152.715;103.340
185;3;10;138.387;77.690
185;10;3;138.387;90.240
186;3;11;102.108;95.500
186;11;3;102.108;108.390
187;3;11;110.442;93.810
187;11;3;110.442;106.700
188;3;12;54.760;95.150
188;12;3;54.760;109.240
189;3;12;56.455;76.380
189;12;3;56.455;90.470
190;3;12;54.051;74.650
190;12;3;54.051;88.740
191;3;13;95.763;95.230
191;13;3;95.763;110.900
192;3;14;92.972;78.870
192;14;3;92.972;95.450
193;3;14;96.428;82.300
193;14;3;96.428;98.880
194;3;15;147.722;84.240
194;15;3;147.722;101.670
195;3;15;124.632;77.430
195;15;3;124.632;94.860
196;3;16;81.867;74.910
196;16;3;81.867;92.490
197;3;16;87.586;86.360
197;16;3;87.586;103.940
198;3;17;129.661;82.850
198;17;3;129.661;101.170
199;3;17;113.627;90.490
199;17;3;113.627;108.810
200;3;17;129.120;70.920
200;17;3;129.120;89.240
201;3;18;90.296;71.470
201;18;3;90.296;89.970
202;3;18;84.266;91.520
202;18;3;84.266;110.020
203;3;18;81.141;87.530
203;18;3;81.141;106.030
204;3;19;88.017;86.300
204;19;3;88.017;106.190
205;3;19;88.809;86.450
205;19;3;88.809;106.340
206;3;19;80.188;84.150
206;19;3;80.188;104.040
207;3;20;51.988;79.280
207;20;3;51.988;99.920
208;3;21;97.055;87.420
208;21;3;97.055;110.380
209;3;22;93.832;72.970
209;22;3;93.832;96.350
210;3;22;98.977;67.280
210;22;3;98.977;90.660
211;3;22;82.969;83.210
211;22;3;82.969;106.590
212;3;23;148.777;76.380
212;23;3;148.777;99.790
213;3;23;127.227;68.070
213;23;3;127.227;91.480
214;3;23;152.116;68.390
214;23;3;152.116;91.800
215;3;24;91.414;80.700
215;24;3;91.414;105.350
216;3;24;82.278;73.510
216;24;3;82.278;98.160
217;3;25;105.087;79.350
217;25;3;105.087;104.350
218;3;26;89.149;63.640
218;26;3;89.149;88.680
219;3;26;85.241;77.830
219;26;3;85.241;102.870
220;3;27;90.512;77.080
220;27;3;90.512;102.930
221;3;27;81.130;80.660
221;27;3;81.130;106.510
222;3;27;101.025;62.260
222;27;3;101.025;88.110
223;3;28;94.364;61.610
223;28;3;94.364;87.460
224;3;28;89.706;61.380
224;28;3;89.706;87.230
225;3;28;91.277;62.410
225;28;3;91.277;88.260
226;3;29;28.285;18.380
226;29;3;73.285;105.540
227;3;29;26.653;17.620
227;29;3;71.653;104.780
228;3;29;24.787;20.300
228;29;3;69.787;107.460
229;4;5;54.238;101.440
229;5;4;54.238;103.640
230;4;5;53.350;91.090
230;5;4;53.350;93.290
231;4;6;74.973;82.190
231;6;4;74.973;88.110
232;4;6;79.937;92.130
232;6;4;79.937;98.050
233;4;7;91.181;101.930
233;7;4;91.181;107.960
234;4;7;92.703;81.370
234;7;4;92.703;87.400
235;4;8;78.419;97.960
235;8;4;78.419;105.260
236;4;8;77.363;99.320
236;8;4;77.363;106.620
237;4;8;70.171;94.110
237;8;4;70.171;101.410
238;4;9;99.245;80.190
238;9;4;99.245;89.790
239;4;10;115.732;86.210
239;10;4;115.732;95.830
240;4;10;107.596;84.120
240;10;4;107.596;93.740
241;4;11;64.858;91.370
241;11;4;64.858;101.330
242;4;12;94.291;83.400
242;12;4;94.291;94.560
243;4;12;87.207;73.720
243;12;4;87.207;84.880
244;4;12;94.462;96.960
244;12;4;94.462;108.120
245;4;13;84.488;82.180
245;13;4;84.488;94.920
246;4;14;54.975;79.790
246;14;4;54.975;93.440
247;4;14;55.556;72.440
247;14;4;55.556;86.090
248;4;15;114.654;85.470
248;15;4;114.654;99.970
249;4;15;117.397;90.500
249;15;4;117.397;105.000
250;4;15;129.073;92.200
250;15;4;129.073;106.700
251;4;16;80.886;71.290
251;16;4;80.886;85.940
252;4;16;74.430;73.700
252;16;4;74.430;88.350
253;4;16;76.689;92.720
253;16;4;76.689;107.370
254;4;17;79.854;81.290
254;17;4;79.854;96.680
255;4;17;85.740;74.060
255;17;4;85.740;89.450
256;4;18;87.897;87.940
256;18;4;87.897;103.510
257;4;19;55.686;90.700
257;19;4;55.686;107.660
258;4;19;57.232;87.900
258;19;4;57.232;104.860
259;4;19;57.052;70.120
259;19;4;57.052;87.080
260;4;20;91.542;88.220
260;20;4;91.542;105.930
261;4;21;49.411;68.650
261;21;4;49.411;88.680
262;4;21;48.633;74.970
262;21;4;48.633;95.000
263;4;21;49.129;86.430
263;21;4;49.129;106.460
264;4;22;52.264;66.810
264;22;4;52.264;87.260
265;4;22;50.887;72.000
265;22;4;50.887;92.450
266;4;22;53.375;78.400
266;22;4;53.375;98.850
267;4;23;102.641;80.100
267;23;4;102.641;100.580
268;4;23;103.681;87.860
268;23;4;103.681;108.340
269;4;23;108.495;80.020
269;23;4;108.495;100.500
270;4;24;73.847;68.070
270;24;4;73.847;89.790
271;4;25;81.182;81.460
271;25;4;81.182;103.530
272;4;25;78.782;75.440
272;25;4;78.782;97.510
273;4;26;62.667;67.370
273;26;4;62.667;89.480
274;4;26;60.873;73.860
274;26;4;60.873;95.970
275;4;27;72.071;61.750
275;27;4;72.071;84.670
276;4;28;77.631;82.490
276;28;4;77.631;105.410
277;4;29;36.549;20.110
277;29;4;81.549;104.340
278;4;29;30.611;8.100
278;29;4;75.611;92.330
279;5;6;66.053;81.330
279;6;5;66.053;85.050
280;5;6;62.371;88.720
280;6;5;62.371;92.440
281;5;7;82.998;85.470
281;7;5;82.998;89.300
282;5;7;83.022;81.470
282;7;5;83.022;85.300
283;5;8;69.601;89.830
283;8;5;69.601;94.930
284;5;8;74.549;78.050
284;8;5;74.549;83.150
285;5;9;93.824;82.670
285;9;5;93.824;90.070
286;5;9;87.642;98.080
286;9;5;87.642;105.480
287;5;10;110.123;93.110
287;10;5;110.123;100.530
288;5;10;94.545;80.070
288;10;5;94.545;87.490
289;5;11;73.717;80.110
289;11;5;73.717;87.870
290;5;12;93.521;86.250
290;12;5;93.521;95.210
291;5;12;83.272;86.270
291;12;5;83.272;95.230
292;5;13;75.314;76.220
292;13;5;75.314;86.760
293;5;13;73.978;82.330
293;13;5;73.978;92.870
294;5;13;72.579;90.000
294;13;5;72.579;100.540
295;5;14;48.134;74.110
295;14;5;48.134;85.560
296;5;14;48.700;80.530
296;14;5;48.700;91.980
297;5;15;108.137;77.790
297;15;5;108.137;90.090
298;5;15;114.195;92.040
298;15;5;114.195;104.340
299;5;16;72.936;76.990
299;16;5;72.936;89.440
300;5;16;73.098;90.920
300;16;5;73.098;103.370
301;5;16;69.719;81.220
301;16;5;69.719;93.670
302;5;17;87.679;71.520
302;17;5;87.679;84.710
303;5;17;85.761;87.180
303;17;5;85.761;100.370
304;5;18;79.073;86.130
304;18;5;79.073;99.500
305;5;18;86.836;71.840
305;18;5;86.836;85.210
306;5;18;87.032;68.980
306;18;5;87.032;82.350
307;5;19;55.054;68.540
307;19;5;55.054;83.300
308;5;20;89.354;75.370
308;20;5;89.354;90.880
309;5;20;81.536;79.980
309;20;5;81.536;95.490
310;5;20;87.928;88.160
310;20;5;87.928;103.670
311;5;21;49.830;67.570
311;21;5;49.830;85.400
312;5;21;49.799;88.770
312;21;5;49.799;106.600
313;5;21;49.261;86.030
313;21;5;49.261;103.860
314;5;22;48.827;74.170
314;22;5;48.827;92.420
315;5;23;110.940;66.780
315;23;5;110.940;85.060
316;5;24;64.813;84.340
316;24;5;64.813;103.860
317;5;24;67.185;81.090
317;24;5;67.185;100.610
318;5;24;67.972;80.430
318;24;5;67.972;99.950
319;5;25;72.199;71.440
319;25;5;72.199;91.310
320;5;26;54.569;67.080
320;26;5;54.569;86.990
321;5;26;56.340;82.240
321;26;5;56.340;102.150
322;5;27;63.125;69.720
322;27;5;63.125;90.440
323;5;27;63.829;68.860
323;27;5;63.829;89.580
324;5;28;68.447;70.500
324;28;5;68.447;91.220
325;5;28;66.948;74.850
325;28;5;66.948;95.570
326;5;28;69.710;71.020
326;28;5;69.710;91.740
327;5;29;30.107;6.790
327;29;5;75.107;88.820
328;5;29;24.782;10.520
328;29;5;69.782;92.550
329;5;29;24.790;17.250
329;29;5;69.790;99.280
330;6;7;73.859;92.160
330;7;6;73.859;92.270
331;6;8;60.372;88.320
331;8;6;60.372;89.700
332;6;8;57.611;85.390
332;8;6;57.611;86.770
333;6;9;80.483;88.670
333;9;6;80.483;92.350
334;6;10;107.614;90.290
334;10;6;107.614;93.990
335;6;10;97.092;90.340
335;10;6;97.092;94.040
336;6;10;112.479;96.290
336;10;6;112.479;99.990
337;6;11;92.930;80.450
337;11;6;92.930;84.490
338;6;11;96.634;76.280
338;11;6;96.634;80.320
339;6;11;98.748;74.820
339;11;6;98.748;78.860
340;6;12;91.758;83.250
340;12;6;91.758;88.490
341;6;12;84.386;91.850
341;12;6;84.386;97.090
342;6;13;55.323;76.640
342;13;6;55.323;83.460
343;6;13;55.701;79.580
343;13;6;55.701;86.400
344;6;14;65.072;76.680
344;14;6;65.072;84.410
345;6;14;61.780;88.200
345;14;6;61.780;95.930
346;6;14;64.556;76.090
346;14;6;64.556;83.820
347;6;15;102.892;73.540
347;15;6;102.892;82.120
348;6;15;89.511;80.910
348;15;6;89.511;89.490
349;6;16;54.971;92.540
349;16;6;54.971;101.270
350;6;17;108.490;75.210
350;17;6;108.490;84.680
351;6;17;99.778;90.310
351;17;6;99.778;99.780
352;6;17;112.352;70.260
352;17;6;112.352;79.730
353;6;18;58.035;69.250
353;18;6;58.035;78.900
354;6;18;56.006;85.360
354;18;6;56.006;95.010
355;6;18;60.177;93.100
355;18;6;60.177;102.750
356;6;19;69.083;77.610
356;19;6;69.083;88.650
357;6;19;69.264;82.800
357;19;6;69.264;93.840
358;6;20;84.892;76.050
358;20;6;84.892;87.840
359;6;20;78.657;88.670
359;20;6;78.657;100.460
360;6;20;85.523;70.560
360;20;6;85.523;82.350
361;6;21;70.659;84.100
361;21;6;70.659;98.210
362;6;21;74.466;70.610
362;21;6;74.466;84.720
363;6;21;75.820;67.970
363;21;6;75.820;82.080
364;6;22;67.870;64.580
364;22;6;67.870;79.110
365;6;23;131.899;79.400
365;23;6;131.899;93.960
366;6;23;144.933;69.370
366;23;6;144.933;83.930
367;6;24;46.755;81.960
367;24;6;46.755;97.760
368;6;24;46.406;64.300
368;24;6;46.406;80.100
369;6;24;47.006;64.630
369;24;6;47.006;80.430
370;6;25;60.151;81.860
370;25;6;60.151;98.010
371;6;25;57.616;85.560
371;25;6;57.616;101.710
372;6;26;57.704;70.390
372;26;6;57.704;86.580
373;6;27;47.930;70.200
373;27;6;47.930;87.200
374;6;27;48.479;63.390
374;27;6;48.479;80.390
375;6;27;47.332;79.340
375;27;6;47.332;96.340
376;6;28;49.784;78.410
376;28;6;49.784;95.410
377;6;29;17.194;21.140
377;29;6;62.194;99.450
378;6;29;13.680;23.640
378;29;6;58.680;101.950
379;6;29;20.236;9.040
379;29;6;65.236;87.350
380;7;8;59.501;94.460
380;8;7;59.501;95.730
381;7;8;58.019;99.600
381;8;7;58.019;100.870
382;7;9;106.384;77.630
382;9;7;106.384;81.200
383;7;10;79.657;76.160
383;10;7;79.657;79.750
384;7;11;110.986;88.350
384;11;7;110.986;92.280
385;7;11;102.620;76.880
385;11;7;102.620;80.810
386;7;11;110.539;74.660
386;11;7;110.539;78.590
387;7;12;120.617;77.850
387;12;7;120.617;82.980
388;7;13;68.621;90.250
388;13;7;68.621;96.960
389;7;13;62.955;87.750
389;13;7;62.955;94.460
390;7;14;84.493;84.750
390;14;7;84.493;92.370
391;7;14;83.492;84.630
391;14;7;83.492;92.250
392;7;14;91.272;94.760
392;14;7;91.272;102.380
393;7;15;74.136;94.220
393;15;7;74.136;102.690
394;7;15;68.138;77.560
394;15;7;68.138;86.030
395;7;16;81.838;89.150
395;16;7;81.838;97.770
396;7;16;89.819;85.390
396;16;7;89.819;94.010
397;7;16;74.540;77.160
397;16;7;74.540;85.780
398;7;17;115.123;69.570
398;17;7;115.123;78.930
399;7;17;123.383;81.770
399;17;7;123.383;91.130
400;7;17;130.247;88.450
400;17;7;130.247;97.810
401;7;18;75.731;75.700
401;18;7;75.731;85.240
402;7;19;91.477;80.120
402;19;7;91.477;91.050
403;7;19;84.712;72.750
403;19;7;84.712;83.680
404;7;20;113.670;73.680
404;20;7;113.670;85.360
405;7;20;109.395;76.840
405;20;7;109.395;88.520
406;7;20;127.615;69.410
406;20;7;127.615;81.090
407;7;21;87.271;83.890
407;21;7;87.271;97.890
408;7;21;79.251;84.950
408;21;7;79.251;98.950
409;7;22;86.666;65.640
409;22;7;86.666;80.060
410;7;22;82.659;64.450
410;22;7;82.659;78.870
411;7;23;138.102;88.020
411;23;7;138.102;102.470
412;7;23;137.281;79.680
412;23;7;137.281;94.130
413;7;24;72.879;67.980
413;24;7;72.879;83.670
414;7;24;67.291;68.180
414;24;7;67.291;83.870
415;7;25;58.725;70.000
415;25;7;58.725;86.040
416;7;26;81.011;63.200
416;26;7;81.011;79.280
417;7;27;74.303;74.300
417;27;7;74.303;91.190
418;7;27;72.879;82.280
418;27;7;72.879;99.170
419;7;27;76.323;84.870
419;27;7;76.323;101.760
420;7;28;69.314;70.000
420;28;7;69.314;86.890
421;7;28;66.044;72.050
421;28;7;66.044;88.940
422;7;28;65.204;85.740
422;28;7;65.204;102.630
423;7;29;45.309;7.500
423;29;7;90.309;85.700
424;7;29;36.682;8.580
424;29;7;81.682;86.780
425;7;29;48.779;8.020
425;29;7;93.779;86.220
426;8;9;95.168;79.810
426;9;8;95.168;82.110
427;8;9;96.186;81.240
427;9;8;96.186;83.540
428;8;10;92.290;92.380
428;10;8;92.290;94.700
429;8;10;86.520;77.970
429;10;8;86.520;80.290
430;8;11;98.228;77.410
430;11;8;98.228;80.070
431;8;11;105.022;86.990
431;11;8;105.022;89.650
432;8;11;102.745;82.260
432;11;8;102.745;84.920
433;8;12;106.754;81.860
433;12;8;106.754;85.720
434;8;13;59.400;80.170
434;13;8;59.400;85.610
435;8;14;70.644;71.430
435;14;8;70.644;77.780
436;8;14;73.851;94.780
436;14;8;73.851;101.130
437;8;15;87.910;74.000
437;15;8;87.910;81.200
438;8;15;85.766;84.610
438;15;8;85.766;91.810
439;8;15;80.791;82.640
439;15;8;80.791;89.840
440;8;16;69.630;73.640
440;16;8;69.630;80.990
441;8;16;66.801;90.800
441;16;8;66.801;98.150
442;8;16;70.696;70.570
442;16;8;70.696;77.920
443;8;17;106.687;74.140
443;17;8;106.687;82.230
444;8;17;100.157;91.260
444;17;8;100.157;99.350
445;8;18;66.825;79.420
445;18;8;66.825;87.690
446;8;18;68.044;69.660
446;18;8;68.044;77.930
447;8;19;77.326;83.610
447;19;8;77.326;93.270
448;8;19;80.112;76.260
448;19;8;80.112;85.920
449;8;20;100.131;72.040
449;20;8;100.131;82.450
450;8;20;104.898;76.020
450;20;8;104.898;86.430
451;8;21;74.210;84.020
451;21;8;74.210;96.750
452;8;21;68.188;73.930
452;21;8;68.188;86.660
453;8;22;73.044;76.050
453;22;8;73.044;89.200
454;8;23;130.235;82.900
454;23;8;130.235;96.080
455;8;23;142.996;64.970
455;23;8;142.996;78.150
456;8;24;59.075;72.280
456;24;8;59.075;86.700
457;8;24;55.733;74.740
457;24;8;55.733;89.160
458;8;24;56.230;76.290
458;24;8;56.230;90.710
459;8;25;48.361;65.220
459;25;8;48.361;79.990
460;8;26;66.551;81.310
460;26;8;66.551;96.120
461;8;26;71.105;75.020
461;26;8;71.105;89.830
462;8;26;61.609;63.510
462;26;8;61.609;78.320
463;8;27;60.208;85.950
463;27;8;60.208;101.570
464;8;27;61.502;78.910
464;27;8;61.502;94.530
465;8;28;56.546;66.660
465;28;8;56.546;82.280
466;8;29;32.509;2.450
466;29;8;77.509;79.380
467;9;10;141.041;92.640
467;10;9;141.041;92.660
468;9;11;108.856;83.840
468;11;9;108.856;84.200
469;9;11;124.526;86.640
469;11;9;124.526;87.000
470;9;12;72.076;75.750
470;12;9;72.076;77.310
471;9;12;76.463;97.400
471;12;9;76.463;98.960
472;9;12;69.762;85.240
472;12;9;69.762;86.800
473;9;13;82.763;86.180
473;13;9;82.763;89.320
474;9;13;78.431;77.710
474;13;9;78.431;80.850
475;9;13;87.149;88.390
475;13;9;87.149;91.530
476;9;14;91.063;78.200
476;14;9;91.063;82.250
477;9;15;135.045;86.530
477;15;9;135.045;91.430
478;9;16;70.626;87.900
478;16;9;70.626;92.950
479;9;16;65.079;80.970
479;16;9;65.079;86.020
480;9;17;133.461;73.910
480;17;9;133.461;79.700
481;9;17;153.286;79.550
481;17;9;153.286;85.340
482;9;18;75.947;81.230
482;18;9;75.947;87.200
483;9;18;72.395;83.070
483;18;9;72.395;89.040
484;9;19;88.764;77.680
484;19;9;88.764;85.040
485;9;20;64.619;83.980
485;20;9;64.619;92.090
486;9;20;65.910;80.760
486;20;9;65.910;88.870
487;9;21;96.433;66.540
487;21;9;96.433;76.970
488;9;21;94.218;87.880
488;21;9;94.218;98.310
489;9;22;92.882;66.160
489;22;9;92.882;77.010
490;9;22;90.354;85.790
490;22;9;90.354;96.640
491;9;23;154.833;68.340
491;23;9;154.833;79.220
492;9;24;82.142;86.110
492;24;9;82.142;98.230
493;9;24;75.422;79.750
493;24;9;75.422;91.870
494;9;25;93.874;78.320
494;25;9;93.874;90.790
495;9;25;101.238;63.380
495;25;9;101.238;75.850
496;9;26;84.848;79.660
496;26;9;84.848;92.170
497;9;26;83.293;76.970
497;26;9;83.293;89.480
498;9;26;84.956;67.320
498;26;9;84.956;79.830
499;9;27;82.002;80.500
499;27;9;82.002;93.820
500;9;27;91.150;85.540
500;27;9;91.150;98.860
501;9;27;84.748;79.880
501;27;9;84.748;93.200
502;9;28;83.631;75.960
502;28;9;83.631;89.280
503;9;29;19.222;20.100
503;29;9;64.222;94.730
504;10;11;133.529;97.690
504;11;10;133.529;98.030
505;10;11;115.819;90.640
505;11;10;115.819;90.980
506;10;11;149.164;88.080
506;11;10;149.164;88.420
507;10;12;153.905;81.550
507;12;10;153.905;83.090
508;10;12;179.679;79.070
508;12;10;179.679;80.610
509;10;12;169.607;85.440
509;12;10;169.607;86.980
510;10;13;103.279;81.730
510;13;10;103.279;84.850
511;10;14;112.603;85.430
511;14;10;112.603;89.460
512;10;14;122.731;73.660
512;14;10;122.731;77.690
513;10;14;108.443;78.680
513;14;10;108.443;82.710
514;10;15;53.891;76.540
514;15;10;53.891;81.420
515;10;16;116.280;86.600
515;16;10;116.280;91.630
516;10;16;113.101;69.630
516;16;10;113.101;74.660
517;10;16;115.687;89.610
517;16;10;115.687;94.640
518;10;17;126.254;82.490
518;17;10;126.254;88.260
519;10;17;139.656;81.340
519;17;10;139.656;87.110
520;10;17;128.775;87.630
520;17;10;128.775;93.400
521;10;18;110.310;93.430
521;18;10;110.310;99.380
522;10;18;97.312;77.260
522;18;10;97.312;83.210
523;10;18;118.407;76.990
523;18;10;118.407;82.940
524;10;19;120.007;83.190
524;19;10;120.007;90.530
525;10;19;107.948;84.880
525;19;10;107.948;92.220
526;10;19;129.000;68.190
526;19;10;129.000;75.530
527;10;20;147.414;81.940
527;20;10;147.414;90.030
528;10;20;157.212;73.780
528;20;10;157.212;81.870
529;10;21;113.043;70.190
529;21;10;113.043;80.600
530;10;22;113.917;74.130
530;22;10;113.917;84.960
531;10;22;105.231;69.130
531;22;10;105.231;79.960
532;10;22;98.410;67.620
532;22;10;98.410;78.450
533;10;23;145.386;66.350
533;23;10;145.386;77.210
534;10;23;152.851;84.350
534;23;10;152.851;95.210
535;10;24;106.364;79.850
535;24;10;106.364;91.950
536;10;24;120.904;76.600
536;24;10;120.904;88.700
537;10;25;92.692;74.750
537;25;10;92.692;87.200
538;10;25;81.053;78.190
538;25;10;81.053;90.640
539;10;25;91.154;71.870
539;25;10;91.154;84.320
540;10;26;111.786;79.820
540;26;10;111.786;92.310
541;10;27;107.439;73.600
541;27;10;107.439;86.900
542;10;27;110.597;75.080
542;27;10;110.597;88.380
543;10;27;116.043;66.740
543;27;10;116.043;80.040
544;10;28;103.401;83.470
544;28;10;103.401;96.770
545;10;28;105.238;61.460
545;28;10;105.238;74.760
546;10;29;79.572;22.320
546;29;10;124.572;96.930
547;10;29;61.978;9.170
547;29;10;106.978;83.780
548;10;29;72.874;10.790
548;29;10;117.874;85.400
549;11;12;94.934;78.570
549;12;11;94.934;79.770
550;11;13;103.016;76.000
550;13;11;103.016;78.780
551;11;13;105.440;75.200
551;13;11;105.440;77.980
552;11;13;93.999;92.260
552;13;11;93.999;95.040
553;11;14;73.380;73.780
553;14;11;73.380;77.470
554;11;14;72.036;92.930
554;14;11;72.036;96.620
555;11;14;72.045;73.190
555;14;11;72.045;76.880
556;11;15;133.328;76.500
556;15;11;133.328;81.040
557;11;15;119.600;78.280
557;15;11;119.600;82.820
558;11;16;96.604;88.750
558;16;11;96.604;93.440
559;11;17;73.838;71.470
559;17;11;73.838;76.900
560;11;18;105.227;69.400
560;18;11;105.227;75.010
561;11;18;107.316;72.650
561;18;11;107.316;78.260
562;11;19;69.134;91.140
562;19;11;69.134;98.140
563;11;20;95.417;85.780
563;20;11;95.417;93.530
564;11;21;69.021;68.700
564;21;11;69.021;78.770
565;11;21;68.099;80.190
565;21;11;68.099;90.260
566;11;22;70.655;86.550
566;22;11;70.655;97.040
567;11;22;73.146;78.010
567;22;11;73.146;88.500
568;11;23;91.711;66.920
568;23;11;91.711;77.440
569;11;23;82.360;79.270
569;23;11;82.360;89.790
570;11;24;92.122;63.270
570;24;11;92.122;75.030
571;11;24;99.304;86.900
571;24;11;99.304;98.660
572;11;25;100.908;63.530
572;25;11;100.908;75.640
573;11;25;108.096;82.470
573;25;11;108.096;94.580
574;11;26;80.236;65.960
574;26;11;80.236;78.110
575;11;26;76.687;87.040
575;26;11;76.687;99.190
576;11;27;90.195;83.830
576;27;11;90.195;96.790
577;11;27;88.578;77.270
577;27;11;88.578;90.230
578;11;28;96.304;70.470
578;28;11;96.304;83.430
579;11;28;92.800;65.930
579;28;11;92.800;78.890
580;11;29;49.508;24.400
580;29;11;94.508;98.670
581;11;29;54.076;2.880
581;29;11;99.076;77.150
582;11;29;56.480;20.500
582;29;11;101.480;94.770
583;12;13;98.965;87.440
583;13;12;98.965;89.020
584;12;14;90.399;88.190
584;14;12;90.399;90.680
585;12;15;149.601;77.960
585;15;12;149.601;81.300
586;12;16;84.983;80.930
586;16;12;84.983;84.420
587;12;16;89.097;76.210
587;16;12;89.097;79.700
588;12;17;123.233;84.060
588;17;12;123.233;88.290
589;12;18;94.527;73.010
589;18;12;94.527;77.420
590;12;18;91.497;90.160
590;18;12;91.497;94.570
591;12;18;101.936;73.680
591;18;12;101.936;78.090
592;12;19;84.399;86.890
592;19;12;84.399;92.690
593;12;20;53.115;70.920
593;20;12;53.115;77.470
594;12;21;93.597;78.640
594;21;12;93.597;87.510
595;12;21;103.542;68.570
595;21;12;103.542;77.440
596;12;21;94.700;85.030
596;21;12;94.700;93.900
597;12;22;90.714;73.560
597;22;12;90.714;82.850
598;12;22;82.553;67.620
598;22;12;82.553;76.910
599;12;22;90.449;75.230
599;22;12;90.449;84.520
600;12;23;141.250;71.460
600;23;12;141.250;80.780
601;12;23;157.255;80.350
601;23;12;157.255;89.670
602;12;24;92.793;66.610
602;24;12;92.793;77.170
603;12;24;101.089;82.730
603;24;12;101.089;93.290
604;12;24;85.134;66.210
604;24;12;85.134;76.770
605;12;25;106.902;78.210
605;25;12;106.902;89.120
606;12;25;91.805;68.570
606;25;12;91.805;79.480
607;12;26;88.076;76.520
607;26;12;88.076;87.470
608;12;26;85.340;84.230
608;26;12;85.340;95.180
609;12;27;91.546;82.570
609;27;12;91.546;94.330
610;12;27;102.566;61.780
610;27;12;102.566;73.540
611;12;27;97.190;69.620
611;27;12;97.190;81.380
612;12;28;96.362;85.310
612;28;12;96.362;97.070
613;12;29;31.387;4.870
613;29;12;76.387;77.940
614;12;29;25.794;13.060
614;29;12;70.794;86.130
615;13;14;74.821;85.070
615;14;13;74.821;85.980
616;13;14;80.749;76.430
616;14;13;80.749;77.340
617;13;14;79.248;87.180
617;14;13;79.248;88.090
618;13;15;97.433;85.610
618;15;13;97.433;87.370
619;13;15;85.415;90.460
619;15;13;85.415;92.220
620;13;16;59.020;75.980
620;16;13;59.020;77.890
621;13;16;58.721;80.780
621;16;13;58.721;82.690
622;13;16;58.843;71.210
622;16;13;58.843;73.120
623;13;17;116.810;92.440
623;17;13;116.810;95.090
624;13;17;110.817;85.750
624;17;13;110.817;88.400
625;13;17;103.791;79.780
625;17;13;103.791;82.430
626;13;18;52.549;75.840
626;18;13;52.549;78.670
627;13;18;51.106;71.440
627;18;13;51.106;74.270
628;13;19;79.348;68.860
628;19;13;79.348;73.080
629;13;19;71.185;71.740
629;19;13;71.185;75.960
630;13;20;91.481;82.300
630;20;13;91.481;87.270
631;13;21;80.092;80.620
631;21;13;80.092;87.910
632;13;21;82.397;80.790
632;21;13;82.397;88.080
633;13;22;77.620;80.120
633;22;13;77.620;87.830
634;13;22;79.039;73.070
634;22;13;79.039;80.780
635;13;22;83.888;74.290
635;22;13;83.888;82.000
636;13;23;140.389;86.920
636;23;13;140.389;94.660
637;13;23;153.876;88.000
637;23;13;153.876;95.740
638;13;23;160.808;68.030
638;23;13;160.808;75.770
639;13;24;55.905;81.220
639;24;13;55.905;90.200
640;13;25;57.000;71.710
640;25;13;57.000;81.040
641;13;25;56.930;72.320
641;25;13;56.930;81.650
642;13;25;54.973;70.090
642;25;13;54.973;79.420
643;13;26;67.821;79.540
643;26;13;67.821;88.910
644;13;26;69.215;80.110
644;26;13;69.215;89.480
645;13;26;63.370;69.720
645;26;13;63.370;79.090
646;13;27;57.858;66.330
646;27;13;57.858;76.510
647;13;28;51.869;85.420
647;28;13;51.869;95.600
648;13;28;53.340;67.960
648;28;13;53.340;78.140
649;13;29;22.688;12.930
649;29;13;67.688;84.420
650;14;15;110.343;72.420
650;15;14;110.343;73.270
651;14;15;125.938;93.420
651;15;14;125.938;94.270
652;14;15;124.245;71.170
652;15;14;124.245;72.020
653;14;16;71.057;79.180
653;16;14;71.057;80.180
654;14;16;67.348;89.920
654;16;14;67.348;90.920
655;14;17;89.461;69.870
655;17;14;89.461;71.610
656;14;18;77.940;81.510
656;18;14;77.940;83.430
657;14;18;76.792;93.300
657;18;14;76.792;95.220
658;14;18;82.479;82.640
658;18;14;82.479;84.560
659;14;19;52.406;68.530
659;19;14;52.406;71.840
660;14;20;86.226;91.020
660;20;14;86.226;95.080
661;14;21;50.893;84.550
661;21;14;50.893;90.930
662;14;22;47.805;83.610
662;22;14;47.805;90.410
663;14;22;48.087;66.510
663;22;14;48.087;73.310
664;14;22;47.730;71.660
664;22;14;47.730;78.460
665;14;23;112.493;72.250
665;23;14;112.493;79.080
666;14;23;114.856;80.600
666;23;14;114.856;87.430
667;14;24;64.032;81.620
667;24;14;64.032;89.690
668;14;24;61.862;67.190
668;24;14;61.862;75.260
669;14;25;72.982;68.200
669;25;14;72.982;76.620
670;14;25;66.284;84.860
670;25;14;66.284;93.280
671;14;25;77.215;77.860
671;25;14;77.215;86.280
672;14;26;52.708;63.240
672;26;14;52.708;71.700
673;14;27;62.198;61.880
673;27;14;62.198;71.150
674;14;27;60.320;71.850
674;27;14;60.320;81.120
675;14;28;68.020;72.840
675;28;14;68.020;82.110
676;14;29;27.562;14.730
676;29;14;72.562;85.310
677;15;16;110.940;85.640
677;16;15;110.940;85.790
678;15;17;128.961;74.780
678;17;15;128.961;75.670
679;15;17;135.110;75.080
679;17;15;135.110;75.970
680;15;17;126.556;86.440
680;17;15;126.556;87.330
681;15;18;104.115;86.100
681;18;15;104.115;87.170
682;15;19;117.712;89.770
682;19;15;117.712;92.230
683;15;20;142.767;84.250
683;20;15;142.767;87.460
684;15;21;111.540;89.120
684;21;15;111.540;94.650
685;15;21;119.277;83.300
685;21;15;119.277;88.830
686;15;21;124.074;82.980
686;21;15;124.074;88.510
687;15;22;111.963;79.540
687;22;15;111.963;85.490
688;15;23;149.258;74.040
688;23;15;149.258;80.020
689;15;23;175.295;75.630
689;23;15;175.295;81.610
690;15;23;169.559;70.860
690;23;15;169.559;76.840
691;15;24;101.809;87.250
691;24;15;101.809;94.470
692;15;24;107.151;77.070
692;24;15;107.151;84.290
693;15;24;114.763;75.860
693;24;15;114.763;83.080
694;15;25;87.748;62.260
694;25;15;87.748;69.830
695;15;25;95.821;71.750
695;25;15;95.821;79.320
696;15;26;108.550;83.240
696;26;15;108.550;90.850
697;15;26;111.885;79.430
697;26;15;111.885;87.040
698;15;26;100.339;72.610
698;26;15;100.339;80.220
699;15;27;103.090;61.550
699;27;15;103.090;69.970
700;15;27;102.671;69.650
700;27;15;102.671;78.070
701;15;28;98.424;71.860
701;28;15;98.424;80.280
702;15;28;110.810;67.350
702;28;15;110.810;75.770
703;15;28;109.269;84.690
703;28;15;109.269;93.110
704;15;29;74.442;13.590
704;29;15;119.442;83.320
705;15;29;59.568;4.410
705;29;15;104.568;74.140
706;15;29;69.976;2.580
706;29;15;114.976;72.310
707;16;17;115.506;87.690
707;17;16;115.506;88.430
708;16;18;55.457;74.560
708;18;16;55.457;75.480
709;16;18;54.519;77.610
709;18;16;54.519;78.530
710;16;19;72.607;73.060
710;19;16;72.607;75.370
711;16;19;69.669;67.430
711;19;16;69.669;69.740
712;16;19;67.937;74.260
712;19;16;67.937;76.570
713;16;20;77.461;70.770
713;20;16;77.461;73.830
714;16;21;76.950;68.460
714;21;16;76.950;73.840
715;16;21;74.952;79.880
715;21;16;74.952;85.260
716;16;22;73.640;78.530
716;22;16;73.640;84.330
717;16;22;67.616;79.380
717;22;16;67.616;85.180
718;16;22;75.804;85.380
718;22;16;75.804;91.180
719;16;23;138.521;66.860
719;23;16;138.521;72.690
720;16;24;56.693;72.960
720;24;16;56.693;80.030
721;16;24;56.099;67.640
721;24;16;56.099;74.710
722;16;24;57.552;70.070
722;24;16;57.552;77.140
723;16;25;68.636;79.350
723;25;16;68.636;86.770
724;16;25;70.975;81.000
724;25;16;70.975;88.420
725;16;26;63.422;62.180
725;26;16;63.422;69.640
726;16;26;67.346;81.010
726;26;16;67.346;88.470
727;16;26;62.262;86.370
727;26;16;62.262;93.830
728;16;27;56.952;76.560
728;27;16;56.952;84.830
729;16;28;58.091;67.800
729;28;16;58.091;76.070
730;16;28;59.821;75.990
730;28;16;59.821;84.260
731;16;29;8.671;22.900
731;29;16;53.671;92.480
732;16;29;8.734;15.110
732;29;16;53.734;84.690
733;17;18;121.504;87.400
733;18;17;121.504;87.580
734;17;18;131.891;82.150
734;18;17;131.891;82.330
735;17;19;89.819;69.000
735;19;17;89.819;70.570
736;17;19;89.641;69.170
736;19;17;89.641;70.740
737;17;20;122.761;86.440
737;20;17;122.761;88.760
738;17;20;116.135;79.600
738;20;17;116.135;81.920
739;17;20;140.344;78.520
739;20;17;140.344;80.840
740;17;21;83.570;77.980
740;21;17;83.570;82.620
741;17;21;74.531;85.420
741;21;17;74.531;90.060
742;17;21;85.878;68.920
742;21;17;85.878;73.560
743;17;22;86.967;72.340
743;22;17;86.967;77.400
744;17;23;68.616;69.630
744;23;17;68.616;74.720
745;17;23;68.908;66.700
745;23;17;68.908;71.790
746;17;23;70.399;66.640
746;23;17;70.399;71.730
747;17;24;107.083;77.670
747;24;17;107.083;84.000
748;17;24;117.074;73.130
748;24;17;117.074;79.460
749;17;25;109.996;85.100
749;25;17;109.996;91.780
750;17;25;125.169;65.530
750;25;17;125.169;72.210
751;17;26;97.091;74.680
751;26;17;97.091;81.400
752;17;26;96.953;84.120
752;26;17;96.953;90.840
753;17;26;86.723;85.870
753;26;17;86.723;92.590
754;17;27;105.572;81.580
754;27;17;105.572;89.110
755;17;27;90.792;70.230
755;27;17;90.792;77.760
756;17;28;110.084;81.650
756;28;17;110.084;89.180
757;17;28;106.178;65.670
757;28;17;106.178;73.200
758;17;28;115.429;61.900
758;28;17;115.429;69.430
759;17;29;71.350;1.300
759;29;17;116.350;70.140
760;18;19;81.110;90.310
760;19;18;81.110;91.700
761;18;20;86.710;90.450
761;20;18;86.710;92.590
762;18;20;80.479;91.030
762;20;18;80.479;93.170
763;18;21;83.629;81.390
763;21;18;83.629;85.850
764;18;22;80.714;63.800
764;22;18;80.714;68.680
765;18;22;81.081;72.380
765;22;18;81.081;77.260
766;18;22;89.323;86.590
766;22;18;89.323;91.470
767;18;23;144.932;73.650
767;23;18;144.932;78.560
768;18;24;59.427;76.640
768;24;18;59.427;82.790
769;18;25;64.544;69.130
769;25;18;64.544;75.630
770;18;25;69.055;64.290
770;25;18;69.055;70.790
771;18;26;70.351;69.390
771;26;18;70.351;75.930
772;18;27;60.964;83.700
772;27;18;60.964;91.050
773;18;27;62.202;69.000
773;27;18;62.202;76.350
774;18;27;59.681;71.540
774;27;18;59.681;78.890
775;18;28;57.165;66.800
775;28;18;57.165;74.150
776;18;29;18.315;2.490
776;29;18;63.315;71.150
777;19;20;81.092;81.900
777;20;19;81.092;82.650
778;19;21;54.199;71.590
778;21;19;54.199;74.660
779;19;21;51.972;87.040
779;21;19;51.972;90.110
780;19;22;51.556;84.520
780;22;19;51.556;88.010
781;19;22;52.240;68.690
781;22;19;52.240;72.180
782;19;22;51.610;76.050
782;22;19;51.610;79.540
783;19;23;111.937;70.070
783;23;19;111.937;73.590
784;19;24;68.479;75.670
784;24;19;68.479;80.430
785;19;24;64.448;81.460
785;24;19;64.448;86.220
786;19;24;64.963;83.670
786;24;19;64.963;88.430
787;19;25;79.368;67.750
787;25;19;79.368;72.860
788;19;25;73.075;69.970
788;25;19;73.075;75.080
789;19;25;75.099;70.920
789;25;19;75.099;76.030
790;19;26;56.648;69.730
790;26;19;56.648;74.880
791;19;27;66.505;64.710
791;27;19;66.505;70.670
792;19;28;72.876;79.170
792;28;19;72.876;85.130
793;19;29;26.736;17.620
793;29;19;71.736;84.890
794;19;29;21.672;17.080
794;29;19;66.672;84.350
795;20;21;90.169;87.160
795;21;20;90.169;89.480
796;20;22;86.989;66.890
796;22;20;86.989;69.630
797;20;23;142.123;80.510
797;23;20;142.123;83.280
798;20;23;146.386;84.200
798;23;20;146.386;86.970
799;20;24;86.065;65.480
799;24;20;86.065;69.490
800;20;24;84.714;78.810
800;24;20;84.714;82.820
801;20;25;100.020;66.750
801;25;20;100.020;71.110
802;20;25;89.586;71.380
802;25;20;89.586;75.740
803;20;26;82.779;70.520
803;26;20;82.779;74.920
804;20;26;90.614;64.510
804;26;20;90.614;68.910
805;20;26;82.735;68.540
805;26;20;82.735;72.940
806;20;27;84.989;68.760
806;27;20;84.989;73.970
807;20;27;78.074;72.870
807;27;20;78.074;78.080
808;20;28;89.356;86.280
808;28;20;89.356;91.490
809;20;28;99.089;71.810
809;28;20;99.089;77.020
810;20;28;87.003;67.660
810;28;20;87.003;72.870
811;20;29;23.796;20.010
811;29;20;68.796;86.530
812;21;22;48.558;75.310
812;22;21;48.558;75.730
813;21;22;48.933;70.360
813;22;21;48.933;70.780
814;21;23;106.618;84.350
814;23;21;106.618;84.800
815;21;24;69.494;75.890
815;24;21;69.494;77.580
816;21;24;68.738;67.390
816;24;21;68.738;69.080
817;21;25;76.901;79.770
817;25;21;76.901;81.810
818;21;26;58.572;72.720
818;26;21;58.572;74.800
819;21;26;60.664;78.190
819;26;21;60.664;80.270
820;21;26;55.494;74.130
820;26;21;55.494;76.210
821;21;27;67.745;75.150
821;27;21;67.745;78.040
822;21;28;73.231;66.230
822;28;21;73.231;69.120
823;21;28;66.255;84.180
823;28;21;66.255;87.070
824;21;29;33.232;1.630
824;29;21;78.232;65.830
825;21;29;30.165;3.490
825;29;21;75.165;67.690
826;22;23;109.881;81.540
826;23;22;109.881;81.570
827;22;24;66.837;81.920
827;24;22;66.837;83.190
828;22;25;75.495;87.060
828;25;22;75.495;88.680
829;22;25;80.779;68.760
829;25;22;80.779;70.380
830;22;26;55.416;74.630
830;26;22;55.416;76.290
831;22;26;55.540;75.030
831;26;22;55.540;76.690
832;22;26;53.511;68.530
832;26;22;53.511;70.190
833;22;27;65.000;73.420
833;27;22;65.000;75.890
834;22;27;60.905;62.240
834;27;22;60.905;64.710
835;22;28;70.811;63.600
835;28;22;70.811;66.070
836;22;28;64.755;63.210
836;28;22;64.755;65.680
837;22;28;72.435;76.590
837;28;22;72.435;79.060
838;22;29;29.690;24.880
838;29;22;74.690;88.660
839;23;24;130.535;64.860
839;24;23;130.535;66.100
840;23;24;118.690;85.450
840;24;23;118.690;86.690
841;23;25;133.556;69.040
841;25;23;133.556;70.630
842;23;26;120.189;70.600
842;26;23;120.189;72.230
843;23;27;128.972;70.210
843;27;23;128.972;72.650
844;23;27;148.226;74.610
844;27;23;148.226;77.050
845;23;28;133.638;84.200
845;28;23;133.638;86.640
846;23;28;143.724;79.320
846;28;23;143.724;81.760
847;23;28;155.711;61.820
847;28;23;155.711;64.260
848;23;29;93.673;11.140
848;29;23;138.673;74.890
849;23;29;83.888;21.160
849;29;23;128.888;84.910
850;23;29;96.880;19.240
850;29;23;141.880;82.990
851;24;25;59.157;79.880
851;25;24;59.157;80.230
852;24;25;57.089;71.810
852;25;24;57.089;72.160
853;24;25;57.929;73.420
853;25;24;57.929;73.770
854;24;26;56.916;83.180
854;26;24;56.916;83.570
855;24;26;57.404;71.470
855;26;24;57.404;71.860
856;24;26;59.799;73.410
856;26;24;59.799;73.800
857;24;27;46.983;71.290
857;27;24;46.983;72.490
858;24;28;49.534;75.900
858;28;24;49.534;77.100
859;24;28;49.465;70.900
859;28;24;49.465;72.100
860;24;28;49.439;85.280
860;28;24;49.439;86.480
861;24;29;18.686;22.660
861;29;24;63.686;85.170
862;24;29;22.771;20.760
862;29;24;67.771;83.270
863;25;26;68.195;86.580
863;26;25;68.195;86.620
864;25;27;60.628;70.240
864;27;25;60.628;71.090
865;25;28;55.724;63.030
865;28;25;55.724;63.880
866;25;28;56.372;71.840
866;28;25;56.372;72.690
867;25;29;31.884;13.140
867;29;25;76.884;75.300
868;25;29;33.725;10.600
868;29;25;78.725;72.760
869;26;27;54.969;66.940
869;27;26;54.969;67.750
870;26;27;54.072;84.930
870;27;26;54.072;85.740
871;26;28;61.247;66.170
871;28;26;61.247;66.980
872;26;29;20.827;6.420
872;29;26;65.827;68.540
873;27;28;51.494;83.680
873;28;27;51.494;83.680
874;27;28;49.987;62.660
874;28;27;49.987;62.660
875;27;28;51.802;63.220
875;28;27;51.802;63.220
876;27;29;18.196;24.890
876;29;27;63.196;86.200
877;28;29;21.172;16.490
877;29;28;66.172;77.800
878;28;29;26.079;3.210
878;29;28;71.079;64.520
879;28;29;20.872;5.970
879;29;28;65.872;67.280
