30
300.0
0;0;1;68.796;109.010
0;1;0;23.796;9.980
1;0;2;67.688;109.750
1;2;0;22.688;23.480
2;0;2;70.251;91.640
2;2;0;25.251;5.370
3;0;3;94.491;103.540
3;3;0;49.491;20.530
4;0;3;101.154;90.100
4;3;0;56.154;7.090
5;0;3;99.402;93.670
5;3;0;54.402;10.660
6;0;4;73.285;86.520
6;4;0;28.285;4.410
7;0;4;78.461;100.180
7;4;0;33.461;18.070
8;0;5;53.647;79.320
8;5;0;8.647;1.240
9;0;6;77.509;95.190
9;6;0;32.509;17.780
10;0;6;79.398;89.440
10;6;0;34.398;12.030
11;0;6;85.542;77.590
11;6;0;40.542;0.180
12;0;7;75.107;94.210
12;7;0;30.107;16.860
13;0;7;71.956;78.590
13;7;0;26.956;1.240
14;0;8;62.194;100.710
14;8;0;17.194;24.290
15;0;9;90.309;88.680
15;9;0;45.309;13.180
16;0;9;97.129;95.240
16;9;0;52.129;19.740
17;0;9;82.521;84.640
17;9;0;37.521;9.140
18;0;10;81.549;91.880
18;10;0;36.549;17.930
19;0;10;79.433;89.860
19;10;0;34.433;15.910
20;0;10;85.145;97.280
20;10;0;40.145;23.330
21;0;11;67.496;87.540
21;11;0;22.496;14.300
22;0;12;124.572;76.650
22;12;0;79.572;6.310
23;0;13;64.222;89.830
23;13;0;19.222;19.630
24;0;13;59.922;85.760
24;13;0;14.922;15.560
25;0;14;72.562;93.730
25;14;0;27.562;23.620
26;0;14;72.547;90.230
26;14;0;27.547;20.120
27;0;14;69.661;81.150
27;14;0;24.661;11.040
28;0;15;76.387;71.350
28;15;0;31.387;1.590
29;0;15;81.181;84.640
29;15;0;36.181;14.880
30;0;15;74.709;86.690
30;15;0;29.709;16.930
31;0;16;138.673;69.330
31;16;0;93.673;0.750
32;0;16;150.632;69.830
32;16;0;105.632;1.250
33;0;17;63.196;71.610
33;17;0;18.196;4.530
34;0;18;119.442;88.480
34;18;0;74.442;22.130
35;0;18;114.984;87.840
35;18;0;69.984;21.490
36;0;19;54.829;64.410
36;19;0;9.829;1.210
37;0;19;55.563;70.520
37;19;0;10.563;7.320
38;0;19;53.431;73.550
38;19;0;8.431;10.350
39;0;20;63.315;87.260
39;20;0;18.315;24.840
40;0;21;63.520;77.540
40;21;0;18.520;16.130
41;0;21;60.158;73.990
41;21;0;15.158;12.580
42;0;22;116.350;61.530
42;22;0;71.350;0.950
43;0;23;70.336;84.820
43;23;0;25.336;24.800
44;0;24;63.686;82.750
44;24;0;18.686;22.810
45;0;24;64.564;72.790
45;24;0;19.564;12.850
46;0;25;51.651;75.690
46;25;0;6.651;16.070
47;0;25;53.249;78.310
47;25;0;8.249;18.690
48;0;26;65.827;62.820
48;26;0;20.827;3.800
49;0;26;65.890;63.290
49;26;0;20.890;4.270
50;0;26;68.683;79.010
50;26;0;23.683;19.990
51;0;27;121.973;81.160
51;27;0;76.973;22.390
52;0;28;63.520;83.030
52;28;0;18.520;24.370
53;0;29;0.000;12.790
53;29;0;0.000;12.790
54;1;2;91.481;96.960
54;2;1;91.481;109.720
55;1;3;110.336;93.670
55;3;1;110.336;109.690
56;1;4;51.988;101.090
56;4;1;51.988;118.010
57;1;5;76.730;87.970
57;5;1;76.730;108.920
58;1;5;77.266;93.950
58;5;1;77.266;114.900
59;1;6;100.131;100.700
59;6;1;100.131;122.320
60;1;6;111.203;97.850
60;6;1;111.203;119.470
61;1;7;89.354;77.750
61;7;1;89.354;99.430
62;1;7;81.123;101.030
62;7;1;81.123;122.710
63;1;7;90.843;91.410
63;7;1;90.843;113.090
64;1;8;84.892;84.530
64;8;1;84.892;107.140
65;1;8;85.815;81.040
65;8;1;85.815;103.650
66;1;8;76.713;77.910
66;8;1;76.713;100.520
67;1;9;113.670;78.130
67;9;1;113.670;101.660
68;1;9;124.189;84.630
68;9;1;124.189;108.160
69;1;10;91.542;82.310
69;10;1;91.542;107.390
70;1;10;96.117;88.590
70;10;1;96.117;113.670
71;1;10;97.385;96.130
71;10;1;97.385;121.210
72;1;11;90.080;80.870
72;11;1;90.080;106.660
73;1;12;147.414;83.020
73;12;1;147.414;111.710
74;1;12;150.553;91.270
74;12;1;150.553;119.960
75;1;12;131.033;89.900
75;12;1;131.033;118.590
76;1;13;64.619;90.170
76;13;1;64.619;119.000
77;1;13;64.480;91.320
77;13;1;64.480;120.150
78;1;14;86.226;92.330
78;14;1;86.226;121.250
79;1;14;96.086;90.430
79;14;1;96.086;119.350
80;1;14;89.824;79.230
80;14;1;89.824;108.150
81;1;15;53.115;81.630
81;15;1;53.115;110.900
82;1;15;51.589;77.440
82;15;1;51.589;106.710
83;1;16;142.123;87.520
83;16;1;142.123;117.970
84;1;16;160.567;74.660
84;16;1;160.567;105.110
85;1;16;135.784;74.300
85;16;1;135.784;104.750
86;1;17;84.989;74.840
86;17;1;84.989;106.790
87;1;17;93.364;87.590
87;17;1;93.364;119.540
88;1;18;142.767;74.660
88;18;1;142.767;107.340
89;1;19;74.708;77.670
89;19;1;74.708;113.500
90;1;19;68.115;78.240
90;19;1;68.115;114.070
91;1;20;86.710;79.680
91;20;1;86.710;116.290
92;1;20;80.164;70.620
92;20;1;80.164;107.230
93;1;20;81.203;65.470
93;20;1;81.203;102.080
94;1;21;85.525;64.790
94;21;1;85.525;102.410
95;1;21;90.679;85.610
95;21;1;90.679;123.230
96;1;21;91.109;61.720
96;21;1;91.109;99.340
97;1;22;122.761;78.080
97;22;1;122.761;116.530
98;1;22;138.836;82.710
98;22;1;138.836;121.160
99;1;22;127.544;61.560
99;22;1;127.544;100.010
100;1;23;53.171;72.350
100;23;1;53.171;111.360
101;1;23;54.138;82.780
101;23;1;54.138;121.790
102;1;23;52.794;80.770
102;23;1;52.794;119.780
103;1;24;86.065;64.570
103;24;1;86.065;103.660
104;1;24;88.221;82.200
104;24;1;88.221;121.290
105;1;25;71.558;75.730
105;25;1;71.558;115.140
106;1;25;76.541;69.080
106;25;1;76.541;108.490
107;1;26;82.779;79.200
107;26;1;82.779;119.210
108;1;27;132.213;71.830
108;27;1;132.213;112.090
109;1;28;85.525;80.010
109;28;1;85.525;120.380
110;1;29;23.796;15.450
110;29;1;68.796;114.480
111;2;3;86.520;103.200
111;3;2;86.520;106.460
112;2;3;86.238;96.020
112;3;2;86.238;99.280
113;2;4;95.763;96.330
113;4;2;95.763;100.490
114;2;4;93.663;95.580
114;4;2;93.663;99.740
115;2;4;106.310;103.510
115;4;2;106.310;107.670
116;2;5;60.381;95.850
116;5;2;60.381;104.040
117;2;5;60.761;82.750
117;5;2;60.761;90.940
118;2;5;60.950;83.210
118;5;2;60.950;91.400
119;2;6;59.400;94.780
119;6;2;59.400;103.640
120;2;6;62.030;90.890
120;6;2;62.030;99.750
121;2;7;75.314;95.640
121;7;2;75.314;104.560
122;2;7;80.817;90.870
122;7;2;80.817;99.790
123;2;8;55.323;95.350
123;8;2;55.323;105.200
124;2;9;68.621;80.720
124;9;2;68.621;91.490
125;2;9;69.199;94.070
125;9;2;69.199;104.840
126;2;9;70.429;98.450
126;9;2;70.429;109.220
127;2;10;84.488;87.820
127;10;2;84.488;100.140
128;2;10;89.399;75.120
128;10;2;89.399;87.440
129;2;11;54.749;84.640
129;11;2;54.749;97.670
130;2;11;54.654;79.270
130;11;2;54.654;92.300
131;2;12;103.279;70.800
131;12;2;103.279;86.730
132;2;13;82.763;82.890
132;13;2;82.763;98.960
133;2;14;74.821;70.570
133;14;2;74.821;86.730
134;2;14;74.617;91.150
134;14;2;74.617;107.310
135;2;15;98.965;77.670
135;15;2;98.965;94.180
136;2;16;140.389;90.110
136;16;2;140.389;107.800
137;2;16;156.534;82.910
137;16;2;156.534;100.600
138;2;17;57.858;73.310
138;17;2;57.858;92.500
139;2;17;55.193;70.310
139;17;2;55.193;89.500
140;2;18;97.433;88.530
140;18;2;97.433;108.450
141;2;19;64.811;78.730
141;19;2;64.811;101.800
142;2;19;61.396;68.840
142;19;2;61.396;91.910
143;2;19;67.318;67.600
143;19;2;67.318;90.670
144;2;20;52.549;68.440
144;20;2;52.549;92.290
145;2;20;52.907;82.700
145;20;2;52.907;106.550
146;2;20;53.264;79.700
146;20;2;53.264;103.550
147;2;21;57.156;82.650
147;21;2;57.156;107.510
148;2;21;55.825;65.130
148;21;2;55.825;89.990
149;2;22;116.810;80.930
149;22;2;116.810;106.620
150;2;23;92.282;74.520
150;23;2;92.282;100.770
151;2;23;102.538;77.480
151;23;2;102.538;103.730
152;2;24;55.905;62.140
152;24;2;55.905;88.470
153;2;25;66.487;78.870
153;25;2;66.487;105.520
154;2;26;67.821;78.160
154;26;2;67.821;105.410
155;2;26;65.179;67.260
155;26;2;65.179;94.510
156;2;26;70.269;83.360
156;26;2;70.269;110.610
157;2;27;117.778;68.290
157;27;2;117.778;95.790
158;2;28;57.156;68.370
158;28;2;57.156;95.980
159;2;28;55.722;82.530
159;28;2;55.722;110.140
160;2;29;22.688;15.570
160;29;2;67.688;101.840
161;2;29;21.662;16.420
161;29;2;66.662;102.690
162;2;29;17.361;10.890
162;29;2;62.361;97.160
163;3;4;117.069;99.820
163;4;3;117.069;100.720
164;3;4;101.999;104.240
164;4;3;101.999;105.140
165;3;5;87.276;89.490
165;5;3;87.276;94.420
166;3;5;79.252;92.640
166;5;3;79.252;97.570
167;3;6;74.022;78.900
167;6;3;74.022;84.500
168;3;7;65.984;81.630
168;7;3;65.984;87.290
169;3;7;68.767;77.610
169;7;3;68.767;83.270
170;3;7;66.310;86.670
170;7;3;66.310;92.330
171;3;8;80.845;93.300
171;8;3;80.845;99.890
172;3;8;84.179;100.370
172;8;3;84.179;106.960
173;3;8;79.693;95.540
173;8;3;79.693;102.130
174;3;9;80.955;87.480
174;9;3;80.955;94.990
175;3;9;72.896;100.480
175;9;3;72.896;107.990
176;3;9;77.359;95.880
176;9;3;77.359;103.390
177;3;10;66.570;87.120
177;10;3;66.570;96.180
178;3;11;77.528;95.920
178;11;3;77.528;105.690
179;3;11;71.276;94.470
179;11;3;71.276;104.240
180;3;11;83.508;96.370
180;11;3;83.508;106.140
181;3;12;96.851;75.650
181;12;3;96.851;88.320
182;3;12;95.074;70.780
182;12;3;95.074;83.450
183;3;13;113.662;75.230
183;13;3;113.662;88.040
184;3;13;124.340;94.470
184;13;3;124.340;107.280
185;3;14;69.109;95.040
185;14;3;69.109;107.940
186;3;14;70.067;81.530
186;14;3;70.067;94.430
187;3;15;114.299;77.580
187;15;3;114.299;90.830
188;3;15;106.023;73.310
188;15;3;106.023;86.560
189;3;16;102.209;70.430
189;16;3;102.209;84.860
190;3;17;78.322;74.910
190;17;3;78.322;90.840
191;3;17;84.106;81.090
191;17;3;84.106;97.020
192;3;17;77.841;74.300
192;17;3;77.841;90.230
193;3;18;97.504;79.370
193;18;3;97.504;96.030
194;3;18;104.535;84.640
194;18;3;104.535;101.300
195;3;18;105.970;71.260
195;18;3;105.970;87.920
196;3;19;84.694;77.340
196;19;3;84.694;97.150
197;3;20;92.752;85.550
197;20;3;92.752;106.140
198;3;20;99.841;84.120
198;20;3;99.841;104.710
199;3;20;104.586;87.370
199;20;3;104.586;107.960
200;3;21;78.457;72.450
200;21;3;78.457;94.050
201;3;21;82.881;72.620
201;21;3;82.881;94.220
202;3;22;79.185;73.120
202;22;3;79.185;95.550
203;3;22;87.054;71.220
203;22;3;87.054;93.650
204;3;22;87.339;83.630
204;22;3;87.339;106.060
205;3;23;105.577;74.520
205;23;3;105.577;97.510
206;3;24;79.129;84.500
206;24;3;79.129;107.570
207;3;24;73.200;62.400
207;24;3;73.200;85.470
208;3;24;70.835;66.280
208;24;3;70.835;89.350
209;3;25;88.091;65.000
209;25;3;88.091;88.390
210;3;26;73.902;80.230
210;26;3;73.902;104.220
211;3;27;76.549;81.710
211;27;3;76.549;105.950
212;3;27;76.908;77.160
212;27;3;76.908;101.400
213;3;28;78.457;60.690
213;28;3;78.457;85.040
214;3;28;73.664;70.950
214;28;3;73.664;95.300
215;3;28;78.795;74.110
215;28;3;78.795;98.460
216;3;29;49.491;19.920
216;29;3;94.491;102.930
217;3;29;59.284;6.100
217;29;3;104.284;89.110
218;3;29;39.795;19.170
218;29;3;84.795;102.180
219;4;5;81.692;82.890
219;5;4;81.692;86.920
220;4;5;73.647;97.680
220;5;4;73.647;101.710
221;4;5;88.203;102.690
221;5;4;88.203;106.720
222;4;6;105.469;83.230
222;6;4;105.469;87.930
223;4;6;93.642;98.360
223;6;4;93.642;103.060
224;4;6;106.049;91.940
224;6;4;106.049;96.640
225;4;7;96.088;101.750
225;7;4;96.088;106.510
226;4;7;85.821;79.710
226;7;4;85.821;84.470
227;4;7;93.833;100.990
227;7;4;93.833;105.750
228;4;8;90.108;90.900
228;8;4;90.108;96.590
229;4;8;89.370;87.970
229;8;4;89.370;93.660
230;4;8;87.135;77.670
230;8;4;87.135;83.360
231;4;9;118.587;96.490
231;9;4;118.587;103.100
232;4;10;98.504;85.850
232;10;4;98.504;94.010
233;4;10;111.166;97.290
233;10;4;111.166;105.450
234;4;10;95.682;96.590
234;10;4;95.682;104.750
235;4;11;95.384;76.020
235;11;4;95.384;84.890
236;4;11;94.791;95.790
236;11;4;94.791;104.660
237;4;12;152.715;88.070
237;12;4;152.715;99.840
238;4;12;176.255;90.310
238;12;4;176.255;102.080
239;4;12;132.348;87.860
239;12;4;132.348;99.630
240;4;13;63.721;76.710
240;13;4;63.721;88.620
241;4;13;68.200;79.390
241;13;4;68.200;91.300
242;4;13;64.098;93.410
242;13;4;64.098;105.320
243;4;14;92.972;91.590
243;14;4;92.972;103.590
244;4;14;91.106;74.910
244;14;4;91.106;86.910
245;4;14;91.836;71.350
245;14;4;91.836;83.350
246;4;15;54.760;83.940
246;15;4;54.760;96.290
247;4;15;55.822;70.050
247;15;4;55.822;82.400
248;4;15;53.080;84.500
248;15;4;53.080;96.850
249;4;16;148.777;69.200
249;16;4;148.777;82.730
250;4;17;90.512;91.470
250;17;4;90.512;106.500
251;4;17;95.975;73.980
251;17;4;95.975;89.010
252;4;17;96.482;87.530
252;17;4;96.482;102.560
253;4;18;147.722;83.790
253;18;4;147.722;99.550
254;4;18;152.114;69.790
254;18;4;152.114;85.550
255;4;19;80.398;79.290
255;19;4;80.398;98.200
256;4;20;90.296;79.950
256;20;4;90.296;99.640
257;4;20;82.495;77.900
257;20;4;82.495;97.590
258;4;20;94.614;83.910
258;20;4;94.614;103.600
259;4;21;90.992;74.720
259;21;4;90.992;95.420
260;4;21;97.534;80.980
260;21;4;97.534;101.680
261;4;21;89.372;61.800
261;21;4;89.372;82.500
262;4;22;129.661;71.120
262;22;4;129.661;92.650
263;4;22;128.156;81.750
263;22;4;128.156;103.280
264;4;22;136.145;82.700
264;22;4;136.145;104.230
265;4;23;59.458;68.480
265;23;4;59.458;90.570
266;4;24;91.414;84.410
266;24;4;91.414;106.580
267;4;24;94.299;79.970
267;24;4;94.299;102.140
268;4;24;84.921;84.690
268;24;4;84.921;106.860
269;4;25;77.067;72.610
269;25;4;77.067;95.100
270;4;25;72.145;81.400
270;25;4;72.145;103.890
271;4;26;89.149;61.750
271;26;4;89.149;84.840
272;4;27;139.200;61.410
272;27;4;139.200;84.750
273;4;27;129.340;59.980
273;27;4;129.340;83.320
274;4;28;90.992;78.280
274;28;4;90.992;101.730
275;4;28;96.949;61.390
275;28;4;96.949;84.840
276;4;28;91.697;71.520
276;28;4;91.697;94.970
277;4;29;28.285;1.990
277;29;4;73.285;84.100
278;4;29;26.832;1.850
278;29;4;71.832;83.960
279;5;6;68.885;88.920
279;6;5;68.885;89.590
280;5;6;70.936;90.450
280;6;5;70.936;91.120
281;5;7;69.444;79.500
281;7;5;69.444;80.230
282;5;7;71.776;81.650
282;7;5;71.776;82.380
283;5;8;53.547;96.820
283;8;5;53.547;98.480
284;5;8;55.581;98.810
284;8;5;55.581;100.470
285;5;8;54.608;76.620
285;8;5;54.608;78.280
286;5;9;81.967;78.130
286;9;5;81.967;80.710
287;5;9;77.260;83.770
287;9;5;77.260;86.350
288;5;10;77.233;78.110
288;10;5;77.233;82.240
289;5;10;69.578;77.820
289;10;5;69.578;81.950
290;5;11;58.852;79.900
290;11;5;58.852;84.740
291;5;11;58.208;95.580
291;11;5;58.208;100.420
292;5;12;116.038;72.910
292;12;5;116.038;80.650
293;5;12;120.646;91.570
293;12;5;120.646;99.310
294;5;13;72.272;84.870
294;13;5;72.272;92.750
295;5;13;78.201;93.510
295;13;5;78.201;101.390
296;5;13;73.538;85.110
296;13;5;73.538;92.990
297;5;14;67.457;94.290
297;14;5;67.457;102.260
298;5;15;83.904;71.600
298;15;5;83.904;79.920
299;5;16;134.874;72.740
299;16;5;134.874;82.240
300;5;17;54.733;68.210
300;17;5;54.733;79.210
301;5;17;55.730;75.720
301;17;5;55.730;86.720
302;5;17;52.864;82.780
302;17;5;52.864;93.780
303;5;18;111.092;75.530
303;18;5;111.092;87.260
304;5;19;50.626;85.310
304;19;5;50.626;100.190
305;5;19;51.007;76.650
305;19;5;51.007;91.530
306;5;20;58.400;75.840
306;20;5;58.400;91.500
307;5;20;56.381;80.630
307;20;5;56.381;96.290
308;5;20;56.824;69.830
308;20;5;56.824;85.490
309;5;21;54.975;78.910
309;21;5;54.975;95.580
310;5;22;111.918;85.340
310;22;5;111.918;102.840
311;5;22;110.087;73.990
311;22;5;110.087;91.490
312;5;23;76.945;83.250
312;23;5;76.945;101.310
313;5;23;69.933;60.770
313;23;5;69.933;78.830
314;5;23;79.400;72.300
314;23;5;79.400;90.360
315;5;24;55.056;72.880
315;24;5;55.056;91.020
316;5;24;52.641;66.080
316;24;5;52.641;84.220
317;5;25;51.171;75.440
317;25;5;51.171;93.900
318;5;25;50.248;77.140
318;25;5;50.248;95.600
319;5;26;59.887;71.370
319;26;5;59.887;90.430
320;5;26;59.168;78.030
320;26;5;59.168;97.090
321;5;26;57.704;63.900
321;26;5;57.704;82.960
322;5;27;116.122;59.190
322;27;5;116.122;78.500
323;5;28;54.975;72.660
323;28;5;54.975;92.080
324;5;28;57.193;60.830
324;28;5;57.193;80.250
325;5;29;8.647;10.100
325;29;5;53.647;88.180
326;5;29;9.406;22.100
326;29;5;54.406;100.180
327;5;29;9.915;20.180
327;29;5;54.915;98.260
328;6;7;69.601;79.670
328;7;6;69.601;79.730
329;6;7;71.171;97.010
329;7;6;71.171;97.070
330;6;8;60.372;79.310
330;8;6;60.372;80.300
331;6;8;58.299;83.150
331;8;6;58.299;84.140
332;6;9;59.501;91.900
332;9;6;59.501;93.810
333;6;9;62.129;84.990
333;9;6;62.129;86.900
334;6;9;59.919;94.610
334;9;6;59.919;96.520
335;6;10;78.419;87.230
335;10;6;78.419;90.690
336;6;10;77.636;89.580
336;10;6;77.636;93.040
337;6;11;55.085;86.980
337;11;6;55.085;91.150
338;6;11;56.523;83.280
338;11;6;56.523;87.450
339;6;12;92.290;81.130
339;12;6;92.290;88.200
340;6;12;80.759;91.520
340;12;6;80.759;98.590
341;6;13;95.168;81.380
341;13;6;95.168;88.590
342;6;13;98.534;88.150
342;13;6;98.534;95.360
343;6;14;70.644;86.890
343;14;6;70.644;94.190
344;6;14;76.532;79.660
344;14;6;76.532;86.960
345;6;14;66.870;73.080
345;14;6;66.870;80.380
346;6;15;106.754;71.950
346;15;6;106.754;79.600
347;6;15;96.764;75.160
347;15;6;96.764;82.810
348;6;16;130.235;93.060
348;16;6;130.235;101.890
349;6;16;127.926;73.610
349;16;6;127.926;82.440
350;6;16;119.138;88.640
350;16;6;119.138;97.470
351;6;17;60.208;72.720
351;17;6;60.208;83.050
352;6;17;58.869;86.800
352;17;6;58.869;97.130
353;6;17;61.593;87.150
353;17;6;61.593;97.480
354;6;18;87.910;70.590
354;18;6;87.910;81.650
355;6;18;97.749;89.770
355;18;6;97.749;100.830
356;6;19;70.526;83.930
356;19;6;70.526;98.140
357;6;19;64.660;70.200
357;19;6;64.660;84.410
358;6;19;75.503;70.190
358;19;6;75.503;84.400
359;6;20;66.825;78.050
359;20;6;66.825;93.040
360;6;20;69.610;76.180
360;20;6;69.610;91.170
361;6;21;59.627;71.900
361;21;6;59.627;87.900
362;6;22;106.687;69.130
362;22;6;106.687;85.960
363;6;23;98.966;80.760
363;23;6;98.966;98.150
364;6;24;59.075;75.680
364;24;6;59.075;93.150
365;6;24;60.954;75.120
365;24;6;60.954;92.590
366;6;25;73.573;67.430
366;25;6;73.573;85.220
367;6;25;73.311;73.640
367;25;6;73.311;91.430
368;6;25;71.097;63.190
368;25;6;71.097;80.980
369;6;26;66.551;63.660
369;26;6;66.551;82.050
370;6;27;105.565;64.420
370;27;6;105.565;83.060
371;6;28;59.627;73.630
371;28;6;59.627;92.380
372;6;28;62.432;77.670
372;28;6;62.432;96.420
373;6;28;59.125;80.640
373;28;6;59.125;99.390
374;6;29;32.509;4.770
374;29;6;77.509;82.180
375;6;29;27.834;14.680
375;29;6;72.834;92.090
376;7;8;66.053;83.010
376;8;7;66.053;83.940
377;7;8;66.258;87.050
377;8;7;66.258;87.980
378;7;8;70.355;87.580
378;8;7;70.355;88.510
379;7;9;82.998;80.890
379;9;7;82.998;82.740
380;7;10;54.238;93.790
380;10;7;54.238;97.190
381;7;10;55.540;98.620
381;10;7;55.540;102.020
382;7;10;54.967;82.820
382;10;7;54.967;86.220
383;7;11;65.740;87.210
383;11;7;65.740;91.320
384;7;11;70.850;83.940
384;11;7;70.850;88.050
385;7;12;110.123;79.400
385;12;7;110.123;86.410
386;7;12;125.751;87.730
386;12;7;125.751;94.740
387;7;12;111.359;78.950
387;12;7;111.359;85.960
388;7;13;93.824;93.770
388;13;7;93.824;100.920
389;7;13;87.233;71.170
389;13;7;87.233;78.320
390;7;13;91.241;88.620
390;13;7;91.241;95.770
391;7;14;48.134;74.070
391;14;7;48.134;81.310
392;7;14;47.705;82.840
392;14;7;47.705;90.080
393;7;15;93.521;78.840
393;15;7;93.521;86.430
394;7;16;110.940;81.650
394;16;7;110.940;90.420
395;7;16;120.197;69.770
395;16;7;120.197;78.540
396;7;16;126.138;70.430
396;16;7;126.138;79.200
397;7;17;63.125;82.920
397;17;7;63.125;93.190
398;7;17;62.378;70.450
398;17;7;62.378;80.720
399;7;17;61.035;83.920
399;17;7;61.035;94.190
400;7;18;108.137;81.220
400;18;7;108.137;92.220
401;7;19;65.413;68.520
401;19;7;65.413;82.670
402;7;19;64.880;74.920
402;19;7;64.880;89.070
403;7;19;64.845;84.260
403;19;7;64.845;98.410
404;7;20;79.073;82.140
404;20;7;79.073;97.070
405;7;20;82.935;67.570
405;20;7;82.935;82.500
406;7;20;86.726;75.860
406;20;7;86.726;90.790
407;7;21;63.660;69.270
407;21;7;63.660;85.210
408;7;22;87.679;80.340
408;22;7;87.679;97.110
409;7;23;84.813;76.280
409;23;7;84.813;93.610
410;7;23;83.053;71.550
410;23;7;83.053;88.880
411;7;23;89.942;76.320
411;23;7;89.942;93.650
412;7;24;64.813;64.920
412;24;7;64.813;82.330
413;7;24;67.581;82.160
413;24;7;67.581;99.570
414;7;24;64.683;65.030
414;24;7;64.683;82.440
415;7;25;68.466;74.630
415;25;7;68.466;92.360
416;7;25;65.000;80.050
416;25;7;65.000;97.780
417;7;26;54.569;68.070
417;26;7;54.569;86.400
418;7;27;91.911;60.510
418;27;7;91.911;79.090
419;7;27;103.095;76.650
419;27;7;103.095;95.230
420;7;28;63.660;67.220
420;28;7;63.660;85.910
421;7;28;60.212;64.320
421;28;7;60.212;83.010
422;7;28;61.686;81.600
422;28;7;61.686;100.290
423;7;29;30.107;10.690
423;29;7;75.107;88.040
424;7;29;35.190;2.840
424;29;7;80.190;80.190
425;8;9;73.859;95.870
425;9;8;73.859;96.790
426;8;9;70.076;98.030
426;9;8;70.076;98.950
427;8;9;71.938;99.470
427;9;8;71.938;100.390
428;8;10;74.973;77.910
428;10;8;74.973;80.380
429;8;11;50.307;74.990
429;11;8;50.307;78.170
430;8;11;50.915;82.320
430;11;8;50.915;85.500
431;8;11;49.722;78.420
431;11;8;49.722;81.600
432;8;12;107.614;94.370
432;12;8;107.614;100.450
433;8;12;120.902;91.310
433;12;8;120.902;97.390
434;8;12;92.572;75.010
434;12;8;92.572;81.090
435;8;13;80.483;75.080
435;13;8;80.483;81.300
436;8;13;74.569;84.740
436;13;8;74.569;90.960
437;8;14;65.072;78.720
437;14;8;65.072;85.030
438;8;14;69.720;81.870
438;14;8;69.720;88.180
439;8;15;91.758;72.250
439;15;8;91.758;78.910
440;8;16;131.899;87.940
440;16;8;131.899;95.780
441;8;16;134.606;87.630
441;16;8;134.606;95.470
442;8;17;47.930;72.290
442;17;8;47.930;81.630
443;8;18;102.892;76.670
443;18;8;102.892;86.740
444;8;19;55.748;66.800
444;19;8;55.748;80.020
445;8;19;56.917;70.160
445;19;8;56.917;83.380
446;8;19;54.665;73.950
446;19;8;54.665;87.170
447;8;20;58.035;62.460
447;20;8;58.035;76.460
448;8;20;58.983;69.670
448;20;8;58.983;83.670
449;8;21;47.493;64.480
449;21;8;47.493;79.490
450;8;22;108.490;80.370
450;22;8;108.490;96.210
451;8;22;109.193;74.730
451;22;8;109.193;90.570
452;8;23;84.311;69.560
452;23;8;84.311;85.960
453;8;23;85.133;82.410
453;23;8;85.133;98.810
454;8;23;91.525;62.790
454;23;8;91.525;79.190
455;8;24;46.755;74.180
455;24;8;46.755;90.660
456;8;24;47.180;60.050
456;24;8;47.180;76.530
457;8;25;58.413;75.160
457;25;8;58.413;91.960
458;8;26;57.704;81.650
458;26;8;57.704;99.050
459;8;26;55.376;70.250
459;26;8;55.376;87.650
460;8;26;56.998;59.170
460;26;8;56.998;76.570
461;8;27;111.028;69.240
461;27;8;111.028;86.890
462;8;27;120.891;78.030
462;27;8;120.891;95.680
463;8;27;102.680;61.540
463;27;8;102.680;79.190
464;8;28;47.493;59.060
464;28;8;47.493;76.820
465;8;28;48.026;61.800
465;28;8;48.026;79.560
466;8;28;47.655;74.370
466;28;8;47.655;92.130
467;8;29;17.194;18.860
467;29;8;62.194;95.280
468;9;10;91.181;88.540
468;10;9;91.181;90.090
469;9;11;68.888;89.970
469;11;9;68.888;92.230
470;9;11;68.457;89.510
470;11;9;68.457;91.770
471;9;12;79.657;78.800
471;12;9;79.657;83.960
472;9;12;80.578;78.800
472;12;9;80.578;83.960
473;9;13;106.384;81.620
473;13;9;106.384;86.920
474;9;14;84.493;89.490
474;14;9;84.493;94.880
475;9;14;90.286;82.070
475;14;9;90.286;87.460
476;9;14;94.170;76.410
476;14;9;94.170;81.800
477;9;15;120.617;77.130
477;15;9;120.617;82.870
478;9;15;103.006;78.650
478;15;9;103.006;84.390
479;9;15;107.783;72.260
479;15;9;107.783;78.000
480;9;16;138.102;85.230
480;16;9;138.102;92.150
481;9;16;152.385;80.230
481;16;9;152.385;87.150
482;9;16;142.916;76.680
482;16;9;142.916;83.600
483;9;17;74.303;70.840
483;17;9;74.303;79.260
484;9;17;70.812;79.160
484;17;9;70.812;87.580
485;9;18;74.136;87.180
485;18;9;74.136;96.330
486;9;18;68.553;75.030
486;18;9;68.553;84.180
487;9;19;84.479;66.650
487;19;9;84.479;78.950
488;9;19;92.941;80.420
488;19;9;92.941;92.720
489;9;20;75.731;66.220
489;20;9;75.731;79.300
490;9;21;73.647;69.640
490;21;9;73.647;83.730
491;9;21;76.815;86.310
491;21;9;76.815;100.400
492;9;22;115.123;81.830
492;22;9;115.123;96.750
493;9;22;104.687;63.010
493;22;9;104.687;77.930
494;9;22;125.047;71.020
494;22;9;125.047;85.940
495;9;23;113.074;65.390
495;23;9;113.074;80.870
496;9;23;119.222;67.680
496;23;9;119.222;83.160
497;9;23;120.363;69.170
497;23;9;120.363;84.650
498;9;24;72.879;64.380
498;24;9;72.879;79.940
499;9;24;77.826;74.160
499;24;9;77.826;89.720
500;9;24;69.203;79.590
500;24;9;69.203;95.150
501;9;25;87.272;62.740
501;25;9;87.272;78.620
502;9;25;79.124;74.800
502;25;9;79.124;90.680
503;9;25;84.079;69.540
503;25;9;84.079;85.420
504;9;26;81.011;78.380
504;26;9;81.011;94.860
505;9;26;80.459;63.490
505;26;9;80.459;79.970
506;9;26;83.376;78.300
506;26;9;83.376;94.780
507;9;27;111.005;76.770
507;27;9;111.005;93.500
508;9;27;117.657;80.570
508;27;9;117.657;97.300
509;9;28;73.647;61.760
509;28;9;73.647;78.600
510;9;28;76.986;58.700
510;28;9;76.986;75.540
511;9;29;45.309;0.450
511;29;9;90.309;75.950
512;10;11;74.967;95.970
512;11;10;74.967;96.680
513;10;11;71.105;97.160
513;11;10;71.105;97.870
514;10;11;77.624;81.660
514;11;10;77.624;82.370
515;10;12;115.732;74.430
515;12;10;115.732;78.040
516;10;13;99.245;72.590
516;13;10;99.245;76.340
517;10;13;89.395;78.630
517;13;10;89.395;82.380
518;10;14;54.975;75.680
518;14;10;54.975;79.520
519;10;14;55.595;85.700
519;14;10;55.595;89.540
520;10;15;94.291;85.760
520;15;10;94.291;89.950
521;10;15;105.319;94.410
521;15;10;105.319;98.600
522;10;15;102.620;85.700
522;15;10;102.620;89.890
523;10;16;102.641;71.240
523;16;10;102.641;76.610
524;10;17;72.071;85.610
524;17;10;72.071;92.480
525;10;17;74.381;71.740
525;17;10;74.381;78.610
526;10;17;65.698;68.410
526;17;10;65.698;75.280
527;10;18;114.654;74.360
527;18;10;114.654;81.960
528;10;18;103.436;86.260
528;18;10;103.436;93.860
529;10;18;113.450;68.380
529;18;10;113.450;75.980
530;10;19;72.463;64.920
530;19;10;72.463;75.670
531;10;19;74.965;65.890
531;19;10;74.965;76.640
532;10;20;87.897;70.280
532;20;10;87.897;81.810
533;10;20;86.751;71.490
533;20;10;86.751;83.020
534;10;20;92.635;65.080
534;20;10;92.635;76.610
535;10;21;72.657;67.850
535;21;10;72.657;80.390
536;10;22;79.854;72.650
536;22;10;79.854;86.020
537;10;22;87.502;67.960
537;22;10;87.502;81.330
538;10;22;85.095;65.670
538;22;10;85.095;79.040
539;10;23;85.666;80.760
539;23;10;85.666;94.690
540;10;23;89.555;74.880
540;23;10;89.555;88.810
541;10;23;86.378;68.280
541;23;10;86.378;82.210
542;10;24;73.847;71.160
542;24;10;73.847;85.170
543;10;25;74.991;70.860
543;25;10;74.991;85.190
544;10;25;81.958;82.230
544;25;10;81.958;96.560
545;10;26;62.667;76.050
545;26;10;62.667;90.980
546;10;26;65.599;64.890
546;26;10;65.599;79.820
547;10;27;86.270;73.430
547;27;10;86.270;88.610
548;10;27;80.338;78.140
548;27;10;80.338;93.320
549;10;27;77.622;69.210
549;27;10;77.622;84.390
550;10;28;72.657;70.140
550;28;10;72.657;85.430
551;10;29;36.549;24.590
551;29;10;81.549;98.540
552;10;29;35.987;12.390
552;29;10;80.987;86.340
553;10;29;39.267;23.070
553;29;10;84.267;97.020
554;11;12;102.363;91.240
554;12;11;102.363;94.140
555;11;13;85.599;81.550
555;13;11;85.599;84.590
556;11;14;65.552;75.980
556;14;11;65.552;79.110
557;11;14;69.437;81.830
557;14;11;69.437;84.960
558;11;15;96.814;74.160
558;15;11;96.814;77.640
559;11;16;130.650;75.270
559;16;11;130.650;79.930
560;11;16;119.178;79.310
560;16;11;119.178;83.970
561;11;17;50.468;67.540
561;17;11;50.468;73.700
562;11;17;49.444;80.320
562;17;11;49.444;86.480
563;11;18;97.787;72.460
563;18;11;97.787;79.350
564;11;18;92.639;88.420
564;18;11;92.639;95.310
565;11;18;105.832;71.070
565;18;11;105.832;77.960
566;11;19;60.606;88.100
566;19;11;60.606;98.140
567;11;20;60.226;71.050
567;20;11;60.226;81.870
568;11;20;62.208;68.880
568;20;11;62.208;79.700
569;11;20;58.554;67.830
569;20;11;58.554;78.650
570;11;21;49.777;78.770
570;21;11;49.777;90.600
571;11;21;50.807;84.810
571;21;11;50.807;96.640
572;11;22;107.080;70.970
572;22;11;107.080;83.630
573;11;22;98.527;68.580
573;22;11;98.527;81.240
574;11;22;117.332;69.970
574;22;11;117.332;82.630
575;11;23;89.188;73.740
575;23;11;89.188;86.960
576;11;23;81.100;65.000
576;23;11;81.100;78.220
577;11;23;99.780;72.770
577;23;11;99.780;85.990
578;11;24;49.023;74.340
578;24;11;49.023;87.640
579;11;25;63.534;83.500
579;25;11;63.534;97.120
580;11;25;67.982;71.150
580;25;11;67.982;84.770
581;11;25;59.294;63.460
581;25;11;59.294;77.080
582;11;26;59.254;67.640
582;26;11;59.254;81.860
583;11;26;61.966;80.950
583;26;11;61.966;95.170
584;11;27;108.438;78.610
584;27;11;108.438;93.080
585;11;27;122.378;62.290
585;27;11;122.378;76.760
586;11;28;49.777;76.830
586;28;11;49.777;91.410
587;11;28;49.117;74.320
587;28;11;49.117;88.900
588;11;28;48.849;72.800
588;28;11;48.849;87.380
589;11;29;22.496;13.530
589;29;11;67.496;86.770
590;11;29;19.241;1.100
590;29;11;64.241;74.340
591;11;29;17.751;16.450
591;29;11;62.751;89.690
592;12;13;141.041;87.210
592;13;12;141.041;87.350
593;12;13;131.628;89.440
593;13;12;131.628;89.580
594;12;14;112.603;75.600
594;14;12;112.603;75.830
595;12;15;153.905;76.390
595;15;12;153.905;76.970
596;12;16;145.386;83.160
596;16;12;145.386;84.920
597;12;17;107.439;77.790
597;17;12;107.439;81.050
598;12;17;93.044;71.940
598;17;12;93.044;75.200
599;12;17;120.956;78.840
599;17;12;120.956;82.100
600;12;18;53.891;84.200
600;18;12;53.891;88.190
601;12;18;53.262;70.400
601;18;12;53.262;74.390
602;12;19;117.753;79.920
602;19;12;117.753;87.060
603;12;19;135.059;75.210
603;19;12;135.059;82.350
604;12;19;132.552;87.680
604;19;12;132.552;94.820
605;12;20;110.310;79.550
605;20;12;110.310;87.470
606;12;21;106.891;63.600
606;21;12;106.891;72.530
607;12;21;120.717;85.230
607;21;12;120.717;94.160
608;12;22;126.254;80.630
608;22;12;126.254;90.390
609;12;22;145.337;82.090
609;22;12;145.337;91.850
610;12;22;138.552;80.000
610;22;12;138.552;89.760
611;12;23;145.892;72.700
611;23;12;145.892;83.020
612;12;24;106.364;73.870
612;24;12;106.364;84.270
613;12;25;120.858;70.570
613;25;12;120.858;81.290
614;12;25;114.382;78.110
614;25;12;114.382;88.830
615;12;25;107.548;66.140
615;25;12;107.548;76.860
616;12;26;111.786;63.230
616;26;12;111.786;74.550
617;12;27;115.801;81.670
617;27;12;115.801;93.240
618;12;27;104.244;72.080
618;27;12;104.244;83.650
619;12;28;106.891;81.390
619;28;12;106.891;93.070
620;12;28;99.539;67.820
620;28;12;99.539;79.500
621;12;29;79.572;15.580
621;29;12;124.572;85.920
622;13;14;91.063;83.240
622;14;13;91.063;83.330
623;13;14;83.292;71.820
623;14;13;83.292;71.910
624;13;14;92.317;81.710
624;14;13;92.317;81.800
625;13;15;72.076;92.440
625;15;13;72.076;92.880
626;13;15;72.524;72.890
626;15;13;72.524;73.330
627;13;15;70.877;94.460
627;15;13;70.877;94.900
628;13;16;154.833;71.150
628;16;13;154.833;72.770
629;13;17;82.002;83.710
629;17;13;82.002;86.830
630;13;18;135.045;80.230
630;18;13;135.045;84.080
631;13;18;154.562;75.250
631;18;13;154.562;79.100
632;13;18;144.079;85.760
632;18;13;144.079;89.610
633;13;19;73.971;65.580
633;19;13;73.971;72.580
634;13;19;79.407;64.430
634;19;13;79.407;71.430
635;13;20;75.947;65.860
635;20;13;75.947;73.640
636;13;20;73.021;76.420
636;20;13;73.021;84.200
637;13;21;82.210;76.790
637;21;13;82.210;85.580
638;13;21;80.377;64.730
638;21;13;80.377;73.520
639;13;21;86.774;81.400
639;21;13;86.774;90.190
640;13;22;133.461;63.910
640;22;13;133.461;73.530
641;13;22;148.388;62.860
641;22;13;148.388;72.480
642;13;23;71.588;81.430
642;23;13;71.588;91.610
643;13;23;76.340;82.890
643;23;13;76.340;93.070
644;13;23;67.867;64.750
644;23;13;67.867;74.930
645;13;24;82.142;82.790
645;24;13;82.142;93.050
646;13;25;70.585;79.150
646;25;13;70.585;89.730
647;13;26;84.848;61.270
647;26;13;84.848;72.450
648;13;27;140.326;62.910
648;27;13;140.326;74.340
649;13;27;163.145;70.040
649;27;13;163.145;81.470
650;13;28;82.210;79.230
650;28;13;82.210;90.770
651;13;28;77.929;70.720
651;28;13;77.929;82.260
652;13;28;75.779;79.120
652;28;13;75.779;90.660
653;13;29;19.222;11.460
653;29;13;64.222;81.660
654;14;15;90.399;78.400
654;15;14;90.399;78.750
655;14;15;92.168;81.300
655;15;14;92.168;81.650
656;14;15;84.141;90.260
656;15;14;84.141;90.610
657;14;16;112.493;93.080
657;16;14;112.493;94.610
658;14;17;62.198;87.790
658;17;14;62.198;90.820
659;14;17;59.270;69.020
659;17;14;59.270;72.050
660;14;17;59.819;79.590
660;17;14;59.819;82.620
661;14;18;110.343;73.010
661;18;14;110.343;76.770
662;14;18;122.081;80.730
662;18;14;122.081;84.490
663;14;19;63.034;81.460
663;19;14;63.034;88.370
664;14;20;77.940;79.040
664;20;14;77.940;86.730
665;14;20;80.059;80.570
665;20;14;80.059;88.260
666;14;21;62.815;67.470
666;21;14;62.815;76.170
667;14;21;60.754;74.120
667;21;14;60.754;82.820
668;14;22;89.461;80.240
668;22;14;89.461;89.770
669;14;22;97.268;79.930
669;22;14;97.268;89.460
670;14;23;81.695;76.140
670;23;14;81.695;86.230
671;14;23;83.106;64.600
671;23;14;83.106;74.690
672;14;24;64.032;73.110
672;24;14;64.032;83.280
673;14;25;65.912;72.220
673;25;14;65.912;82.710
674;14;25;66.315;70.610
674;25;14;66.315;81.100
675;14;26;52.708;77.830
675;26;14;52.708;88.920
676;14;27;94.420;61.000
676;27;14;94.420;72.340
677;14;27;83.877;83.510
677;27;14;83.877;94.850
678;14;28;62.815;80.620
678;28;14;62.815;92.070
679;14;28;62.811;69.650
679;28;14;62.811;81.100
680;14;29;27.562;24.920
680;29;14;72.562;95.030
681;14;29;33.696;4.870
681;29;14;78.696;74.980
682;14;29;21.803;5.530
682;29;14;66.803;75.640
683;15;16;141.250;75.870
683;16;15;141.250;77.050
684;15;17;91.546;78.050
684;17;15;91.546;80.730
685;15;17;81.043;91.890
685;17;15;81.043;94.570
686;15;18;149.601;70.530
686;18;15;149.601;73.940
687;15;18;139.345;78.000
687;18;15;139.345;81.410
688;15;19;81.232;77.090
688;19;15;81.232;83.650
689;15;19;82.467;85.670
689;19;15;82.467;92.230
690;15;19;83.051;76.620
690;19;15;83.051;83.180
691;15;20;94.527;76.000
691;20;15;94.527;83.340
692;15;20;104.619;73.670
692;20;15;104.619;81.010
693;15;21;92.138;80.870
693;21;15;92.138;89.220
694;15;22;123.233;84.230
694;22;15;123.233;93.410
695;15;22;122.673;68.340
695;22;15;122.673;77.520
696;15;23;53.722;60.160
696;23;15;53.722;69.900
697;15;23;52.775;80.270
697;23;15;52.775;90.010
698;15;23;52.913;72.500
698;23;15;52.913;82.240
699;15;24;92.793;75.650
699;24;15;92.793;85.470
700;15;25;78.346;83.300
700;25;15;78.346;93.440
701;15;25;85.008;63.220
701;25;15;85.008;73.360
702;15;25;72.361;78.040
702;25;15;72.361;88.180
703;15;26;88.076;72.440
703;26;15;88.076;83.180
704;15;26;78.601;74.840
704;26;15;78.601;85.580
705;15;26;93.330;83.600
705;26;15;93.330;94.340
706;15;27;133.825;72.050
706;27;15;133.825;83.040
707;15;27;142.005;74.310
707;27;15;142.005;85.300
708;15;27;125.232;72.950
708;27;15;125.232;83.940
709;15;28;92.138;81.900
709;28;15;92.138;93.000
710;15;29;31.387;19.520
710;29;15;76.387;89.280
711;15;29;35.800;2.380
711;29;15;80.800;72.140
712;15;29;28.708;24.210
712;29;15;73.708;93.970
713;16;17;128.972;91.030
713;17;16;128.972;92.530
714;16;17;133.125;81.330
714;17;16;133.125;82.830
715;16;18;149.258;76.000
715;18;16;149.258;78.230
716;16;18;163.299;90.140
716;18;16;163.299;92.370
717;16;18;133.673;79.970
717;18;16;133.673;82.200
718;16;19;130.017;63.570
718;19;16;130.017;68.950
719;16;19;118.793;85.610
719;19;16;118.793;90.990
720;16;19;149.375;76.810
720;19;16;149.375;82.190
721;16;20;144.932;84.380
721;20;16;144.932;90.540
722;16;20;133.803;70.900
722;20;16;133.803;77.060
723;16;21;129.450;67.080
723;21;16;129.450;74.250
724;16;22;68.616;70.130
724;22;16;68.616;78.130
725;16;23;134.327;80.990
725;23;16;134.327;89.550
726;16;23;155.704;83.670
726;23;16;155.704;92.230
727;16;23;150.263;76.860
727;23;16;150.263;85.420
728;16;24;130.535;63.660
728;24;16;130.535;72.300
729;16;24;147.465;77.150
729;24;16;147.465;85.790
730;16;24;146.729;61.090
730;24;16;146.729;69.730
731;16;25;132.307;62.480
731;25;16;132.307;71.440
732;16;25;121.319;62.060
732;25;16;121.319;71.020
733;16;25;144.281;63.450
733;25;16;144.281;72.410
734;16;26;120.189;64.910
734;26;16;120.189;74.470
735;16;26;116.178;65.060
735;26;16;116.178;74.620
736;16;27;74.586;72.830
736;27;16;74.586;82.640
737;16;27;74.468;65.990
737;27;16;74.468;75.800
738;16;28;129.450;65.570
738;28;16;129.450;75.490
739;16;28;140.846;70.490
739;28;16;140.846;80.410
740;16;29;93.673;3.550
740;29;16;138.673;72.130
741;17;18;103.090;88.040
741;18;17;103.090;88.770
742;17;19;55.322;66.800
742;19;17;55.322;70.680
743;17;20;60.964;83.370
743;20;17;60.964;88.030
744;17;20;63.333;86.510
744;20;17;63.333;91.170
745;17;20;63.636;67.570
745;20;17;63.636;72.230
746;17;21;45.760;65.570
746;21;17;45.760;71.240
747;17;21;45.896;70.770
747;21;17;45.896;76.440
748;17;21;45.838;86.260
748;21;17;45.838;91.930
749;17;22;105.572;62.330
749;22;17;105.572;68.830
750;17;22;112.828;84.920
750;22;17;112.828;91.420
751;17;22;102.728;77.230
751;22;17;102.728;83.730
752;17;23;83.807;71.760
752;23;17;83.807;78.820
753;17;23;78.508;82.530
753;23;17;78.508;89.590
754;17;23;74.465;75.040
754;23;17;74.465;82.100
755;17;24;46.983;72.050
755;24;17;46.983;79.190
756;17;24;47.253;82.120
756;24;17;47.253;89.260
757;17;25;58.464;66.530
757;25;17;58.464;73.990
758;17;25;59.776;63.300
758;25;17;59.776;70.760
759;17;25;58.187;67.580
759;25;17;58.187;75.040
760;17;26;54.969;80.920
760;26;17;54.969;88.980
761;17;26;56.502;60.000
761;26;17;56.502;68.060
762;17;27;108.257;79.600
762;27;17;108.257;87.910
763;17;27;112.076;59.180
763;27;17;112.076;67.490
764;17;27;108.050;77.830
764;27;17;108.050;86.140
765;17;28;45.760;61.530
765;28;17;45.760;69.950
766;17;28;45.761;71.400
766;28;17;45.761;79.820
767;17;28;45.776;66.340
767;28;17;45.776;74.760
768;17;29;18.196;22.930
768;29;17;63.196;90.010
769;17;29;15.812;21.090
769;29;17;60.812;88.170
770;17;29;20.822;13.830
770;29;17;65.822;80.910
771;18;19;113.379;72.680
771;19;18;113.379;75.830
772;18;20;104.115;85.030
772;20;18;104.115;88.960
773;18;21;102.478;86.290
773;21;18;102.478;91.230
774;18;21;101.003;78.850
774;21;18;101.003;83.790
775;18;21;89.954;69.760
775;21;18;89.954;74.700
776;18;22;128.961;61.890
776;22;18;128.961;67.660
777;18;23;141.875;67.000
777;23;18;141.875;73.330
778;18;23;161.926;68.770
778;23;18;161.926;75.100
779;18;24;101.809;73.870
779;24;18;101.809;80.280
780;18;24;98.711;60.050
780;24;18;98.711;66.460
781;18;25;116.292;83.000
781;25;18;116.292;89.730
782;18;26;108.550;62.280
782;26;18;108.550;69.610
783;18;27;119.772;79.590
783;27;18;119.772;87.170
784;18;27;121.029;76.310
784;27;18;121.029;83.890
785;18;28;102.478;81.860
785;28;18;102.478;89.550
786;18;29;74.442;12.760
786;29;18;119.442;79.110
787;18;29;88.311;13.840
787;29;18;133.311;80.190
788;19;20;63.896;68.920
788;20;19;63.896;69.700
789;19;21;55.906;80.890
789;21;19;55.906;82.680
790;19;21;55.083;79.280
790;21;19;55.083;81.070
791;19;21;56.515;62.470
791;21;19;56.515;64.260
792;19;22;107.303;75.520
792;22;19;107.303;78.140
793;19;22;117.487;79.280
793;22;19;117.487;81.900
794;19;22;116.339;64.560
794;22;19;116.339;67.180
795;19;23;73.603;69.030
795;23;19;73.603;72.210
796;19;24;56.600;62.670
796;24;19;56.600;65.930
797;19;25;48.511;76.350
797;25;19;48.511;79.930
798;19;26;56.015;69.910
798;26;19;56.015;74.090
799;19;27;112.324;62.510
799;27;19;112.324;66.940
800;19;28;55.906;83.270
800;28;19;55.906;87.810
801;19;29;9.829;14.250
801;29;19;54.829;77.450
802;19;29;10.715;1.290
802;29;19;55.715;64.490
803;20;21;60.483;62.280
803;21;20;60.483;63.290
804;20;21;62.966;78.310
804;21;20;62.966;79.320
805;20;21;56.997;82.590
805;21;20;56.997;83.600
806;20;22;121.504;75.890
806;22;20;121.504;77.730
807;20;22;120.910;65.690
807;22;20;120.910;67.530
808;20;23;88.638;83.560
808;23;20;88.638;85.960
809;20;23;83.951;63.400
809;23;20;83.951;65.800
810;20;24;59.427;69.000
810;24;20;59.427;71.480
811;20;24;62.837;78.970
811;24;20;62.837;81.450
812;20;25;64.327;72.980
812;25;20;64.327;75.780
813;20;25;65.985;71.760
813;25;20;65.985;74.560
814;20;25;64.415;84.600
814;25;20;64.415;87.400
815;20;26;70.351;83.390
815;26;20;70.351;86.790
816;20;26;68.011;71.330
816;26;20;68.011;74.730
817;20;27;123.579;76.210
817;27;20;123.579;79.860
818;20;27;104.725;61.300
818;27;20;104.725;64.950
819;20;27;134.779;69.870
819;27;20;134.779;73.520
820;20;28;60.483;79.100
820;28;20;60.483;82.860
821;20;28;58.637;59.920
821;28;20;58.637;63.680
822;20;28;60.819;67.700
822;28;20;60.819;71.460
823;20;29;18.315;11.260
823;29;20;63.315;73.680
824;21;22;106.024;80.780
824;22;21;106.024;81.610
825;21;22;93.904;66.990
825;22;21;93.904;67.820
826;21;23;84.442;69.060
826;23;21;84.442;70.450
827;21;23;78.307;78.110
827;23;21;78.307;79.500
828;21;24;46.253;64.770
828;24;21;46.253;66.240
829;21;24;46.521;66.330
829;24;21;46.521;67.800
830;21;25;58.977;62.410
830;25;21;58.977;64.200
831;21;25;62.349;78.680
831;25;21;62.349;80.470
832;21;25;58.209;62.130
832;25;21;58.209;63.920
833;21;26;55.664;65.900
833;26;21;55.664;68.290
834;21;26;56.543;74.840
834;26;21;56.543;77.230
835;21;26;56.496;62.690
835;26;21;56.496;65.080
836;21;27;108.546;69.580
836;27;21;108.546;72.220
837;21;27;121.104;76.300
837;27;21;121.104;78.940
838;21;27;105.269;61.620
838;27;21;105.269;64.260
839;21;28;45.000;71.840
839;28;21;45.000;74.590
840;21;28;45.000;67.880
840;28;21;45.000;70.630
841;21;28;45.000;79.300
841;28;21;45.000;82.050
842;21;29;18.520;10.390
842;29;21;63.520;71.800
843;21;29;20.660;7.060
843;29;21;65.660;68.470
844;22;23;115.480;65.570
844;23;22;115.480;66.130
845;22;24;107.083;71.770
845;24;22;107.083;72.410
846;22;25;109.830;69.760
846;25;22;109.830;70.720
847;22;26;97.091;68.700
847;26;22;97.091;70.260
848;22;26;96.542;60.730
848;26;22;96.542;62.290
849;22;26;106.438;79.990
849;26;22;106.438;81.550
850;22;27;60.436;60.140
850;27;22;60.436;61.950
851;22;27;61.593;74.960
851;27;22;61.593;76.770
852;22;27;58.127;71.240
852;27;22;58.127;73.050
853;22;28;106.024;73.040
853;28;22;106.024;74.960
854;22;28;105.458;71.230
854;28;22;105.458;73.150
855;22;29;71.350;22.580
855;29;22;116.350;83.160
856;22;29;84.245;11.070
856;29;22;129.245;71.650
857;23;24;85.197;79.800
857;24;23;85.197;79.880
858;23;24;86.171;65.390
858;24;23;86.171;65.470
859;23;24;93.779;81.780
859;24;23;93.779;81.860
860;23;25;71.038;74.340
860;25;23;71.038;74.740
861;23;26;79.629;62.610
861;26;23;79.629;63.610
862;23;26;80.473;70.250
862;26;23;80.473;71.250
863;23;26;75.182;70.400
863;26;23;75.182;71.400
864;23;27;125.577;67.580
864;27;23;125.577;68.830
865;23;28;84.442;65.570
865;28;23;84.442;66.930
866;23;29;25.336;5.440
866;29;23;70.336;65.460
867;23;29;21.301;10.710
867;29;23;66.301;70.730
868;23;29;19.783;24.040
868;29;23;64.783;84.060
869;24;25;59.514;79.880
869;25;24;59.514;80.200
870;24;25;56.735;77.350
870;25;24;56.735;77.670
871;24;25;58.615;63.370
871;25;24;58.615;63.690
872;24;26;56.916;72.810
872;26;24;56.916;73.730
873;24;26;54.782;68.230
873;26;24;54.782;69.150
874;24;26;59.571;72.630
874;26;24;59.571;73.550
875;24;27;109.413;66.460
875;27;24;109.413;67.630
876;24;27;114.974;78.460
876;27;24;114.974;79.630
877;24;28;46.253;65.570
877;28;24;46.253;66.850
878;24;29;18.686;16.580
878;29;24;63.686;76.520
879;24;29;16.429;21.980
879;29;24;61.429;81.920
880;25;26;59.274;83.750
880;26;25;59.274;84.350
881;25;26;58.228;78.000
881;26;25;58.228;78.600
882;25;27;115.322;80.280
882;27;25;115.322;81.130
883;25;27;106.970;83.320
883;27;25;106.970;84.170
884;25;28;58.977;60.920
884;28;25;58.977;61.880
885;25;28;58.580;77.070
885;28;25;58.580;78.030
886;25;28;56.216;58.980
886;28;25;56.216;59.940
887;25;29;6.651;24.420
887;29;25;51.651;84.040
888;25;29;8.213;1.710
888;29;25;53.213;61.330
889;25;29;6.296;8.660
889;29;25;51.296;68.280
890;26;27;101.410;67.310
890;27;26;101.410;67.560
891;26;27;109.317;75.560
891;27;26;109.317;75.810
892;26;28;55.664;81.590
892;28;26;55.664;81.950
893;26;28;55.858;58.890
893;28;26;55.858;59.250
894;26;28;53.913;80.400
894;28;26;53.913;80.760
895;26;29;20.827;21.250
895;29;26;65.827;80.270
896;26;29;18.324;17.510
896;29;26;63.324;76.530
897;26;29;19.773;6.910
897;29;26;64.773;65.930
898;27;28;108.546;78.050
898;28;27;108.546;78.160
899;27;29;76.973;24.110
899;29;27;121.973;82.880
900;28;29;18.520;3.120
900;29;28;63.520;61.780
