40
300.0
0;0;1;94.491;107.110
0;1;0;49.491;20.060
1;0;2;73.285;106.460
1;2;0;28.285;21.620
2;0;3;68.796;94.070
2;3;0;23.796;10.390
3;0;3;73.889;99.580
3;3;0;28.889;15.900
4;0;3;65.561;106.540
4;3;0;20.561;22.860
5;0;4;53.647;93.730
5;4;0;8.647;11.000
6;0;4;54.278;90.360
6;4;0;9.278;7.630
7;0;5;67.688;91.790
7;5;0;22.688;12.520
8;0;6;81.549;81.150
8;6;0;36.549;2.020
9;0;6;72.638;83.810
9;6;0;27.638;4.680
10;0;7;75.107;81.860
10;7;0;30.107;3.280
11;0;7;75.427;91.980
11;7;0;30.427;13.400
12;0;7;75.393;102.230
12;7;0;30.393;23.650
13;0;8;62.194;83.370
13;8;0;17.194;5.960
14;0;8;65.779;99.270
14;8;0;20.779;21.860
15;0;8;58.602;100.460
15;8;0;13.602;23.050
16;0;9;77.509;93.840
16;9;0;32.509;16.650
17;0;9;84.006;96.200
17;9;0;39.006;19.010
18;0;10;90.309;78.110
18;10;0;45.309;1.400
19;0;11;64.222;83.660
19;11;0;19.222;11.090
20;0;11;66.545;94.500
20;11;0;21.545;21.930
21;0;11;64.665;75.730
21;11;0;19.665;3.160
22;0;12;124.572;91.590
22;12;0;79.572;19.240
23;0;12;131.729;87.460
23;12;0;86.729;15.110
24;0;13;76.387;94.590
24;13;0;31.387;23.180
25;0;14;72.562;95.330
25;14;0;27.562;24.920
26;0;14;67.914;75.370
26;14;0;22.914;4.960
27;0;15;119.442;89.180
27;15;0;74.442;21.220
28;0;15;108.746;81.640
28;15;0;63.746;13.680
29;0;16;138.673;84.030
29;16;0;93.673;17.890
30;0;16;158.246;90.950
30;16;0;113.246;24.810
31;0;17;63.315;82.410
31;17;0;18.315;16.830
32;0;18;116.350;77.790
32;18;0;71.350;12.890
33;0;18;122.962;80.320
33;18;0;77.962;15.420
34;0;19;63.196;88.290
34;19;0;18.196;24.430
35;0;19;67.151;67.620
35;19;0;22.151;3.760
36;0;19;66.446;83.180
36;19;0;21.446;19.320
37;0;20;54.829;74.920
37;20;0;9.829;12.930
38;0;20;55.088;80.760
38;20;0;10.088;18.770
39;0;21;63.686;85.160
39;21;0;18.686;24.510
40;0;22;67.496;80.060
40;22;0;22.496;19.650
41;0;22;66.576;84.990
41;22;0;21.576;24.580
42;0;22;71.718;83.080
42;22;0;26.718;22.670
43;0;23;65.827;68.450
43;23;0;20.827;8.240
44;0;23;60.728;77.730
44;23;0;15.728;17.520
45;0;23;63.777;75.790
45;23;0;18.777;15.580
46;0;24;63.520;82.960
46;24;0;18.520;22.790
47;0;24;62.969;73.730
47;24;0;17.969;13.560
48;0;24;63.876;67.180
48;24;0;18.876;7.010
49;0;25;51.651;61.840
49;25;0;6.651;1.790
50;0;25;51.659;73.960
50;25;0;6.659;13.910
51;0;25;51.459;72.930
51;25;0;6.459;12.880
52;0;26;74.690;72.970
52;26;0;29.690;13.110
53;0;26;72.354;84.230
53;26;0;27.354;24.370
54;0;27;70.336;72.770
54;27;0;25.336;13.110
55;0;28;121.973;81.740
55;28;0;76.973;22.440
56;0;28;137.078;65.870
56;28;0;92.078;6.570
57;0;28;103.705;60.390
57;28;0;58.705;1.090
58;0;29;66.172;61.230
58;29;0;21.172;2.190
59;0;29;60.986;65.480
59;29;0;15.986;6.440
60;0;30;64.290;76.160
60;30;0;19.290;17.590
61;0;30;60.128;62.380
61;30;0;15.128;3.810
62;0;30;67.352;80.760
62;30;0;22.352;22.190
63;0;31;52.648;72.200
63;31;0;7.648;13.870
64;0;32;75.026;57.780
64;32;0;30.026;0.260
65;0;32;78.039;67.450
65;32;0;33.039;9.930
66;0;33;97.651;76.200
66;33;0;52.651;18.730
67;0;33;93.385;80.150
67;33;0;48.385;22.680
68;0;34;94.508;62.880
68;34;0;49.508;6.440
69;0;34;103.440;75.460
69;34;0;58.440;19.020
70;0;35;76.884;77.640
70;35;0;31.884;22.020
71;0;35;71.779;57.460
71;35;0;26.779;1.840
72;0;35;76.133;60.250
72;35;0;31.133;4.630
73;0;36;126.991;56.320
73;36;0;81.991;0.880
74;0;37;74.769;77.460
74;37;0;29.769;22.610
75;0;38;102.583;73.610
75;38;0;57.583;19.630
76;0;38;108.639;72.570
76;38;0;63.639;18.590
77;0;38;101.745;70.570
77;38;0;56.745;16.590
78;0;39;0.000;19.010
78;39;0;0.000;19.010
79;0;39;0.000;18.130
79;39;0;0.000;18.130
80;1;2;117.069;92.040
80;2;1;117.069;94.250
81;1;2;129.244;95.960
81;2;1;129.244;98.170
82;1;2;109.420;108.090
82;2;1;109.420;110.300
83;1;3;110.336;104.540
83;3;1;110.336;107.910
84;1;4;87.276;98.500
84;4;1;87.276;102.820
85;1;4;87.427;97.500
85;4;1;87.427;101.820
86;1;4;97.702;99.250
86;4;1;97.702;103.570
87;1;5;86.520;101.310
87;5;1;86.520;109.090
88;1;5;84.719;82.140
88;5;1;84.719;89.920
89;1;6;66.570;92.630
89;6;1;66.570;100.550
90;1;6;62.578;88.940
90;6;1;62.578;96.860
91;1;7;65.984;94.000
91;7;1;65.984;102.470
92;1;7;69.314;83.060
92;7;1;69.314;91.530
93;1;7;64.377;86.980
93;7;1;64.377;95.450
94;1;8;80.845;81.490
94;8;1;80.845;91.130
95;1;8;72.866;85.280
95;8;1;72.866;94.920
96;1;8;83.038;85.390
96;8;1;83.038;95.030
97;1;9;74.022;95.910
97;9;1;74.022;105.770
98;1;9;70.361;82.980
98;9;1;70.361;92.840
99;1;9;67.060;98.750
99;9;1;67.060;108.610
100;1;10;80.955;95.170
100;10;1;80.955;105.510
101;1;11;113.662;75.650
101;11;1;113.662;90.130
102;1;11;96.970;87.040
102;11;1;96.970;101.520
103;1;11;125.810;78.060
103;11;1;125.810;92.540
104;1;12;96.851;84.350
104;12;1;96.851;99.050
105;1;12;99.736;75.460
105;12;1;99.736;90.160
106;1;13;114.299;88.070
106;13;1;114.299;103.710
107;1;13;128.523;79.590
107;13;1;128.523;95.230
108;1;13;97.246;88.340
108;13;1;97.246;103.980
109;1;14;69.109;83.420
109;14;1;69.109;100.060
110;1;15;97.504;92.240
110;15;1;97.504;111.330
111;1;15;109.812;91.330
111;15;1;109.812;110.420
112;1;16;102.209;74.270
112;16;1;102.209;95.180
113;1;16;107.622;76.830
113;16;1;107.622;97.740
114;1;16;95.937;82.910
114;16;1;95.937;103.820
115;1;17;92.752;80.890
115;17;1;92.752;102.360
116;1;18;79.185;69.050
116;18;1;79.185;91.200
117;1;19;78.322;77.200
117;19;1;78.322;100.390
118;1;19;75.716;86.530
118;19;1;75.716;109.720
119;1;20;84.694;69.570
119;20;1;84.694;94.630
120;1;20;88.805;76.050
120;20;1;88.805;101.110
121;1;20;94.235;80.340
121;20;1;94.235;105.400
122;1;21;79.129;76.500
122;21;1;79.129;102.900
123;1;21;71.581;63.370
123;21;1;71.581;89.770
124;1;22;77.528;63.200
124;22;1;77.528;89.840
125;1;22;83.514;81.990
125;22;1;83.514;108.630
126;1;22;82.374;60.790
126;22;1;82.374;87.430
127;1;23;73.902;65.440
127;23;1;73.902;92.280
128;1;24;78.457;78.040
128;24;1;78.457;104.920
129;1;24;76.726;67.210
129;24;1;76.726;94.090
130;1;25;88.091;78.160
130;25;1;88.091;105.160
131;1;25;83.172;65.450
131;25;1;83.172;92.450
132;1;25;87.575;81.910
132;25;1;87.575;108.910
133;1;26;68.587;82.200
133;26;1;68.587;109.390
134;1;26;66.632;68.900
134;26;1;66.632;96.090
135;1;26;73.258;82.750
135;26;1;73.258;109.940
136;1;27;105.577;67.810
136;27;1;105.577;95.200
137;1;27;118.171;62.950
137;27;1;118.171;90.340
138;1;28;76.549;84.070
138;28;1;76.549;111.820
139;1;28;79.779;73.190
139;28;1;79.779;100.940
140;1;29;80.589;68.060
140;29;1;80.589;96.070
141;1;29;86.179;74.160
141;29;1;86.179;102.170
142;1;29;74.348;79.420
142;29;1;74.348;107.430
143;1;30;75.463;70.000
143;30;1;75.463;98.480
144;1;31;93.438;76.360
144;31;1;93.438;105.080
145;1;31;90.441;74.930
145;31;1;90.441;103.650
146;1;32;92.913;80.450
146;32;1;92.913;109.980
147;1;32;83.944;61.870
147;32;1;83.944;91.400
148;1;33;82.436;80.520
148;33;1;82.436;110.100
149;1;34;81.911;61.790
149;34;1;81.911;92.400
150;1;34;90.480;76.750
150;34;1;90.480;107.360
151;1;34;77.225;73.040
151;34;1;77.225;103.650
152;1;35;77.378;67.660
152;35;1;77.378;99.090
153;1;35;81.642;67.250
153;35;1;81.642;98.680
154;1;36;89.955;59.760
154;36;1;89.955;91.370
155;1;37;119.200;78.880
155;37;1;119.200;111.080
156;1;37;104.508;58.360
156;37;1;104.508;90.560
157;1;38;89.204;67.730
157;38;1;89.204;100.800
158;1;39;49.491;21.770
158;39;1;94.491;108.820
159;2;3;51.988;97.300
159;3;2;51.988;98.460
160;2;4;81.692;83.810
160;4;2;81.692;85.920
161;2;5;95.763;91.260
161;5;2;95.763;96.830
162;2;6;98.504;86.710
162;6;2;98.504;92.420
163;2;6;90.824;81.080
163;6;2;90.824;86.790
164;2;6;87.121;90.230
164;6;2;87.121;95.940
165;2;7;96.088;81.770
165;7;2;96.088;88.030
166;2;7;107.589;96.840
166;7;2;107.589;103.100
167;2;8;90.108;90.270
167;8;2;90.108;97.700
168;2;8;91.165;89.500
168;8;2;91.165;96.930
169;2;8;90.957;78.970
169;8;2;90.957;86.400
170;2;9;105.469;80.900
170;9;2;105.469;88.550
171;2;9;99.100;89.240
171;9;2;99.100;96.890
172;2;10;118.587;96.420
172;10;2;118.587;104.550
173;2;10;134.979;77.680
173;10;2;134.979;85.810
174;2;10;135.745;93.850
174;10;2;135.745;101.980
175;2;11;63.721;89.810
175;11;2;63.721;102.080
176;2;11;64.596;83.990
176;11;2;64.596;96.260
177;2;11;63.171;87.660
177;11;2;63.171;99.930
178;2;12;152.715;86.360
178;12;2;152.715;98.850
179;2;13;54.760;71.780
179;13;2;54.760;85.210
180;2;13;52.435;91.860
180;13;2;52.435;105.290
181;2;13;56.717;82.990
181;13;2;56.717;96.420
182;2;14;92.972;73.130
182;14;2;92.972;87.560
183;2;14;87.958;80.490
183;14;2;87.958;94.920
184;2;14;90.521;91.880
184;14;2;90.521;106.310
185;2;15;147.722;92.910
185;15;2;147.722;109.790
186;2;15;127.761;81.410
186;15;2;127.761;98.290
187;2;15;139.946;84.830
187;15;2;139.946;101.710
188;2;16;148.777;74.490
188;16;2;148.777;93.190
189;2;17;90.296;83.790
189;17;2;90.296;103.050
190;2;18;129.661;77.970
190;18;2;129.661;97.910
191;2;18;134.959;74.470
191;18;2;134.959;94.410
192;2;18;120.324;74.020
192;18;2;120.324;93.960
193;2;19;90.512;77.370
193;19;2;90.512;98.350
194;2;19;97.230;84.750
194;19;2;97.230;105.730
195;2;19;80.622;80.130
195;19;2;80.622;101.110
196;2;20;80.398;63.760
196;20;2;80.398;86.610
197;2;20;75.676;84.210
197;20;2;75.676;107.060
198;2;20;87.950;83.720
198;20;2;87.950;106.570
199;2;21;91.414;84.340
199;21;2;91.414;108.530
200;2;21;90.885;64.930
200;21;2;90.885;89.120
201;2;22;95.384;78.450
201;22;2;95.384;102.880
202;2;22;102.500;69.040
202;22;2;102.500;93.470
203;2;23;89.149;74.560
203;23;2;89.149;99.190
204;2;24;90.992;66.890
204;24;2;90.992;91.560
205;2;25;77.067;63.050
205;25;2;77.067;87.840
206;2;25;77.153;81.950
206;25;2;77.153;106.740
207;2;26;93.832;62.670
207;26;2;93.832;87.650
208;2;26;101.961;78.430
208;26;2;101.961;103.410
209;2;27;59.458;66.020
209;27;2;59.458;91.200
210;2;27;56.016;71.770
210;27;2;56.016;96.950
211;2;27;58.776;77.680
211;27;2;58.776;102.860
212;2;28;139.200;79.990
212;28;2;139.200;105.530
213;2;29;94.364;77.260
213;29;2;94.364;103.060
214;2;29;101.600;60.010
214;29;2;101.600;85.810
215;2;30;89.999;79.140
215;30;2;89.999;105.410
216;2;30;93.340;65.320
216;30;2;93.340;91.590
217;2;31;80.025;82.920
217;31;2;80.025;109.430
218;2;31;75.141;67.690
218;31;2;75.141;94.200
219;2;32;102.121;61.990
219;32;2;102.121;89.310
220;2;32;101.195;67.880
220;32;2;101.195;95.200
221;2;33;125.908;68.620
221;33;2;125.908;95.990
222;2;34;102.108;77.260
222;34;2;102.108;105.660
223;2;34;108.619;67.580
223;34;2;108.619;95.980
224;2;34;110.866;77.850
224;34;2;110.866;106.250
225;2;35;105.087;79.350
225;35;2;105.087;108.570
226;2;35;97.940;73.010
226;35;2;97.940;102.230
227;2;36;138.718;57.520
227;36;2;138.718;86.920
228;2;36;141.822;63.010
228;36;2;141.822;92.410
229;2;37;47.288;56.900
229;37;2;47.288;86.890
230;2;37;47.315;74.400
230;37;2;47.315;104.390
231;2;38;130.857;69.940
231;38;2;130.857;100.800
232;2;39;28.285;3.870
232;39;2;73.285;88.710
233;3;4;76.730;92.780
233;4;3;76.730;93.730
234;3;5;91.481;100.450
234;5;3;91.481;104.860
235;3;5;90.053;92.870
235;5;3;90.053;97.280
236;3;6;91.542;102.520
236;6;3;91.542;107.070
237;3;6;95.642;85.990
237;6;3;95.642;90.540
238;3;7;89.354;84.290
238;7;3;89.354;89.390
239;3;7;96.768;86.840
239;7;3;96.768;91.940
240;3;7;90.139;100.750
240;7;3;90.139;105.850
241;3;8;84.892;92.150
241;8;3;84.892;98.420
242;3;9;100.131;90.130
242;9;3;100.131;96.620
243;3;9;112.517;98.210
243;9;3;112.517;104.700
244;3;9;90.547;98.410
244;9;3;90.547;104.900
245;3;10;113.670;82.660
245;10;3;113.670;89.630
246;3;11;64.619;82.090
246;11;3;64.619;93.200
247;3;11;65.331;91.830
247;11;3;65.331;102.940
248;3;11;69.251;89.750
248;11;3;69.251;100.860
249;3;12;147.414;90.430
249;12;3;147.414;101.760
250;3;12;140.813;73.050
250;12;3;140.813;84.380
251;3;12;158.963;84.850
251;12;3;158.963;96.180
252;3;13;53.115;88.690
252;13;3;53.115;100.960
253;3;13;54.830;84.520
253;13;3;54.830;96.790
254;3;14;86.226;90.210
254;14;3;86.226;103.480
255;3;14;85.580;77.760
255;14;3;85.580;91.030
256;3;15;142.767;71.260
256;15;3;142.767;86.980
257;3;16;142.123;73.510
257;16;3;142.123;91.050
258;3;16;152.908;87.130
258;16;3;152.908;104.670
259;3;17;86.710;82.320
259;17;3;86.710;100.420
260;3;17;87.741;81.350
260;17;3;87.741;99.450
261;3;18;122.761;72.320
261;18;3;122.761;91.100
262;3;18;135.756;88.710
262;18;3;135.756;107.490
263;3;19;84.989;64.040
263;19;3;84.989;83.860
264;3;19;90.000;73.400
264;19;3;90.000;93.220
265;3;20;74.708;64.010
265;20;3;74.708;85.700
266;3;20;74.427;81.290
266;20;3;74.427;102.980
267;3;20;79.831;82.630
267;20;3;79.831;104.320
268;3;21;86.065;69.840
268;21;3;86.065;92.870
269;3;21;85.598;76.730
269;21;3;85.598;99.760
270;3;21;87.062;61.750
270;21;3;87.062;84.780
271;3;22;90.080;76.970
271;22;3;90.080;100.240
272;3;22;100.876;82.430
272;22;3;100.876;105.700
273;3;23;82.779;85.050
273;23;3;82.779;108.520
274;3;23;78.952;79.800
274;23;3;78.952;103.270
275;3;24;85.525;62.980
275;24;3;85.525;86.490
276;3;25;71.558;67.840
276;25;3;71.558;91.470
277;3;25;67.019;60.950
277;25;3;67.019;84.580
278;3;25;76.277;68.870
278;25;3;76.277;92.500
279;3;26;86.989;81.560
279;26;3;86.989;105.380
280;3;26;82.164;76.700
280;26;3;82.164;100.520
281;3;26;83.531;68.630
281;26;3;83.531;92.450
282;3;27;53.171;60.300
282;27;3;53.171;84.320
283;3;28;132.213;62.670
283;28;3;132.213;87.050
284;3;28;147.875;79.410
284;28;3;147.875;103.790
285;3;29;89.356;75.840
285;29;3;89.356;100.480
286;3;29;92.123;76.150
286;29;3;92.123;100.790
287;3;30;84.024;61.660
287;30;3;84.024;86.770
288;3;30;89.814;81.630
288;30;3;89.814;106.740
289;3;30;76.705;64.400
289;30;3;76.705;89.510
290;3;31;76.099;68.900
290;31;3;76.099;94.250
291;3;32;98.562;61.310
291;32;3;98.562;87.470
292;3;32;106.302;74.850
292;32;3;106.302;101.010
293;3;32;86.395;65.350
293;32;3;86.395;91.510
294;3;33;120.887;69.430
294;33;3;120.887;95.640
295;3;33;117.112;77.500
295;33;3;117.112;103.710
296;3;33;130.727;62.190
296;33;3;130.727;88.400
297;3;34;95.417;60.050
297;34;3;95.417;87.290
298;3;34;106.997;70.870
298;34;3;106.997;98.110
299;3;34;106.365;58.430
299;34;3;106.365;85.670
300;3;35;100.020;71.590
300;35;3;100.020;99.650
301;3;35;87.254;61.010
301;35;3;87.254;89.070
302;3;35;90.969;74.130
302;35;3;90.969;102.190
303;3;36;131.923;75.430
303;36;3;131.923;103.670
304;3;36;152.757;59.090
304;36;3;152.757;87.330
305;3;36;145.802;73.850
305;36;3;145.802;102.090
306;3;37;54.263;73.700
306;37;3;54.263;102.530
307;3;38;126.132;73.870
307;38;3;126.132;103.570
308;3;38;123.835;68.140
308;38;3;123.835;97.840
309;3;38;135.207;59.340
309;38;3;135.207;89.040
310;3;39;23.796;4.840
310;39;3;68.796;88.520
311;3;39;25.631;17.620
311;39;3;70.631;101.300
312;3;39;20.103;12.440
312;39;3;65.103;96.120
313;4;5;60.381;83.880
313;5;4;60.381;87.340
314;4;5;62.194;85.390
314;5;4;62.194;88.850
315;4;6;77.233;87.070
315;6;4;77.233;90.670
316;4;7;69.444;98.910
316;7;4;69.444;103.060
317;4;8;53.547;78.330
317;8;4;53.547;83.650
318;4;8;54.312;97.290
318;8;4;54.312;102.610
319;4;9;68.885;82.270
319;9;4;68.885;87.810
320;4;9;74.517;97.420
320;9;4;74.517;102.960
321;4;9;68.242;93.900
321;9;4;68.242;99.440
322;4;10;81.967;78.960
322;10;4;81.967;84.980
323;4;10;73.120;88.720
323;10;4;73.120;94.740
324;4;10;80.100;91.490
324;10;4;80.100;97.510
325;4;11;72.272;94.030
325;11;4;72.272;104.190
326;4;11;76.875;90.420
326;11;4;76.875;100.580
327;4;12;116.038;93.000
327;12;4;116.038;103.380
328;4;12;121.690;78.880
328;12;4;121.690;89.260
329;4;12;121.338;86.990
329;12;4;121.338;97.370
330;4;13;83.904;92.030
330;13;4;83.904;103.350
331;4;13;83.338;91.510
331;13;4;83.338;102.830
332;4;14;67.457;71.060
332;14;4;67.457;83.380
333;4;15;111.092;91.040
333;15;4;111.092;105.810
334;4;15;108.856;77.560
334;15;4;108.856;92.330
335;4;15;96.577;73.580
335;15;4;96.577;88.350
336;4;16;134.874;81.730
336;16;4;134.874;98.320
337;4;17;58.400;86.680
337;17;4;58.400;103.830
338;4;17;57.508;80.810
338;17;4;57.508;97.960
339;4;18;111.918;77.400
339;18;4;111.918;95.230
340;4;19;54.733;83.050
340;19;4;54.733;101.920
341;4;19;54.872;78.540
341;19;4;54.872;97.410
342;4;19;54.326;66.100
342;19;4;54.326;84.970
343;4;20;50.626;71.890
343;20;4;50.626;92.630
344;4;21;55.056;72.680
344;21;4;55.056;94.760
345;4;21;55.188;69.180
345;21;4;55.188;91.260
346;4;22;58.852;63.160
346;22;4;58.852;85.480
347;4;23;59.887;64.550
347;23;4;59.887;87.070
348;4;24;54.975;74.430
348;24;4;54.975;96.990
349;4;25;51.171;69.680
349;25;4;51.171;92.360
350;4;26;70.001;83.510
350;26;4;70.001;106.380
351;4;26;67.778;65.270
351;26;4;67.778;88.140
352;4;27;76.945;79.700
352;27;4;76.945;102.770
353;4;27;74.622;83.740
353;27;4;74.622;106.810
354;4;28;116.122;63.880
354;28;4;116.122;87.310
355;4;29;57.678;66.990
355;29;4;57.678;90.680
356;4;29;60.538;67.000
356;29;4;60.538;90.690
357;4;29;58.451;71.030
357;29;4;58.451;94.720
358;4;30;56.840;71.070
358;30;4;56.840;95.230
359;4;31;51.574;77.260
359;31;4;51.574;101.660
360;4;32;68.888;65.370
360;32;4;68.888;90.580
361;4;32;62.997;78.800
361;32;4;62.997;104.010
362;4;32;64.137;67.560
362;32;4;64.137;92.770
363;4;33;89.241;68.690
363;33;4;89.241;93.950
364;4;34;92.906;71.140
364;34;4;92.906;97.430
365;4;34;100.679;80.340
365;34;4;100.679;106.630
366;4;35;68.397;73.160
366;35;4;68.397;100.270
367;4;35;72.463;69.730
367;35;4;72.463;96.840
368;4;35;68.503;57.990
368;35;4;68.503;85.100
369;4;36;122.863;79.220
369;36;4;122.863;106.510
370;4;36;107.153;68.020
370;36;4;107.153;95.310
371;4;36;108.194;79.650
371;36;4;108.194;106.940
372;4;37;83.269;56.510
372;37;4;83.269;84.390
373;4;37;86.641;79.630
373;37;4;86.641;107.510
374;4;37;90.273;55.650
374;37;4;90.273;83.530
375;4;38;94.403;58.980
375;38;4;94.403;87.730
376;4;39;8.647;17.920
376;39;4;53.647;100.650
377;5;6;84.488;101.160
377;6;5;84.488;101.300
378;5;6;82.812;97.870
378;6;5;82.812;98.010
379;5;6;87.156;98.180
379;6;5;87.156;98.320
380;5;7;75.314;89.200
380;7;5;75.314;89.890
381;5;8;55.323;97.630
381;8;5;55.323;99.490
382;5;9;59.400;94.740
382;9;5;59.400;96.820
383;5;9;57.391;80.910
383;9;5;57.391;82.990
384;5;9;57.359;92.740
384;9;5;57.359;94.820
385;5;10;68.621;90.670
385;10;5;68.621;93.230
386;5;10;68.357;77.400
386;10;5;68.357;79.960
387;5;11;82.763;93.250
387;11;5;82.763;99.950
388;5;11;83.728;84.470
388;11;5;83.728;91.170
389;5;11;76.851;77.020
389;11;5;76.851;83.720
390;5;12;103.279;96.800
390;12;5;103.279;103.720
391;5;12;102.477;74.670
391;12;5;102.477;81.590
392;5;13;98.965;90.940
392;13;5;98.965;98.800
393;5;14;74.821;72.560
393;14;5;74.821;81.420
394;5;14;69.534;86.080
394;14;5;69.534;94.940
395;5;14;81.134;78.690
395;14;5;81.134;87.550
396;5;15;97.433;92.270
396;15;5;97.433;103.580
397;5;15;99.897;75.590
397;15;5;99.897;86.900
398;5;15;90.298;71.650
398;15;5;90.298;82.960
399;5;16;140.389;83.240
399;16;5;140.389;96.370
400;5;17;52.549;83.990
400;17;5;52.549;97.680
401;5;17;53.338;86.960
401;17;5;53.338;100.650
402;5;17;53.686;67.990
402;17;5;53.686;81.680
403;5;18;116.810;65.530
403;18;5;116.810;79.900
404;5;18;119.126;84.700
404;18;5;119.126;99.070
405;5;19;57.858;66.990
405;19;5;57.858;82.400
406;5;20;64.811;66.940
406;20;5;64.811;84.220
407;5;21;55.905;70.220
407;21;5;55.905;88.840
408;5;21;53.873;82.740
408;21;5;53.873;101.360
409;5;22;54.749;81.010
409;22;5;54.749;99.870
410;5;23;67.821;69.560
410;23;5;67.821;88.620
411;5;23;62.222;66.540
411;23;5;62.222;85.600
412;5;23;70.197;67.310
412;23;5;70.197;86.370
413;5;24;57.156;74.510
413;24;5;57.156;93.610
414;5;25;66.487;80.090
414;25;5;66.487;99.310
415;5;25;65.769;81.000
415;25;5;65.769;100.220
416;5;26;77.620;60.570
416;26;5;77.620;79.980
417;5;26;71.103;75.580
417;26;5;71.103;94.990
418;5;27;92.282;64.460
418;27;5;92.282;84.070
419;5;27;83.831;67.970
419;27;5;83.831;87.580
420;5;28;117.778;70.200
420;28;5;117.778;90.170
421;5;28;134.033;76.460
421;28;5;134.033;96.430
422;5;29;51.869;80.130
422;29;5;51.869;100.360
423;5;29;51.670;71.260
423;29;5;51.670;91.490
424;5;30;62.705;67.400
424;30;5;62.705;88.100
425;5;30;62.451;62.380
425;30;5;62.451;83.080
426;5;31;60.801;69.140
426;31;5;60.801;90.080
427;5;31;63.359;75.250
427;31;5;63.359;96.190
428;5;31;56.985;62.980
428;31;5;56.985;83.920
429;5;32;54.344;63.860
429;32;5;54.344;85.610
430;5;33;76.063;76.460
430;33;5;76.063;98.260
431;5;33;73.779;60.770
431;33;5;73.779;82.570
432;5;33;73.674;68.780
432;33;5;73.674;90.580
433;5;34;103.016;78.140
433;34;5;103.016;100.970
434;5;34;100.333;77.960
434;34;5;100.333;100.790
435;5;34;100.037;72.290
435;34;5;100.037;95.120
436;5;35;57.000;63.660
436;35;5;57.000;87.310
437;5;35;59.977;65.110
437;35;5;59.977;88.760
438;5;36;128.027;63.050
438;36;5;128.027;86.880
439;5;36;126.569;73.670
439;36;5;126.569;97.500
440;5;36;141.816;77.200
440;36;5;141.816;101.030
441;5;37;97.078;74.790
441;37;5;97.078;99.210
442;5;38;80.299;58.130
442;38;5;80.299;83.420
443;5;38;79.726;61.230
443;38;5;79.726;86.520
444;5;38;76.493;56.950
444;38;5;76.493;82.240
445;5;39;22.688;6.700
445;39;5;67.688;85.970
446;5;39;22.171;12.910
446;39;5;67.171;92.180
447;5;39;25.506;18.210
447;39;5;70.506;97.480
448;6;7;54.238;103.330
448;7;6;54.238;103.880
449;6;8;74.973;91.890
449;8;6;74.973;93.610
450;6;8;69.572;89.260
450;8;6;69.572;90.980
451;6;9;78.419;89.700
451;9;6;78.419;91.640
452;6;9;80.767;88.500
452;9;6;80.767;90.440
453;6;10;91.181;82.930
453;10;6;91.181;85.350
454;6;10;94.575;86.480
454;10;6;94.575;88.900
455;6;11;99.245;96.350
455;11;6;99.245;102.910
456;6;12;115.732;89.030
456;12;6;115.732;95.810
457;6;12;104.561;84.750
457;12;6;104.561;91.530
458;6;13;94.291;75.300
458;13;6;94.291;83.020
459;6;13;86.723;75.300
459;13;6;86.723;83.020
460;6;14;54.975;79.090
460;14;6;54.975;87.810
461;6;14;53.543;70.730
461;14;6;53.543;79.450
462;6;15;114.654;73.860
462;15;6;114.654;85.030
463;6;16;102.641;70.330
463;16;6;102.641;83.320
464;6;17;87.897;88.350
464;17;6;87.897;101.900
465;6;17;82.382;68.790
465;17;6;82.382;82.340
466;6;17;97.274;84.940
466;17;6;97.274;98.490
467;6;18;79.854;88.550
467;18;6;79.854;102.780
468;6;19;72.071;78.320
468;19;6;72.071;93.590
469;6;20;72.463;67.670
469;20;6;72.463;84.810
470;6;20;67.208;72.350
470;20;6;67.208;89.490
471;6;20;74.521;71.020
471;20;6;74.521;88.160
472;6;21;73.847;76.080
472;21;6;73.847;94.560
473;6;21;71.858;84.050
473;21;6;71.858;102.530
474;6;22;74.967;79.560
474;22;6;74.967;98.280
475;6;22;72.295;74.440
475;22;6;72.295;93.160
476;6;23;62.667;67.870
476;23;6;62.667;86.790
477;6;24;72.657;65.290
477;24;6;72.657;84.250
478;6;24;71.582;77.210
478;24;6;71.582;96.170
479;6;24;71.027;62.260
479;24;6;71.027;81.220
480;6;25;74.991;76.960
480;25;6;74.991;96.040
481;6;25;74.144;80.780
481;25;6;74.144;99.860
482;6;26;52.264;67.540
482;26;6;52.264;86.810
483;6;27;85.666;60.650
483;27;6;85.666;80.120
484;6;27;88.651;73.160
484;27;6;88.651;92.630
485;6;28;86.270;68.870
485;28;6;86.270;88.700
486;6;29;77.631;59.670
486;29;6;77.631;79.760
487;6;29;82.730;67.330
487;29;6;82.730;87.420
488;6;30;67.291;74.370
488;30;6;67.291;94.930
489;6;30;67.413;81.090
489;30;6;67.413;101.650
490;6;31;83.752;61.950
490;31;6;83.752;82.750
491;6;31;80.343;77.910
491;31;6;80.343;98.710
492;6;32;93.346;57.570
492;32;6;93.346;79.180
493;6;32;86.271;65.170
493;32;6;86.271;86.780
494;6;32;95.846;76.880
494;32;6;95.846;98.490
495;6;33;95.588;78.600
495;33;6;95.588;100.260
496;6;33;98.919;65.880
496;33;6;98.919;87.540
497;6;34;64.858;69.080
497;34;6;64.858;91.770
498;6;34;60.864;68.380
498;34;6;60.864;91.070
499;6;35;81.182;77.490
499;35;6;81.182;101.000
500;6;36;90.674;67.640
500;36;6;90.674;91.330
501;6;36;101.930;58.990
501;36;6;101.930;82.680
502;6;36;92.345;57.930
502;36;6;92.345;81.620
503;6;37;100.748;67.720
503;37;6;100.748;92.000
504;6;37;90.399;57.140
504;37;6;90.399;81.420
505;6;38;102.552;58.900
505;38;6;102.552;84.050
506;6;38;88.741;73.610
506;38;6;88.741;98.760
507;6;38;113.541;60.180
507;38;6;113.541;85.330
508;6;39;36.549;6.880
508;39;6;81.549;86.010
509;6;39;39.047;19.510
509;39;6;84.047;98.640
510;7;8;66.053;82.950
510;8;7;66.053;84.120
511;7;8;65.468;92.370
511;8;7;65.468;93.540
512;7;8;71.035;86.880
512;8;7;71.035;88.050
513;7;9;69.601;89.330
513;9;7;69.601;90.720
514;7;9;75.421;83.750
514;9;7;75.421;85.140
515;7;10;82.998;80.330
515;10;7;82.998;82.200
516;7;10;83.427;96.330
516;10;7;83.427;98.200
517;7;10;73.796;80.530
517;10;7;73.796;82.400
518;7;11;93.824;89.930
518;11;7;93.824;95.940
519;7;11;100.412;88.290
519;11;7;100.412;94.300
520;7;11;105.934;94.580
520;11;7;105.934;100.590
521;7;12;110.123;95.340
521;12;7;110.123;101.570
522;7;12;109.085;86.390
522;12;7;109.085;92.620
523;7;12;106.405;95.480
523;12;7;106.405;101.710
524;7;13;93.521;75.310
524;13;7;93.521;82.480
525;7;14;48.134;79.020
525;14;7;48.134;87.190
526;7;14;48.098;93.070
526;14;7;48.098;101.240
527;7;14;47.413;93.630
527;14;7;47.413;101.800
528;7;15;108.137;91.120
528;15;7;108.137;101.740
529;7;16;110.940;84.470
529;16;7;110.940;96.910
530;7;16;116.862;72.980
530;16;7;116.862;85.420
531;7;16;115.914;77.420
531;16;7;115.914;89.860
532;7;17;79.073;86.200
532;17;7;79.073;99.200
533;7;18;87.679;73.260
533;18;7;87.679;86.940
534;7;18;95.638;76.760
534;18;7;95.638;90.440
535;7;19;63.125;68.240
535;19;7;63.125;82.960
536;7;19;58.770;85.480
536;19;7;58.770;100.200
537;7;19;61.591;83.980
537;19;7;61.591;98.700
538;7;20;65.413;69.420
538;20;7;65.413;86.010
539;7;21;64.813;63.770
539;21;7;64.813;81.700
540;7;21;62.672;63.210
540;21;7;62.672;81.140
541;7;21;68.605;78.100
541;21;7;68.605;96.030
542;7;22;65.740;79.320
542;22;7;65.740;97.490
543;7;22;65.667;70.890
543;22;7;65.667;89.060
544;7;22;62.991;71.430
544;22;7;62.991;89.600
545;7;23;54.569;77.790
545;23;7;54.569;96.160
546;7;23;52.708;68.810
546;23;7;52.708;87.180
547;7;24;63.660;78.900
547;24;7;63.660;97.310
548;7;24;61.660;69.490
548;24;7;61.660;87.900
549;7;24;61.234;66.430
549;24;7;61.234;84.840
550;7;25;68.466;81.210
550;25;7;68.466;99.740
551;7;25;71.082;78.090
551;25;7;71.082;96.620
552;7;25;70.969;61.300
552;25;7;70.969;79.830
553;7;26;48.827;84.030
553;26;7;48.827;102.750
554;7;26;48.602;60.770
554;26;7;48.602;79.490
555;7;27;84.813;66.540
555;27;7;84.813;85.460
556;7;27;79.667;62.520
556;27;7;79.667;81.440
557;7;27;94.222;68.790
557;27;7;94.222;87.710
558;7;28;91.911;75.180
558;28;7;91.911;94.460
559;7;28;90.463;79.420
559;28;7;90.463;98.700
560;7;28;80.416;62.560
560;28;7;80.416;81.840
561;7;29;68.447;80.480
561;29;7;68.447;100.020
562;7;29;66.451;72.430
562;29;7;66.451;91.970
563;7;29;62.819;67.460
563;29;7;62.819;87.000
564;7;30;58.515;72.350
564;30;7;58.515;92.360
565;7;31;76.014;73.760
565;31;7;76.014;94.010
566;7;32;84.115;79.310
566;32;7;84.115;100.370
567;7;32;79.050;65.480
567;32;7;79.050;86.540
568;7;33;88.031;80.550
568;33;7;88.031;101.660
569;7;34;73.717;81.120
569;34;7;73.717;103.260
570;7;35;72.199;62.740
570;35;7;72.199;85.700
571;7;35;74.860;76.930
571;35;7;74.860;99.890
572;7;35;73.734;61.330
572;35;7;73.734;84.290
573;7;36;98.755;56.560
573;36;7;98.755;79.700
574;7;36;86.902;68.070
574;36;7;86.902;91.210
575;7;36;99.370;65.530
575;36;7;99.370;88.670
576;7;37;98.226;71.880
576;37;7;98.226;95.610
577;7;37;88.664;67.320
577;37;7;88.664;91.050
578;7;37;85.898;73.440
578;37;7;85.898;97.170
579;7;38;94.880;71.520
579;38;7;94.880;96.120
580;7;38;106.299;54.180
580;38;7;106.299;78.780
581;7;39;30.107;12.310
581;39;7;75.107;90.890
582;7;39;25.498;18.580
582;39;7;70.498;97.160
583;8;9;60.372;98.940
583;9;8;60.372;99.160
584;8;9;63.266;77.830
584;9;8;63.266;78.050
585;8;10;73.859;77.780
585;10;8;73.859;78.480
586;8;11;80.483;85.960
586;11;8;80.483;90.800
587;8;11;78.504;84.800
587;11;8;78.504;89.640
588;8;12;107.614;82.430
588;12;8;107.614;87.490
589;8;13;91.758;75.720
589;13;8;91.758;81.720
590;8;13;102.328;81.320
590;13;8;102.328;87.320
591;8;13;92.410;92.090
591;13;8;92.410;98.090
592;8;14;65.072;85.720
592;14;8;65.072;92.720
593;8;14;64.595;84.440
593;14;8;64.595;91.440
594;8;14;64.964;74.450
594;14;8;64.964;81.450
595;8;15;102.892;81.200
595;15;8;102.892;90.650
596;8;15;93.778;92.800
596;15;8;93.778;102.250
597;8;16;131.899;66.720
597;16;8;131.899;77.990
598;8;17;58.035;74.470
598;17;8;58.035;86.300
599;8;18;108.490;68.600
599;18;8;108.490;81.110
600;8;18;99.956;75.790
600;18;8;99.956;88.300
601;8;19;47.930;74.350
601;19;8;47.930;87.900
602;8;20;55.748;77.510
602;20;8;55.748;92.930
603;8;20;57.417;76.290
603;20;8;57.417;91.710
604;8;20;55.026;76.340
604;20;8;55.026;91.760
605;8;21;46.755;73.470
605;21;8;46.755;90.230
606;8;22;50.307;83.710
606;22;8;50.307;100.710
607;8;23;57.704;62.060
607;23;8;57.704;79.260
608;8;23;55.670;83.630
608;23;8;55.670;100.830
609;8;23;56.036;75.080
609;23;8;56.036;92.280
610;8;24;47.493;68.920
610;24;8;47.493;86.160
611;8;24;47.139;74.940
611;24;8;47.139;92.180
612;8;25;58.413;71.040
612;25;8;58.413;88.400
613;8;25;56.389;78.520
613;25;8;56.389;95.880
614;8;25;57.265;78.100
614;25;8;57.265;95.460
615;8;26;67.870;76.800
615;26;8;67.870;94.350
616;8;26;66.013;80.610
616;26;8;66.013;98.160
617;8;26;64.411;82.640
617;26;8;64.411;100.190
618;8;27;84.311;78.060
618;27;8;84.311;95.810
619;8;27;84.936;72.920
619;27;8;84.936;90.670
620;8;27;87.410;83.530
620;27;8;87.410;101.280
621;8;28;111.028;77.430
621;28;8;111.028;95.540
622;8;28;98.245;79.910
622;28;8;98.245;98.020
623;8;29;49.784;70.140
623;29;8;49.784;88.510
624;8;30;52.711;78.310
624;30;8;52.711;97.150
625;8;30;52.498;61.370
625;30;8;52.498;80.210
626;8;31;58.189;64.790
626;31;8;58.189;83.870
627;8;31;57.453;59.050
627;31;8;57.453;78.130
628;8;32;64.667;61.490
628;32;8;64.667;81.380
629;8;32;62.285;62.990
629;32;8;62.285;82.880
630;8;32;63.920;81.870
630;32;8;63.920;101.760
631;8;33;81.006;61.530
631;33;8;81.006;81.470
632;8;34;92.930;65.080
632;34;8;92.930;86.050
633;8;35;60.151;73.310
633;35;8;60.151;95.100
634;8;35;61.038;56.990
634;35;8;61.038;78.780
635;8;36;119.643;63.380
635;36;8;119.643;85.350
636;8;36;111.211;56.310
636;36;8;111.211;78.280
637;8;36;112.977;62.410
637;36;8;112.977;84.380
638;8;37;91.738;63.620
638;37;8;91.738;86.180
639;8;37;82.741;68.160
639;37;8;82.741;90.720
640;8;38;86.462;66.200
640;38;8;86.462;89.630
641;8;38;91.597;71.740
641;38;8;91.597;95.170
642;8;38;77.744;73.090
642;38;8;77.744;96.520
643;8;39;17.194;7.020
643;39;8;62.194;84.430
644;8;39;15.436;9.760
644;39;8;60.436;87.170
645;8;39;18.668;24.640
645;39;8;63.668;102.050
646;9;10;59.501;96.150
646;10;9;59.501;96.630
647;9;10;58.991;96.690
647;10;9;58.991;97.170
648;9;11;95.168;82.090
648;11;9;95.168;86.710
649;9;11;100.085;78.970
649;11;9;100.085;83.590
650;9;11;91.797;84.850
650;11;9;91.797;89.470
651;9;12;92.290;78.860
651;12;9;92.290;83.700
652;9;12;84.841;89.410
652;12;9;84.841;94.250
653;9;13;106.754;79.810
653;13;9;106.754;85.590
654;9;14;70.644;89.890
654;14;9;70.644;96.670
655;9;14;70.754;72.460
655;14;9;70.754;79.240
656;9;14;66.395;92.930
656;14;9;66.395;99.710
657;9;15;87.910;79.270
657;15;9;87.910;88.500
658;9;15;84.409;85.360
658;15;9;84.409;94.590
659;9;16;130.235;73.520
659;16;9;130.235;84.570
660;9;17;66.825;83.720
660;17;9;66.825;95.330
661;9;17;70.848;72.160
661;17;9;70.848;83.770
662;9;18;106.687;69.760
662;18;9;106.687;82.050
663;9;18;106.587;86.220
663;18;9;106.587;98.510
664;9;19;60.208;79.480
664;19;9;60.208;92.810
665;9;19;59.931;81.760
665;19;9;59.931;95.090
666;9;20;70.526;77.630
666;20;9;70.526;92.830
667;9;21;59.075;82.420
667;21;9;59.075;98.960
668;9;21;58.639;69.110
668;21;9;58.639;85.650
669;9;21;61.140;62.080
669;21;9;61.140;78.620
670;9;22;55.085;68.480
670;22;9;55.085;85.260
671;9;23;66.551;64.280
671;23;9;66.551;81.260
672;9;23;70.850;83.730
672;23;9;70.850;100.710
673;9;24;59.627;71.150
673;24;9;59.627;88.170
674;9;24;57.948;69.930
674;24;9;57.948;86.950
675;9;25;73.573;75.840
675;25;9;73.573;92.980
676;9;25;75.892;83.530
676;25;9;75.892;100.670
677;9;26;73.044;72.060
677;26;9;73.044;89.390
678;9;27;98.966;80.530
678;27;9;98.966;98.060
679;9;27;109.748;73.320
679;27;9;109.748;90.850
680;9;28;105.565;77.850
680;28;9;105.565;95.740
681;9;28;116.953;78.030
681;28;9;116.953;95.920
682;9;29;56.546;79.290
682;29;9;56.546;97.440
683;9;30;62.568;72.940
683;30;9;62.568;91.560
684;9;30;59.670;79.480
684;30;9;59.670;98.100
685;9;31;72.476;67.180
685;31;9;72.476;86.040
686;9;31;77.627;74.670
686;31;9;77.627;93.530
687;9;32;63.996;66.770
687;32;9;63.996;86.440
688;9;33;66.106;77.360
688;33;9;66.106;97.080
689;9;34;98.228;61.790
689;34;9;98.228;82.540
690;9;34;89.371;58.400
690;34;9;89.371;79.150
691;9;35;48.361;64.620
691;35;9;48.361;86.190
692;9;35;48.046;72.900
692;35;9;48.046;94.470
693;9;36;117.833;74.900
693;36;9;117.833;96.650
694;9;37;107.109;58.670
694;37;9;107.109;81.010
695;9;37;106.891;75.840
695;37;9;106.891;98.180
696;9;37;117.343;66.460
696;37;9;117.343;88.800
697;9;38;72.178;61.220
697;38;9;72.178;84.430
698;9;38;69.822;74.120
698;38;9;69.822;97.330
699;9;38;68.227;73.630
699;38;9;68.227;96.840
700;9;39;32.509;0.940
700;39;9;77.509;78.130
701;9;39;36.613;22.890
701;39;9;81.613;100.080
702;9;39;29.056;5.340
702;39;9;74.056;82.530
703;10;11;106.384;88.840
703;11;10;106.384;92.980
704;10;11;114.977;96.380
704;11;10;114.977;100.520
705;10;11;91.156;84.040
705;11;10;91.156;88.180
706;10;12;79.657;76.910
706;12;10;79.657;81.270
707;10;12;77.549;77.240
707;12;10;77.549;81.600
708;10;13;120.617;89.500
708;13;10;120.617;94.800
709;10;13;138.748;75.260
709;13;10;138.748;80.560
710;10;14;84.493;75.330
710;14;10;84.493;81.630
711;10;14;93.063;77.110
711;14;10;93.063;83.410
712;10;14;89.644;71.600
712;14;10;89.644;77.900
713;10;15;74.136;89.140
713;15;10;74.136;97.890
714;10;15;77.293;71.730
714;15;10;77.293;80.480
715;10;15;72.464;85.250
715;15;10;72.464;94.000
716;10;16;138.102;83.960
716;16;10;138.102;94.530
717;10;17;75.731;66.840
717;17;10;75.731;77.970
718;10;17;79.317;87.630
718;17;10;79.317;98.760
719;10;17;79.955;88.100
719;17;10;79.955;99.230
720;10;18;115.123;75.990
720;18;10;115.123;87.800
721;10;19;74.303;80.970
721;19;10;74.303;93.820
722;10;19;78.433;80.330
722;19;10;78.433;93.180
723;10;20;84.479;83.280
723;20;10;84.479;98.000
724;10;20;75.590;77.450
724;20;10;75.590;92.170
725;10;21;72.879;73.910
725;21;10;72.879;89.970
726;10;21;75.823;81.710
726;21;10;75.823;97.770
727;10;22;68.888;61.590
727;22;10;68.888;77.890
728;10;22;63.756;65.750
728;22;10;63.756;82.050
729;10;22;74.117;83.910
729;22;10;74.117;100.210
730;10;23;81.011;83.160
730;23;10;81.011;99.660
731;10;24;73.647;73.150
731;24;10;73.647;89.690
732;10;24;69.832;71.210
732;24;10;69.832;87.750
733;10;25;87.272;80.240
733;25;10;87.272;96.900
734;10;26;86.666;65.280
734;26;10;86.666;82.130
735;10;26;87.879;72.330
735;26;10;87.879;89.180
736;10;26;95.861;75.300
736;26;10;95.861;92.150
737;10;27;113.074;72.700
737;27;10;113.074;89.750
738;10;27;125.910;81.050
738;27;10;125.910;98.100
739;10;27;107.263;78.820
739;27;10;107.263;95.870
740;10;28;111.005;70.060
740;28;10;111.005;87.470
741;10;29;69.314;81.860
741;29;10;69.314;99.530
742;10;29;73.005;64.800
742;29;10;73.005;82.470
743;10;30;77.050;67.040
743;30;10;77.050;85.180
744;10;30;83.060;78.320
744;30;10;83.060;96.460
745;10;30;71.678;79.080
745;30;10;71.678;97.220
746;10;31;84.149;66.930
746;31;10;84.149;85.310
747;10;31;74.950;63.910
747;31;10;74.950;82.290
748;10;31;92.416;75.060
748;31;10;92.416;93.440
749;10;32;67.057;76.060
749;32;10;67.057;95.250
750;10;33;52.444;68.430
750;33;10;52.444;87.670
751;10;34;110.986;63.270
751;34;10;110.986;83.540
752;10;34;121.901;64.020
752;34;10;121.901;84.290
753;10;35;58.725;63.530
753;35;10;58.725;84.620
754;10;35;56.217;61.470
754;35;10;56.217;82.560
755;10;35;60.140;64.220
755;35;10;60.140;85.310
756;10;36;125.897;67.870
756;36;10;125.897;89.140
757;10;36;131.855;79.650
757;36;10;131.855;100.920
758;10;37;120.070;75.050
758;37;10;120.070;96.910
759;10;38;57.717;70.900
759;38;10;57.717;93.630
760;10;39;45.309;22.710
760;39;10;90.309;99.420
761;10;39;36.143;19.770
761;39;10;81.143;96.480
762;11;12;141.041;88.760
762;12;11;141.041;88.980
763;11;12;164.217;92.340
763;12;11;164.217;92.560
764;11;13;72.076;91.600
764;13;11;72.076;92.760
765;11;13;67.839;73.340
765;13;11;67.839;74.500
766;11;14;91.063;81.360
766;14;11;91.063;83.520
767;11;14;85.235;80.710
767;14;11;85.235;82.870
768;11;14;88.649;76.050
768;14;11;88.649;78.210
769;11;15;135.045;76.150
769;15;11;135.045;80.760
770;11;16;154.833;78.970
770;16;11;154.833;85.400
771;11;16;179.076;67.540
771;16;11;179.076;73.970
772;11;16;128.523;76.900
772;16;11;128.523;83.330
773;11;17;75.947;79.860
773;17;11;75.947;86.850
774;11;17;75.966;82.920
774;17;11;75.966;89.910
775;11;18;133.461;88.690
775;18;11;133.461;96.360
776;11;18;129.942;87.970
776;18;11;129.942;95.640
777;11;18;111.625;80.120
777;18;11;111.625;87.790
778;11;19;82.002;69.770
778;19;11;82.002;78.480
779;11;19;74.203;79.450
779;19;11;74.203;88.160
780;11;20;73.971;69.640
780;20;11;73.971;80.220
781;11;20;68.162;71.560
781;20;11;68.162;82.140
782;11;20;74.863;83.050
782;20;11;74.863;93.630
783;11;21;82.142;65.240
783;21;11;82.142;77.160
784;11;21;84.310;80.910
784;21;11;84.310;92.830
785;11;22;85.599;79.470
785;22;11;85.599;91.630
786;11;23;84.848;66.510
786;23;11;84.848;78.870
787;11;23;83.084;76.420
787;23;11;83.084;88.780
788;11;24;82.210;72.950
788;24;11;82.210;85.350
789;11;24;83.152;60.210
789;24;11;83.152;72.610
790;11;25;70.585;77.210
790;25;11;70.585;89.730
791;11;26;92.882;69.770
791;26;11;92.882;82.480
792;11;26;87.300;77.440
792;26;11;87.300;90.150
793;11;26;101.549;60.800
793;26;11;101.549;73.510
794;11;27;71.588;71.570
794;27;11;71.588;84.480
795;11;27;69.933;75.250
795;27;11;69.933;88.160
796;11;27;72.462;76.210
796;27;11;72.462;89.120
797;11;28;140.326;61.250
797;28;11;140.326;74.520
798;11;28;121.988;83.780
798;28;11;121.988;97.050
799;11;29;83.631;69.970
799;29;11;83.631;83.500
800;11;30;83.502;73.160
800;30;11;83.502;87.160
801;11;30;86.006;64.890
801;30;11;86.006;78.890
802;11;31;67.692;58.570
802;31;11;67.692;72.810
803;11;31;68.941;71.360
803;31;11;68.941;85.600
804;11;32;87.085;62.110
804;32;11;87.085;77.160
805;11;32;77.612;78.690
805;32;11;77.612;93.740
806;11;32;83.151;81.820
806;32;11;83.151;96.870
807;11;33;113.826;80.150
807;33;11;113.826;95.250
808;11;33;124.547;57.790
808;33;11;124.547;72.890
809;11;34;108.856;66.240
809;34;11;108.856;82.370
810;11;34;119.793;73.700
810;34;11;119.793;89.830
811;11;34;115.936;66.180
811;34;11;115.936;82.310
812;11;35;93.874;67.210
812;35;11;93.874;84.160
813;11;35;91.659;66.320
813;35;11;91.659;83.270
814;11;36;143.653;62.010
814;36;11;143.653;79.140
815;11;36;134.586;60.070
815;36;11;134.586;77.200
816;11;37;63.710;71.520
816;37;11;63.710;89.240
817;11;38;117.802;72.940
817;38;11;117.802;91.530
818;11;39;19.222;10.740
818;39;11;64.222;83.310
819;11;39;19.980;1.090
819;39;11;64.980;73.660
820;12;13;153.905;89.370
820;13;12;153.905;90.310
821;12;13;177.346;71.960
821;13;12;177.346;72.900
822;12;13;170.627;94.850
822;13;12;170.627;95.790
823;12;14;112.603;90.140
823;14;12;112.603;92.080
824;12;14;107.709;93.070
824;14;12;107.709;95.010
825;12;14;105.869;71.160
825;14;12;105.869;73.100
826;12;15;53.891;82.490
826;15;12;53.891;86.880
827;12;15;55.579;71.090
827;15;12;55.579;75.480
828;12;15;53.812;76.480
828;15;12;53.812;80.870
829;12;16;145.386;76.000
829;16;12;145.386;82.210
830;12;16;145.640;86.880
830;16;12;145.640;93.090
831;12;16;147.817;83.940
831;16;12;147.817;90.150
832;12;17;110.310;67.450
832;17;12;110.310;74.220
833;12;17;114.201;81.470
833;17;12;114.201;88.240
834;12;17;97.672;89.040
834;17;12;97.672;95.810
835;12;18;126.254;69.380
835;18;12;126.254;76.830
836;12;18;136.471;88.010
836;18;12;136.471;95.460
837;12;19;107.439;74.140
837;19;12;107.439;82.630
838;12;19;95.982;66.370
838;19;12;95.982;74.860
839;12;19;112.111;67.010
839;19;12;112.111;75.500
840;12;20;117.753;66.670
840;20;12;117.753;77.030
841;12;21;106.364;64.370
841;21;12;106.364;76.070
842;12;21;94.253;73.640
842;21;12;94.253;85.340
843;12;22;102.363;64.310
843;22;12;102.363;76.250
844;12;22;104.238;77.940
844;22;12;104.238;89.880
845;12;23;111.786;84.550
845;23;12;111.786;96.690
846;12;23;100.102;70.940
846;23;12;100.102;83.080
847;12;24;106.891;62.360
847;24;12;106.891;74.540
848;12;24;101.521;77.570
848;24;12;101.521;89.750
849;12;24;96.487;62.770
849;24;12;96.487;74.950
850;12;25;120.858;80.370
850;25;12;120.858;92.670
851;12;25;131.674;66.720
851;25;12;131.674;79.020
852;12;26;113.917;80.920
852;26;12;113.917;93.410
853;12;27;145.892;66.760
853;27;12;145.892;79.450
854;12;27;158.175;79.340
854;27;12;158.175;92.030
855;12;27;167.156;59.760
855;27;12;167.156;72.450
856;12;28;115.801;62.390
856;28;12;115.801;75.440
857;12;29;103.401;75.260
857;29;12;103.401;88.570
858;12;29;113.954;72.420
858;29;12;113.954;85.730
859;12;30;109.018;67.520
859;30;12;109.018;81.300
860;12;30;108.278;68.480
860;30;12;108.278;82.260
861;12;30;113.966;65.040
861;30;12;113.966;78.820
862;12;31;118.727;73.780
862;31;12;118.727;87.800
863;12;31;111.320;65.580
863;31;12;111.320;79.600
864;12;32;100.587;76.690
864;32;12;100.587;91.520
865;12;32;92.061;81.110
865;32;12;92.061;95.940
866;12;33;72.216;67.340
866;33;12;72.216;82.220
867;12;34;133.529;63.820
867;34;12;133.529;79.730
868;12;34;131.319;60.080
868;34;12;131.319;75.990
869;12;34;146.626;67.170
869;34;12;146.626;83.080
870;12;35;92.692;63.330
870;35;12;92.692;80.060
871;12;35;87.743;66.230
871;35;12;87.743;82.960
872;12;36;134.838;59.420
872;36;12;134.838;76.330
873;12;37;154.307;57.760
873;37;12;154.307;75.260
874;12;37;173.887;64.440
874;37;12;173.887;81.940
875;12;37;168.168;68.400
875;37;12;168.168;85.900
876;12;38;69.273;64.660
876;38;12;69.273;83.030
877;12;38;69.224;56.270
877;38;12;69.224;74.640
878;12;38;68.001;58.410
878;38;12;68.001;76.780
879;12;39;79.572;7.600
879;39;12;124.572;79.950
880;12;39;70.638;6.980
880;39;12;115.638;79.330
881;12;39;81.677;10.620
881;39;12;126.677;82.970
882;13;14;90.399;84.250
882;14;13;90.399;85.250
883;13;14;99.219;91.350
883;14;13;99.219;92.350
884;13;15;149.601;80.260
884;15;13;149.601;83.710
885;13;15;128.763;80.800
885;15;13;128.763;84.250
886;13;15;129.482;70.600
886;15;13;129.482;74.050
887;13;16;141.250;88.270
887;16;13;141.250;93.540
888;13;16;154.123;71.610
888;16;13;154.123;76.880
889;13;17;94.527;81.460
889;17;13;94.527;87.290
890;13;17;93.858;73.700
890;17;13;93.858;79.530
891;13;18;123.233;89.580
891;18;13;123.233;96.090
892;13;19;91.546;66.510
892;19;13;91.546;74.060
893;13;20;81.232;79.830
893;20;13;81.232;89.250
894;13;20;84.499;74.700
894;20;13;84.499;84.120
895;13;20;83.515;73.930
895;20;13;83.515;83.350
896;13;21;92.793;83.510
896;21;13;92.793;94.270
897;13;21;99.556;66.490
897;21;13;99.556;77.250
898;13;22;96.814;84.130
898;22;13;96.814;95.130
899;13;22;84.728;84.880
899;22;13;84.728;95.880
900;13;22;89.568;81.270
900;22;13;89.568;92.270
901;13;23;88.076;63.530
901;23;13;88.076;74.730
902;13;23;85.557;73.160
902;23;13;85.557;84.360
903;13;24;92.138;83.040
903;24;13;92.138;94.280
904;13;24;91.714;80.690
904;24;13;91.714;91.930
905;13;24;95.663;67.060
905;24;13;95.663;78.300
906;13;25;78.346;63.080
906;25;13;78.346;74.440
907;13;25;71.995;78.940
907;25;13;71.995;90.300
908;13;26;90.714;71.130
908;26;13;90.714;82.680
909;13;26;85.902;68.320
909;26;13;85.902;79.870
910;13;26;98.067;67.460
910;26;13;98.067;79.010
911;13;27;53.722;63.060
911;27;13;53.722;74.810
912;13;28;133.825;74.880
912;28;13;133.825;86.990
913;13;28;129.766;72.660
913;28;13;129.766;84.770
914;13;29;96.362;59.790
914;29;13;96.362;72.160
915;13;30;90.011;74.630
915;30;13;90.011;87.470
916;13;30;86.506;63.240
916;30;13;86.506;76.080
917;13;31;83.857;62.980
917;31;13;83.857;76.060
918;13;32;106.346;76.580
918;32;13;106.346;90.470
919;13;33;127.719;74.920
919;33;13;127.719;88.860
920;13;33;115.561;79.160
920;33;13;115.561;93.100
921;13;33;145.001;66.470
921;33;13;145.001;80.410
922;13;34;94.934;73.720
922;34;13;94.934;88.690
923;13;35;106.902;61.020
923;35;13;106.902;76.810
924;13;35;105.488;72.370
924;35;13;105.488;88.160
925;13;36;131.713;58.470
925;36;13;131.713;74.440
926;13;36;139.880;69.230
926;36;13;139.880;85.200
927;13;37;56.417;67.730
927;37;13;56.417;84.290
928;13;38;133.195;78.240
928;38;13;133.195;95.670
929;13;38;139.922;73.890
929;38;13;139.922;91.320
930;13;39;31.387;11.270
930;39;13;76.387;82.680
931;13;39;29.252;8.680
931;39;13;74.252;80.090
932;13;39;25.662;14.860
932;39;13;70.662;86.270
933;14;15;110.343;90.840
933;15;14;110.343;93.290
934;14;15;126.341;86.110
934;15;14;126.341;88.560
935;14;16;112.493;70.130
935;16;14;112.493;74.400
936;14;17;77.940;83.360
936;17;14;77.940;88.190
937;14;18;89.461;76.250
937;18;14;89.461;81.760
938;14;18;84.248;85.590
938;18;14;84.248;91.100
939;14;18;83.054;84.820
939;18;14;83.054;90.330
940;14;19;62.198;65.000
940;19;14;62.198;71.550
941;14;19;60.104;86.510
941;19;14;60.104;93.060
942;14;19;61.465;77.060
942;19;14;61.465;83.610
943;14;20;63.034;76.310
943;20;14;63.034;84.730
944;14;21;64.032;77.760
944;21;14;64.032;87.520
945;14;22;65.552;70.600
945;22;14;65.552;80.600
946;14;23;52.708;60.800
946;23;14;52.708;71.000
947;14;23;53.471;66.370
947;23;14;53.471;76.570
948;14;23;50.963;66.780
948;23;14;50.963;76.980
949;14;24;62.815;64.620
949;24;14;62.815;74.860
950;14;24;66.875;66.150
950;24;14;66.875;76.390
951;14;24;61.242;84.290
951;24;14;61.242;94.530
952;14;25;65.912;60.890
952;25;14;65.912;71.250
953;14;25;69.062;68.710
953;25;14;69.062;79.070
954;14;26;47.805;74.090
954;26;14;47.805;84.640
955;14;27;81.695;72.230
955;27;14;81.695;82.980
956;14;27;81.155;61.400
956;27;14;81.155;72.150
957;14;28;94.420;83.370
957;28;14;94.420;94.480
958;14;28;85.653;74.320
958;28;14;85.653;85.430
959;14;29;68.020;61.010
959;29;14;68.020;72.380
960;14;30;57.365;60.240
960;30;14;57.365;72.080
961;14;30;56.422;60.850
961;30;14;56.422;72.690
962;14;30;57.588;78.350
962;30;14;57.588;90.190
963;14;31;74.019;68.010
963;31;14;74.019;80.090
964;14;31;80.159;81.330
964;31;14;80.159;93.410
965;14;31;76.122;65.530
965;31;14;76.122;77.610
966;14;32;83.871;66.750
966;32;14;83.871;79.640
967;14;32;89.771;63.750
967;32;14;89.771;76.640
968;14;33;89.869;60.870
968;33;14;89.869;73.810
969;14;33;98.577;57.600
969;33;14;98.577;70.540
970;14;34;73.380;69.870
970;34;14;73.380;83.840
971;14;34;75.917;57.460
971;34;14;75.917;71.430
972;14;34;69.211;69.380
972;34;14;69.211;83.350
973;14;35;72.982;72.690
973;35;14;72.982;87.480
974;14;35;69.980;62.010
974;35;14;69.980;76.800
975;14;35;68.912;66.080
975;35;14;68.912;80.870
976;14;36;100.425;64.010
976;36;14;100.425;78.980
977;14;36;106.156;73.120
977;36;14;106.156;88.090
978;14;37;95.115;56.070
978;37;14;95.115;71.630
979;14;38;96.627;58.450
979;38;14;96.627;74.880
980;14;39;27.562;19.840
980;39;14;72.562;90.250
981;15;16;149.258;81.310
981;16;15;149.258;83.130
982;15;16;128.767;69.870
982;16;15;128.767;71.690
983;15;16;170.841;78.940
983;16;15;170.841;80.760
984;15;17;104.115;88.170
984;17;15;104.115;90.550
985;15;17;114.131;86.740
985;17;15;114.131;89.120
986;15;18;128.961;68.770
986;18;15;128.961;71.830
987;15;18;145.875;86.660
987;18;15;145.875;89.720
988;15;19;103.090;78.230
988;19;15;103.090;82.330
989;15;19;101.447;69.840
989;19;15;101.447;73.940
990;15;20;113.379;63.660
990;20;15;113.379;69.630
991;15;20;120.250;85.730
991;20;15;120.250;91.700
992;15;21;101.809;72.280
992;21;15;101.809;79.590
993;15;22;97.787;76.010
993;22;15;97.787;83.560
994;15;23;108.550;65.700
994;23;15;108.550;73.450
995;15;24;102.478;72.810
995;24;15;102.478;80.600
996;15;25;116.292;60.610
996;25;15;116.292;68.520
997;15;25;110.828;66.910
997;25;15;110.828;74.820
998;15;25;126.874;66.720
998;25;15;126.874;74.630
999;15;26;111.963;75.680
999;26;15;111.963;83.780
1000;15;27;141.875;73.220
1000;27;15;141.875;81.520
1001;15;28;119.772;60.640
1001;28;15;119.772;69.300
1002;15;29;98.424;70.610
1002;29;15;98.424;79.530
1003;15;29;88.077;83.800
1003;29;15;88.077;92.720
1004;15;29;109.731;68.340
1004;29;15;109.731;77.260
1005;15;30;105.251;83.480
1005;30;15;105.251;92.870
1006;15;31;113.151;72.670
1006;31;15;113.151;82.300
1007;15;32;93.727;58.840
1007;32;15;93.727;69.280
1008;15;32;97.131;58.320
1008;32;15;97.131;68.760
1009;15;33;66.887;65.310
1009;33;15;66.887;75.800
1010;15;33;64.583;67.850
1010;33;15;64.583;78.340
1011;15;33;64.975;79.620
1011;33;15;64.975;90.110
1012;15;34;133.328;73.170
1012;34;15;133.328;84.690
1013;15;35;87.748;80.290
1013;35;15;87.748;92.630
1014;15;35;78.881;72.210
1014;35;15;78.881;84.550
1015;15;35;82.358;61.810
1015;35;15;82.358;74.150
1016;15;36;138.199;76.330
1016;36;15;138.199;88.850
1017;15;36;124.579;74.790
1017;36;15;124.579;87.310
1018;15;37;149.196;67.200
1018;37;15;149.196;80.310
1019;15;38;62.276;64.150
1019;38;15;62.276;78.130
1020;15;38;60.471;61.300
1020;38;15;60.471;75.280
1021;15;38;60.697;58.090
1021;38;15;60.697;72.070
1022;15;39;74.442;13.060
1022;39;15;119.442;81.020
1023;15;39;88.776;8.560
1023;39;15;133.776;76.520
1024;16;17;144.932;89.400
1024;17;16;144.932;89.960
1025;16;18;68.616;76.280
1025;18;16;68.616;77.520
1026;16;18;73.512;78.240
1026;18;16;73.512;79.480
1027;16;18;65.870;67.280
1027;18;16;65.870;68.520
1028;16;19;128.972;74.220
1028;19;16;128.972;76.500
1029;16;19;129.041;73.280
1029;19;16;129.041;75.560
1030;16;20;130.017;78.950
1030;20;16;130.017;83.100
1031;16;20;148.311;81.760
1031;20;16;148.311;85.910
1032;16;20;119.009;86.900
1032;20;16;119.009;91.050
1033;16;21;130.535;74.690
1033;21;16;130.535;80.180
1034;16;21;138.622;83.920
1034;21;16;138.622;89.410
1035;16;21;137.369;84.920
1035;21;16;137.369;90.410
1036;16;22;130.650;62.160
1036;22;16;130.650;67.890
1037;16;23;120.189;81.450
1037;23;16;120.189;87.380
1038;16;24;129.450;64.400
1038;24;16;129.450;70.370
1039;16;24;129.340;71.960
1039;24;16;129.340;77.930
1040;16;24;130.213;64.950
1040;24;16;130.213;70.920
1041;16;25;132.307;84.030
1041;25;16;132.307;90.120
1042;16;25;145.331;79.490
1042;25;16;145.331;85.580
1043;16;26;109.881;68.630
1043;26;16;109.881;74.910
1044;16;27;134.327;68.290
1044;27;16;134.327;74.770
1045;16;28;74.586;60.710
1045;28;16;74.586;67.550
1046;16;28;67.323;61.270
1046;28;16;67.323;68.110
1047;16;29;133.638;66.060
1047;29;16;133.638;73.160
1048;16;30;124.454;81.880
1048;30;16;124.454;89.450
1049;16;30;116.341;83.190
1049;30;16;116.341;90.760
1050;16;30;143.159;71.500
1050;30;16;143.159;79.070
1051;16;31;141.388;61.870
1051;31;16;141.388;69.680
1052;16;32;148.288;60.040
1052;32;16;148.288;68.660
1053;16;33;138.798;62.640
1053;33;16;138.798;71.310
1054;16;33;157.544;70.910
1054;33;16;157.544;79.580
1055;16;33;156.259;80.280
1055;33;16;156.259;88.950
1056;16;34;91.711;67.980
1056;34;16;91.711;77.680
1057;16;34;102.261;63.310
1057;34;16;102.261;73.010
1058;16;35;133.556;64.850
1058;35;16;133.556;75.370
1059;16;35;146.308;62.000
1059;35;16;146.308;72.520
1060;16;36;57.409;62.920
1060;36;16;57.409;73.620
1061;16;36;55.545;65.870
1061;36;16;55.545;76.570
1062;16;36;58.307;57.990
1062;36;16;58.307;68.690
1063;16;37;151.029;57.460
1063;37;16;151.029;68.750
1064;16;38;145.154;64.600
1064;38;16;145.154;76.760
1065;16;39;93.673;22.130
1065;39;16;138.673;88.270
1066;16;39;92.224;11.010
1066;39;16;137.224;77.150
1067;16;39;81.147;16.090
1067;39;16;126.147;82.230
1068;17;18;121.504;68.820
1068;18;17;121.504;69.500
1069;17;18;112.380;79.100
1069;18;17;112.380;79.780
1070;17;19;60.964;78.270
1070;19;17;60.964;79.990
1071;17;20;63.896;71.930
1071;20;17;63.896;75.520
1072;17;21;59.427;62.710
1072;21;17;59.427;67.640
1073;17;21;58.601;69.120
1073;21;17;58.601;74.050
1074;17;22;60.226;63.370
1074;22;17;60.226;68.540
1075;17;22;57.318;72.460
1075;22;17;57.318;77.630
1076;17;23;70.351;84.520
1076;23;17;70.351;89.890
1077;17;24;60.483;83.840
1077;24;17;60.483;89.250
1078;17;24;63.043;61.190
1078;24;17;63.043;66.600
1079;17;25;64.327;69.550
1079;25;17;64.327;75.080
1080;17;25;60.740;66.760
1080;25;17;60.740;72.290
1081;17;26;80.714;81.380
1081;26;17;80.714;87.100
1082;17;27;88.638;82.510
1082;27;17;88.638;88.430
1083;17;27;83.981;64.540
1083;27;17;83.981;70.460
1084;17;27;88.054;83.020
1084;27;17;88.054;88.940
1085;17;28;123.579;73.400
1085;28;17;123.579;79.680
1086;17;29;57.165;68.330
1086;29;17;57.165;74.870
1087;17;29;55.919;76.490
1087;29;17;55.919;83.030
1088;17;30;65.617;70.330
1088;30;17;65.617;77.340
1089;17;30;68.088;70.110
1089;30;17;68.088;77.120
1090;17;31;55.697;63.640
1090;31;17;55.697;70.890
1091;17;31;53.699;63.170
1091;31;17;53.699;70.420
1092;17;31;56.731;68.500
1092;31;17;56.731;75.750
1093;17;32;56.863;78.970
1093;32;17;56.863;87.030
1094;17;32;55.696;78.670
1094;32;17;55.696;86.730
1095;17;33;83.132;65.060
1095;33;17;83.132;73.170
1096;17;33;77.572;70.750
1096;33;17;77.572;78.860
1097;17;33;80.549;74.300
1097;33;17;80.549;82.410
1098;17;34;105.227;78.040
1098;34;17;105.227;87.180
1099;17;34;115.604;71.090
1099;34;17;115.604;80.230
1100;17;35;64.544;74.040
1100;35;17;64.544;84.000
1101;17;35;59.677;56.170
1101;35;17;59.677;66.130
1102;17;36;132.667;74.610
1102;36;17;132.667;84.750
1103;17;37;91.408;70.220
1103;37;17;91.408;80.950
1104;17;37;86.632;55.110
1104;37;17;86.632;65.840
1105;17;37;100.228;62.500
1105;37;17;100.228;73.230
1106;17;38;86.861;69.320
1106;38;17;86.861;80.920
1107;17;38;87.564;58.800
1107;38;17;87.564;70.400
1108;17;38;76.509;78.060
1108;38;17;76.509;89.660
1109;17;39;18.315;23.990
1109;39;17;63.315;89.570
1110;17;39;13.906;16.460
1110;39;17;58.906;82.040
1111;17;39;21.223;13.790
1111;39;17;66.223;79.370
1112;18;19;105.572;67.360
1112;19;18;105.572;68.400
1113;18;19;100.426;68.950
1113;19;18;100.426;69.990
1114;18;20;107.303;85.270
1114;20;18;107.303;88.180
1115;18;20;110.107;65.770
1115;20;18;110.107;68.680
1116;18;20;105.373;78.570
1116;20;18;105.373;81.480
1117;18;21;107.083;62.320
1117;21;18;107.083;66.570
1118;18;21;92.106;76.040
1118;21;18;92.106;80.290
1119;18;22;107.080;84.180
1119;22;18;107.080;88.670
1120;18;22;104.343;85.120
1120;22;18;104.343;89.610
1121;18;23;97.091;61.940
1121;23;18;97.091;66.630
1122;18;24;106.024;78.620
1122;24;18;106.024;83.350
1123;18;24;119.943;73.800
1123;24;18;119.943;78.530
1124;18;24;115.815;81.180
1124;24;18;115.815;85.910
1125;18;25;109.830;64.760
1125;25;18;109.830;69.610
1126;18;25;116.289;69.810
1126;25;18;116.289;74.660
1127;18;25;117.720;82.100
1127;25;18;117.720;86.950
1128;18;26;86.967;69.900
1128;26;18;86.967;74.940
1129;18;27;115.480;71.680
1129;27;18;115.480;76.920
1130;18;27;123.035;75.490
1130;27;18;123.035;80.730
1131;18;28;60.436;79.650
1131;28;18;60.436;85.250
1132;18;28;64.113;66.860
1132;28;18;64.113;72.460
1133;18;28;62.638;76.580
1133;28;18;62.638;82.180
1134;18;29;110.084;81.210
1134;29;18;110.084;87.070
1135;18;30;101.153;69.210
1135;30;18;101.153;75.540
1136;18;30;104.900;78.090
1136;30;18;104.900;84.420
1137;18;30;87.374;79.780
1137;30;18;87.374;86.110
1138;18;31;118.478;69.250
1138;31;18;118.478;75.820
1139;18;31;103.672;75.860
1139;31;18;103.672;82.430
1140;18;31;108.630;78.350
1140;31;18;108.630;84.920
1141;18;32;124.672;80.040
1141;32;18;124.672;87.420
1142;18;32;144.158;76.610
1142;32;18;144.158;83.990
1143;18;32;136.283;78.940
1143;32;18;136.283;86.320
1144;18;33;116.407;81.800
1144;33;18;116.407;89.230
1145;18;33;115.031;80.830
1145;33;18;115.031;88.260
1146;18;33;126.777;67.390
1146;33;18;126.777;74.820
1147;18;34;73.838;66.400
1147;34;18;73.838;74.860
1148;18;34;75.881;69.570
1148;34;18;75.881;78.030
1149;18;35;109.996;63.080
1149;35;18;109.996;72.360
1150;18;36;56.221;55.630
1150;36;18;56.221;65.090
1151;18;36;54.712;64.320
1151;36;18;54.712;73.780
1152;18;36;54.688;56.010
1152;36;18;54.688;65.470
1153;18;37;131.948;69.220
1153;37;18;131.948;79.270
1154;18;37;127.545;62.210
1154;37;18;127.545;72.260
1155;18;37;146.346;73.940
1155;37;18;146.346;83.990
1156;18;38;123.008;62.000
1156;38;18;123.008;72.920
1157;18;38;108.309;62.680
1157;38;18;108.309;73.600
1158;18;38;115.035;74.390
1158;38;18;115.035;85.310
1159;18;39;71.350;21.330
1159;39;18;116.350;86.230
1160;18;39;79.024;5.470
1160;39;18;124.024;70.370
1161;19;20;55.322;78.480
1161;20;19;55.322;80.350
1162;19;21;46.983;81.340
1162;21;19;46.983;84.550
1163;19;22;50.468;69.860
1163;22;19;50.468;73.310
1164;19;22;51.093;77.340
1164;22;19;51.093;80.790
1165;19;23;54.969;82.560
1165;23;19;54.969;86.210
1166;19;23;54.423;67.870
1166;23;19;54.423;71.520
1167;19;23;54.905;65.390
1167;23;19;54.905;69.040
1168;19;24;45.760;63.220
1168;24;19;45.760;66.910
1169;19;25;58.464;80.220
1169;25;19;58.464;84.030
1170;19;26;65.000;80.140
1170;26;19;65.000;84.140
1171;19;27;83.807;68.200
1171;27;19;83.807;72.400
1172;19;27;90.829;79.250
1172;27;19;90.829;83.450
1173;19;28;108.257;78.690
1173;28;19;108.257;83.250
1174;19;29;51.494;81.230
1174;29;19;51.494;86.050
1175;19;29;50.177;80.450
1175;29;19;50.177;85.270
1176;19;30;49.879;75.650
1176;30;19;49.879;80.940
1177;19;30;49.965;61.600
1177;30;19;49.965;66.890
1178;19;31;60.254;63.370
1178;31;19;60.254;68.900
1179;19;31;57.164;68.980
1179;31;19;57.164;74.510
1180;19;32;67.147;69.390
1180;32;19;67.147;75.730
1181;19;32;70.816;75.560
1181;32;19;70.816;81.900
1182;19;32;68.101;63.210
1182;32;19;68.101;69.550
1183;19;33;81.234;77.850
1183;33;19;81.234;84.240
1184;19;34;90.195;72.820
1184;34;19;90.195;80.240
1185;19;34;100.666;64.110
1185;34;19;100.666;71.530
1186;19;34;85.807;61.690
1186;34;19;85.807;69.110
1187;19;35;60.628;72.110
1187;35;19;60.628;80.350
1188;19;36;116.720;58.300
1188;36;19;116.720;66.720
1189;19;36;115.337;73.280
1189;36;19;115.337;81.700
1190;19;36;130.907;64.060
1190;36;19;130.907;72.480
1191;19;37;92.239;75.390
1191;37;19;92.239;84.400
1192;19;38;87.003;77.370
1192;38;19;87.003;87.250
1193;19;38;79.578;73.090
1193;38;19;79.578;82.970
1194;19;38;82.878;57.310
1194;38;19;82.878;67.190
1195;19;39;18.196;23.030
1195;39;19;63.196;86.890
1196;19;39;18.915;18.290
1196;39;19;63.915;82.150
1197;20;21;56.600;70.830
1197;21;20;56.600;72.170
1198;20;22;60.606;69.160
1198;22;20;60.606;70.740
1199;20;23;56.015;77.400
1199;23;20;56.015;79.180
1200;20;24;55.906;75.880
1200;24;20;55.906;77.700
1201;20;25;48.511;70.720
1201;25;20;48.511;72.660
1202;20;25;47.877;83.680
1202;25;20;47.877;85.620
1203;20;25;48.167;79.340
1203;25;20;48.167;81.280
1204;20;26;65.363;70.080
1204;26;20;65.363;72.210
1205;20;27;73.603;68.290
1205;27;20;73.603;70.620
1206;20;27;80.436;72.920
1206;27;20;80.436;75.250
1207;20;27;69.514;78.830
1207;27;20;69.514;81.160
1208;20;28;112.324;78.750
1208;28;20;112.324;81.440
1209;20;28;96.781;69.830
1209;28;20;96.781;72.520
1210;20;28;126.734;74.960
1210;28;20;126.734;77.650
1211;20;29;60.512;75.840
1211;29;20;60.512;78.790
1212;20;29;61.441;66.400
1212;29;20;61.441;69.350
1213;20;29;57.923;64.890
1213;29;20;57.923;67.840
1214;20;30;54.857;67.660
1214;30;20;54.857;71.080
1215;20;31;56.562;58.390
1215;31;20;56.562;62.050
1216;20;32;73.791;75.610
1216;32;20;73.791;80.080
1217;20;32;78.814;59.970
1217;32;20;78.814;64.440
1218;20;32;67.790;62.870
1218;32;20;67.790;67.340
1219;20;33;91.506;79.880
1219;33;20;91.506;84.400
1220;20;34;87.406;78.970
1220;34;20;87.406;84.520
1221;20;34;89.466;75.980
1221;34;20;89.466;81.530
1222;20;35;70.756;80.100
1222;35;20;70.756;86.470
1223;20;35;68.793;56.370
1223;35;20;68.793;62.740
1224;20;35;73.901;69.540
1224;35;20;73.901;75.910
1225;20;36;118.127;68.700
1225;36;20;118.127;75.250
1226;20;36;129.404;77.140
1226;36;20;129.404;83.690
1227;20;36;100.267;61.330
1227;36;20;100.267;67.880
1228;20;37;82.204;67.810
1228;37;20;82.204;74.950
1229;20;38;97.136;68.420
1229;38;20;97.136;76.430
1230;20;38;85.854;61.820
1230;38;20;85.854;69.830
1231;20;38;106.712;66.770
1231;38;20;106.712;74.780
1232;20;39;9.829;17.160
1232;39;20;54.829;79.150
1233;20;39;9.240;18.970
1233;39;20;54.240;80.960
1234;21;22;49.023;83.130
1234;22;21;49.023;83.370
1235;21;23;56.916;61.830
1235;23;21;56.916;62.270
1236;21;23;58.048;61.180
1236;23;21;58.048;61.620
1237;21;24;46.253;69.870
1237;24;21;46.253;70.350
1238;21;24;46.217;81.270
1238;24;21;46.217;81.750
1239;21;24;46.278;82.930
1239;24;21;46.278;83.410
1240;21;25;59.514;84.680
1240;25;21;59.514;85.280
1241;21;26;66.837;81.770
1241;26;21;66.837;82.560
1242;21;26;69.249;72.240
1242;26;21;69.249;73.030
1243;21;26;67.590;84.730
1243;26;21;67.590;85.520
1244;21;27;85.197;76.550
1244;27;21;85.197;77.540
1245;21;28;109.413;60.350
1245;28;21;109.413;61.700
1246;21;28;97.851;64.190
1246;28;21;97.851;65.540
1247;21;29;49.534;77.840
1247;29;21;49.534;79.450
1248;21;29;48.785;70.190
1248;29;21;48.785;71.800
1249;21;29;49.916;82.620
1249;29;21;49.916;84.230
1250;21;30;51.801;80.880
1250;30;21;51.801;82.960
1251;21;30;53.093;70.750
1251;30;21;53.093;72.830
1252;21;30;50.733;72.180
1252;30;21;50.733;74.260
1253;21;31;59.928;78.060
1253;31;21;59.928;80.380
1254;21;31;61.124;66.720
1254;31;21;61.124;69.040
1255;21;32;65.174;81.610
1255;32;21;65.174;84.740
1256;21;32;61.416;63.290
1256;32;21;61.416;66.420
1257;21;33;79.926;65.230
1257;33;21;79.926;68.410
1258;21;34;92.122;72.170
1258;34;21;92.122;76.380
1259;21;35;59.157;65.570
1259;35;21;59.157;70.600
1260;21;36;118.254;72.460
1260;36;21;118.254;77.670
1261;21;36;107.726;67.550
1261;36;21;107.726;72.760
1262;21;37;93.082;61.300
1262;37;21;93.082;67.100
1263;21;37;87.712;78.440
1263;37;21;87.712;84.240
1264;21;38;85.544;54.460
1264;38;21;85.544;61.130
1265;21;39;18.686;22.930
1265;39;21;63.686;83.580
1266;22;23;59.254;70.120
1266;23;22;59.254;70.320
1267;22;23;62.511;77.720
1267;23;22;62.511;77.920
1268;22;24;49.777;83.530
1268;24;22;49.777;83.770
1269;22;25;63.534;60.870
1269;25;22;63.534;61.230
1270;22;25;66.218;81.100
1270;25;22;66.218;81.460
1271;22;25;63.801;74.900
1271;25;22;63.801;75.260
1272;22;26;68.312;68.130
1272;26;22;68.312;68.680
1273;22;27;89.188;79.100
1273;27;22;89.188;79.850
1274;22;28;108.438;69.470
1274;28;22;108.438;70.580
1275;22;29;48.090;73.690
1275;29;22;48.090;75.060
1276;22;29;47.381;59.760
1276;29;22;47.381;61.130
1277;22;29;48.797;77.020
1277;29;22;48.797;78.390
1278;22;30;54.290;79.110
1278;30;22;54.290;80.950
1279;22;30;55.323;76.110
1279;30;22;55.323;77.950
1280;22;30;54.444;68.590
1280;30;22;54.444;70.430
1281;22;31;63.056;81.550
1281;31;22;63.056;83.630
1282;22;31;65.767;82.690
1282;31;22;65.767;84.770
1283;22;31;60.116;79.200
1283;31;22;60.116;81.280
1284;22;32;63.382;79.370
1284;32;22;63.382;82.260
1285;22;33;75.906;77.930
1285;33;22;75.906;80.870
1286;22;34;93.924;58.680
1286;34;22;93.924;62.650
1287;22;34;98.009;60.450
1287;34;22;98.009;64.420
1288;22;35;55.181;64.950
1288;35;22;55.181;69.740
1289;22;35;56.176;78.470
1289;35;22;56.176;83.260
1290;22;35;57.475;59.320
1290;35;22;57.475;64.110
1291;22;36;118.294;76.220
1291;36;22;118.294;81.190
1292;22;36;121.152;57.870
1292;36;22;121.152;62.840
1293;22;36;129.344;78.290
1293;36;22;129.344;83.260
1294;22;37;97.029;70.340
1294;37;22;97.029;75.900
1295;22;38;81.571;77.150
1295;38;22;81.571;83.580
1296;22;39;22.496;23.470
1296;39;22;67.496;83.880
1297;23;24;55.664;60.630
1297;24;23;55.664;60.670
1298;23;24;56.985;62.000
1298;24;23;56.985;62.040
1299;23;25;59.274;79.870
1299;25;23;59.274;80.030
1300;23;26;55.416;64.050
1300;26;23;55.416;64.400
1301;23;26;56.978;61.350
1301;26;23;56.978;61.700
1302;23;27;79.629;68.510
1302;27;23;79.629;69.060
1303;23;27;78.531;74.250
1303;27;23;78.531;74.800
1304;23;27;82.890;78.560
1304;27;23;82.890;79.110
1305;23;28;101.410;77.710
1305;28;23;101.410;78.620
1306;23;29;61.247;64.920
1306;29;23;61.247;66.090
1307;23;29;63.243;66.410
1307;29;23;63.243;67.580
1308;23;30;50.126;65.870
1308;30;23;50.126;67.510
1309;23;30;49.176;78.720
1309;30;23;49.176;80.360
1310;23;31;66.460;75.390
1310;31;23;66.460;77.270
1311;23;31;69.523;74.370
1311;31;23;69.523;76.250
1312;23;32;77.075;78.210
1312;32;23;77.075;80.900
1313;23;32;82.856;82.200
1313;32;23;82.856;84.890
1314;23;33;87.199;82.250
1314;33;23;87.199;84.990
1315;23;34;80.236;73.670
1315;34;23;80.236;77.440
1316;23;34;83.196;60.810
1316;34;23;83.196;64.580
1317;23;35;68.195;69.320
1317;35;23;68.195;73.910
1318;23;35;63.352;57.320
1318;35;23;63.352;61.910
1319;23;36;108.095;71.920
1319;36;23;108.095;76.690
1320;23;36;119.096;55.520
1320;36;23;119.096;60.290
1321;23;36;111.761;57.020
1321;36;23;111.761;61.790
1322;23;37;91.158;75.210
1322;37;23;91.158;80.570
1323;23;37;80.318;64.560
1323;37;23;80.318;69.920
1324;23;37;96.992;58.180
1324;37;23;96.992;63.540
1325;23;38;93.598;60.750
1325;38;23;93.598;66.980
1326;23;39;20.827;21.350
1326;39;23;65.827;81.560
1327;23;39;16.921;10.990
1327;39;23;61.921;71.200
1328;24;25;58.977;69.610
1328;25;24;58.977;69.730
1329;24;25;60.106;64.480
1329;25;24;60.106;64.600
1330;24;25;60.989;76.030
1330;25;24;60.989;76.150
1331;24;26;65.620;67.710
1331;26;24;65.620;68.020
1332;24;26;65.404;72.640
1332;26;24;65.404;72.950
1333;24;27;84.442;82.650
1333;27;24;84.442;83.160
1334;24;27;84.329;71.290
1334;27;24;84.329;71.800
1335;24;28;108.546;79.230
1335;28;24;108.546;80.100
1336;24;29;50.739;77.570
1336;29;24;50.739;78.700
1337;24;30;50.552;60.520
1337;30;24;50.552;62.120
1338;24;30;50.089;74.380
1338;30;24;50.089;75.980
1339;24;30;51.379;74.450
1339;30;24;51.379;76.050
1340;24;31;60.269;80.600
1340;31;24;60.269;82.440
1341;24;31;60.268;65.320
1341;31;24;60.268;67.160
1342;24;32;66.427;60.050
1342;32;24;66.427;62.700
1343;24;32;67.740;57.740
1343;32;24;67.740;60.390
1344;24;32;68.694;77.570
1344;32;24;68.694;80.220
1345;24;33;80.612;77.830
1345;33;24;80.612;80.530
1346;24;33;82.453;66.440
1346;33;24;82.453;69.140
1347;24;34;90.875;65.510
1347;34;24;90.875;69.240
1348;24;34;97.213;64.730
1348;34;24;97.213;68.460
1349;24;35;59.954;73.320
1349;35;24;59.954;77.870
1350;24;35;58.793;68.650
1350;35;24;58.793;73.200
1351;24;35;60.892;77.250
1351;35;24;60.892;81.800
1352;24;36;117.184;60.480
1352;36;24;117.184;65.210
1353;24;36;125.847;71.150
1353;36;24;125.847;75.880
1354;24;37;92.699;79.220
1354;37;24;92.699;84.540
1355;24;37;85.123;74.620
1355;37;24;85.123;79.940
1356;24;38;86.339;69.950
1356;38;24;86.339;76.140
1357;24;38;95.717;69.760
1357;38;24;95.717;75.950
1358;24;39;18.520;21.090
1358;39;24;63.520;81.260
1359;24;39;15.552;15.210
1359;39;24;60.552;75.380
1360;25;26;68.066;68.220
1360;26;25;68.066;68.410
1361;25;26;71.537;62.640
1361;26;25;71.537;62.830
1362;25;26;63.046;72.600
1362;26;25;63.046;72.790
1363;25;27;71.038;70.020
1363;27;25;71.038;70.410
1364;25;28;115.322;65.570
1364;28;25;115.322;66.320
1365;25;28;130.706;70.340
1365;28;25;130.706;71.090
1366;25;29;63.039;65.740
1366;29;25;63.039;66.750
1367;25;30;58.365;64.100
1367;30;25;58.365;65.580
1368;25;31;55.342;72.060
1368;31;25;55.342;73.780
1369;25;32;75.057;74.890
1369;32;25;75.057;77.420
1370;25;32;69.431;63.430
1370;32;25;69.431;65.960
1371;25;32;73.478;74.970
1371;32;25;73.478;77.500
1372;25;33;94.405;77.380
1372;33;25;94.405;79.960
1373;25;33;83.394;69.050
1373;33;25;83.394;71.630
1374;25;33;87.272;76.760
1374;33;25;87.272;79.340
1375;25;34;88.814;64.220
1375;34;25;88.814;67.830
1376;25;35;73.563;67.430
1376;35;25;73.563;71.860
1377;25;35;67.527;70.360
1377;35;25;67.527;74.790
1378;25;36;120.540;62.670
1378;36;25;120.540;67.280
1379;25;37;78.830;76.390
1379;37;25;78.830;81.590
1380;25;37;72.811;72.260
1380;37;25;72.811;77.460
1381;25;37;73.896;55.540
1381;37;25;73.896;60.740
1382;25;38;99.858;54.310
1382;38;25;99.858;60.380
1383;25;38;87.513;55.560
1383;38;25;87.513;61.630
1384;25;38;100.985;58.090
1384;38;25;100.985;64.160
1385;25;39;6.651;7.110
1385;39;25;51.651;67.160
1386;25;39;5.524;15.630
1386;39;25;50.524;75.680
1387;25;39;7.151;22.330
1387;39;25;52.151;82.380
1388;26;27;81.992;79.550
1388;27;26;81.992;79.750
1389;26;27;80.798;61.020
1389;27;26;80.798;61.220
1390;26;27;87.016;81.510
1390;27;26;87.016;81.710
1391;26;28;92.454;65.930
1391;28;26;92.454;66.490
1392;26;29;70.811;74.130
1392;29;26;70.811;74.950
1393;26;29;73.699;75.860
1393;29;26;73.699;76.680
1394;26;29;73.265;59.350
1394;29;26;73.265;60.170
1395;26;30;60.161;63.470
1395;30;26;60.161;64.760
1396;26;30;57.219;69.000
1396;30;26;57.219;70.290
1397;26;31;76.539;66.140
1397;31;26;76.539;67.670
1398;26;31;77.717;70.110
1398;31;26;77.717;71.640
1399;26;31;73.959;78.670
1399;31;26;73.959;80.200
1400;26;32;86.651;68.100
1400;32;26;86.651;70.440
1401;26;32;92.547;74.330
1401;32;26;92.547;76.670
1402;26;32;94.903;77.970
1402;32;26;94.903;80.310
1403;26;33;91.809;69.980
1403;33;26;91.809;72.370
1404;26;33;85.695;79.540
1404;33;26;85.695;81.930
1405;26;34;70.655;69.850
1405;34;26;70.655;73.270
1406;26;34;64.350;80.810
1406;34;26;64.350;84.230
1407;26;34;72.088;58.360
1407;34;26;72.088;61.780
1408;26;35;75.495;80.350
1408;35;26;75.495;84.590
1409;26;36;97.867;71.980
1409;36;26;97.867;76.400
1410;26;36;108.470;58.020
1410;36;26;108.470;62.440
1411;26;37;96.015;66.240
1411;37;26;96.015;71.250
1412;26;37;97.320;79.790
1412;37;26;97.320;84.800
1413;26;38;98.636;59.390
1413;38;26;98.636;65.270
1414;26;38;93.338;54.200
1414;38;26;93.338;60.080
1415;26;38;92.083;71.010
1415;38;26;92.083;76.890
1416;26;39;29.690;22.320
1416;39;26;74.690;82.180
1417;26;39;24.621;16.730
1417;39;26;69.621;76.590
1418;27;28;125.577;73.580
1418;28;27;125.577;73.940
1419;27;28;113.352;69.300
1419;28;27;113.352;69.660
1420;27;28;120.887;84.070
1420;28;27;120.887;84.430
1421;27;29;89.025;78.500
1421;29;27;89.025;79.120
1422;27;29;86.037;67.970
1422;29;27;86.037;68.590
1423;27;29;94.488;77.980
1423;29;27;94.488;78.600
1424;27;30;81.879;79.490
1424;30;27;81.879;80.580
1425;27;30;77.448;60.800
1425;30;27;77.448;61.890
1426;27;31;77.982;72.670
1426;31;27;77.982;74.000
1427;27;31;76.543;80.350
1427;31;27;76.543;81.680
1428;27;32;100.244;69.070
1428;32;27;100.244;71.210
1429;27;32;111.514;59.200
1429;32;27;111.514;61.340
1430;27;33;120.039;67.490
1430;33;27;120.039;69.680
1431;27;33;121.511;77.180
1431;33;27;121.511;79.370
1432;27;33;107.778;80.870
1432;33;27;107.778;83.060
1433;27;34;87.680;63.230
1433;34;27;87.680;66.450
1434;27;34;90.978;78.100
1434;34;27;90.978;81.320
1435;27;35;99.354;63.320
1435;35;27;99.354;67.360
1436;27;36;124.353;65.270
1436;36;27;124.353;69.490
1437;27;36;119.290;61.640
1437;36;27;119.290;65.860
1438;27;37;61.702;57.690
1438;37;27;61.702;62.500
1439;27;37;58.461;56.290
1439;37;27;58.461;61.100
1440;27;38;125.739;77.890
1440;38;27;125.739;83.570
1441;27;39;25.336;14.970
1441;39;27;70.336;74.630
1442;28;29;111.528;60.020
1442;29;28;111.528;60.280
1443;28;29;112.691;81.590
1443;29;28;112.691;81.850
1444;28;29;125.494;71.380
1444;29;28;125.494;71.640
1445;28;30;104.499;82.370
1445;30;28;104.499;83.100
1446;28;30;93.099;77.220
1446;30;28;93.099;77.950
1447;28;31;122.629;77.890
1447;31;28;122.629;78.860
1448;28;31;126.436;66.460
1448;31;28;126.436;67.430
1449;28;31;112.895;61.200
1449;31;28;112.895;62.170
1450;28;32;124.455;80.930
1450;32;28;124.455;82.710
1451;28;32;125.740;80.350
1451;32;28;125.740;82.130
1452;28;33;110.697;76.520
1452;33;28;110.697;78.350
1453;28;34;86.633;79.470
1453;34;28;86.633;82.330
1454;28;34;84.372;58.490
1454;34;28;84.372;61.350
1455;28;35;108.918;57.600
1455;35;28;108.918;61.280
1456;28;36;64.736;68.170
1456;36;28;64.736;72.030
1457;28;36;67.137;75.130
1457;36;28;67.137;78.990
1458;28;37;141.476;76.890
1458;37;28;141.476;81.340
1459;28;37;121.798;58.820
1459;37;28;121.798;63.270
1460;28;37;161.105;65.540
1460;37;28;161.105;69.990
1461;28;38;116.704;65.920
1461;38;28;116.704;71.240
1462;28;38;114.230;77.320
1462;38;28;114.230;82.640
1463;28;39;76.973;15.910
1463;39;28;121.973;75.210
1464;28;39;70.543;18.220
1464;39;28;115.543;77.520
1465;28;39;89.135;14.410
1465;39;28;134.135;73.710
1466;29;30;56.129;79.860
1466;30;29;56.129;80.330
1467;29;31;60.946;78.370
1467;31;29;60.946;79.080
1468;29;32;60.879;65.110
1468;32;29;60.879;66.630
1469;29;33;76.563;81.560
1469;33;29;76.563;83.130
1470;29;33;71.793;79.280
1470;33;29;71.793;80.850
1471;29;33;80.845;82.470
1471;33;29;80.845;84.040
1472;29;34;96.304;70.030
1472;34;29;96.304;72.630
1473;29;35;55.724;56.890
1473;35;29;55.724;60.310
1474;29;36;121.293;75.090
1474;36;29;121.293;78.690
1475;29;36;105.495;55.720
1475;36;29;105.495;59.320
1476;29;36;123.719;72.890
1476;36;29;123.719;76.490
1477;29;37;95.916;70.250
1477;37;29;95.916;74.440
1478;29;37;87.681;72.110
1478;37;29;87.681;76.300
1479;29;37;93.865;74.070
1479;37;29;93.865;78.260
1480;29;38;81.834;67.120
1480;38;29;81.834;72.180
1481;29;38;82.765;71.380
1481;38;29;82.765;76.440
1482;29;38;83.506;64.120
1482;38;29;83.506;69.180
1483;29;39;21.172;13.910
1483;39;29;66.172;72.950
1484;30;31;63.193;81.640
1484;31;30;63.193;81.880
1485;30;31;60.971;66.650
1485;31;30;60.971;66.890
1486;30;31;61.096;78.910
1486;31;30;61.096;79.150
1487;30;32;71.949;63.770
1487;32;30;71.949;64.820
1488;30;33;83.597;81.570
1488;33;30;83.597;82.670
1489;30;33;84.600;60.770
1489;33;30;84.600;61.870
1490;30;34;85.323;64.860
1490;34;30;85.323;66.990
1491;30;34;79.020;67.710
1491;34;30;79.020;69.840
1492;30;34;86.060;59.800
1492;34;30;86.060;61.930
1493;30;35;63.772;77.480
1493;35;30;63.772;80.430
1494;30;36;112.256;79.160
1494;36;30;112.256;82.290
1495;30;36;116.052;56.260
1495;36;30;116.052;59.390
1496;30;36;118.495;72.980
1496;36;30;118.495;76.110
1497;30;37;91.874;63.870
1497;37;30;91.874;67.590
1498;30;37;93.907;76.860
1498;37;30;93.907;80.580
1499;30;37;98.330;56.230
1499;37;30;98.330;59.950
1500;30;38;89.744;62.880
1500;38;30;89.744;67.470
1501;30;38;88.026;66.630
1501;38;30;88.026;71.220
1502;30;39;19.290;0.360
1502;39;30;64.290;58.930
1503;30;39;19.529;22.300
1503;39;30;64.529;80.870
1504;31;32;67.490;75.710
1504;32;31;67.490;76.520
1505;31;32;69.859;66.090
1505;32;31;69.859;66.900
1506;31;33;91.577;77.900
1506;33;31;91.577;78.760
1507;31;33;95.604;77.870
1507;33;31;95.604;78.730
1508;31;34;98.895;59.870
1508;34;31;98.895;61.760
1509;31;34;102.033;64.230
1509;34;31;102.033;66.120
1510;31;34;85.951;72.620
1510;34;31;85.951;74.510
1511;31;35;71.250;57.070
1511;35;31;71.250;59.780
1512;31;35;71.049;57.150
1512;35;31;71.049;59.860
1513;31;35;67.265;59.140
1513;35;31;67.265;61.850
1514;31;36;129.406;64.280
1514;36;31;129.406;67.170
1515;31;36;114.727;64.700
1515;36;31;114.727;67.590
1516;31;37;81.293;67.690
1516;37;31;81.293;71.170
1517;31;37;83.386;76.350
1517;37;31;83.386;79.830
1518;31;38;96.076;59.970
1518;38;31;96.076;64.320
1519;31;39;7.648;15.350
1519;39;31;52.648;73.680
1520;31;39;7.925;2.150
1520;39;31;52.925;60.480
1521;31;39;8.408;7.510
1521;39;31;53.408;65.840
1522;32;33;73.986;77.970
1522;33;32;73.986;78.020
1523;32;33;74.359;65.490
1523;33;32;74.359;65.540
1524;32;34;112.183;61.010
1524;34;32;112.183;62.090
1525;32;35;60.711;69.290
1525;35;32;60.711;71.190
1526;32;35;58.889;56.490
1526;35;32;58.889;58.390
1527;32;35;63.049;73.870
1527;35;32;63.049;75.770
1528;32;36;135.886;68.450
1528;36;32;135.886;70.530
1529;32;36;114.319;67.060
1529;36;32;114.319;69.140
1530;32;36;155.070;79.710
1530;36;32;155.070;81.790
1531;32;37;103.187;72.290
1531;37;32;103.187;74.960
1532;32;37;94.428;59.120
1532;37;32;94.428;61.790
1533;32;38;76.508;77.990
1533;38;32;76.508;81.530
1534;32;38;77.019;54.620
1534;38;32;77.019;58.160
1535;32;39;30.026;23.030
1535;39;32;75.026;80.550
1536;32;39;22.874;17.380
1536;39;32;67.874;74.900
1537;32;39;22.874;16.270
1537;39;32;67.874;73.790
1538;33;34;115.128;60.240
1538;34;33;115.128;61.270
1539;33;34;130.391;73.170
1539;34;33;130.391;74.200
1540;33;35;65.867;64.910
1540;35;33;65.867;66.760
1541;33;36;126.826;63.980
1541;36;33;126.826;66.010
1542;33;36;108.467;73.490
1542;36;33;108.467;75.520
1543;33;36;131.689;67.350
1543;36;33;131.689;69.380
1544;33;37;127.420;56.220
1544;37;33;127.420;58.840
1545;33;38;52.003;67.520
1545;38;33;52.003;71.010
1546;33;38;52.544;55.970
1546;38;33;52.544;59.460
1547;33;39;52.651;3.710
1547;39;33;97.651;61.180
1548;33;39;40.397;7.900
1548;39;33;85.397;65.370
1549;34;35;100.908;67.930
1549;35;34;100.908;68.750
1550;34;36;81.779;62.270
1550;36;34;81.779;63.270
1551;34;36;78.167;61.380
1551;36;34;78.167;62.380
1552;34;37;104.369;75.640
1552;37;34;104.369;77.230
1553;34;38;122.122;72.310
1553;38;34;122.122;74.770
1554;34;39;49.508;0.010
1554;39;34;94.508;56.450
1555;34;39;50.292;14.230
1555;39;34;95.292;70.670
1556;34;39;51.476;14.000
1556;39;34;96.476;70.440
1557;35;36;121.152;79.450
1557;36;35;121.152;79.630
1558;35;37;106.638;66.610
1558;37;35;106.638;67.380
1559;35;37;102.066;70.080
1559;37;35;102.066;70.850
1560;35;37;100.794;54.950
1560;37;35;100.794;55.720
1561;35;38;71.392;60.130
1561;38;35;71.392;61.770
1562;35;38;72.646;71.170
1562;38;35;72.646;72.810
1563;35;39;31.884;5.930
1563;39;35;76.884;61.550
1564;35;39;36.667;8.940
1564;39;35;81.667;64.560
1565;35;39;34.236;5.550
1565;39;35;79.236;61.170
1566;36;37;140.994;56.920
1566;37;36;140.994;57.510
1567;36;38;133.290;73.240
1567;38;36;133.290;74.700
1568;36;38;138.236;58.990
1568;38;36;138.236;60.450
1569;36;38;129.185;78.890
1569;38;36;129.185;80.350
1570;36;39;81.991;24.630
1570;39;36;126.991;80.070
1571;36;39;91.338;12.990
1571;39;36;136.338;68.430
1572;36;39;86.054;11.350
1572;39;36;131.054;66.790
1573;37;38;132.263;74.060
1573;38;37;132.263;74.930
1574;37;38;145.422;61.740
1574;38;37;145.422;62.610
1575;37;39;29.769;5.400
1575;39;37;74.769;60.250
1576;37;39;25.861;24.340
1576;39;37;70.861;79.190
1577;37;39;34.182;10.010
1577;39;37;79.182;64.860
1578;38;39;57.583;18.670
1578;39;38;102.583;72.650
1579;38;39;58.155;5.270
1579;39;38;103.155;59.250
