40
480.0
0;0;1;94.491;101.750
0;1;0;49.491;11.810
1;0;2;73.285;102.930
1;2;0;28.285;13.530
2;0;2;70.588;94.130
2;2;0;25.588;4.730
3;0;3;53.647;89.350
3;3;0;8.647;0.040
4;0;4;81.549;105.120
4;4;0;36.549;18.500
5;0;5;62.194;96.430
5;5;0;17.194;17.500
6;0;6;90.309;97.280
6;6;0;45.309;19.300
7;0;6;83.441;81.560
7;6;0;38.441;3.580
8;0;6;101.310;78.080
8;6;0;56.310;0.100
9;0;7;77.509;94.530
9;7;0;32.509;17.580
10;0;7;72.469;88.110
10;7;0;27.469;11.160
11;0;7;70.021;98.860
11;7;0;25.021;21.910
12;0;8;75.107;100.330
12;8;0;30.107;23.520
13;0;8;77.971;95.720
13;8;0;32.971;18.910
14;0;9;64.222;100.160
14;9;0;19.222;23.720
15;0;9;68.183;97.850
15;9;0;23.183;21.410
16;0;10;124.572;87.960
16;10;0;79.572;13.140
17;0;11;76.387;87.000
17;11;0;31.387;13.220
18;0;12;116.350;75.460
18;12;0;71.350;3.810
19;0;12;126.929;96.210
19;12;0;81.929;24.560
20;0;12;119.914;73.650
20;12;0;74.914;2.000
21;0;13;72.562;84.430
21;13;0;27.562;13.370
22;0;13;73.590;94.450
22;13;0;28.590;23.390
23;0;14;67.688;72.440
23;14;0;22.688;1.860
24;0;15;63.315;88.580
24;15;0;18.315;18.380
25;0;15;59.317;89.310
25;15;0;14.317;19.110
26;0;16;119.442;71.000
26;16;0;74.442;1.040
27;0;16;123.890;79.620
27;16;0;78.890;9.660
28;0;16;110.048;83.160
28;16;0;65.048;13.200
29;0;17;74.690;77.570
29;17;0;29.690;10.540
30;0;17;79.412;78.770
30;17;0;34.412;11.740
31;0;18;68.796;80.500
31;18;0;23.796;15.730
32;0;18;65.789;78.290
32;18;0;20.789;13.520
33;0;19;66.172;70.860
33;19;0;21.172;7.150
34;0;19;66.464;74.230
34;19;0;21.464;10.520
35;0;20;138.673;74.830
35;20;0;93.673;12.230
36;0;20;155.439;66.300
36;20;0;110.439;3.700
37;0;21;75.026;77.090
37;21;0;30.026;16.040
38;0;21;75.499;61.230
38;21;0;30.499;0.180
39;0;21;78.698;82.560
39;21;0;33.698;21.510
40;0;22;65.827;76.070
40;22;0;20.827;15.290
41;0;22;66.307;73.350
41;22;0;21.307;12.570
42;0;23;51.651;68.130
42;23;0;6.651;7.790
43;0;23;52.729;68.950
43;23;0;7.729;8.610
44;0;23;51.232;73.910
44;23;0;6.232;13.570
45;0;24;94.508;77.290
45;24;0;49.508;17.050
46;0;24;102.118;63.860
46;24;0;57.118;3.620
47;0;25;121.973;81.820
47;25;0;76.973;21.890
48;0;25;117.957;79.660
48;25;0;72.957;19.730
49;0;25;133.776;76.460
49;25;0;88.776;16.530
50;0;26;54.829;65.000
50;26;0;9.829;5.080
51;0;26;55.766;75.450
51;26;0;10.766;15.530
52;0;27;63.686;64.020
52;27;0;18.686;4.150
53;0;27;65.130;70.300
53;27;0;20.130;10.430
54;0;27;60.837;62.000
54;27;0;15.837;2.130
55;0;28;99.909;65.310
55;28;0;54.909;6.760
56;0;28;86.310;74.740
56;28;0;41.310;16.190
57;0;29;52.648;71.960
57;29;0;7.648;13.510
58;0;30;70.336;64.310
58;30;0;25.336;5.930
59;0;30;76.312;70.290
59;30;0;31.312;11.910
60;0;31;64.290;62.150
60;31;0;19.290;3.780
61;0;32;97.651;59.070
61;32;0;52.651;0.790
62;0;33;63.196;71.090
62;33;0;18.196;12.840
63;0;33;67.043;82.400
63;33;0;22.043;24.150
64;0;34;63.520;73.100
64;34;0;18.520;14.860
65;0;34;60.748;82.190
65;34;0;15.748;23.950
66;0;35;102.583;77.880
66;35;0;57.583;20.470
67;0;36;126.991;57.590
67;36;0;81.991;0.300
68;0;37;74.769;71.510
68;37;0;29.769;14.710
69;0;38;76.884;78.540
69;38;0;31.884;23.490
70;0;38;70.874;67.210
70;38;0;25.874;12.160
71;0;39;0.000;7.630
71;39;0;0.000;7.630
72;1;2;117.069;94.450
72;2;1;117.069;94.990
73;1;2;131.482;114.130
73;2;1;131.482;114.670
74;1;2;121.677;111.450
74;2;1;121.677;111.990
75;1;3;87.276;102.200
75;3;1;87.276;102.830
76;1;3;94.352;107.670
76;3;1;94.352;108.300
77;1;4;66.570;88.480
77;4;1;66.570;91.800
78;1;4;65.869;86.720
78;4;1;65.869;90.040
79;1;4;62.915;88.440
79;4;1;62.915;91.760
80;1;5;80.845;86.610
80;5;1;80.845;97.620
81;1;5;74.202;87.710
81;5;1;74.202;98.720
82;1;5;81.947;94.780
82;5;1;81.947;105.790
83;1;6;80.955;99.460
83;6;1;80.955;111.420
84;1;6;88.974;97.980
84;6;1;88.974;109.940
85;1;6;80.950;100.380
85;6;1;80.950;112.340
86;1;7;74.022;82.060
86;7;1;74.022;95.050
87;1;7;81.259;76.960
87;7;1;81.259;89.950
88;1;7;70.740;80.750
88;7;1;70.740;93.740
89;1;8;65.984;90.420
89;8;1;65.984;103.550
90;1;8;65.147;78.030
90;8;1;65.147;91.160
91;1;8;62.176;93.580
91;8;1;62.176;106.710
92;1;9;113.662;79.780
92;9;1;113.662;93.280
93;1;10;96.851;98.180
93;10;1;96.851;113.300
94;1;11;114.299;80.970
94;11;1;114.299;97.130
95;1;12;79.185;92.960
95;12;1;79.185;111.250
96;1;12;76.686;76.040
96;12;1;76.686;94.330
97;1;13;69.109;73.810
97;13;1;69.109;92.690
98;1;13;67.391;74.850
98;13;1;67.391;93.730
99;1;14;86.520;72.300
99;14;1;86.520;91.660
100;1;15;92.752;86.260
100;15;1;92.752;106.000
101;1;16;97.504;71.240
101;16;1;97.504;91.220
102;1;17;68.587;81.740
102;17;1;68.587;104.650
103;1;18;110.336;71.200
103;18;1;110.336;96.370
104;1;19;80.589;81.420
104;19;1;80.589;107.650
105;1;19;85.134;76.800
105;19;1;85.134;103.030
106;1;20;102.209;73.390
106;20;1;102.209;100.730
107;1;21;92.913;68.680
107;21;1;92.913;97.570
108;1;22;73.902;73.000
108;22;1;73.902;102.160
109;1;23;88.091;63.720
109;23;1;88.091;93.320
110;1;23;84.541;72.080
110;23;1;84.541;101.680
111;1;24;81.911;78.080
111;24;1;81.911;107.780
112;1;24;87.244;69.000
112;24;1;87.244;98.700
113;1;25;76.549;65.550
113;25;1;76.549;95.560
114;1;25;71.079;71.950
114;25;1;71.079;101.960
115;1;26;84.694;76.390
115;26;1;84.694;106.410
116;1;26;87.927;62.230
116;26;1;87.927;92.250
117;1;26;83.768;79.560
117;26;1;83.768;109.580
118;1;27;79.129;79.600
118;27;1;79.129;109.670
119;1;27;77.365;82.670
119;27;1;77.365;112.740
120;1;27;86.487;83.080
120;27;1;86.487;113.150
121;1;28;75.486;73.950
121;28;1;75.486;105.340
122;1;29;93.438;74.800
122;29;1;93.438;106.290
123;1;30;105.577;76.890
123;30;1;105.577;108.450
124;1;30;117.661;80.030
124;30;1;117.661;111.590
125;1;31;75.463;71.340
125;31;1;75.463;102.910
126;1;31;69.279;65.240
126;31;1;69.279;96.810
127;1;32;82.436;65.040
127;32;1;82.436;96.700
128;1;32;88.335;67.760
128;32;1;88.335;99.420
129;1;33;78.322;73.630
129;33;1;78.322;105.320
130;1;33;71.668;70.190
130;33;1;71.668;101.880
131;1;34;78.457;73.300
131;34;1;78.457;105.000
132;1;34;75.570;80.780
132;34;1;75.570;112.480
133;1;34;78.143;82.320
133;34;1;78.143;114.020
134;1;35;89.204;73.750
134;35;1;89.204;106.280
135;1;36;89.955;73.420
135;36;1;89.955;106.070
136;1;36;84.140;76.440
136;36;1;84.140;109.090
137;1;37;119.200;60.460
137;37;1;119.200;93.600
138;1;38;77.378;59.680
138;38;1;77.378;94.570
139;1;38;85.012;74.290
139;38;1;85.012;109.180
140;1;38;80.807;66.000
140;38;1;80.807;100.890
141;1;39;49.491;17.170
141;39;1;94.491;107.110
142;1;39;47.083;2.850
142;39;1;92.083;92.790
143;1;39;54.482;19.260
143;39;1;99.482;109.200
144;2;3;81.692;105.230
144;3;2;81.692;105.320
145;2;4;98.504;106.200
145;4;2;98.504;108.980
146;2;4;107.244;88.490
146;4;2;107.244;91.270
147;2;4;94.062;96.150
147;4;2;94.062;98.930
148;2;5;90.108;81.700
148;5;2;90.108;92.170
149;2;6;118.587;97.180
149;6;2;118.587;108.600
150;2;6;134.535;78.070
150;6;2;134.535;89.490
151;2;7;105.469;99.830
151;7;2;105.469;112.280
152;2;8;96.088;89.600
152;8;2;96.088;102.190
153;2;8;97.919;91.240
153;8;2;97.919;103.830
154;2;8;106.154;78.510
154;8;2;106.154;91.100
155;2;9;63.721;82.870
155;9;2;63.721;95.830
156;2;10;152.715;99.440
156;10;2;152.715;114.020
157;2;10;166.528;77.910
157;10;2;166.528;92.490
158;2;10;150.059;77.750
158;10;2;150.059;92.330
159;2;11;54.760;80.330
159;11;2;54.760;95.950
160;2;11;52.648;80.690
160;11;2;52.648;96.310
161;2;11;53.962;79.170
161;11;2;53.962;94.790
162;2;12;129.661;87.090
162;12;2;129.661;104.840
163;2;12;146.697;93.700
163;12;2;146.697;111.450
164;2;12;123.091;79.540
164;12;2;123.091;97.290
165;2;13;92.972;77.620
165;13;2;92.972;95.960
166;2;13;90.324;72.510
166;13;2;90.324;90.850
167;2;14;95.763;95.440
167;14;2;95.763;114.260
168;2;14;88.569;82.470
168;14;2;88.569;101.290
169;2;15;90.296;76.470
169;15;2;90.296;95.670
170;2;15;98.526;92.080
170;15;2;98.526;111.280
171;2;15;96.405;88.820
171;15;2;96.405;108.020
172;2;16;147.722;81.460
172;16;2;147.722;100.900
173;2;16;150.422;84.920
173;16;2;150.422;104.360
174;2;16;131.069;73.210
174;16;2;131.069;92.650
175;2;17;93.832;71.140
175;17;2;93.832;93.510
176;2;18;51.988;70.430
176;18;2;51.988;95.060
177;2;18;53.023;81.310
177;18;2;53.023;105.940
178;2;18;52.437;86.630
178;18;2;52.437;111.260
179;2;19;94.364;74.300
179;19;2;94.364;99.990
180;2;19;98.511;80.630
180;19;2;98.511;106.320
181;2;19;83.990;73.100
181;19;2;83.990;98.790
182;2;20;148.777;78.350
182;20;2;148.777;105.150
183;2;21;102.121;76.240
183;21;2;102.121;104.590
184;2;22;89.149;67.570
184;22;2;89.149;96.190
185;2;22;78.438;82.000
185;22;2;78.438;110.620
186;2;23;77.067;83.430
186;23;2;77.067;112.490
187;2;24;102.108;69.070
187;24;2;102.108;98.230
188;2;24;92.179;77.460
188;24;2;92.179;106.620
189;2;24;89.240;61.650
189;24;2;89.240;90.810
190;2;25;139.200;75.440
190;25;2;139.200;104.910
191;2;25;129.416;61.930
191;25;2;129.416;91.400
192;2;25;132.441;74.970
192;25;2;132.441;104.440
193;2;26;80.398;63.370
193;26;2;80.398;92.850
194;2;26;83.281;80.650
194;26;2;83.281;110.130
195;2;27;91.414;65.200
195;27;2;91.414;94.730
196;2;27;90.804;82.620
196;27;2;90.804;112.150
197;2;27;88.067;61.580
197;27;2;88.067;91.110
198;2;28;111.208;70.200
198;28;2;111.208;101.050
199;2;28;100.035;64.310
199;28;2;100.035;95.160
200;2;29;80.025;68.560
200;29;2;80.025;99.510
201;2;29;72.161;79.640
201;29;2;72.161;110.590
202;2;29;71.829;65.190
202;29;2;71.829;96.140
203;2;30;59.458;59.680
203;30;2;59.458;90.700
204;2;30;59.096;69.080
204;30;2;59.096;100.100
205;2;31;89.999;71.090
205;31;2;89.999;102.120
206;2;31;82.678;80.130
206;31;2;82.678;111.160
207;2;32;125.908;77.190
207;32;2;125.908;108.310
208;2;32;112.200;62.900
208;32;2;112.200;94.020
209;2;33;90.512;71.550
209;33;2;90.512;102.700
210;2;34;90.992;70.020
210;34;2;90.992;101.180
211;2;34;100.674;76.010
211;34;2;100.674;107.170
212;2;35;130.857;64.230
212;35;2;130.857;96.220
213;2;35;128.609;71.150
213;35;2;128.609;103.140
214;2;36;138.718;58.910
214;36;2;138.718;91.020
215;2;37;47.288;57.610
215;37;2;47.288;90.210
216;2;37;47.585;75.540
216;37;2;47.585;108.140
217;2;37;47.254;63.810
217;37;2;47.254;96.410
218;2;38;105.087;71.450
218;38;2;105.087;105.800
219;2;39;28.285;19.650
219;39;2;73.285;109.050
220;3;4;77.233;96.630
220;4;3;77.233;99.320
221;3;4;78.663;102.930
221;4;3;78.663;105.620
222;3;4;75.621;111.210
222;4;3;75.621;113.900
223;3;5;53.547;96.540
223;5;3;53.547;106.920
224;3;6;81.967;98.650
224;6;3;81.967;109.980
225;3;6;80.049;98.320
225;6;3;80.049;109.650
226;3;6;75.751;88.470
226;6;3;75.751;99.800
227;3;7;68.885;96.380
227;7;3;68.885;108.740
228;3;7;63.176;82.600
228;7;3;63.176;94.960
229;3;8;69.444;97.100
229;8;3;69.444;109.600
230;3;8;71.172;92.620
230;8;3;71.172;105.120
231;3;8;67.107;92.390
231;8;3;67.107;104.890
232;3;9;72.272;89.470
232;9;3;72.272;102.340
233;3;9;78.572;78.320
233;9;3;78.572;91.190
234;3;10;116.038;86.430
234;10;3;116.038;100.920
235;3;11;83.904;84.070
235;11;3;83.904;99.600
236;3;11;91.251;95.950
236;11;3;91.251;111.480
237;3;11;87.132;96.540
237;11;3;87.132;112.070
238;3;12;111.918;72.420
238;12;3;111.918;90.080
239;3;12;113.069;84.760
239;12;3;113.069;102.420
240;3;13;67.457;87.730
240;13;3;67.457;105.980
241;3;14;60.381;78.010
241;14;3;60.381;96.740
242;3;15;58.400;93.730
242;15;3;58.400;112.840
243;3;15;56.863;70.310
243;15;3;56.863;89.420
244;3;16;111.092;83.730
244;16;3;111.092;103.080
245;3;17;70.001;82.510
245;17;3;70.001;104.790
246;3;18;76.730;73.930
246;18;3;76.730;98.470
247;3;18;69.974;82.950
247;18;3;69.974;107.490
248;3;19;57.678;74.050
248;19;3;57.678;99.650
249;3;19;59.346;88.620
249;19;3;59.346;114.220
250;3;19;59.159;87.990
250;19;3;59.159;113.590
251;3;20;134.874;76.510
251;20;3;134.874;103.220
252;3;20;117.906;74.730
252;20;3;117.906;101.440
253;3;21;68.888;74.010
253;21;3;68.888;102.270
254;3;21;74.840;84.470
254;21;3;74.840;112.730
255;3;21;64.312;70.830
255;21;3;64.312;99.090
256;3;22;59.887;70.700
256;22;3;59.887;99.230
257;3;22;60.030;81.120
257;22;3;60.030;109.650
258;3;23;51.171;73.020
258;23;3;51.171;101.990
259;3;24;92.906;71.730
259;24;3;92.906;100.800
260;3;24;100.809;68.280
260;24;3;100.809;97.350
261;3;24;90.950;74.610
261;24;3;90.950;103.680
262;3;25;116.122;68.230
262;25;3;116.122;97.610
263;3;25;123.048;82.130
263;25;3;123.048;111.510
264;3;25;129.749;77.790
264;25;3;129.749;107.170
265;3;26;50.626;81.120
265;26;3;50.626;110.510
266;3;27;55.056;61.320
266;27;3;55.056;90.760
267;3;27;56.021;61.730
267;27;3;56.021;91.170
268;3;28;96.710;74.850
268;28;3;96.710;105.610
269;3;28;107.070;59.360
269;28;3;107.070;90.120
270;3;29;51.574;74.510
270;29;3;51.574;105.370
271;3;29;51.737;75.170
271;29;3;51.737;106.030
272;3;30;76.945;72.430
272;30;3;76.945;103.360
273;3;30;81.761;61.710
273;30;3;81.761;92.640
274;3;31;56.840;62.720
274;31;3;56.840;93.660
275;3;31;55.090;78.210
275;31;3;55.090;109.150
276;3;31;55.450;66.900
276;31;3;55.450;97.840
277;3;32;89.241;75.630
277;32;3;89.241;106.660
278;3;32;82.999;73.120
278;32;3;82.999;104.150
279;3;33;54.733;79.100
279;33;3;54.733;110.160
280;3;33;52.743;63.660
280;33;3;52.743;94.720
281;3;34;54.975;75.590
281;34;3;54.975;106.660
282;3;35;94.403;78.380
282;35;3;94.403;110.280
283;3;35;84.709;63.160
283;35;3;84.709;95.060
284;3;35;103.086;65.980
284;35;3;103.086;97.880
285;3;36;122.863;58.590
285;36;3;122.863;90.610
286;3;36;110.379;63.710
286;36;3;110.379;95.730
287;3;37;83.269;71.390
287;37;3;83.269;103.900
288;3;37;87.765;72.970
288;37;3;87.765;105.480
289;3;38;68.397;62.190
289;38;3;68.397;96.450
290;3;38;71.098;67.520
290;38;3;71.098;101.780
291;3;39;8.647;5.710
291;39;3;53.647;95.020
292;3;39;10.466;18.240
292;39;3;55.466;107.550
293;3;39;7.669;14.600
293;39;3;52.669;103.910
294;4;5;74.973;88.630
294;5;4;74.973;96.320
295;4;6;91.181;95.340
295;6;4;91.181;103.980
296;4;6;102.218;89.440
296;6;4;102.218;98.080
297;4;6;85.054;93.510
297;6;4;85.054;102.150
298;4;7;78.419;92.920
298;7;4;78.419;102.590
299;4;7;71.027;87.830
299;7;4;71.027;97.500
300;4;8;54.238;82.920
300;8;4;54.238;92.730
301;4;8;53.371;91.840
301;8;4;53.371;101.650
302;4;8;55.901;83.530
302;8;4;55.901;93.340
303;4;9;99.245;99.850
303;9;4;99.245;110.030
304;4;9;96.976;83.090
304;9;4;96.976;93.270
305;4;10;115.732;87.290
305;10;4;115.732;99.090
306;4;11;94.291;93.420
306;11;4;94.291;106.260
307;4;11;95.178;90.390
307;11;4;95.178;103.230
308;4;12;79.854;84.420
308;12;4;79.854;99.390
309;4;13;54.975;91.370
309;13;4;54.975;106.930
310;4;13;53.092;89.860
310;13;4;53.092;105.420
311;4;13;55.946;83.360
311;13;4;55.946;98.920
312;4;14;84.488;90.470
312;14;4;84.488;106.510
313;4;14;91.053;77.940
313;14;4;91.053;93.980
314;4;15;87.897;80.240
314;15;4;87.897;96.660
315;4;15;91.098;73.280
315;15;4;91.098;89.700
316;4;16;114.654;75.640
316;16;4;114.654;92.300
317;4;16;118.056;77.080
317;16;4;118.056;93.740
318;4;17;52.264;77.500
318;17;4;52.264;97.090
319;4;17;50.869;91.850
319;17;4;50.869;111.440
320;4;17;52.088;68.770
320;17;4;52.088;88.360
321;4;18;91.542;72.290
321;18;4;91.542;94.140
322;4;18;102.718;82.170
322;18;4;102.718;104.020
323;4;19;77.631;68.080
323;19;4;77.631;90.990
324;4;19;75.771;85.730
324;19;4;75.771;108.640
325;4;19;70.847;70.930
325;19;4;70.847;93.840
326;4;20;102.641;66.100
326;20;4;102.641;90.120
327;4;20;106.398;84.710
327;20;4;106.398;108.730
328;4;20;90.227;63.560
328;20;4;90.227;87.580
329;4;21;93.346;77.580
329;21;4;93.346;103.150
330;4;22;62.667;76.540
330;22;4;62.667;102.380
331;4;22;62.840;83.920
331;22;4;62.840;109.760
332;4;22;59.302;70.910
332;22;4;59.302;96.750
333;4;23;74.991;73.330
333;23;4;74.991;99.610
334;4;24;64.858;64.710
334;24;4;64.858;91.090
335;4;24;61.337;82.810
335;24;4;61.337;109.190
336;4;25;86.270;75.870
336;25;4;86.270;102.560
337;4;25;89.781;82.290
337;25;4;89.781;108.980
338;4;26;72.463;61.560
338;26;4;72.463;88.260
339;4;26;79.129;76.400
339;26;4;79.129;103.100
340;4;27;73.847;73.460
340;27;4;73.847;100.210
341;4;28;64.964;59.640
341;28;4;64.964;87.710
342;4;28;65.510;62.140
342;28;4;65.510;90.210
343;4;29;83.752;68.220
343;29;4;83.752;96.390
344;4;30;85.666;71.320
344;30;4;85.666;99.560
345;4;31;67.291;75.250
345;31;4;67.291;103.500
346;4;31;63.449;78.050
346;31;4;63.449;106.300
347;4;31;65.379;72.320
347;31;4;65.379;100.570
348;4;32;95.588;63.900
348;32;4;95.588;92.240
349;4;33;72.071;68.240
349;33;4;72.071;96.610
350;4;33;76.399;81.990
350;33;4;76.399;110.360
351;4;34;72.657;67.120
351;34;4;72.657;95.500
352;4;34;78.170;76.190
352;34;4;78.170;104.570
353;4;34;71.447;72.050
353;34;4;71.447;100.430
354;4;35;102.552;79.400
354;35;4;102.552;108.610
355;4;35;102.778;68.830
355;35;4;102.778;98.040
356;4;36;90.674;64.800
356;36;4;90.674;94.130
357;4;37;100.748;67.880
357;37;4;100.748;97.700
358;4;38;81.182;66.710
358;38;4;81.182;98.280
359;4;38;79.805;58.110
359;38;4;79.805;89.680
360;4;38;74.571;71.690
360;38;4;74.571;103.260
361;4;39;36.549;13.110
361;39;4;81.549;99.730
362;4;39;37.313;3.790
362;39;4;82.313;90.410
363;4;39;32.342;20.550
363;39;4;77.342;107.170
364;5;6;73.859;86.630
364;6;5;73.859;87.580
365;5;7;60.372;101.660
365;7;5;60.372;103.640
366;5;7;61.730;93.010
366;7;5;61.730;94.990
367;5;8;66.053;85.740
367;8;5;66.053;87.860
368;5;8;61.635;92.350
368;8;5;61.635;94.470
369;5;9;80.483;82.040
369;9;5;80.483;84.530
370;5;9;89.112;99.420
370;9;5;89.112;101.910
371;5;9;83.729;91.360
371;9;5;83.729;93.850
372;5;10;107.614;80.440
372;10;5;107.614;84.550
373;5;11;91.758;90.660
373;11;5;91.758;95.810
374;5;11;83.242;93.890
374;11;5;83.242;99.040
375;5;12;108.490;77.700
375;12;5;108.490;84.980
376;5;13;65.072;81.510
376;13;5;65.072;89.380
377;5;14;55.323;73.350
377;14;5;55.323;81.700
378;5;15;58.035;70.270
378;15;5;58.035;79.000
379;5;15;56.068;77.220
379;15;5;56.068;85.950
380;5;15;58.871;82.500
380;15;5;58.871;91.230
381;5;16;102.892;82.130
381;16;5;102.892;91.100
382;5;16;98.836;92.760
382;16;5;98.836;101.730
383;5;16;113.222;75.870
383;16;5;113.222;84.840
384;5;17;67.870;69.040
384;17;5;67.870;80.940
385;5;17;68.858;87.560
385;17;5;68.858;99.460
386;5;17;67.504;88.670
386;17;5;67.504;100.570
387;5;18;84.892;75.520
387;18;5;84.892;89.680
388;5;19;49.784;66.190
388;19;5;49.784;81.410
389;5;19;50.400;80.730
389;19;5;50.400;95.950
390;5;19;48.972;74.850
390;19;5;48.972;90.070
391;5;20;131.899;82.980
391;20;5;131.899;99.310
392;5;20;151.715;82.040
392;20;5;151.715;98.370
393;5;21;64.667;83.660
393;21;5;64.667;101.540
394;5;21;63.238;67.610
394;21;5;63.238;85.490
395;5;22;57.704;74.610
395;22;5;57.704;92.760
396;5;23;58.413;66.250
396;23;5;58.413;84.840
397;5;23;57.490;83.910
397;23;5;57.490;102.500
398;5;24;92.930;82.670
398;24;5;92.930;101.360
399;5;24;96.309;69.300
399;24;5;96.309;87.990
400;5;25;111.028;69.040
400;25;5;111.028;88.040
401;5;26;55.748;69.640
401;26;5;55.748;88.650
402;5;26;54.080;76.270
402;26;5;54.080;95.280
403;5;27;46.755;77.170
403;27;5;46.755;96.230
404;5;27;46.390;73.690
404;27;5;46.390;92.750
405;5;28;94.936;76.920
405;28;5;94.936;97.300
406;5;28;89.053;66.300
406;28;5;89.053;86.680
407;5;29;58.189;80.310
407;29;5;58.189;100.790
408;5;30;84.311;70.840
408;30;5;84.311;91.390
409;5;31;52.711;60.580
409;31;5;52.711;81.140
410;5;31;51.736;60.510
410;31;5;51.736;81.070
411;5;32;81.006;64.270
411;32;5;81.006;84.920
412;5;32;81.708;82.630
412;32;5;81.708;103.280
413;5;32;80.521;65.690
413;32;5;80.521;86.340
414;5;33;47.930;59.850
414;33;5;47.930;80.530
415;5;33;47.793;77.470
415;33;5;47.793;98.150
416;5;34;47.493;81.670
416;34;5;47.493;102.360
417;5;35;86.462;77.370
417;35;5;86.462;98.890
418;5;36;119.643;79.390
418;36;5;119.643;101.030
419;5;36;109.664;74.530
419;36;5;109.664;96.170
420;5;37;91.738;76.240
420;37;5;91.738;98.370
421;5;37;99.647;65.870
421;37;5;99.647;88.000
422;5;38;60.151;61.740
422;38;5;60.151;85.620
423;5;39;17.194;21.910
423;39;5;62.194;100.840
424;5;39;19.201;22.060
424;39;5;64.201;100.990
425;5;39;19.148;12.370
425;39;5;64.148;91.300
426;6;7;59.501;79.080
426;7;6;59.501;80.110
427;6;8;82.998;95.100
427;8;6;82.998;96.270
428;6;9;106.384;96.280
428;9;6;106.384;97.820
429;6;10;79.657;82.350
429;10;6;79.657;85.510
430;6;11;120.617;92.080
430;11;6;120.617;96.280
431;6;12;115.123;92.500
431;12;6;115.123;98.830
432;6;12;118.421;78.350
432;12;6;118.421;84.680
433;6;13;84.493;82.190
433;13;6;84.493;89.110
434;6;13;77.078;75.780
434;13;6;77.078;82.700
435;6;14;68.621;77.020
435;14;6;68.621;84.420
436;6;14;63.901;76.270
436;14;6;63.901;83.670
437;6;14;72.162;77.790
437;14;6;72.162;85.190
438;6;15;75.731;87.520
438;15;6;75.731;95.300
439;6;15;78.035;87.170
439;15;6;78.035;94.950
440;6;16;74.136;78.800
440;16;6;74.136;86.820
441;6;17;86.666;87.710
441;17;6;86.666;98.660
442;6;17;81.519;80.290
442;17;6;81.519;91.240
443;6;18;113.670;82.060
443;18;6;113.670;95.270
444;6;19;69.314;75.610
444;19;6;69.314;89.880
445;6;20;138.102;62.640
445;20;6;138.102;78.020
446;6;21;67.057;83.410
446;21;6;67.057;100.340
447;6;21;62.220;69.110
447;21;6;62.220;86.040
448;6;22;81.011;69.720
448;22;6;81.011;86.920
449;6;22;85.955;69.560
449;22;6;85.955;86.760
450;6;22;74.748;76.850
450;22;6;74.748;94.050
451;6;23;87.272;74.090
451;23;6;87.272;91.730
452;6;24;110.986;74.800
452;24;6;110.986;92.540
453;6;25;111.005;68.560
453;25;6;111.005;86.610
454;6;26;84.479;81.700
454;26;6;84.479;99.760
455;6;27;72.879;79.760
455;27;6;72.879;97.870
456;6;27;73.165;80.930
456;27;6;73.165;99.040
457;6;27;74.615;76.620
457;27;6;74.615;94.730
458;6;28;108.342;73.160
458;28;6;108.342;92.590
459;6;28;93.500;58.760
459;28;6;93.500;78.190
460;6;28;104.185;73.030
460;28;6;104.185;92.460
461;6;29;84.149;61.440
461;29;6;84.149;80.970
462;6;29;92.053;61.710
462;29;6;92.053;81.240
463;6;29;92.284;82.450
463;29;6;92.284;101.980
464;6;30;113.074;73.900
464;30;6;113.074;93.500
465;6;30;99.237;80.610
465;30;6;99.237;100.210
466;6;31;77.050;80.950
466;31;6;77.050;100.560
467;6;31;71.066;78.410
467;31;6;71.066;98.020
468;6;31;69.320;71.360
468;31;6;69.320;90.970
469;6;32;52.444;64.930
469;32;6;52.444;84.630
470;6;32;52.742;79.910
470;32;6;52.742;99.610
471;6;33;74.303;80.360
471;33;6;74.303;100.090
472;6;34;73.647;75.250
472;34;6;73.647;94.990
473;6;34;72.409;59.240
473;34;6;72.409;78.980
474;6;35;57.717;59.990
474;35;6;57.717;80.560
475;6;36;125.897;60.360
475;36;6;125.897;81.050
476;6;37;120.070;64.060
476;37;6;120.070;85.240
477;6;37;138.031;64.320
477;37;6;138.031;85.500
478;6;38;58.725;71.900
478;38;6;58.725;94.830
479;6;39;45.309;10.930
479;39;6;90.309;88.910
480;7;8;69.601;99.810
480;8;7;69.601;99.950
481;7;8;73.074;90.030
481;8;7;73.074;90.170
482;7;9;95.168;81.070
482;9;7;95.168;81.580
483;7;9;99.219;79.830
483;9;7;99.219;80.340
484;7;10;92.290;95.590
484;10;7;92.290;97.720
485;7;10;100.584;75.380
485;10;7;100.584;77.510
486;7;11;106.754;98.480
486;11;7;106.754;101.650
487;7;11;95.188;91.890
487;11;7;95.188;95.060
488;7;12;106.687;83.770
488;12;7;106.687;89.070
489;7;13;70.644;74.890
489;13;7;70.644;80.780
490;7;13;76.297;77.140
490;13;7;76.297;83.030
491;7;14;59.400;73.720
491;14;7;59.400;80.090
492;7;15;66.825;83.130
492;15;7;66.825;89.880
493;7;15;66.064;86.530
493;15;7;66.064;93.280
494;7;15;70.856;79.440
494;15;7;70.856;86.190
495;7;16;87.910;80.450
495;16;7;87.910;87.440
496;7;16;96.004;84.480
496;16;7;96.004;91.470
497;7;17;73.044;78.660
497;17;7;73.044;88.580
498;7;18;100.131;85.560
498;18;7;100.131;97.740
499;7;18;87.305;79.160
499;18;7;87.305;91.340
500;7;18;95.980;69.860
500;18;7;95.980;82.040
501;7;19;56.546;88.340
501;19;7;56.546;101.580
502;7;19;58.248;86.680
502;19;7;58.248;99.920
503;7;19;57.129;84.640
503;19;7;57.129;97.880
504;7;20;130.235;79.070
504;20;7;130.235;93.420
505;7;20;126.834;78.900
505;20;7;126.834;93.250
506;7;21;63.996;61.980
506;21;7;63.996;77.880
507;7;21;67.761;64.420
507;21;7;67.761;80.320
508;7;22;66.551;75.450
508;22;7;66.551;91.620
509;7;22;61.548;76.630
509;22;7;61.548;92.800
510;7;22;65.952;69.680
510;22;7;65.952;85.850
511;7;23;73.573;69.600
511;23;7;73.573;86.210
512;7;24;98.228;76.500
512;24;7;98.228;93.210
513;7;25;105.565;72.650
513;25;7;105.565;89.670
514;7;26;70.526;79.590
514;26;7;70.526;96.620
515;7;27;59.075;62.870
515;27;7;59.075;79.950
516;7;28;97.053;72.340
516;28;7;97.053;90.740
517;7;29;72.476;76.630
517;29;7;72.476;95.130
518;7;30;98.966;68.330
518;30;7;98.966;86.900
519;7;30;105.988;75.230
519;30;7;105.988;93.800
520;7;30;103.015;74.530
520;30;7;103.015;93.100
521;7;31;62.568;60.410
521;31;7;62.568;78.990
522;7;31;61.139;71.220
522;31;7;61.139;89.800
523;7;32;66.106;65.350
523;32;7;66.106;84.020
524;7;32;67.368;81.610
524;32;7;67.368;100.280
525;7;32;65.687;74.920
525;32;7;65.687;93.590
526;7;33;60.208;66.100
526;33;7;60.208;84.800
527;7;33;58.657;60.590
527;33;7;58.657;79.290
528;7;33;57.197;64.110
528;33;7;57.197;82.810
529;7;34;59.627;74.820
529;34;7;59.627;93.530
530;7;35;72.178;61.050
530;35;7;72.178;80.590
531;7;35;75.566;77.330
531;35;7;75.566;96.870
532;7;36;117.833;71.810
532;36;7;117.833;91.470
533;7;37;107.109;62.480
533;37;7;107.109;82.630
534;7;37;111.968;60.090
534;37;7;111.968;80.240
535;7;38;48.361;63.550
535;38;7;48.361;85.450
536;7;38;48.693;78.250
536;38;7;48.693;100.150
537;7;39;32.509;19.540
537;39;7;77.509;96.490
538;7;39;40.584;15.270
538;39;7;85.584;92.220
539;7;39;26.830;6.790
539;39;7;71.830;83.740
540;8;9;93.824;89.760
540;9;8;93.824;90.130
541;8;9;104.139;79.460
541;9;8;104.139;79.830
542;8;9;91.414;95.720
542;9;8;91.414;96.090
543;8;10;110.123;88.000
543;10;8;110.123;89.990
544;8;11;93.521;92.060
544;11;8;93.521;95.090
545;8;12;87.679;92.380
545;12;8;87.679;97.540
546;8;12;91.464;93.940
546;12;8;91.464;99.100
547;8;13;48.134;83.670
547;13;8;48.134;89.420
548;8;13;48.492;94.080
548;13;8;48.492;99.830
549;8;13;48.147;78.770
549;13;8;48.147;84.520
550;8;14;75.314;94.050
550;14;8;75.314;100.280
551;8;14;76.233;76.460
551;14;8;76.233;82.690
552;8;15;79.073;71.770
552;15;8;79.073;78.380
553;8;16;108.137;82.290
553;16;8;108.137;89.140
554;8;17;48.827;78.370
554;17;8;48.827;88.150
555;8;17;49.743;86.150
555;17;8;49.743;95.930
556;8;18;89.354;76.740
556;18;8;89.354;88.780
557;8;18;94.072;67.210
557;18;8;94.072;79.250
558;8;19;68.447;82.720
558;19;8;68.447;95.820
559;8;19;66.202;81.670
559;19;8;66.202;94.770
560;8;20;110.940;69.590
560;20;8;110.940;83.800
561;8;20;101.147;63.150
561;20;8;101.147;77.360
562;8;21;84.115;85.910
562;21;8;84.115;101.670
563;8;21;77.605;74.360
563;21;8;77.605;90.120
564;8;21;78.614;80.890
564;21;8;78.614;96.650
565;8;22;54.569;71.580
565;22;8;54.569;87.610
566;8;22;55.412;76.980
566;22;8;55.412;93.010
567;8;22;54.834;78.170
567;22;8;54.834;94.200
568;8;23;68.466;75.460
568;23;8;68.466;91.930
569;8;23;69.088;81.290
569;23;8;69.088;97.760
570;8;24;73.717;61.070
570;24;8;73.717;77.640
571;8;24;74.695;80.000
571;24;8;74.695;96.570
572;8;25;91.911;63.280
572;25;8;91.911;80.160
573;8;26;65.413;65.850
573;26;8;65.413;82.740
574;8;27;64.813;63.520
574;27;8;64.813;80.460
575;8;27;60.677;82.430
575;27;8;60.677;99.370
576;8;27;64.221;77.670
576;27;8;64.221;94.610
577;8;28;74.071;75.000
577;28;8;74.071;93.260
578;8;28;77.460;66.990
578;28;8;77.460;85.250
579;8;29;76.014;64.600
579;29;8;76.014;82.960
580;8;30;84.813;62.790
580;30;8;84.813;81.220
581;8;30;82.183;64.460
581;30;8;82.183;82.890
582;8;30;80.802;80.490
582;30;8;80.802;98.920
583;8;31;58.515;76.320
583;31;8;58.515;94.760
584;8;31;61.150;80.630
584;31;8;61.150;99.070
585;8;31;55.603;63.160
585;31;8;55.603;81.600
586;8;32;88.031;73.110
586;32;8;88.031;91.640
587;8;33;63.125;61.700
587;33;8;63.125;80.260
588;8;34;63.660;58.990
588;34;8;63.660;77.560
589;8;34;67.390;69.620
589;34;8;67.390;88.190
590;8;35;94.880;72.140
590;35;8;94.880;91.540
591;8;35;88.237;61.210
591;35;8;88.237;80.610
592;8;35;98.259;74.320
592;35;8;98.259;93.720
593;8;36;98.755;77.320
593;36;8;98.755;96.840
594;8;36;90.091;63.610
594;36;8;90.091;83.130
595;8;37;98.226;73.610
595;37;8;98.226;93.620
596;8;37;85.117;66.010
596;37;8;85.117;86.020
597;8;37;87.009;69.740
597;37;8;87.009;89.750
598;8;38;72.199;69.960
598;38;8;72.199;91.720
599;8;38;72.952;60.600
599;38;8;72.952;82.360
600;8;38;77.105;76.640
600;38;8;77.105;98.400
601;8;39;30.107;8.060
601;39;8;75.107;84.870
602;8;39;26.381;1.300
602;39;8;71.381;78.110
603;9;10;141.041;92.690
603;10;9;141.041;94.310
604;9;10;150.605;93.830
604;10;9;150.605;95.450
605;9;11;72.076;90.950
605;11;9;72.076;93.610
606;9;11;66.143;84.250
606;11;9;66.143;86.910
607;9;12;133.461;87.630
607;12;9;133.461;92.420
608;9;12;112.249;72.920
608;12;9;112.249;77.710
609;9;13;91.063;91.640
609;13;9;91.063;97.020
610;9;13;93.906;95.560
610;13;9;93.906;100.940
611;9;13;98.910;75.340
611;13;9;98.910;80.720
612;9;14;82.763;92.540
612;14;9;82.763;98.400
613;9;14;81.131;72.290
613;14;9;81.131;78.150
614;9;14;89.139;85.030
614;14;9;89.139;90.890
615;9;15;75.947;86.030
615;15;9;75.947;92.270
616;9;15;80.672;80.850
616;15;9;80.672;87.090
617;9;15;79.384;75.490
617;15;9;79.384;81.730
618;9;16;135.045;70.520
618;16;9;135.045;77.000
619;9;16;139.573;70.140
619;16;9;139.573;76.620
620;9;17;92.882;79.850
620;17;9;92.882;89.260
621;9;17;86.144;70.340
621;17;9;86.144;79.750
622;9;17;84.242;88.480
622;17;9;84.242;97.890
623;9;18;64.619;72.490
623;18;9;64.619;84.160
624;9;18;62.097;86.800
624;18;9;62.097;98.470
625;9;19;83.631;84.580
625;19;9;83.631;97.310
626;9;20;154.833;67.300
626;20;9;154.833;81.140
627;9;20;165.270;84.900
627;20;9;165.270;98.740
628;9;20;147.390;85.230
628;20;9;147.390;99.070
629;9;21;87.085;75.370
629;21;9;87.085;90.760
630;9;21;92.315;83.640
630;21;9;92.315;99.030
631;9;21;95.341;75.100
631;21;9;95.341;90.490
632;9;22;84.848;63.010
632;22;9;84.848;78.670
633;9;22;88.031;82.530
633;22;9;88.031;98.190
634;9;22;76.730;69.610
634;22;9;76.730;85.270
635;9;23;70.585;76.140
635;23;9;70.585;92.240
636;9;23;76.860;78.500
636;23;9;76.860;94.600
637;9;23;71.633;62.560
637;23;9;71.633;78.660
638;9;24;108.856;76.160
638;24;9;108.856;92.360
639;9;24;113.199;71.650
639;24;9;113.199;87.850
640;9;25;140.326;82.900
640;25;9;140.326;99.410
641;9;25;140.913;60.520
641;25;9;140.913;77.030
642;9;25;135.899;64.510
642;25;9;135.899;81.020
643;9;26;73.971;66.340
643;26;9;73.971;82.860
644;9;26;76.400;84.810
644;26;9;76.400;101.330
645;9;27;82.142;71.430
645;27;9;82.142;88.000
646;9;27;80.430;81.980
646;27;9;80.430;98.550
647;9;27;88.173;84.160
647;27;9;88.173;100.730
648;9;28;115.996;60.260
648;28;9;115.996;78.150
649;9;28;118.125;79.690
649;28;9;118.125;97.580
650;9;28;107.919;66.520
650;28;9;107.919;84.410
651;9;29;67.692;68.730
651;29;9;67.692;86.720
652;9;29;65.243;68.700
652;29;9;65.243;86.690
653;9;30;71.588;80.240
653;30;9;71.588;98.300
654;9;30;69.403;77.180
654;30;9;69.403;95.240
655;9;31;83.502;70.580
655;31;9;83.502;88.650
656;9;31;77.114;59.920
656;31;9;77.114;77.990
657;9;31;77.966;67.280
657;31;9;77.966;85.350
658;9;32;113.826;83.000
658;32;9;113.826;101.160
659;9;32;122.366;82.250
659;32;9;122.366;100.410
660;9;33;82.002;76.010
660;33;9;82.002;94.200
661;9;34;82.210;69.000
661;34;9;82.210;87.200
662;9;34;74.816;75.690
662;34;9;74.816;93.890
663;9;34;87.996;74.430
663;34;9;87.996;92.630
664;9;35;117.802;57.500
664;35;9;117.802;76.530
665;9;35;106.834;78.110
665;35;9;106.834;97.140
666;9;35;100.083;61.790
666;35;9;100.083;80.820
667;9;36;143.653;61.840
667;36;9;143.653;80.990
668;9;36;157.449;71.970
668;36;9;157.449;91.120
669;9;37;63.710;72.980
669;37;9;63.710;92.620
670;9;37;63.248;62.820
670;37;9;63.248;82.460
671;9;37;59.078;80.650
671;37;9;59.078;100.290
672;9;38;93.874;61.090
672;38;9;93.874;82.480
673;9;38;83.163;62.190
673;38;9;83.163;83.580
674;9;39;19.222;1.010
674;39;9;64.222;77.450
675;9;39;22.325;8.670
675;39;9;67.325;85.110
676;10;11;153.905;95.440
676;11;10;153.905;96.480
677;10;11;134.628;90.390
677;11;10;134.628;91.430
678;10;11;163.343;79.720
678;11;10;163.343;80.760
679;10;12;126.254;83.230
679;12;10;126.254;86.400
680;10;13;112.603;89.250
680;13;10;112.603;93.010
681;10;13;120.380;86.610
681;13;10;120.380;90.370
682;10;14;103.279;78.370
682;14;10;103.279;82.610
683;10;14;90.578;83.970
683;14;10;90.578;88.210
684;10;14;88.832;88.140
684;14;10;88.832;92.380
685;10;15;110.310;89.810
685;15;10;110.310;94.430
686;10;15;102.985;78.130
686;15;10;102.985;82.750
687;10;15;97.102;75.430
687;15;10;97.102;80.050
688;10;16;53.891;76.840
688;16;10;53.891;81.700
689;10;16;52.582;70.700
689;16;10;52.582;75.560
690;10;17;113.917;74.430
690;17;10;113.917;82.220
691;10;17;116.846;73.940
691;17;10;116.846;81.730
692;10;18;147.414;88.730
692;18;10;147.414;98.780
693;10;18;159.760;72.650
693;18;10;159.760;82.700
694;10;18;130.959;74.110
694;18;10;130.959;84.160
695;10;19;103.401;73.070
695;19;10;103.401;84.180
696;10;19;91.703;72.240
696;19;10;91.703;83.350
697;10;20;145.386;72.830
697;20;10;145.386;85.050
698;10;20;142.436;68.850
698;20;10;142.436;81.070
699;10;21;100.587;63.690
699;21;10;100.587;77.460
700;10;21;113.111;77.620
700;21;10;113.111;91.390
701;10;21;113.677;74.990
701;21;10;113.677;88.760
702;10;22;111.786;84.250
702;22;10;111.786;98.290
703;10;22;102.099;76.760
703;22;10;102.099;90.800
704;10;23;120.858;60.710
704;23;10;120.858;75.190
705;10;23;135.182;61.910
705;23;10;135.182;76.390
706;10;23;114.383;73.680
706;23;10;114.383;88.160
707;10;24;133.529;71.750
707;24;10;133.529;86.330
708;10;24;126.289;75.770
708;24;10;126.289;90.350
709;10;25;115.801;62.420
709;25;10;115.801;77.310
710;10;25;107.927;62.510
710;25;10;107.927;77.400
711;10;26;117.753;74.660
711;26;10;117.753;89.560
712;10;26;135.747;67.410
712;26;10;135.747;82.310
713;10;26;99.941;68.990
713;26;10;99.941;83.890
714;10;27;106.364;60.040
714;27;10;106.364;74.990
715;10;28;127.212;71.800
715;28;10;127.212;88.070
716;10;28;127.380;59.020
716;28;10;127.380;75.290
717;10;28;139.207;59.900
717;28;10;139.207;76.170
718;10;29;118.727;78.290
718;29;10;118.727;94.660
719;10;30;145.892;68.970
719;30;10;145.892;85.410
720;10;31;109.018;68.740
720;31;10;109.018;85.190
721;10;31;110.478;62.330
721;31;10;110.478;78.780
722;10;32;72.216;68.030
722;32;10;72.216;84.570
723;10;33;107.439;70.060
723;33;10;107.439;86.630
724;10;33;98.906;78.080
724;33;10;98.906;94.650
725;10;34;106.891;60.360
725;34;10;106.891;76.940
726;10;35;69.273;76.170
726;35;10;69.273;93.580
727;10;35;69.775;76.180
727;35;10;69.775;93.590
728;10;35;71.167;68.950
728;35;10;71.167;86.360
729;10;36;134.838;65.970
729;36;10;134.838;83.500
730;10;36;114.772;80.880
730;36;10;114.772;98.410
731;10;36;137.753;73.440
731;36;10;137.753;90.970
732;10;37;154.307;68.120
732;37;10;154.307;86.140
733;10;37;142.296;62.680
733;37;10;142.296;80.700
734;10;37;134.670;74.210
734;37;10;134.670;92.230
735;10;38;92.692;72.800
735;38;10;92.692;92.570
736;10;38;91.330;62.260
736;38;10;91.330;82.030
737;10;38;85.227;71.610
737;38;10;85.227;91.380
738;10;39;79.572;19.840
738;39;10;124.572;94.660
739;10;39;91.994;14.100
739;39;10;136.994;88.920
740;10;39;70.355;12.320
740;39;10;115.355;87.140
741;11;12;123.233;95.040
741;12;11;123.233;97.170
742;11;13;90.399;77.400
742;13;11;90.399;80.120
743;11;13;90.277;74.710
743;13;11;90.277;77.430
744;11;14;98.965;91.390
744;14;11;98.965;94.590
745;11;14;95.658;79.150
745;14;11;95.658;82.350
746;11;14;90.023;84.700
746;14;11;90.023;87.900
747;11;15;94.527;80.280
747;15;11;94.527;83.860
748;11;16;149.601;88.250
748;16;11;149.601;92.070
749;11;16;130.127;85.670
749;16;11;130.127;89.490
750;11;17;90.714;79.250
750;17;11;90.714;86.000
751;11;18;53.115;70.110
751;18;11;53.115;79.120
752;11;19;96.362;70.340
752;19;11;96.362;80.410
753;11;19;104.769;68.080
753;19;11;104.769;78.150
754;11;20;141.250;81.990
754;20;11;141.250;93.170
755;11;20;138.996;68.370
755;20;11;138.996;79.550
756;11;20;146.225;74.800
756;20;11;146.225;85.980
757;11;21;106.346;79.800
757;21;11;106.346;92.530
758;11;22;88.076;69.850
758;22;11;88.076;82.850
759;11;23;78.346;74.430
759;23;11;78.346;87.870
760;11;24;94.934;64.290
760;24;11;94.934;77.830
761;11;25;133.825;76.550
761;25;11;133.825;90.400
762;11;26;81.232;64.340
762;26;11;81.232;78.200
763;11;27;92.793;68.490
763;27;11;92.793;82.400
764;11;28;104.672;75.410
764;28;11;104.672;90.640
765;11;28;117.421;80.900
765;28;11;117.421;96.130
766;11;28;102.767;71.630
766;28;11;102.767;86.860
767;11;29;83.857;76.160
767;29;11;83.857;91.490
768;11;29;77.861;73.750
768;29;11;77.861;89.080
769;11;30;53.722;70.170
769;30;11;53.722;85.570
770;11;30;52.478;58.780
770;30;11;52.478;74.180
771;11;31;90.011;71.790
771;31;11;90.011;87.200
772;11;32;127.719;76.770
772;32;11;127.719;92.270
773;11;32;123.073;71.870
773;32;11;123.073;87.370
774;11;32;125.610;60.350
774;32;11;125.610;75.850
775;11;33;91.546;77.160
775;33;11;91.546;92.690
776;11;33;95.678;81.010
776;33;11;95.678;96.540
777;11;33;85.953;75.040
777;33;11;85.953;90.570
778;11;34;92.138;60.950
778;34;11;92.138;76.490
779;11;35;133.195;80.000
779;35;11;133.195;96.370
780;11;35;130.694;58.960
780;35;11;130.694;75.330
781;11;35;132.380;82.000
781;35;11;132.380;98.370
782;11;36;131.713;78.610
782;36;11;131.713;95.100
783;11;36;140.224;66.590
783;36;11;140.224;83.080
784;11;37;56.417;58.690
784;37;11;56.417;75.670
785;11;38;106.902;60.810
785;38;11;106.902;79.540
786;11;38;114.729;61.690
786;38;11;114.729;80.420
787;11;38;95.213;78.490
787;38;11;95.213;97.220
788;11;39;31.387;22.300
788;39;11;76.387;96.080
789;12;13;89.461;78.880
789;13;12;89.461;79.470
790;12;14;116.810;84.680
790;14;12;116.810;85.750
791;12;14;111.879;90.930
791;14;12;111.879;92.000
792;12;15;121.504;82.820
792;15;12;121.504;84.270
793;12;16;128.961;80.960
793;16;12;128.961;82.650
794;12;16;117.456;80.860
794;16;12;117.456;82.550
795;12;16;129.892;79.920
795;16;12;129.892;81.610
796;12;17;86.967;75.140
796;17;12;86.967;79.760
797;12;17;94.554;68.420
797;17;12;94.554;73.040
798;12;18;122.761;85.690
798;18;12;122.761;92.570
799;12;18;122.873;70.210
799;18;12;122.873;77.090
800;12;18;114.355;67.230
800;18;12;114.355;74.110
801;12;19;110.084;80.760
801;19;12;110.084;88.700
802;12;20;68.616;67.940
802;20;12;68.616;76.990
803;12;20;72.199;66.800
803;20;12;72.199;75.850
804;12;21;124.672;79.220
804;21;12;124.672;89.820
805;12;22;97.091;72.330
805;22;12;97.091;83.200
806;12;22;98.149;77.680
806;22;12;98.149;88.550
807;12;22;89.322;66.530
807;22;12;89.322;77.400
808;12;23;109.830;66.710
808;23;12;109.830;78.020
809;12;24;73.838;78.220
809;24;12;73.838;89.630
810;12;25;60.436;62.660
810;25;12;60.436;74.380
811;12;26;107.303;82.830
811;26;12;107.303;94.560
812;12;26;102.299;83.040
812;26;12;102.299;94.770
813;12;27;107.083;63.500
813;27;12;107.083;75.280
814;12;28;63.562;66.640
814;28;12;63.562;79.740
815;12;29;118.478;62.400
815;29;12;118.478;75.600
816;12;29;115.898;83.420
816;29;12;115.898;96.620
817;12;30;115.480;74.680
817;30;12;115.480;87.950
818;12;30;114.769;79.660
818;30;12;114.769;92.930
819;12;31;101.153;76.100
819;31;12;101.153;89.380
820;12;31;105.042;71.750
820;31;12;105.042;85.030
821;12;32;116.407;71.750
821;32;12;116.407;85.120
822;12;33;105.572;75.900
822;33;12;105.572;89.300
823;12;34;106.024;59.700
823;34;12;106.024;73.110
824;12;34;114.316;70.260
824;34;12;114.316;83.670
825;12;34;94.577;68.950
825;34;12;94.577;82.360
826;12;35;123.008;81.200
826;35;12;123.008;95.440
827;12;36;56.221;62.080
827;36;12;56.221;76.440
828;12;37;131.948;64.240
828;37;12;131.948;79.090
829;12;37;144.462;78.640
829;37;12;144.462;93.490
830;12;37;119.869;63.660
830;37;12;119.869;78.510
831;12;38;109.996;56.670
831;38;12;109.996;73.270
832;12;38;112.409;62.020
832;38;12;112.409;78.620
833;12;39;71.350;14.600
833;39;12;116.350;86.250
834;13;14;74.821;71.820
834;14;13;74.821;72.300
835;13;14;68.130;70.850
835;14;13;68.130;71.330
836;13;14;68.005;74.580
836;14;13;68.005;75.060
837;13;15;77.940;84.160
837;15;13;77.940;85.020
838;13;15;84.509;92.320
838;15;13;84.509;93.180
839;13;15;75.778;84.210
839;15;13;75.778;85.070
840;13;16;110.343;88.220
840;16;13;110.343;89.320
841;13;16;111.402;72.920
841;16;13;111.402;74.020
842;13;17;47.805;68.300
842;17;13;47.805;72.330
843;13;17;47.631;88.830
843;17;13;47.631;92.860
844;13;18;86.226;73.910
844;18;13;86.226;80.200
845;13;18;76.633;77.650
845;18;13;76.633;83.940
846;13;19;68.020;72.260
846;19;13;68.020;79.610
847;13;19;65.088;82.850
847;19;13;65.088;90.200
848;13;20;112.493;78.380
848;20;13;112.493;86.840
849;13;21;83.871;74.740
849;21;13;83.871;84.750
850;13;21;74.466;67.810
850;21;13;74.466;77.820
851;13;21;85.893;82.600
851;21;13;85.893;92.610
852;13;22;52.708;83.990
852;22;13;52.708;94.270
853;13;22;54.447;79.670
853;22;13;54.447;89.950
854;13;22;52.870;63.500
854;22;13;52.870;73.780
855;13;23;65.912;72.000
855;23;13;65.912;82.720
856;13;24;73.380;77.990
856;24;13;73.380;88.810
857;13;25;94.420;63.150
857;25;13;94.420;74.280
858;13;25;94.912;83.670
858;25;13;94.912;94.800
859;13;25;98.838;72.210
859;25;13;98.838;83.340
860;13;26;63.034;76.500
860;26;13;63.034;87.640
861;13;26;64.792;66.800
861;26;13;64.792;77.940
862;13;26;65.521;75.910
862;26;13;65.521;87.050
863;13;27;64.032;68.890
863;27;13;64.032;80.080
864;13;27;65.262;83.760
864;27;13;65.262;94.950
865;13;28;74.895;75.000
865;28;13;74.895;87.510
866;13;28;71.421;67.910
866;28;13;71.421;80.420
867;13;28;71.155;60.000
867;28;13;71.155;72.510
868;13;29;74.019;59.390
868;29;13;74.019;72.000
869;13;29;73.693;64.810
869;29;13;73.693;77.420
870;13;30;81.695;66.770
870;30;13;81.695;79.450
871;13;30;77.669;69.240
871;30;13;77.669;81.920
872;13;31;57.365;71.330
872;31;13;57.365;84.020
873;13;32;89.869;77.210
873;32;13;89.869;89.990
874;13;32;89.651;68.150
874;32;13;89.651;80.930
875;13;32;93.541;80.910
875;32;13;93.541;93.690
876;13;33;62.198;82.330
876;33;13;62.198;95.140
877;13;33;60.237;77.920
877;33;13;60.237;90.730
878;13;33;65.472;82.110
878;33;13;65.472;94.920
879;13;34;62.815;68.420
879;34;13;62.815;81.240
880;13;35;96.627;68.470
880;35;13;96.627;82.120
881;13;36;100.425;69.930
881;36;13;100.425;83.700
882;13;36;98.395;63.290
882;36;13;98.395;77.060
883;13;36;110.056;58.930
883;36;13;110.056;72.700
884;13;37;95.115;60.330
884;37;13;95.115;74.590
885;13;37;99.471;69.680
885;37;13;99.471;83.940
886;13;38;72.982;76.470
886;38;13;72.982;92.480
887;13;38;77.596;63.870
887;38;13;77.596;79.880
888;13;39;27.562;1.440
888;39;13;72.562;72.500
889;13;39;33.781;6.420
889;39;13;78.781;77.480
890;13;39;24.932;20.060
890;39;13;69.932;91.120
891;14;15;52.549;79.270
891;15;14;52.549;79.650
892;14;15;52.765;80.220
892;15;14;52.765;80.600
893;14;15;50.816;80.510
893;15;14;50.816;80.890
894;14;16;97.433;90.320
894;16;14;97.433;90.940
895;14;16;91.997;79.990
895;16;14;91.997;80.610
896;14;16;95.656;72.580
896;16;14;95.656;73.200
897;14;17;77.620;74.490
897;17;14;77.620;78.040
898;14;17;80.498;82.740
898;17;14;80.498;86.290
899;14;17;69.982;86.300
899;17;14;69.982;89.850
900;14;18;91.481;74.380
900;18;14;91.481;80.190
901;14;19;51.869;71.760
901;19;14;51.869;78.630
902;14;19;50.884;82.850
902;19;14;50.884;89.720
903;14;20;140.389;71.450
903;20;14;140.389;79.430
904;14;20;159.853;81.320
904;20;14;159.853;89.300
905;14;20;157.380;65.900
905;20;14;157.380;73.880
906;14;21;54.344;72.710
906;21;14;54.344;82.240
907;14;21;53.415;78.500
907;21;14;53.415;88.030
908;14;21;55.288;62.270
908;21;14;55.288;71.800
909;14;22;67.821;64.620
909;22;14;67.821;74.420
910;14;22;67.277;84.930
910;22;14;67.277;94.730
911;14;22;70.945;79.070
911;22;14;70.945;88.870
912;14;23;66.487;77.770
912;23;14;66.487;88.010
913;14;24;103.016;70.350
913;24;14;103.016;80.690
914;14;24;109.318;72.650
914;24;14;109.318;82.990
915;14;25;117.778;71.010
915;25;14;117.778;81.660
916;14;25;123.589;75.360
916;25;14;123.589;86.010
917;14;25;133.021;68.730
917;25;14;133.021;79.380
918;14;26;64.811;73.340
918;26;14;64.811;84.000
919;14;26;68.936;60.350
919;26;14;68.936;71.010
920;14;27;55.905;63.330
920;27;14;55.905;74.040
921;14;28;104.384;62.270
921;28;14;104.384;74.300
922;14;28;101.966;59.460
922;28;14;101.966;71.490
923;14;28;104.673;71.820
923;28;14;104.673;83.850
924;14;29;60.801;77.810
924;29;14;60.801;89.940
925;14;30;92.282;61.230
925;30;14;92.282;73.430
926;14;31;62.705;69.030
926;31;14;62.705;81.240
927;14;31;61.543;60.000
927;31;14;61.543;72.210
928;14;32;76.063;74.880
928;32;14;76.063;87.180
929;14;32;80.149;71.460
929;32;14;80.149;83.760
930;14;33;57.858;82.760
930;33;14;57.858;95.090
931;14;33;55.341;78.210
931;33;14;55.341;90.540
932;14;34;57.156;58.670
932;34;14;57.156;71.010
933;14;34;54.640;67.520
933;34;14;54.640;79.860
934;14;35;80.299;58.150
934;35;14;80.299;71.320
935;14;35;74.346;79.670
935;35;14;74.346;92.840
936;14;35;75.475;74.320
936;35;14;75.475;87.490
937;14;36;128.027;77.840
937;36;14;128.027;91.130
938;14;37;97.078;70.420
938;37;14;97.078;84.200
939;14;37;89.036;75.270
939;37;14;89.036;89.050
940;14;38;57.000;69.110
940;38;14;57.000;84.640
941;14;39;22.688;10.960
941;39;14;67.688;81.540
942;14;39;17.645;0.190
942;39;14;62.645;70.770
943;14;39;24.673;15.850
943;39;14;69.673;86.430
944;15;16;104.115;86.610
944;16;15;104.115;86.850
945;15;16;96.173;93.950
945;16;15;96.173;94.190
946;15;16;95.473;83.510
946;16;15;95.473;83.750
947;15;17;80.714;82.820
947;17;15;80.714;85.990
948;15;18;86.710;72.100
948;18;15;86.710;77.530
949;15;18;87.312;88.760
949;18;15;87.312;94.190
950;15;19;57.165;70.040
950;19;15;57.165;76.530
951;15;19;57.885;84.280
951;19;15;57.885;90.770
952;15;20;144.932;67.330
952;20;15;144.932;74.930
953;15;20;163.296;68.080
953;20;15;163.296;75.680
954;15;21;56.863;64.120
954;21;15;56.863;73.270
955;15;21;54.263;75.710
955;21;15;54.263;84.860
956;15;22;70.351;83.110
956;22;15;70.351;92.530
957;15;22;69.783;70.220
957;22;15;69.783;79.640
958;15;23;64.327;84.020
958;23;15;64.327;93.880
959;15;23;60.476;69.580
959;23;15;60.476;79.440
960;15;24;105.227;81.810
960;24;15;105.227;91.770
961;15;24;90.919;79.730
961;24;15;90.919;89.690
962;15;25;123.579;81.840
962;25;15;123.579;92.110
963;15;26;63.896;79.650
963;26;15;63.896;89.930
964;15;27;59.427;83.620
964;27;15;59.427;93.950
965;15;27;59.124;64.300
965;27;15;59.124;74.630
966;15;28;107.834;70.760
966;28;15;107.834;82.410
967;15;29;55.697;60.490
967;29;15;55.697;72.240
968;15;29;53.769;65.980
968;29;15;53.769;77.730
969;15;29;56.094;64.770
969;29;15;56.094;76.520
970;15;30;88.638;75.220
970;30;15;88.638;87.040
971;15;30;96.543;81.530
971;30;15;96.543;93.350
972;15;30;81.896;70.620
972;30;15;81.896;82.440
973;15;31;65.617;78.120
973;31;15;65.617;89.950
974;15;31;66.005;60.990
974;31;15;66.005;72.820
975;15;32;83.132;70.120
975;32;15;83.132;82.040
976;15;32;89.681;81.180
976;32;15;89.681;93.100
977;15;32;85.903;64.820
977;32;15;85.903;76.740
978;15;33;60.964;79.180
978;33;15;60.964;91.130
979;15;33;58.297;64.290
979;33;15;58.297;76.240
980;15;33;64.212;65.310
980;33;15;64.212;77.260
981;15;34;60.483;82.810
981;34;15;60.483;94.770
982;15;34;59.745;82.530
982;34;15;59.745;94.490
983;15;34;64.175;64.810
983;34;15;64.175;76.770
984;15;35;86.861;75.820
984;35;15;86.861;88.610
985;15;35;76.565;68.020
985;35;15;76.565;80.810
986;15;35;87.149;68.070
986;35;15;87.149;80.860
987;15;36;132.667;75.370
987;36;15;132.667;88.280
988;15;37;91.408;77.990
988;37;15;91.408;91.390
989;15;37;100.105;73.820
989;37;15;100.105;87.220
990;15;37;86.364;75.900
990;37;15;86.364;89.300
991;15;38;64.544;58.820
991;38;15;64.544;73.970
992;15;38;64.814;76.440
992;38;15;64.814;91.590
993;15;39;18.315;17.920
993;39;15;63.315;88.120
994;16;17;111.963;80.960
994;17;16;111.963;83.890
995;16;17;113.215;89.940
995;17;16;113.215;92.870
996;16;18;142.767;68.930
996;18;16;142.767;74.120
997;16;18;134.629;80.320
997;18;16;134.629;85.510
998;16;18;118.675;80.300
998;18;16;118.675;85.490
999;16;19;98.424;69.420
999;19;16;98.424;75.670
1000;16;19;99.410;73.210
1000;19;16;99.410;79.460
1001;16;20;149.258;84.340
1001;20;16;149.258;91.700
1002;16;20;146.711;64.500
1002;20;16;146.711;71.860
1003;16;21;93.727;70.800
1003;21;16;93.727;79.710
1004;16;21;103.382;63.640
1004;21;16;103.382;72.550
1005;16;22;108.550;78.850
1005;22;16;108.550;88.030
1006;16;23;116.292;62.140
1006;23;16;116.292;71.760
1007;16;23;125.322;84.960
1007;23;16;125.322;94.580
1008;16;24;133.328;81.250
1008;24;16;133.328;90.970
1009;16;24;140.097;61.780
1009;24;16;140.097;71.500
1010;16;25;119.772;73.940
1010;25;16;119.772;83.970
1011;16;25;113.868;70.420
1011;25;16;113.868;80.450
1012;16;26;113.379;75.440
1012;26;16;113.379;85.480
1013;16;26;107.803;65.900
1013;26;16;107.803;75.940
1014;16;26;128.061;60.370
1014;26;16;128.061;70.410
1015;16;27;101.809;78.050
1015;27;16;101.809;88.140
1016;16;28;127.960;69.100
1016;28;16;127.960;80.510
1017;16;28;117.217;66.860
1017;28;16;117.217;78.270
1018;16;29;113.151;77.220
1018;29;16;113.151;88.730
1019;16;29;115.680;67.010
1019;29;16;115.680;78.520
1020;16;30;141.875;61.570
1020;30;16;141.875;73.150
1021;16;30;151.633;72.590
1021;30;16;151.633;84.170
1022;16;30;157.982;65.240
1022;30;16;157.982;76.820
1023;16;31;105.251;71.190
1023;31;16;105.251;82.780
1024;16;31;97.945;71.920
1024;31;16;97.945;83.510
1025;16;31;100.890;76.390
1025;31;16;100.890;87.980
1026;16;32;66.887;75.130
1026;32;16;66.887;86.810
1027;16;33;103.090;81.900
1027;33;16;103.090;93.610
1028;16;34;102.478;67.100
1028;34;16;102.478;78.820
1029;16;34;108.127;79.790
1029;34;16;108.127;91.510
1030;16;34;90.127;69.130
1030;34;16;90.127;80.850
1031;16;35;62.276;60.420
1031;35;16;62.276;72.970
1032;16;35;64.180;72.610
1032;35;16;64.180;85.160
1033;16;35;66.137;59.310
1033;35;16;66.137;71.860
1034;16;36;138.199;77.510
1034;36;16;138.199;90.180
1035;16;36;130.996;61.620
1035;36;16;130.996;74.290
1036;16;36;147.879;58.560
1036;36;16;147.879;71.230
1037;16;37;149.196;73.330
1037;37;16;149.196;86.490
1038;16;37;128.988;71.270
1038;37;16;128.988;84.430
1039;16;38;87.748;61.780
1039;38;16;87.748;76.690
1040;16;39;74.442;22.060
1040;39;16;119.442;92.020
1041;17;18;86.989;84.150
1041;18;17;86.989;86.410
1042;17;19;70.811;68.280
1042;19;17;70.811;71.600
1043;17;20;109.881;62.800
1043;20;17;109.881;67.230
1044;17;20;123.070;85.840
1044;20;17;123.070;90.270
1045;17;20;121.495;84.790
1045;20;17;121.495;89.220
1046;17;21;86.651;72.730
1046;21;17;86.651;78.710
1047;17;22;55.416;61.160
1047;22;17;55.416;67.410
1048;17;22;54.158;62.500
1048;22;17;54.158;68.750
1049;17;23;68.066;65.060
1049;23;17;68.066;71.750
1050;17;23;69.988;84.820
1050;23;17;69.988;91.510
1051;17;23;71.289;84.830
1051;23;17;71.289;91.520
1052;17;24;70.655;77.900
1052;24;17;70.655;84.690
1053;17;24;68.405;70.320
1053;24;17;68.405;77.110
1054;17;25;92.454;73.740
1054;25;17;92.454;80.840
1055;17;26;65.363;64.070
1055;26;17;65.363;71.180
1056;17;26;65.082;75.230
1056;26;17;65.082;82.340
1057;17;26;65.371;76.460
1057;26;17;65.371;83.570
1058;17;27;66.837;75.480
1058;27;17;66.837;82.640
1059;17;28;72.123;74.040
1059;28;17;72.123;82.520
1060;17;29;76.539;66.610
1060;29;17;76.539;75.190
1061;17;29;83.217;80.310
1061;29;17;83.217;88.890
1062;17;30;81.992;71.140
1062;30;17;81.992;79.790
1063;17;30;88.761;79.250
1063;30;17;88.761;87.900
1064;17;31;60.161;67.470
1064;31;17;60.161;76.130
1065;17;31;60.511;75.860
1065;31;17;60.511;84.520
1066;17;32;91.809;62.260
1066;32;17;91.809;71.010
1067;17;33;65.000;64.220
1067;33;17;65.000;73.000
1068;17;33;60.087;73.440
1068;33;17;60.087;82.220
1069;17;33;62.657;65.580
1069;33;17;62.657;74.360
1070;17;34;65.620;65.750
1070;34;17;65.620;74.540
1071;17;34;62.055;59.390
1071;34;17;62.055;68.180
1072;17;35;98.636;68.990
1072;35;17;98.636;78.610
1073;17;35;105.783;60.810
1073;35;17;105.783;70.430
1074;17;35;108.719;70.620
1074;35;17;108.719;80.240
1075;17;36;97.867;57.910
1075;36;17;97.867;67.650
1076;17;37;96.015;81.700
1076;37;17;96.015;91.930
1077;17;38;75.495;73.440
1077;38;17;75.495;85.420
1078;17;39;29.690;16.310
1078;39;17;74.690;83.340
1079;17;39;33.220;9.130
1079;39;17;78.220;76.160
1080;18;19;89.356;72.790
1080;19;18;89.356;73.850
1081;18;19;80.436;85.840
1081;19;18;80.436;86.900
1082;18;19;93.723;70.500
1082;19;18;93.723;71.560
1083;18;20;142.123;78.130
1083;20;18;142.123;80.300
1084;18;20;154.703;85.770
1084;20;18;154.703;87.940
1085;18;21;98.562;76.160
1085;21;18;98.562;79.880
1086;18;22;82.779;85.470
1086;22;18;82.779;89.460
1087;18;22;75.392;82.900
1087;22;18;75.392;86.890
1088;18;22;86.896;77.420
1088;22;18;86.896;81.410
1089;18;23;71.558;83.910
1089;23;18;71.558;88.340
1090;18;23;70.519;65.840
1090;23;18;70.519;70.270
1091;18;23;66.272;71.280
1091;23;18;66.272;75.710
1092;18;24;95.417;73.020
1092;24;18;95.417;77.550
1093;18;24;93.441;75.810
1093;24;18;93.441;80.340
1094;18;25;132.213;63.540
1094;25;18;132.213;68.380
1095;18;25;115.325;69.580
1095;25;18;115.325;74.420
1096;18;26;74.708;60.370
1096;26;18;74.708;65.220
1097;18;26;68.745;64.620
1097;26;18;68.745;69.470
1098;18;26;70.301;65.750
1098;26;18;70.301;70.600
1099;18;27;86.065;67.020
1099;27;18;86.065;71.920
1100;18;27;88.586;70.800
1100;27;18;88.586;75.700
1101;18;28;104.345;66.230
1101;28;18;104.345;72.450
1102;18;28;98.555;74.810
1102;28;18;98.555;81.030
1103;18;29;76.099;60.480
1103;29;18;76.099;66.800
1104;18;30;53.171;70.060
1104;30;18;53.171;76.450
1105;18;30;54.328;81.640
1105;30;18;54.328;88.030
1106;18;30;54.850;68.520
1106;30;18;54.850;74.910
1107;18;31;84.024;74.500
1107;31;18;84.024;80.900
1108;18;32;120.887;69.910
1108;32;18;120.887;76.400
1109;18;33;84.989;63.170
1109;33;18;84.989;69.690
1110;18;34;85.525;79.610
1110;34;18;85.525;86.140
1111;18;35;126.132;58.160
1111;35;18;126.132;65.520
1112;18;36;131.923;69.050
1112;36;18;131.923;76.530
1113;18;36;113.788;74.820
1113;36;18;113.788;82.300
1114;18;36;138.497;75.720
1114;36;18;138.497;83.200
1115;18;37;54.263;67.770
1115;37;18;54.263;75.740
1116;18;37;52.814;68.510
1116;37;18;52.814;76.480
1117;18;37;56.250;64.280
1117;37;18;56.250;72.250
1118;18;38;100.020;78.190
1118;38;18;100.020;87.910
1119;18;38;90.698;66.740
1119;38;18;90.698;76.460
1120;18;39;23.796;8.150
1120;39;18;68.796;72.920
1121;19;20;133.638;79.420
1121;20;19;133.638;80.530
1122;19;21;60.879;68.370
1122;21;19;60.879;71.030
1123;19;21;59.228;75.820
1123;21;19;59.228;78.480
1124;19;21;61.668;76.950
1124;21;19;61.668;79.610
1125;19;22;61.247;70.040
1125;22;19;61.247;72.970
1126;19;22;60.241;68.870
1126;22;19;60.241;71.800
1127;19;23;63.039;83.520
1127;23;19;63.039;86.890
1128;19;23;60.429;83.100
1128;23;19;60.429;86.470
1129;19;23;63.664;78.020
1129;23;19;63.664;81.390
1130;19;24;96.304;78.150
1130;24;19;96.304;81.620
1131;19;25;111.528;78.490
1131;25;19;111.528;82.270
1132;19;26;60.512;78.050
1132;26;19;60.512;81.840
1133;19;26;56.768;61.780
1133;26;19;56.768;65.570
1134;19;27;49.534;75.750
1134;27;19;49.534;79.590
1135;19;27;48.820;82.060
1135;27;19;48.820;85.900
1136;19;27;48.872;84.160
1136;27;19;48.872;88.000
1137;19;28;97.517;63.080
1137;28;19;97.517;68.240
1138;19;28;108.122;65.540
1138;28;19;108.122;70.700
1139;19;29;60.946;64.630
1139;29;19;60.946;69.890
1140;19;29;57.103;77.570
1140;29;19;57.103;82.830
1141;19;29;63.001;58.520
1141;29;19;63.001;63.780
1142;19;30;89.025;70.560
1142;30;19;89.025;75.890
1143;19;31;56.129;70.010
1143;31;19;56.129;75.350
1144;19;31;56.701;79.580
1144;31;19;56.701;84.920
1145;19;32;76.563;58.810
1145;32;19;76.563;64.240
1146;19;32;69.151;67.730
1146;32;19;69.151;73.160
1147;19;32;74.740;79.350
1147;32;19;74.740;84.780
1148;19;33;51.494;68.570
1148;33;19;51.494;74.030
1149;19;34;50.739;68.380
1149;34;19;50.739;73.850
1150;19;35;81.834;66.640
1150;35;19;81.834;72.940
1151;19;35;80.161;58.750
1151;35;19;80.161;65.050
1152;19;35;90.420;78.380
1152;35;19;90.420;84.680
1153;19;36;121.293;73.230
1153;36;19;121.293;79.650
1154;19;37;95.916;60.290
1154;37;19;95.916;67.200
1155;19;37;107.372;65.970
1155;37;19;107.372;72.880
1156;19;37;98.498;65.400
1156;37;19;98.498;72.310
1157;19;38;55.724;67.090
1157;38;19;55.724;75.750
1158;19;38;56.100;60.220
1158;38;19;56.100;68.880
1159;19;38;56.596;72.480
1159;38;19;56.596;81.140
1160;19;39;21.172;21.680
1160;39;19;66.172;85.390
1161;20;21;148.288;61.300
1161;21;20;148.288;62.850
1162;20;21;159.442;82.800
1162;21;20;159.442;84.350
1163;20;22;120.189;73.710
1163;22;20;120.189;75.530
1164;20;23;132.307;65.880
1164;23;20;132.307;68.140
1165;20;24;91.711;77.830
1165;24;20;91.711;80.190
1166;20;25;74.586;61.350
1166;25;20;74.586;64.020
1167;20;25;76.451;65.600
1167;25;20;76.451;68.270
1168;20;25;78.499;66.220
1168;25;20;78.499;68.890
1169;20;26;130.017;63.130
1169;26;20;130.017;65.810
1170;20;27;130.535;69.080
1170;27;20;130.535;71.810
1171;20;27;120.097;79.270
1171;27;20;120.097;82.000
1172;20;28;83.888;64.680
1172;28;20;83.888;68.730
1173;20;28;86.863;66.770
1173;28;20;86.863;70.820
1174;20;28;93.511;79.090
1174;28;20;93.511;83.140
1175;20;29;141.388;72.850
1175;29;20;141.388;77.000
1176;20;29;144.618;60.190
1176;29;20;144.618;64.340
1177;20;30;134.327;70.770
1177;30;20;134.327;74.990
1178;20;30;121.345;61.790
1178;30;20;121.345;66.010
1179;20;31;124.454;79.340
1179;31;20;124.454;83.570
1180;20;32;138.798;70.220
1180;32;20;138.798;74.540
1181;20;32;154.492;77.670
1181;32;20;154.492;81.990
1182;20;32;121.491;66.280
1182;32;20;121.491;70.600
1183;20;33;128.972;80.060
1183;33;20;128.972;84.410
1184;20;33;147.732;68.000
1184;33;20;147.732;72.350
1185;20;34;129.450;80.800
1185;34;20;129.450;85.160
1186;20;34;117.378;62.230
1186;34;20;117.378;66.590
1187;20;34;113.861;79.520
1187;34;20;113.861;83.880
1188;20;35;145.154;70.610
1188;35;20;145.154;75.800
1189;20;36;57.409;69.550
1189;36;20;57.409;74.860
1190;20;36;58.643;63.380
1190;36;20;58.643;68.690
1191;20;36;59.771;65.760
1191;36;20;59.771;71.070
1192;20;37;151.029;60.450
1192;37;20;151.029;66.250
1193;20;37;175.358;64.050
1193;37;20;175.358;69.850
1194;20;38;133.556;62.820
1194;38;20;133.556;70.370
1195;20;38;151.694;60.280
1195;38;20;151.694;67.830
1196;20;39;93.673;3.310
1196;39;20;138.673;65.910
1197;21;22;77.075;72.480
1197;22;21;77.075;72.750
1198;21;23;75.057;81.010
1198;23;21;75.057;81.720
1199;21;23;79.436;77.980
1199;23;21;79.436;78.690
1200;21;24;112.183;80.150
1200;24;21;112.183;80.960
1201;21;25;124.455;76.260
1201;25;21;124.455;77.380
1202;21;25;121.744;83.670
1202;25;21;121.744;84.790
1203;21;26;73.791;78.810
1203;26;21;73.791;79.940
1204;21;26;66.808;64.980
1204;26;21;66.808;66.110
1205;21;26;70.167;77.390
1205;26;21;70.167;78.520
1206;21;27;65.174;84.610
1206;27;21;65.174;85.790
1207;21;27;66.339;65.840
1207;27;21;66.339;67.020
1208;21;28;113.108;83.320
1208;28;21;113.108;85.820
1209;21;28;102.995;73.650
1209;28;21;102.995;76.150
1210;21;28;98.170;75.360
1210;28;21;98.170;77.860
1211;21;29;67.490;76.620
1211;29;21;67.490;79.220
1212;21;29;69.525;74.520
1212;29;21;69.525;77.120
1213;21;29;66.322;61.560
1213;29;21;66.322;64.160
1214;21;30;100.244;73.980
1214;30;21;100.244;76.650
1215;21;30;88.755;76.360
1215;30;21;88.755;79.030
1216;21;31;71.949;65.040
1216;31;21;71.949;67.720
1217;21;32;73.986;73.880
1217;32;21;73.986;76.650
1218;21;32;72.246;67.620
1218;32;21;72.246;70.390
1219;21;33;67.147;61.010
1219;33;21;67.147;63.810
1220;21;33;67.905;64.270
1220;33;21;67.905;67.070
1221;21;33;72.674;60.930
1221;33;21;72.674;63.730
1222;21;34;66.427;68.220
1222;34;21;66.427;71.030
1223;21;35;76.508;66.960
1223;35;21;76.508;70.600
1224;21;35;71.871;79.460
1224;35;21;71.871;83.100
1225;21;35;69.172;58.740
1225;35;21;69.172;62.380
1226;21;36;135.886;64.890
1226;36;21;135.886;68.650
1227;21;36;147.948;70.920
1227;36;21;147.948;74.680
1228;21;37;103.187;62.010
1228;37;21;103.187;66.260
1229;21;37;91.365;64.940
1229;37;21;91.365;69.190
1230;21;37;96.485;74.140
1230;37;21;96.485;78.390
1231;21;38;60.711;67.240
1231;38;21;60.711;73.240
1232;21;38;57.075;58.650
1232;38;21;57.075;64.650
1233;21;38;61.963;70.910
1233;38;21;61.963;76.910
1234;21;39;30.026;8.450
1234;39;21;75.026;69.500
1235;22;23;59.274;74.890
1235;23;22;59.274;75.330
1236;22;23;60.108;68.620
1236;23;22;60.108;69.060
1237;22;23;58.077;79.450
1237;23;22;58.077;79.890
1238;22;24;80.236;83.000
1238;24;22;80.236;83.540
1239;22;25;101.410;80.490
1239;25;22;101.410;81.340
1240;22;25;112.692;66.750
1240;25;22;112.692;67.600
1241;22;25;104.194;77.340
1241;25;22;104.194;78.190
1242;22;26;56.015;74.940
1242;26;22;56.015;75.800
1243;22;26;57.738;70.840
1243;26;22;57.738;71.700
1244;22;27;56.916;67.030
1244;27;22;56.916;67.940
1245;22;28;82.522;60.310
1245;28;22;82.522;62.540
1246;22;29;66.460;63.180
1246;29;22;66.460;65.510
1247;22;29;71.155;82.590
1247;29;22;71.155;84.920
1248;22;29;69.413;66.810
1248;29;22;69.413;69.140
1249;22;30;79.629;77.480
1249;30;22;79.629;79.880
1250;22;31;50.126;65.710
1250;31;22;50.126;68.120
1251;22;31;50.649;78.050
1251;31;22;50.649;80.460
1252;22;32;87.199;67.210
1252;32;22;87.199;69.710
1253;22;32;81.401;66.150
1253;32;22;81.401;68.650
1254;22;32;81.555;76.880
1254;32;22;81.555;79.380
1255;22;33;54.969;66.080
1255;33;22;54.969;68.610
1256;22;33;55.608;80.070
1256;33;22;55.608;82.600
1257;22;33;53.109;68.700
1257;33;22;53.109;71.230
1258;22;34;55.664;73.230
1258;34;22;55.664;75.770
1259;22;35;93.598;82.080
1259;35;22;93.598;85.450
1260;22;35;100.557;77.280
1260;35;22;100.557;80.650
1261;22;36;108.095;61.760
1261;36;22;108.095;65.250
1262;22;36;117.170;69.310
1262;36;22;117.170;72.800
1263;22;37;91.158;75.060
1263;37;22;91.158;79.040
1264;22;37;86.915;60.410
1264;37;22;86.915;64.390
1265;22;37;97.745;76.030
1265;37;22;97.745;80.010
1266;22;38;68.195;63.150
1266;38;22;68.195;68.880
1267;22;39;20.827;19.970
1267;39;22;65.827;80.750
1268;22;39;21.450;0.240
1268;39;22;66.450;61.020
1269;22;39;24.119;12.900
1269;39;22;69.119;73.680
1270;23;24;88.814;67.030
1270;24;23;88.814;67.130
1271;23;24;84.139;79.130
1271;24;23;84.139;79.230
1272;23;25;115.322;64.710
1272;25;23;115.322;65.120
1273;23;25;99.606;78.450
1273;25;23;99.606;78.860
1274;23;26;48.511;79.530
1274;26;23;48.511;79.950
1275;23;26;47.909;79.420
1275;26;23;47.909;79.840
1276;23;27;59.514;68.300
1276;27;23;59.514;68.770
1277;23;28;93.658;72.490
1277;28;23;93.658;74.280
1278;23;28;87.554;59.670
1278;28;23;87.554;61.460
1279;23;28;100.187;70.680
1279;28;23;100.187;72.470
1280;23;29;55.342;70.670
1280;29;23;55.342;72.560
1281;23;30;71.038;59.090
1281;30;23;71.038;61.050
1282;23;30;71.461;66.900
1282;30;23;71.461;68.860
1283;23;31;58.365;74.290
1283;31;23;58.365;76.260
1284;23;31;55.204;73.790
1284;31;23;55.204;75.760
1285;23;31;60.836;78.080
1285;31;23;60.836;80.050
1286;23;32;94.405;74.720
1286;32;23;94.405;76.780
1287;23;32;104.070;82.720
1287;32;23;104.070;84.780
1288;23;33;58.464;72.620
1288;33;23;58.464;74.710
1289;23;33;56.310;64.390
1289;33;23;56.310;66.480
1290;23;34;58.977;73.590
1290;34;23;58.977;75.690
1291;23;34;60.665;60.390
1291;34;23;60.665;62.490
1292;23;34;60.637;73.150
1292;34;23;60.637;75.250
1293;23;35;99.858;59.380
1293;35;23;99.858;62.310
1294;23;35;113.078;70.820
1294;35;23;113.078;73.750
1295;23;36;120.540;63.800
1295;36;23;120.540;66.850
1296;23;37;78.830;68.150
1296;37;23;78.830;71.690
1297;23;37;74.659;72.480
1297;37;23;74.659;76.020
1298;23;38;73.563;68.180
1298;38;23;73.563;73.470
1299;23;38;69.280;71.880
1299;38;23;69.280;77.170
1300;23;39;6.651;22.020
1300;39;23;51.651;82.360
1301;23;39;5.536;18.030
1301;39;23;50.536;78.370
1302;23;39;7.778;7.750
1302;39;23;52.778;68.090
1303;24;25;86.633;82.190
1303;25;24;86.633;82.500
1304;24;25;90.050;77.840
1304;25;24;90.050;78.150
1305;24;26;87.406;73.720
1305;26;24;87.406;74.040
1306;24;26;97.556;82.200
1306;26;24;97.556;82.520
1307;24;26;84.221;65.650
1307;26;24;84.221;65.970
1308;24;27;92.122;77.970
1308;27;24;92.122;78.340
1309;24;27;97.570;62.030
1309;27;24;97.570;62.400
1310;24;28;55.835;80.980
1310;28;24;55.835;82.670
1311;24;28;54.379;75.750
1311;28;24;54.379;77.440
1312;24;28;56.642;75.120
1312;28;24;56.642;76.810
1313;24;29;98.895;71.670
1313;29;24;98.895;73.460
1314;24;30;87.680;73.410
1314;30;24;87.680;75.270
1315;24;31;85.323;79.390
1315;31;24;85.323;81.260
1316;24;31;78.731;72.610
1316;31;24;78.731;74.480
1317;24;31;91.139;61.100
1317;31;24;91.139;62.970
1318;24;32;115.128;65.420
1318;32;24;115.128;67.380
1319;24;33;90.195;70.360
1319;33;24;90.195;72.350
1320;24;34;90.875;68.770
1320;34;24;90.875;70.770
1321;24;35;122.122;64.590
1321;35;24;122.122;67.420
1322;24;36;81.779;62.910
1322;36;24;81.779;65.860
1323;24;37;104.369;60.240
1323;37;24;104.369;63.680
1324;24;38;100.908;69.460
1324;38;24;100.908;74.650
1325;24;38;112.323;64.330
1325;38;24;112.323;69.520
1326;24;38;103.148;78.580
1326;38;24;103.148;83.770
1327;24;39;49.508;19.610
1327;39;24;94.508;79.850
1328;24;39;56.608;19.590
1328;39;24;101.608;79.830
1329;24;39;53.421;1.950
1329;39;24;98.421;62.190
1330;25;26;112.324;60.480
1330;26;25;112.324;60.490
1331;25;26;118.010;78.130
1331;26;25;118.010;78.140
1332;25;27;109.413;66.140
1332;27;25;109.413;66.200
1333;25;28;75.799;82.450
1333;28;25;75.799;83.830
1334;25;28;72.607;65.930
1334;28;25;72.607;67.310
1335;25;29;122.629;80.260
1335;29;25;122.629;81.740
1336;25;29;125.367;72.450
1336;29;25;125.367;73.930
1337;25;30;125.577;67.440
1337;30;25;125.577;68.990
1338;25;30;136.338;76.680
1338;30;25;136.338;78.230
1339;25;31;104.499;69.080
1339;31;25;104.499;70.640
1340;25;31;106.383;64.910
1340;31;25;106.383;66.470
1341;25;32;110.697;62.740
1341;32;25;110.697;64.390
1342;25;32;123.503;81.100
1342;32;25;123.503;82.750
1343;25;32;120.976;70.860
1343;32;25;120.976;72.510
1344;25;33;108.257;62.330
1344;33;25;108.257;64.010
1345;25;33;113.535;63.220
1345;33;25;113.535;64.900
1346;25;34;108.546;79.110
1346;34;25;108.546;80.800
1347;25;34;98.353;63.790
1347;34;25;98.353;65.480
1348;25;34;106.972;82.240
1348;34;25;106.972;83.930
1349;25;35;116.704;80.850
1349;35;25;116.704;83.370
1350;25;35;131.629;75.500
1350;35;25;131.629;78.020
1351;25;35;132.668;61.220
1351;35;25;132.668;63.740
1352;25;36;64.736;74.740
1352;36;25;64.736;77.380
1353;25;36;66.804;80.520
1353;36;25;66.804;83.160
1354;25;37;141.476;72.480
1354;37;25;141.476;75.610
1355;25;37;131.776;59.750
1355;37;25;131.776;62.880
1356;25;37;134.613;67.040
1356;37;25;134.613;70.170
1357;25;38;108.918;65.270
1357;38;25;108.918;70.150
1358;25;39;76.973;24.700
1358;39;25;121.973;84.630
1359;25;39;69.471;18.930
1359;39;25;114.471;78.860
1360;26;27;56.600;73.040
1360;27;26;56.600;73.090
1361;26;27;56.415;59.950
1361;27;26;56.415;60.000
1362;26;27;58.302;68.820
1362;27;26;58.302;68.870
1363;26;28;91.588;67.070
1363;28;26;91.588;68.440
1364;26;29;56.562;79.840
1364;29;26;56.562;81.310
1365;26;29;58.536;82.980
1365;29;26;58.536;84.450
1366;26;30;73.603;75.400
1366;30;26;73.603;76.940
1367;26;30;78.011;71.510
1367;30;26;78.011;73.050
1368;26;31;54.857;82.440
1368;31;26;54.857;83.990
1369;26;32;91.506;69.280
1369;32;26;91.506;70.920
1370;26;32;93.045;58.540
1370;32;26;93.045;60.180
1371;26;33;55.322;59.550
1371;33;26;55.322;61.220
1372;26;33;54.178;66.240
1372;33;26;54.178;67.910
1373;26;33;53.207;64.460
1373;33;26;53.207;66.130
1374;26;34;55.906;80.290
1374;34;26;55.906;81.970
1375;26;34;56.648;64.550
1375;34;26;56.648;66.230
1376;26;35;97.136;71.970
1376;35;26;97.136;74.480
1377;26;35;97.284;69.230
1377;35;26;97.284;71.740
1378;26;36;118.127;68.160
1378;36;26;118.127;70.790
1379;26;37;82.204;71.650
1379;37;26;82.204;74.770
1380;26;37;80.402;64.900
1380;37;26;80.402;68.020
1381;26;37;91.103;58.620
1381;37;26;91.103;61.740
1382;26;38;70.756;68.650
1382;38;26;70.756;73.520
1383;26;38;64.426;60.370
1383;38;26;64.426;65.240
1384;26;38;68.655;70.880
1384;38;26;68.655;75.750
1385;26;39;9.829;2.970
1385;39;26;54.829;62.890
1386;27;28;93.806;79.370
1386;28;27;93.806;80.690
1387;27;28;88.134;81.430
1387;28;27;88.134;82.750
1388;27;29;59.928;60.540
1388;29;27;59.928;61.960
1389;27;29;57.498;58.540
1389;29;27;57.498;59.960
1390;27;29;63.588;75.370
1390;29;27;63.588;76.790
1391;27;30;85.197;72.070
1391;30;27;85.197;73.560
1392;27;30;86.078;66.880
1392;30;27;86.078;68.370
1393;27;31;51.801;71.880
1393;31;27;51.801;73.380
1394;27;32;79.926;78.700
1394;32;27;79.926;80.290
1395;27;32;71.546;65.950
1395;32;27;71.546;67.540
1396;27;32;81.475;62.680
1396;32;27;81.475;64.270
1397;27;33;46.983;75.290
1397;33;27;46.983;76.910
1398;27;33;47.191;73.710
1398;33;27;47.191;75.330
1399;27;33;46.738;83.230
1399;33;27;46.738;84.850
1400;27;34;46.253;60.990
1400;34;27;46.253;62.620
1401;27;34;46.108;80.150
1401;34;27;46.108;81.780
1402;27;34;46.375;77.800
1402;34;27;46.375;79.430
1403;27;35;85.544;81.700
1403;35;27;85.544;84.160
1404;27;36;118.254;77.960
1404;36;27;118.254;80.540
1405;27;37;93.082;76.320
1405;37;27;93.082;79.390
1406;27;37;92.724;76.150
1406;37;27;92.724;79.220
1407;27;37;86.827;64.120
1407;37;27;86.827;67.190
1408;27;38;59.157;67.390
1408;38;27;59.157;72.210
1409;27;38;57.683;56.580
1409;38;27;57.683;61.400
1410;27;38;59.804;70.070
1410;38;27;59.804;74.890
1411;27;39;18.686;2.970
1411;39;27;63.686;62.840
1412;27;39;18.260;18.500
1412;39;27;63.260;78.370
1413;27;39;21.173;5.830
1413;39;27;66.173;65.700
1414;28;29;103.104;76.750
1414;29;28;103.104;76.850
1415;28;29;95.133;70.720
1415;29;28;95.133;70.820
1416;28;29;105.577;68.530
1416;29;28;105.577;68.630
1417;28;30;96.963;58.730
1417;30;28;96.963;58.900
1418;28;30;85.321;72.040
1418;30;28;85.321;72.210
1419;28;30;97.463;59.710
1419;30;28;97.463;59.880
1420;28;31;87.246;80.160
1420;31;28;87.246;80.340
1421;28;31;96.648;81.240
1421;31;28;96.648;81.420
1422;28;32;111.473;81.310
1422;32;28;111.473;81.580
1423;28;32;109.948;80.560
1423;32;28;109.948;80.830
1424;28;33;92.035;75.960
1424;33;28;92.035;76.260
1425;28;34;92.619;80.720
1425;34;28;92.619;81.030
1426;28;34;97.016;82.190
1426;34;28;97.016;82.500
1427;28;34;94.079;73.060
1427;34;28;94.079;73.370
1428;28;35;118.446;79.340
1428;35;28;118.446;80.480
1429;28;36;72.764;71.240
1429;36;28;72.764;72.500
1430;28;37;113.492;64.230
1430;37;28;113.492;65.980
1431;28;38;100.082;79.590
1431;38;28;100.082;83.090
1432;28;39;54.909;12.530
1432;39;28;99.909;71.080
1433;29;30;77.982;66.820
1433;30;29;77.982;66.890
1434;29;30;75.201;67.400
1434;30;29;75.201;67.470
1435;29;30;70.687;75.430
1435;30;29;70.687;75.500
1436;29;31;63.193;72.100
1436;31;29;63.193;72.180
1437;29;31;66.709;59.730
1437;31;29;66.709;59.810
1438;29;32;91.577;60.430
1438;32;29;91.577;60.600
1439;29;33;60.254;62.710
1439;33;29;60.254;62.910
1440;29;33;60.750;58.930
1440;33;29;60.750;59.130
1441;29;34;60.269;68.480
1441;34;29;60.269;68.690
1442;29;34;63.399;68.150
1442;34;29;63.399;68.360
1443;29;35;96.076;57.760
1443;35;29;96.076;58.800
1444;29;35;104.679;80.520
1444;35;29;104.679;81.560
1445;29;35;84.354;64.850
1445;35;29;84.354;65.890
1446;29;36;129.406;61.690
1446;36;29;129.406;62.850
1447;29;36;144.521;79.520
1447;36;29;144.521;80.680
1448;29;37;81.293;60.270
1448;37;29;81.293;61.920
1449;29;37;77.678;62.820
1449;37;29;77.678;64.470
1450;29;37;76.966;60.630
1450;37;29;76.966;62.280
1451;29;38;71.250;64.830
1451;38;29;71.250;68.230
1452;29;38;68.249;60.870
1452;38;29;68.249;64.270
1453;29;38;66.733;69.500
1453;38;29;66.733;72.900
1454;29;39;7.648;8.680
1454;39;29;52.648;67.130
1455;29;39;7.864;18.620
1455;39;29;52.864;77.070
1456;30;31;81.879;59.580
1456;31;30;81.879;59.590
1457;30;32;120.039;65.750
1457;32;30;120.039;65.850
1458;30;32;110.369;72.330
1458;32;30;110.369;72.430
1459;30;32;124.793;81.280
1459;32;30;124.793;81.380
1460;30;33;83.807;60.040
1460;33;30;83.807;60.170
1461;30;34;84.442;71.970
1461;34;30;84.442;72.110
1462;30;35;125.739;78.520
1462;35;30;125.739;79.490
1463;30;35;109.959;73.880
1463;35;30;109.959;74.850
1464;30;36;124.353;61.310
1464;36;30;124.353;62.400
1465;30;36;133.635;63.490
1465;36;30;133.635;64.580
1466;30;36;111.295;76.010
1466;36;30;111.295;77.100
1467;30;37;61.702;80.060
1467;37;30;61.702;81.640
1468;30;37;64.054;66.780
1468;37;30;64.054;68.360
1469;30;37;62.198;73.290
1469;37;30;62.198;74.870
1470;30;38;99.354;57.380
1470;38;30;99.354;60.710
1471;30;38;89.423;57.710
1471;38;30;89.423;61.040
1472;30;39;25.336;16.360
1472;39;30;70.336;74.740
1473;30;39;25.393;24.410
1473;39;30;70.393;82.790
1474;30;39;27.658;22.140
1474;39;30;72.658;80.520
1475;31;32;83.597;71.870
1475;32;31;83.597;71.960
1476;31;32;76.043;80.550
1476;32;31;76.043;80.640
1477;31;32;84.702;67.000
1477;32;31;84.702;67.090
1478;31;33;49.879;65.130
1478;33;31;49.879;65.250
1479;31;33;50.673;78.540
1479;33;31;50.673;78.660
1480;31;33;50.333;75.700
1480;33;31;50.333;75.820
1481;31;34;50.552;63.600
1481;34;31;50.552;63.730
1482;31;35;89.744;81.640
1482;35;31;89.744;82.600
1483;31;35;99.064;62.340
1483;35;31;99.064;63.300
1484;31;35;96.362;57.560
1484;35;31;96.362;58.520
1485;31;36;112.256;73.380
1485;36;31;112.256;74.460
1486;31;37;91.874;78.930
1486;37;31;91.874;80.500
1487;31;37;93.300;70.090
1487;37;31;93.300;71.660
1488;31;37;96.594;59.880
1488;37;31;96.594;61.450
1489;31;38;63.772;67.300
1489;38;31;63.772;70.620
1490;31;38;66.028;71.980
1490;38;31;66.028;75.300
1491;31;39;19.290;18.820
1491;39;31;64.290;77.190
1492;31;39;23.302;9.790
1492;39;31;68.302;68.160
1493;32;33;81.234;82.310
1493;33;32;81.234;82.340
1494;32;34;80.612;73.430
1494;34;32;80.612;73.470
1495;32;34;86.706;70.240
1495;34;32;86.706;70.280
1496;32;34;76.408;68.760
1496;34;32;76.408;68.800
1497;32;35;52.003;77.550
1497;35;32;52.003;78.420
1498;32;35;51.037;71.940
1498;35;32;51.037;72.810
1499;32;35;52.103;79.400
1499;35;32;52.103;80.270
1500;32;36;126.826;63.990
1500;36;32;126.826;64.980
1501;32;36;136.456;65.220
1501;36;32;136.456;66.210
1502;32;37;127.420;56.830
1502;37;32;127.420;58.310
1503;32;37;107.367;75.270
1503;37;32;107.367;76.750
1504;32;38;65.867;58.880
1504;38;32;65.867;62.110
1505;32;38;63.519;77.330
1505;38;32;63.519;80.560
1506;32;38;66.478;60.730
1506;38;32;66.478;63.960
1507;32;39;52.651;11.070
1507;39;32;97.651;69.350
1508;32;39;47.095;2.790
1508;39;32;92.095;61.070
1509;33;34;45.760;74.090
1509;34;33;45.760;74.100
1510;33;34;45.638;67.940
1510;34;33;45.638;67.950
1511;33;35;87.003;79.400
1511;35;33;87.003;80.240
1512;33;35;89.171;76.580
1512;35;33;89.171;77.420
1513;33;36;116.720;64.530
1513;36;33;116.720;65.490
1514;33;37;92.239;58.490
1514;37;33;92.239;59.940
1515;33;38;60.628;60.930
1515;38;33;60.628;64.130
1516;33;39;18.196;24.590
1516;39;33;63.196;82.840
1517;34;35;86.339;81.370
1517;35;34;86.339;82.200
1518;34;36;117.184;76.190
1518;36;34;117.184;77.140
1519;34;36;120.315;67.760
1519;36;34;120.315;68.710
1520;34;36;128.184;59.800
1520;36;34;128.184;60.750
1521;34;37;92.699;76.280
1521;37;34;92.699;77.720
1522;34;37;85.096;81.010
1522;37;34;85.096;82.450
1523;34;37;101.207;62.750
1523;37;34;101.207;64.190
1524;34;38;59.954;67.560
1524;38;34;59.954;70.750
1525;34;39;18.520;23.520
1525;39;34;63.520;81.760
1526;34;39;16.465;15.610
1526;39;34;61.465;73.850
1527;34;39;15.267;7.080
1527;39;34;60.267;65.320
1528;35;36;133.290;61.430
1528;36;35;133.290;61.550
1529;35;37;132.263;57.220
1529;37;35;132.263;57.830
1530;35;38;71.392;57.210
1530;38;35;71.392;59.570
1531;35;38;71.654;72.150
1531;38;35;71.654;74.510
1532;35;38;66.769;57.770
1532;38;35;66.769;60.130
1533;35;39;57.583;20.650
1533;39;35;102.583;78.060
1534;36;37;140.994;60.510
1534;37;36;140.994;61.000
1535;36;37;118.300;76.520
1535;37;36;118.300;77.010
1536;36;38;121.152;59.400
1536;38;36;121.152;61.640
1537;36;38;139.407;74.390
1537;38;36;139.407;76.630
1538;36;38;112.195;78.310
1538;38;36;112.195;80.550
1539;36;39;81.991;18.870
1539;39;36;126.991;76.160
1540;36;39;96.114;16.850
1540;39;36;141.114;74.140
1541;37;38;106.638;76.580
1541;38;37;106.638;78.330
1542;37;38;119.804;71.690
1542;38;37;119.804;73.440
1543;37;38;99.010;55.660
1543;38;37;99.010;57.410
1544;37;39;29.769;11.770
1544;39;37;74.769;68.570
1545;38;39;31.884;13.470
1545;39;38;76.884;68.520
