40
180.0
0;0;1;94.491;120.600
0;1;0;49.491;20.600
1;0;1;92.778;118.810
1;1;0;47.778;18.810
2;0;2;53.647;96.880
2;2;0;8.647;2.620
3;0;3;81.549;115.130
3;3;0;36.549;22.470
4;0;3;76.819;113.380
4;3;0;31.819;20.720
5;0;4;73.285;108.390
5;4;0;28.285;18.070
6;0;4;71.908;99.040
6;4;0;26.908;8.720
7;0;5;64.222;103.620
7;5;0;19.222;22.980
8;0;5;59.431;102.000
8;5;0;14.431;21.360
9;0;5;61.117;83.600
9;5;0;16.117;2.960
10;0;6;76.387;84.370
10;6;0;31.387;4.970
11;0;6;78.095;103.120
11;6;0;33.095;23.720
12;0;7;62.194;99.240
12;7;0;17.194;21.390
13;0;7;65.895;82.550
13;7;0;20.895;4.700
14;0;8;77.509;98.860
14;8;0;32.509;22.710
15;0;9;116.350;95.020
15;9;0;71.350;18.900
16;0;9;108.269;81.430
16;9;0;63.269;5.310
17;0;10;90.309;92.740
17;10;0;45.309;16.960
18;0;11;74.690;87.000
18;11;0;29.690;12.030
19;0;11;69.016;95.030
19;11;0;24.016;20.060
20;0;12;72.562;74.590
20;12;0;27.562;0.590
21;0;13;75.107;82.240
21;13;0;30.107;8.860
22;0;14;66.172;76.840
22;14;0;21.172;7.920
23;0;15;68.796;93.590
23;15;0;23.796;24.860
24;0;15;65.488;78.560
24;15;0;20.488;9.830
25;0;16;67.688;84.690
25;16;0;22.688;16.230
26;0;16;67.315;87.550
26;16;0;22.315;19.090
27;0;17;54.829;76.650
27;17;0;9.829;11.000
28;0;17;56.395;88.720
28;17;0;11.395;23.070
29;0;18;99.909;81.720
29;18;0;54.909;18.120
30;0;19;65.827;64.400
30;19;0;20.827;3.300
31;0;19;61.116;81.000
31;19;0;16.116;19.900
32;0;20;124.572;62.580
32;20;0;79.572;2.060
33;0;20;130.707;73.730
33;20;0;85.707;13.210
34;0;21;63.520;71.390
34;21;0;18.520;11.730
35;0;21;61.334;74.660
35;21;0;16.334;15.000
36;0;22;138.673;62.160
36;22;0;93.673;2.960
37;0;23;52.648;62.550
37;23;0;7.648;4.210
38;0;23;51.694;62.260
38;23;0;6.694;3.920
39;0;24;51.651;77.160
39;24;0;6.651;18.900
40;0;24;50.705;64.020
40;24;0;5.705;5.760
41;0;25;63.196;74.410
41;25;0;18.196;16.230
42;0;25;61.885;68.550
42;25;0;16.885;10.370
43;0;25;62.710;80.710
43;25;0;17.710;22.530
44;0;26;64.290;69.200
44;26;0;19.290;11.920
45;0;27;121.973;60.300
45;27;0;76.973;3.190
46;0;27;107.120;70.640
46;27;0;62.120;13.530
47;0;28;97.651;80.780
47;28;0;52.651;23.730
48;0;28;109.312;67.890
48;28;0;64.312;10.840
49;0;29;119.442;69.150
49;29;0;74.442;12.360
50;0;30;80.994;78.530
50;30;0;35.994;23.340
51;0;30;80.844;80.140
51;30;0;35.844;24.950
52;0;30;82.375;67.000
52;30;0;37.375;11.810
53;0;31;94.508;73.540
53;31;0;49.508;18.410
54;0;31;98.741;71.810
54;31;0;53.741;16.680
55;0;31;90.011;57.090
55;31;0;45.011;1.960
56;0;32;63.686;63.770
56;32;0;18.686;9.080
57;0;33;76.884;74.720
57;33;0;31.884;20.550
58;0;33;74.370;73.290
58;33;0;29.370;19.120
59;0;34;70.336;66.010
59;34;0;25.336;12.660
60;0;34;71.020;63.040
60;34;0;26.020;9.690
61;0;35;74.769;67.560
61;35;0;29.769;14.810
62;0;36;69.350;53.380
62;36;0;24.350;1.220
63;0;36;67.572;75.810
63;36;0;22.572;23.650
64;0;36;65.117;70.820
64;36;0;20.117;18.660
65;0;37;66.985;71.900
65;37;0;21.985;21.930
66;0;37;70.562;74.300
66;37;0;25.562;24.330
67;0;38;105.335;72.150
67;38;0;60.335;22.270
68;0;38;90.450;67.150
68;38;0;45.450;17.270
69;0;38;101.439;55.620
69;38;0;56.439;5.740
70;0;39;0.000;8.240
70;39;0;0.000;8.240
71;0;39;0.000;22.490
71;39;0;0.000;22.490
72;1;2;87.276;117.660
72;2;1;87.276;123.400
73;1;2;96.100;95.690
73;2;1;96.100;101.430
74;1;2;89.152;104.230
74;2;1;89.152;109.970
75;1;3;66.570;93.920
75;3;1;66.570;101.260
76;1;4;117.069;92.590
76;4;1;117.069;102.270
77;1;4;108.277;99.620
77;4;1;108.277;109.300
78;1;5;113.662;105.320
78;5;1;113.662;124.680
79;1;6;114.299;82.450
79;6;1;114.299;103.050
80;1;6;117.816;86.900
80;6;1;117.816;107.500
81;1;6;109.969;92.510
81;6;1;109.969;113.110
82;1;7;80.845;88.570
82;7;1;80.845;110.720
83;1;8;74.022;76.790
83;8;1;74.022;100.640
84;1;8;67.784;86.490
84;8;1;67.784;110.340
85;1;8;67.282;86.870
85;8;1;67.282;110.720
86;1;9;79.185;88.520
86;9;1;79.185;112.400
87;1;9;81.110;81.190
87;9;1;81.110;105.070
88;1;9;81.690;85.630
88;9;1;81.690;109.510
89;1;10;80.955;84.790
89;10;1;80.955;109.010
90;1;10;72.544;76.400
90;10;1;72.544;100.620
91;1;11;68.587;88.590
91;11;1;68.587;113.620
92;1;11;62.789;81.720
92;11;1;62.789;106.750
93;1;11;66.994;93.860
93;11;1;66.994;118.890
94;1;12;69.109;78.350
94;12;1;69.109;104.350
95;1;13;65.984;88.980
95;13;1;65.984;115.600
96;1;13;69.379;98.350
96;13;1;69.379;124.970
97;1;13;68.817;91.390
97;13;1;68.817;118.010
98;1;14;80.589;80.380
98;14;1;80.589;111.460
99;1;14;82.414;89.850
99;14;1;82.414;120.930
100;1;14;85.523;84.850
100;14;1;85.523;115.930
101;1;15;110.336;85.670
101;15;1;110.336;116.940
102;1;15;106.982;75.900
102;15;1;106.982;107.170
103;1;15;102.811;78.280
103;15;1;102.811;109.550
104;1;16;86.520;78.430
104;16;1;86.520;109.970
105;1;16;95.399;91.710
105;16;1;95.399;123.250
106;1;16;95.830;69.040
106;16;1;95.830;100.580
107;1;17;84.694;87.520
107;17;1;84.694;121.870
108;1;17;85.512;88.060
108;17;1;85.512;122.410
109;1;17;83.655;89.050
109;17;1;83.655;123.400
110;1;18;75.486;68.870
110;18;1;75.486;105.270
111;1;19;73.902;83.060
111;19;1;73.902;121.960
112;1;19;80.129;75.720
112;19;1;80.129;114.620
113;1;20;96.851;71.490
113;20;1;96.851;110.970
114;1;20;91.983;78.300
114;20;1;91.983;117.780
115;1;21;78.457;64.660
115;21;1;78.457;105.000
116;1;21;73.200;69.460
116;21;1;73.200;109.800
117;1;21;73.590;83.330
117;21;1;73.590;123.670
118;1;22;102.209;59.250
118;22;1;102.209;100.050
119;1;23;93.438;61.190
119;23;1;93.438;102.850
120;1;23;99.878;60.740
120;23;1;99.878;102.400
121;1;23;84.449;72.850
121;23;1;84.449;114.510
122;1;24;88.091;59.280
122;24;1;88.091;101.020
123;1;24;85.218;62.500
123;24;1;85.218;104.240
124;1;25;78.322;61.470
124;25;1;78.322;103.290
125;1;25;77.815;80.060
125;25;1;77.815;121.880
126;1;25;72.978;68.030
126;25;1;72.978;109.850
127;1;26;75.463;62.350
127;26;1;75.463;105.070
128;1;26;80.647;60.600
128;26;1;80.647;103.320
129;1;26;72.239;64.950
129;26;1;72.239;107.670
130;1;27;76.549;74.940
130;27;1;76.549;117.830
131;1;28;82.436;63.080
131;28;1;82.436;106.030
132;1;28;80.730;71.150
132;28;1;80.730;114.100
133;1;29;97.504;56.800
133;29;1;97.504;100.010
134;1;29;96.854;66.220
134;29;1;96.854;109.430
135;1;30;63.132;65.880
135;30;1;63.132;110.690
136;1;31;81.911;63.990
136;31;1;81.911;108.860
137;1;31;79.229;72.170
137;31;1;79.229;117.040
138;1;32;79.129;61.380
138;32;1;79.129;106.690
139;1;33;77.378;55.350
139;33;1;77.378;101.180
140;1;33;78.479;64.470
140;33;1;78.479;110.300
141;1;33;75.854;73.230
141;33;1;75.854;119.060
142;1;34;105.577;74.040
142;34;1;105.577;120.690
143;1;34;107.044;66.860
143;34;1;107.044;113.510
144;1;34;115.640;54.920
144;34;1;115.640;101.570
145;1;35;119.200;58.350
145;35;1;119.200;105.600
146;1;35;134.905;76.950
146;35;1;134.905;124.200
147;1;35;104.274;71.440
147;35;1;104.274;118.690
148;1;36;107.636;67.620
148;36;1;107.636;115.460
149;1;36;102.267;55.560
149;36;1;102.267;103.400
150;1;37;80.493;71.170
150;37;1;80.493;121.200
151;1;37;87.092;64.300
151;37;1;87.092;114.330
152;1;37;79.158;66.480
152;37;1;79.158;116.510
153;1;38;78.115;60.120
153;38;1;78.115;110.240
154;1;38;76.078;64.870
154;38;1;76.078;114.990
155;1;39;49.491;4.290
155;39;1;94.491;104.290
156;2;3;77.233;103.360
156;3;2;77.233;104.960
157;2;3;77.808;94.110
157;3;2;77.808;95.710
158;2;3;78.644;97.030
158;3;2;78.644;98.630
159;2;4;81.692;108.400
159;4;2;81.692;112.340
160;2;5;72.272;105.170
160;5;2;72.272;118.790
161;2;5;76.632;92.370
161;5;2;76.632;105.990
162;2;5;75.983;92.860
162;5;2;75.983;106.480
163;2;6;83.904;99.310
163;6;2;83.904;114.170
164;2;7;53.547;96.360
164;7;2;53.547;112.770
165;2;8;68.885;86.550
165;8;2;68.885;104.660
166;2;9;111.918;76.260
166;9;2;111.918;94.400
167;2;9;121.566;88.530
167;9;2;121.566;106.670
168;2;9;122.003;80.670
168;9;2;122.003;98.810
169;2;10;81.967;77.510
169;10;2;81.967;95.990
170;2;10;75.243;92.710
170;10;2;75.243;111.190
171;2;10;85.379;95.140
171;10;2;85.379;113.620
172;2;11;70.001;85.270
172;11;2;70.001;104.560
173;2;11;65.045;76.340
173;11;2;65.045;95.630
174;2;11;73.281;81.950
174;11;2;73.281;101.240
175;2;12;67.457;76.690
175;12;2;67.457;96.950
176;2;13;69.444;93.730
176;13;2;69.444;114.610
177;2;13;72.952;85.540
177;13;2;72.952;106.420
178;2;14;57.678;92.810
178;14;2;57.678;118.150
179;2;14;60.695;84.960
179;14;2;60.695;110.300
180;2;14;56.277;79.750
180;14;2;56.277;105.090
181;2;15;76.730;72.670
181;15;2;76.730;98.200
182;2;15;69.417;70.770
182;15;2;69.417;96.300
183;2;15;72.273;71.940
183;15;2;72.273;97.470
184;2;16;60.381;91.650
184;16;2;60.381;117.450
185;2;16;62.489;74.040
185;16;2;62.489;99.840
186;2;17;50.626;73.950
186;17;2;50.626;102.560
187;2;17;49.511;71.510
187;17;2;49.511;100.120
188;2;18;96.710;81.290
188;18;2;96.710;111.950
189;2;19;59.887;85.380
189;19;2;59.887;118.540
190;2;19;63.315;82.000
190;19;2;63.315;115.160
191;2;20;116.038;78.620
191;20;2;116.038;112.360
192;2;20;100.053;74.670
192;20;2;100.053;108.410
193;2;20;102.908;63.080
193;20;2;102.908;96.820
194;2;21;54.975;63.990
194;21;2;54.975;98.590
195;2;22;134.874;65.950
195;22;2;134.874;101.010
196;2;23;51.574;62.660
196;23;2;51.574;98.580
197;2;24;51.171;65.970
197;24;2;51.171;101.970
198;2;24;51.614;60.250
198;24;2;51.614;96.250
199;2;25;54.733;59.540
199;25;2;54.733;95.620
200;2;25;56.337;65.480
200;25;2;56.337;101.560
201;2;26;56.840;72.300
201;26;2;56.840;109.280
202;2;26;56.416;66.560
202;26;2;56.416;103.540
203;2;26;58.005;57.650
203;26;2;58.005;94.630
204;2;27;116.122;72.320
204;27;2;116.122;109.470
205;2;27;133.240;59.470
205;27;2;133.240;96.620
206;2;27;125.710;64.610
206;27;2;125.710;101.760
207;2;28;89.241;59.040
207;28;2;89.241;96.250
208;2;28;94.662;75.020
208;28;2;94.662;112.230
209;2;28;80.358;58.150
209;28;2;80.358;95.360
210;2;29;111.092;58.490
210;29;2;111.092;95.960
211;2;29;102.015;60.300
211;29;2;102.015;97.770
212;2;29;119.276;58.020
212;29;2;119.276;95.490
213;2;30;75.763;55.870
213;30;2;75.763;94.940
214;2;30;68.886;65.440
214;30;2;68.886;104.510
215;2;30;75.614;66.230
215;30;2;75.614;105.300
216;2;31;92.906;76.760
216;31;2;92.906;115.890
217;2;32;55.056;66.750
217;32;2;55.056;106.320
218;2;32;56.243;62.200
218;32;2;56.243;101.770
219;2;32;53.119;55.050
219;32;2;53.119;94.620
220;2;33;68.397;74.430
220;33;2;68.397;114.520
221;2;33;67.383;62.370
221;33;2;67.383;102.460
222;2;33;72.719;65.210
222;33;2;72.719;105.300
223;2;34;76.945;74.170
223;34;2;76.945;115.080
224;2;34;69.118;61.190
224;34;2;69.118;102.100
225;2;35;83.269;61.390
225;35;2;83.269;102.900
226;2;36;76.617;65.470
226;36;2;76.617;107.570
227;2;36;81.327;71.710
227;36;2;81.327;113.810
228;2;37;58.520;66.140
228;37;2;58.520;110.430
229;2;37;59.589;66.370
229;37;2;59.589;110.660
230;2;38;96.699;67.210
230;38;2;96.699;111.590
231;2;38;106.816;52.470
231;38;2;106.816;96.850
232;2;38;103.461;54.840
232;38;2;103.461;99.220
233;2;39;8.647;20.420
233;39;2;53.647;114.680
234;2;39;8.487;21.090
234;39;2;53.487;115.350
235;3;4;98.504;96.280
235;4;3;98.504;98.620
236;3;4;108.943;90.700
236;4;3;108.943;93.040
237;3;5;99.245;87.040
237;5;3;99.245;99.060
238;3;5;90.687;96.910
238;5;3;90.687;108.930
239;3;5;108.834;96.350
239;5;3;108.834;108.370
240;3;6;94.291;88.090
240;6;3;94.291;101.350
241;3;6;99.505;86.140
241;6;3;99.505;99.400
242;3;6;82.883;97.720
242;6;3;82.883;110.980
243;3;7;74.973;87.030
243;7;3;74.973;101.840
244;3;7;80.524;79.960
244;7;3;80.524;94.770
245;3;8;78.419;92.420
245;8;3;78.419;108.930
246;3;9;79.854;80.010
246;9;3;79.854;96.550
247;3;10;91.181;87.330
247;10;3;91.181;104.210
248;3;11;52.264;86.690
248;11;3;52.264;104.380
249;3;12;54.975;79.320
249;12;3;54.975;97.980
250;3;12;55.159;75.340
250;12;3;55.159;94.000
251;3;13;54.238;78.930
251;13;3;54.238;98.210
252;3;14;77.631;85.650
252;14;3;77.631;109.390
253;3;14;71.174;81.440
253;14;3;71.174;105.180
254;3;15;91.542;91.090
254;15;3;91.542;115.020
255;3;16;84.488;88.920
255;16;3;84.488;113.120
256;3;17;72.463;80.830
256;17;3;72.463;107.840
257;3;18;64.964;78.250
257;18;3;64.964;107.310
258;3;18;66.197;79.210
258;18;3;66.197;108.270
259;3;19;62.667;62.510
259;19;3;62.667;94.070
260;3;19;60.025;82.730
260;19;3;60.025;114.290
261;3;19;65.308;83.250
261;19;3;65.308;114.810
262;3;20;115.732;69.890
262;20;3;115.732;102.030
263;3;21;72.657;62.760
263;21;3;72.657;95.760
264;3;21;68.315;77.150
264;21;3;68.315;110.150
265;3;21;77.684;59.850
265;21;3;77.684;92.850
266;3;22;102.641;76.860
266;22;3;102.641;110.320
267;3;22;107.147;66.100
267;22;3;107.147;99.560
268;3;22;96.565;64.180
268;22;3;96.565;97.640
269;3;23;83.752;75.400
269;23;3;83.752;109.720
270;3;23;77.623;82.530
270;23;3;77.623;116.850
271;3;23;92.720;76.130
271;23;3;92.720;110.450
272;3;24;74.991;69.870
272;24;3;74.991;104.270
273;3;24;80.481;76.420
273;24;3;80.481;110.820
274;3;24;71.808;72.730
274;24;3;71.808;107.130
275;3;25;72.071;60.130
275;25;3;72.071;94.610
276;3;26;67.291;62.840
276;26;3;67.291;98.220
277;3;27;86.270;69.510
277;27;3;86.270;105.060
278;3;28;95.588;77.450
278;28;3;95.588;113.060
279;3;28;103.668;63.080
279;28;3;103.668;98.690
280;3;29;114.654;70.610
280;29;3;114.654;106.480
281;3;29;132.016;73.400
281;29;3;132.016;109.270
282;3;29;104.896;58.540
282;29;3;104.896;94.410
283;3;30;49.410;69.500
283;30;3;49.410;106.970
284;3;30;49.044;78.270
284;30;3;49.044;115.740
285;3;30;48.581;70.000
285;30;3;48.581;107.470
286;3;31;64.858;65.690
286;31;3;64.858;103.220
287;3;31;69.575;62.980
287;31;3;69.575;100.510
288;3;32;73.847;71.320
288;32;3;73.847;109.290
289;3;33;81.182;54.530
289;33;3;81.182;93.020
290;3;33;75.804;57.430
290;33;3;75.804;95.920
291;3;33;87.511;66.800
291;33;3;87.511;105.290
292;3;34;85.666;72.850
292;34;3;85.666;112.160
293;3;34;92.727;64.590
293;34;3;92.727;103.900
294;3;34;79.007;59.820
294;34;3;79.007;99.130
295;3;35;100.748;76.900
295;35;3;100.748;116.810
296;3;35;100.700;75.120
296;35;3;100.700;115.030
297;3;36;88.215;61.110
297;36;3;88.215;101.610
298;3;37;78.071;73.510
298;37;3;78.071;116.200
299;3;38;95.533;70.260
299;38;3;95.533;113.040
300;3;38;100.369;67.200
300;38;3;100.369;109.980
301;3;38;105.852;54.330
301;38;3;105.852;97.110
302;3;39;36.549;21.150
302;39;3;81.549;113.810
303;3;39;40.579;23.860
303;39;3;85.579;116.520
304;4;5;63.721;87.230
304;5;4;63.721;96.910
305;4;5;60.993;100.230
305;5;4;60.993;109.910
306;4;6;54.760;100.570
306;6;4;54.760;111.490
307;4;6;57.180;94.710
307;6;4;57.180;105.630
308;4;7;90.108;97.960
308;7;4;90.108;110.430
309;4;8;105.469;76.360
309;8;4;105.469;90.530
310;4;8;113.010;89.450
310;8;4;113.010;103.620
311;4;8;115.700;86.210
311;8;4;115.700;100.380
312;4;9;129.661;98.920
312;9;4;129.661;113.120
313;4;9;126.375;85.880
313;9;4;126.375;100.080
314;4;9;150.047;79.390
314;9;4;150.047;93.590
315;4;10;118.587;87.980
315;10;4;118.587;102.520
316;4;10;133.069;85.780
316;10;4;133.069;100.320
317;4;11;93.832;81.710
317;11;4;93.832;97.060
318;4;11;90.898;93.300
318;11;4;90.898;108.650
319;4;11;87.093;84.130
319;11;4;87.093;99.480
320;4;12;92.972;79.260
320;12;4;92.972;95.580
321;4;12;98.512;88.470
321;12;4;98.512;104.790
322;4;12;99.422;77.700
322;12;4;99.422;94.020
323;4;13;96.088;74.300
323;13;4;96.088;91.240
324;4;14;94.364;81.760
324;14;4;94.364;103.160
325;4;14;99.639;86.210
325;14;4;99.639;107.610
326;4;14;92.826;81.910
326;14;4;92.826;103.310
327;4;15;51.988;90.290
327;15;4;51.988;111.880
328;4;15;52.964;84.730
328;15;4;52.964;106.320
329;4;15;53.525;93.730
329;15;4;53.525;115.320
330;4;16;95.763;74.480
330;16;4;95.763;96.340
331;4;16;102.359;86.090
331;16;4;102.359;107.950
332;4;16;91.222;70.500
332;16;4;91.222;92.360
333;4;17;80.398;84.890
333;17;4;80.398;109.560
334;4;17;77.285;69.380
334;17;4;77.285;94.050
335;4;17;76.054;82.810
335;17;4;76.054;107.480
336;4;18;111.208;81.120
336;18;4;111.208;107.840
337;4;18;127.512;67.330
337;18;4;127.512;94.050
338;4;19;89.149;83.490
338;19;4;89.149;112.710
339;4;20;152.715;61.070
339;20;4;152.715;90.870
340;4;20;145.595;64.550
340;20;4;145.595;94.350
341;4;21;90.992;74.280
341;21;4;90.992;104.940
342;4;21;91.207;72.550
342;21;4;91.207;103.210
343;4;21;88.894;82.180
343;21;4;88.894;112.840
344;4;22;148.777;71.860
344;22;4;148.777;102.980
345;4;22;131.122;74.410
345;22;4;131.122;105.530
346;4;22;145.886;75.950
346;22;4;145.886;107.070
347;4;23;80.025;67.940
347;23;4;80.025;99.920
348;4;24;77.067;65.740
348;24;4;77.067;97.800
349;4;24;73.329;60.200
349;24;4;73.329;92.260
350;4;24;72.772;65.460
350;24;4;72.772;97.520
351;4;25;90.512;61.590
351;25;4;90.512;93.730
352;4;26;89.999;65.880
352;26;4;89.999;98.920
353;4;26;89.032;69.900
353;26;4;89.032;102.940
354;4;26;98.038;76.070
354;26;4;98.038;109.110
355;4;27;139.200;80.440
355;27;4;139.200;113.650
356;4;28;125.908;69.210
356;28;4;125.908;102.480
357;4;29;147.722;79.850
357;29;4;147.722;113.380
358;4;30;100.097;69.150
358;30;4;100.097;104.280
359;4;30;95.245;70.120
359;30;4;95.245;105.250
360;4;30;112.083;78.760
360;30;4;112.083;113.890
361;4;31;102.108;63.730
361;31;4;102.108;98.920
362;4;31;91.384;59.810
362;31;4;91.384;95.000
363;4;32;91.414;60.930
363;32;4;91.414;96.560
364;4;32;82.233;67.320
364;32;4;82.233;102.950
365;4;32;97.130;68.070
365;32;4;97.130;103.700
366;4;33;105.087;56.460
366;33;4;105.087;92.610
367;4;33;113.449;66.940
367;33;4;113.449;103.090
368;4;33;100.235;68.760
368;33;4;100.235;104.910
369;4;34;59.458;56.870
369;34;4;59.458;93.840
370;4;34;61.328;55.560
370;34;4;61.328;92.530
371;4;34;60.400;54.080
371;34;4;60.400;91.050
372;4;35;47.288;70.440
372;35;4;47.288;108.010
373;4;35;47.378;68.910
373;35;4;47.378;106.480
374;4;35;47.543;70.000
374;35;4;47.543;107.570
375;4;36;55.992;69.380
375;36;4;55.992;107.540
376;4;36;53.755;62.660
376;36;4;53.755;100.820
377;4;37;95.197;50.250
377;37;4;95.197;90.600
378;4;38;133.145;52.640
378;38;4;133.145;93.080
379;4;39;28.285;21.680
379;39;4;73.285;112.000
380;4;39;30.774;23.880
380;39;4;75.774;114.200
381;4;39;21.728;13.840
381;39;4;66.728;104.160
382;5;6;72.076;90.860
382;6;5;72.076;92.100
383;5;7;80.483;92.050
383;7;5;80.483;94.840
384;5;8;95.168;76.320
384;8;5;95.168;80.810
385;5;8;93.628;83.240
385;8;5;93.628;87.730
386;5;9;133.461;78.820
386;9;5;133.461;83.340
387;5;10;106.384;93.320
387;10;5;106.384;98.180
388;5;10;121.472;77.870
388;10;5;121.472;82.730
389;5;10;92.293;91.560
389;10;5;92.293;96.420
390;5;11;92.882;97.300
390;11;5;92.882;102.970
391;5;11;81.028;92.470
391;11;5;81.028;98.140
392;5;11;104.274;99.340
392;11;5;104.274;105.010
393;5;12;91.063;93.730
393;12;5;91.063;100.370
394;5;12;81.884;82.280
394;12;5;81.884;88.920
395;5;12;92.077;96.400
395;12;5;92.077;103.040
396;5;13;93.824;83.650
396;13;5;93.824;90.910
397;5;14;83.631;74.670
397;14;5;83.631;86.390
398;5;15;64.619;72.640
398;15;5;64.619;84.550
399;5;15;62.939;81.950
399;15;5;62.939;93.860
400;5;15;68.938;80.100
400;15;5;68.938;92.010
401;5;16;82.763;80.380
401;16;5;82.763;92.560
402;5;17;73.971;86.230
402;17;5;73.971;101.220
403;5;17;69.528;71.210
403;17;5;69.528;86.200
404;5;17;72.590;68.530
404;17;5;72.590;83.520
405;5;18;115.996;83.890
405;18;5;115.996;100.930
406;5;18;122.510;83.080
406;18;5;122.510;100.120
407;5;19;84.848;65.580
407;19;5;84.848;85.120
408;5;20;141.041;80.970
408;20;5;141.041;101.090
409;5;20;134.417;64.130
409;20;5;134.417;84.250
410;5;20;136.392;83.450
410;20;5;136.392;103.570
411;5;21;82.210;80.900
411;21;5;82.210;101.880
412;5;21;89.595;67.550
412;21;5;89.595;88.530
413;5;21;75.421;76.740
413;21;5;75.421;97.720
414;5;22;154.833;77.400
414;22;5;154.833;98.840
415;5;22;181.912;73.230
415;22;5;181.912;94.670
416;5;22;152.854;81.810
416;22;5;152.854;103.250
417;5;23;67.692;61.850
417;23;5;67.692;84.150
418;5;23;72.681;72.450
418;23;5;72.681;94.750
419;5;24;70.585;72.400
419;24;5;70.585;94.780
420;5;24;70.211;67.410
420;24;5;70.211;89.790
421;5;25;82.002;74.270
421;25;5;82.002;96.730
422;5;25;85.074;62.310
422;25;5;85.074;84.770
423;5;26;83.502;63.460
423;26;5;83.502;86.820
424;5;26;76.488;68.060
424;26;5;76.488;91.420
425;5;27;140.326;63.130
425;27;5;140.326;86.660
426;5;27;118.248;78.800
426;27;5;118.248;102.330
427;5;28;113.826;72.730
427;28;5;113.826;96.320
428;5;28;129.342;78.930
428;28;5;129.342;102.520
429;5;29;135.045;76.590
429;29;5;135.045;100.440
430;5;30;99.347;61.260
430;30;5;99.347;86.710
431;5;30;88.248;75.330
431;30;5;88.248;100.780
432;5;30;91.886;64.420
432;30;5;91.886;89.870
433;5;31;108.856;62.780
433;31;5;108.856;88.290
434;5;32;82.142;62.610
434;32;5;82.142;88.560
435;5;33;93.874;76.960
435;33;5;93.874;103.430
436;5;34;71.588;63.870
436;34;5;71.588;91.160
437;5;34;75.302;66.290
437;34;5;75.302;93.580
438;5;34;77.150;60.490
438;34;5;77.150;87.780
439;5;35;63.710;58.010
439;35;5;63.710;85.900
440;5;36;68.396;52.930
440;36;5;68.396;81.410
441;5;36;70.873;67.280
441;36;5;70.873;95.760
442;5;36;73.490;62.010
442;36;5;73.490;90.490
443;5;37;84.322;64.040
443;37;5;84.322;94.710
444;5;37;77.990;56.050
444;37;5;77.990;86.720
445;5;37;76.581;56.510
445;37;5;76.581;87.180
446;5;38;122.783;56.820
446;38;5;122.783;87.580
447;5;38;125.194;57.800
447;38;5;125.194;88.560
448;5;38;115.299;59.300
448;38;5;115.299;90.060
449;5;39;19.222;8.390
449;39;5;64.222;89.030
450;6;7;91.758;85.510
450;7;6;91.758;87.060
451;6;8;106.754;91.270
451;8;6;106.754;94.520
452;6;9;123.233;95.930
452;9;6;123.233;99.210
453;6;9;113.836;100.350
453;9;6;113.836;103.630
454;6;10;120.617;82.480
454;10;6;120.617;86.100
455;6;10;128.261;99.790
455;10;6;128.261;103.410
456;6;11;90.714;79.870
456;11;6;90.714;84.300
457;6;12;90.399;88.870
457;12;6;90.399;94.270
458;6;12;94.261;82.240
458;12;6;94.261;87.640
459;6;12;101.610;87.390
459;12;6;101.610;92.790
460;6;13;93.521;93.930
460;13;6;93.521;99.950
461;6;13;82.444;76.080
461;13;6;82.444;82.100
462;6;14;96.362;89.610
462;14;6;96.362;100.090
463;6;14;103.507;85.550
463;14;6;103.507;96.030
464;6;15;53.115;71.550
464;15;6;53.115;82.220
465;6;16;98.965;82.790
465;16;6;98.965;93.730
466;6;16;100.803;82.770
466;16;6;100.803;93.710
467;6;17;81.232;67.200
467;17;6;81.232;80.950
468;6;18;104.672;70.640
468;18;6;104.672;86.440
469;6;19;88.076;77.670
469;19;6;88.076;95.970
470;6;19;88.869;67.590
470;19;6;88.869;85.890
471;6;20;153.905;77.250
471;20;6;153.905;96.130
472;6;20;132.070;85.120
472;20;6;132.070;104.000
473;6;20;167.310;65.970
473;20;6;167.310;84.850
474;6;21;92.138;60.020
474;21;6;92.138;79.760
475;6;21;95.216;79.490
475;21;6;95.216;99.230
476;6;21;92.027;66.840
476;21;6;92.027;86.580
477;6;22;141.250;65.160
477;22;6;141.250;85.360
478;6;22;144.362;74.120
478;22;6;144.362;94.320
479;6;22;129.527;70.170
479;22;6;129.527;90.370
480;6;23;83.857;75.340
480;23;6;83.857;96.400
481;6;23;92.227;76.160
481;23;6;92.227;97.220
482;6;24;78.346;68.040
482;24;6;78.346;89.180
483;6;24;76.305;63.290
483;24;6;76.305;84.430
484;6;24;80.763;82.210
484;24;6;80.763;103.350
485;6;25;91.546;62.270
485;25;6;91.546;83.490
486;6;25;100.072;65.270
486;25;6;100.072;86.490
487;6;26;90.011;81.130
487;26;6;90.011;103.250
488;6;26;82.379;60.110
488;26;6;82.379;82.230
489;6;26;82.099;71.640
489;26;6;82.099;93.760
490;6;27;133.825;59.340
490;27;6;133.825;81.630
491;6;27;116.612;69.060
491;27;6;116.612;91.350
492;6;27;142.388;68.140
492;27;6;142.388;90.430
493;6;28;127.719;70.750
493;28;6;127.719;93.100
494;6;29;149.601;71.590
494;29;6;149.601;94.200
495;6;30;96.562;59.190
495;30;6;96.562;83.400
496;6;30;92.290;65.490
496;30;6;92.290;89.700
497;6;31;94.934;76.810
497;31;6;94.934;101.080
498;6;32;92.793;75.730
498;32;6;92.793;100.440
499;6;32;88.561;55.730
499;32;6;88.561;80.440
500;6;32;92.989;68.400
500;32;6;92.989;93.110
501;6;33;106.902;64.270
501;33;6;106.902;89.500
502;6;34;53.722;64.450
502;34;6;53.722;90.500
503;6;34;53.263;69.680
503;34;6;53.263;95.730
504;6;34;54.897;54.750
504;34;6;54.897;80.800
505;6;35;56.417;73.570
505;35;6;56.417;100.220
506;6;35;58.564;69.750
506;35;6;58.564;96.400
507;6;35;56.051;58.990
507;35;6;56.051;85.640
508;6;36;52.390;55.690
508;36;6;52.390;82.930
509;6;37;97.231;63.650
509;37;6;97.231;93.080
510;6;37;95.028;61.960
510;37;6;95.028;91.390
511;6;38;133.799;72.530
511;38;6;133.799;102.050
512;6;39;31.387;1.710
512;39;6;76.387;81.110
513;7;8;60.372;77.530
513;8;7;60.372;79.230
514;7;8;59.939;84.140
514;8;7;59.939;85.840
515;7;9;108.490;85.190
515;9;7;108.490;86.920
516;7;9;119.020;77.420
516;9;7;119.020;79.150
517;7;10;73.859;99.880
517;10;7;73.859;101.950
518;7;10;79.079;94.840
518;10;7;79.079;96.910
519;7;11;67.870;98.090
519;11;7;67.870;100.970
520;7;12;65.072;90.040
520;12;7;65.072;93.890
521;7;12;67.137;94.360
521;12;7;67.137;98.210
522;7;13;66.053;76.820
522;13;7;66.053;81.290
523;7;14;49.784;69.410
523;14;7;49.784;78.340
524;7;14;50.824;76.230
524;14;7;50.824;85.160
525;7;15;84.892;77.210
525;15;7;84.892;86.330
526;7;15;86.396;81.590
526;15;7;86.396;90.710
527;7;16;55.323;85.540
527;16;7;55.323;94.930
528;7;16;55.925;90.620
528;16;7;55.925;100.010
529;7;16;55.831;70.420
529;16;7;55.831;79.810
530;7;17;55.748;79.820
530;17;7;55.748;92.020
531;7;18;94.936;85.270
531;18;7;94.936;99.520
532;7;19;57.704;67.020
532;19;7;57.704;83.770
533;7;19;60.117;83.420
533;19;7;60.117;100.170
534;7;20;107.614;77.170
534;20;7;107.614;94.500
535;7;20;94.655;68.710
535;20;7;94.655;86.040
536;7;20;96.355;72.300
536;20;7;96.355;89.630
537;7;21;47.493;82.760
537;21;7;47.493;100.950
538;7;22;131.899;78.530
538;22;7;131.899;97.180
539;7;22;123.434;65.220
539;22;7;123.434;83.870
540;7;22;110.726;75.600
540;22;7;110.726;94.250
541;7;23;58.189;61.110
541;23;7;58.189;80.620
542;7;23;54.930;82.030
542;23;7;54.930;101.540
543;7;23;60.310;61.120
543;23;7;60.310;80.630
544;7;24;58.413;61.130
544;24;7;58.413;80.720
545;7;25;47.930;73.730
545;25;7;47.930;93.400
546;7;25;47.463;78.300
546;25;7;47.463;97.970
547;7;25;48.599;77.120
547;25;7;48.599;96.790
548;7;26;52.711;73.880
548;26;7;52.711;94.450
549;7;27;111.028;72.610
549;27;7;111.028;93.350
550;7;28;81.006;57.480
550;28;7;81.006;78.280
551;7;29;102.892;81.370
551;29;7;102.892;102.430
552;7;29;101.537;67.720
552;29;7;101.537;88.780
553;7;29;101.695;81.730
553;29;7;101.695;102.790
554;7;30;72.449;74.510
554;30;7;72.449;97.170
555;7;30;66.887;73.420
555;30;7;66.887;96.080
556;7;30;69.350;60.940
556;30;7;69.350;83.600
557;7;31;92.930;76.830
557;31;7;92.930;99.550
558;7;31;85.416;68.410
558;31;7;85.416;91.130
559;7;31;92.308;64.940
559;31;7;92.308;87.660
560;7;32;46.755;62.510
560;32;7;46.755;85.670
561;7;32;47.075;63.180
561;32;7;47.075;86.340
562;7;33;60.151;73.010
562;33;7;60.151;96.690
563;7;34;84.311;58.190
563;34;7;84.311;82.690
564;7;34;76.768;57.840
564;34;7;76.768;82.340
565;7;35;91.738;72.870
565;35;7;91.738;97.970
566;7;35;95.879;69.840
566;35;7;95.879;94.940
567;7;35;101.668;56.180
567;35;7;101.668;81.280
568;7;36;84.390;68.380
568;36;7;84.390;94.070
569;7;36;87.082;70.390
569;36;7;87.082;96.080
570;7;37;50.652;58.260
570;37;7;50.652;86.140
571;7;37;49.839;66.940
571;37;7;49.839;94.820
572;7;37;50.667;67.250
572;37;7;50.667;95.130
573;7;38;88.161;71.370
573;38;7;88.161;99.340
574;7;39;17.194;8.110
574;39;7;62.194;85.960
575;8;9;106.687;83.730
575;9;8;106.687;83.760
576;8;9;98.105;95.910
576;9;8;98.105;95.940
577;8;9;119.185;99.900
577;9;8;119.185;99.930
578;8;10;59.501;82.590
578;10;8;59.501;82.960
579;8;11;73.044;85.080
579;11;8;73.044;86.260
580;8;12;70.644;86.240
580;12;8;70.644;88.390
581;8;13;69.601;88.810
581;13;8;69.601;91.580
582;8;13;71.414;83.180
582;13;8;71.414;85.950
583;8;13;75.597;76.560
583;13;8;75.597;79.330
584;8;14;56.546;74.730
584;14;8;56.546;81.960
585;8;14;54.136;92.460
585;14;8;54.136;99.690
586;8;14;58.407;69.800
586;14;8;58.407;77.030
587;8;15;100.131;75.120
587;15;8;100.131;82.540
588;8;15;109.703;68.820
588;15;8;109.703;76.240
589;8;16;59.400;80.030
589;16;8;59.400;87.720
590;8;17;70.526;71.770
590;17;8;70.526;82.270
591;8;17;73.209;88.920
591;17;8;73.209;99.420
592;8;18;97.053;64.950
592;18;8;97.053;77.500
593;8;18;97.201;76.780
593;18;8;97.201;89.330
594;8;19;66.551;83.400
594;19;8;66.551;98.450
595;8;19;61.250;73.800
595;19;8;61.250;88.850
596;8;19;68.813;63.070
596;19;8;68.813;78.120
597;8;20;92.290;65.450
597;20;8;92.290;81.080
598;8;21;59.627;83.580
598;21;8;59.627;100.070
599;8;21;57.510;61.850
599;21;8;57.510;78.340
600;8;22;130.235;67.820
600;22;8;130.235;84.770
601;8;22;132.652;63.230
601;22;8;132.652;80.180
602;8;22;146.599;80.780
602;22;8;146.599;97.730
603;8;23;72.476;65.500
603;23;8;72.476;83.310
604;8;24;73.573;80.000
604;24;8;73.573;97.890
605;8;24;76.831;66.840
605;24;8;76.831;84.730
606;8;25;60.208;70.670
606;25;8;60.208;88.640
607;8;25;61.893;81.220
607;25;8;61.893;99.190
608;8;25;57.457;75.840
608;25;8;57.457;93.810
609;8;26;62.568;68.900
609;26;8;62.568;87.770
610;8;26;60.505;74.470
610;26;8;60.505;93.340
611;8;26;60.358;78.210
611;26;8;60.358;97.080
612;8;27;105.565;77.960
612;27;8;105.565;97.000
613;8;27;109.839;71.790
613;27;8;109.839;90.830
614;8;27;99.830;62.140
614;27;8;99.830;81.180
615;8;28;66.106;80.800
615;28;8;66.106;99.900
616;8;29;87.910;68.250
616;29;8;87.910;87.610
617;8;29;88.232;65.980
617;29;8;88.232;85.340
618;8;29;80.691;57.610
618;29;8;80.691;76.970
619;8;30;74.451;76.920
619;30;8;74.451;97.880
620;8;30;68.281;69.510
620;30;8;68.281;90.470
621;8;31;98.228;67.590
621;31;8;98.228;88.610
622;8;31;100.341;79.020
622;31;8;100.341;100.040
623;8;31;93.414;62.980
623;31;8;93.414;84.000
624;8;32;59.075;63.090
624;32;8;59.075;84.550
625;8;33;48.361;76.930
625;33;8;48.361;98.910
626;8;34;98.966;63.130
626;34;8;98.966;85.930
627;8;34;109.631;69.430
627;34;8;109.631;92.230
628;8;35;107.109;55.860
628;35;8;107.109;79.260
629;8;35;106.389;69.810
629;35;8;106.389;93.210
630;8;36;99.364;57.560
630;36;8;99.364;81.550
631;8;36;104.483;76.780
631;36;8;104.483;100.770
632;8;37;55.847;51.160
632;37;8;55.847;77.340
633;8;38;72.834;61.130
633;38;8;72.834;87.400
634;8;38;70.670;50.940
634;38;8;70.670;77.210
635;8;39;32.509;0.480
635;39;8;77.509;76.630
636;8;39;38.611;18.560
636;39;8;83.611;94.710
637;9;10;115.123;88.870
637;10;9;115.123;89.210
638;9;10;105.064;92.260
638;10;9;105.064;92.600
639;9;10;104.072;76.780
639;10;9;104.072;77.120
640;9;11;86.967;99.790
640;11;9;86.967;100.940
641;9;12;89.461;92.000
641;12;9;89.461;94.120
642;9;13;87.679;78.570
642;13;9;87.679;81.310
643;9;13;86.870;78.340
643;13;9;86.870;81.080
644;9;13;85.854;80.110
644;13;9;85.854;82.850
645;9;14;110.084;81.810
645;14;9;110.084;89.010
646;9;15;122.761;88.330
646;15;9;122.761;95.720
647;9;15;136.258;79.610
647;15;9;136.258;87.000
648;9;16;116.810;88.390
648;16;9;116.810;96.050
649;9;17;107.303;86.370
649;17;9;107.303;96.840
650;9;17;118.316;67.780
650;17;9;118.316;78.250
651;9;17;97.273;77.900
651;17;9;97.273;88.370
652;9;18;63.562;68.560
652;18;9;63.562;81.080
653;9;19;97.091;81.200
653;19;9;97.091;96.220
654;9;19;100.901;75.510
654;19;9;100.901;90.530
655;9;20;126.254;78.270
655;20;9;126.254;93.870
656;9;20;123.613;68.330
656;20;9;123.613;83.930
657;9;20;122.627;65.510
657;20;9;122.627;81.110
658;9;21;106.024;79.150
658;21;9;106.024;95.610
659;9;22;68.616;72.290
659;22;9;68.616;89.210
660;9;22;74.008;80.090
660;22;9;74.008;97.010
661;9;23;118.478;73.710
661;23;9;118.478;91.490
662;9;23;104.677;60.340
662;23;9;104.677;78.120
663;9;24;109.830;76.040
663;24;9;109.830;93.900
664;9;25;105.572;66.740
664;25;9;105.572;84.680
665;9;25;100.114;76.630
665;25;9;100.114;94.570
666;9;26;101.153;61.130
666;26;9;101.153;79.970
667;9;27;60.436;74.300
667;27;9;60.436;93.310
668;9;27;60.510;58.780
668;27;9;60.510;77.790
669;9;28;116.407;57.190
669;28;9;116.407;76.260
670;9;28;101.337;75.420
670;28;9;101.337;94.490
671;9;28;124.803;75.760
671;28;9;124.803;94.830
672;9;29;128.961;57.150
672;29;9;128.961;76.480
673;9;29;143.957;59.810
673;29;9;143.957;79.140
674;9;29;133.372;79.670
674;29;9;133.372;99.000
675;9;30;81.251;76.440
675;30;9;81.251;97.370
676;9;31;73.838;63.520
676;31;9;73.838;84.510
677;9;31;68.154;77.760
677;31;9;68.154;98.750
678;9;32;107.083;69.310
678;32;9;107.083;90.740
679;9;33;109.996;75.300
679;33;9;109.996;97.250
680;9;33;108.628;60.200
680;33;9;108.628;82.150
681;9;33;111.376;74.590
681;33;9;111.376;96.540
682;9;34;115.480;68.510
682;34;9;115.480;91.280
683;9;35;131.948;61.710
683;35;9;131.948;85.080
684;9;35;120.562;76.310
684;35;9;120.562;99.680
685;9;36;118.718;59.210
685;36;9;118.718;83.170
686;9;37;110.297;65.150
686;37;9;110.297;91.300
687;9;37;114.887;65.950
687;37;9;114.887;92.100
688;9;37;99.910;72.710
688;37;9;99.910;98.860
689;9;38;110.379;52.770
689;38;9;110.379;79.010
690;9;39;71.350;2.630
690;39;9;116.350;78.750
691;9;39;81.876;11.290
691;39;9;126.876;87.410
692;10;11;86.666;90.900
692;11;10;86.666;91.710
693;10;12;84.493;88.170
693;12;10;84.493;89.950
694;10;12;80.878;91.260
694;12;10;80.878;93.040
695;10;13;82.998;78.010
695;13;10;82.998;80.410
696;10;13;90.082;93.010
696;13;10;90.082;95.410
697;10;13;89.376;84.070
697;13;10;89.376;86.470
698;10;14;69.314;77.270
698;14;10;69.314;84.130
699;10;14;65.655;81.650
699;14;10;65.655;88.510
700;10;14;71.615;89.640
700;14;10;71.615;96.500
701;10;15;113.670;71.100
701;15;10;113.670;78.150
702;10;15;120.693;88.780
702;15;10;120.693;95.830
703;10;16;68.621;72.770
703;16;10;68.621;80.090
704;10;17;84.479;72.940
704;17;10;84.479;83.070
705;10;18;108.342;87.490
705;18;10;108.342;99.670
706;10;18;93.877;65.920
706;18;10;93.877;78.100
707;10;18;122.917;80.740
707;18;10;122.917;92.920
708;10;19;81.011;72.520
708;19;10;81.011;87.200
709;10;19;76.147;66.620
709;19;10;76.147;81.300
710;10;20;79.657;82.320
710;20;10;79.657;97.580
711;10;20;71.866;64.230
711;20;10;71.866;79.490
712;10;21;73.647;77.760
712;21;10;73.647;93.880
713;10;21;74.302;60.010
713;21;10;74.302;76.130
714;10;22;138.102;81.180
714;22;10;138.102;97.760
715;10;22;148.429;63.650
715;22;10;148.429;80.230
716;10;22;157.079;70.280
716;22;10;157.079;86.860
717;10;23;84.149;63.860
717;23;10;84.149;81.300
718;10;24;87.272;71.640
718;24;10;87.272;89.160
719;10;24;78.420;78.760
719;24;10;78.420;96.280
720;10;24;89.432;81.920
720;24;10;89.432;99.440
721;10;25;74.303;72.160
721;25;10;74.303;89.760
722;10;26;77.050;63.450
722;26;10;77.050;81.950
723;10;26;80.187;68.800
723;26;10;80.187;87.300
724;10;26;72.387;60.120
724;26;10;72.387;78.620
725;10;27;111.005;64.640
725;27;10;111.005;83.310
726;10;27;119.223;79.650
726;27;10;119.223;98.320
727;10;28;52.444;69.250
727;28;10;52.444;87.980
728;10;29;74.136;56.810
728;29;10;74.136;75.800
729;10;30;86.918;58.840
729;30;10;86.918;79.430
730;10;30;94.763;74.620
730;30;10;94.763;95.210
731;10;31;110.986;73.510
731;31;10;110.986;94.160
732;10;32;72.879;73.350
732;32;10;72.879;94.440
733;10;32;75.331;79.530
733;32;10;75.331;100.620
734;10;33;58.725;72.320
734;33;10;58.725;93.930
735;10;33;60.048;62.980
735;33;10;60.048;84.590
736;10;34;113.074;67.480
736;34;10;113.074;89.910
737;10;35;120.070;64.980
737;35;10;120.070;88.010
738;10;36;113.247;60.140
738;36;10;113.247;83.760
739;10;37;68.458;74.010
739;37;10;68.458;99.820
740;10;37;71.505;70.870
740;37;10;71.505;96.680
741;10;37;65.164;55.560
741;37;10;65.164;81.370
742;10;38;63.077;66.660
742;38;10;63.077;92.560
743;10;38;58.689;71.870
743;38;10;58.689;97.770
744;10;39;45.309;23.120
744;39;10;90.309;98.900
745;10;39;48.909;16.160
745;39;10;93.909;91.940
746;10;39;53.156;0.580
746;39;10;98.156;76.360
747;11;12;47.805;86.280
747;12;11;47.805;87.250
748;11;12;48.177;96.270
748;12;11;48.177;97.240
749;11;12;47.214;95.440
749;12;11;47.214;96.410
750;11;13;48.827;81.640
750;13;11;48.827;83.230
751;11;14;70.811;70.390
751;14;11;70.811;76.440
752;11;14;70.151;90.070
752;14;11;70.151;96.120
753;11;14;64.707;89.660
753;14;11;64.707;95.710
754;11;15;86.989;92.360
754;15;11;86.989;98.600
755;11;16;77.620;78.140
755;16;11;77.620;84.650
756;11;16;81.377;80.350
756;16;11;81.377;86.860
757;11;17;65.363;75.920
757;17;11;65.363;85.240
758;11;17;69.326;80.250
758;17;11;69.326;89.570
759;11;17;66.253;66.680
759;17;11;66.253;76.000
760;11;18;72.123;74.760
760;18;11;72.123;86.130
761;11;18;77.592;86.020
761;18;11;77.592;97.390
762;11;18;77.480;85.200
762;18;11;77.480;96.570
763;11;19;55.416;81.280
763;19;11;55.416;95.150
764;11;19;55.913;66.730
764;19;11;55.913;80.600
765;11;19;56.754;86.070
765;19;11;56.754;99.940
766;11;20;113.917;78.060
766;20;11;113.917;92.510
767;11;20;124.724;73.160
767;20;11;124.724;87.610
768;11;20;107.120;60.740
768;20;11;107.120;75.190
769;11;21;65.620;63.200
769;21;11;65.620;78.510
770;11;22;109.881;78.570
770;22;11;109.881;94.340
771;11;23;76.539;60.620
771;23;11;76.539;77.250
772;11;24;68.066;62.430
772;24;11;68.066;79.140
773;11;24;63.445;79.640
773;24;11;63.445;96.350
774;11;25;65.000;80.880
774;25;11;65.000;97.670
775;11;25;62.775;77.920
775;25;11;62.775;94.710
776;11;25;65.970;60.390
776;25;11;65.970;77.180
777;11;26;60.161;67.370
777;26;11;60.161;85.060
778;11;27;92.454;81.500
778;27;11;92.454;99.360
779;11;27;90.800;57.960
779;27;11;90.800;75.820
780;11;27;100.851;61.480
780;27;11;100.851;79.340
781;11;28;91.809;78.690
781;28;11;91.809;96.610
782;11;29;111.963;70.210
782;29;11;111.963;88.390
783;11;29;128.661;79.570
783;29;11;128.661;97.750
784;11;30;51.496;55.750
784;30;11;51.496;75.530
785;11;31;70.655;63.870
785;31;11;70.655;83.710
786;11;31;75.676;71.390
786;31;11;75.676;91.230
787;11;32;66.837;77.790
787;32;11;66.837;98.070
788;11;32;65.066;68.690
788;32;11;65.066;88.970
789;11;33;75.495;73.970
789;33;11;75.495;94.770
790;11;33;78.202;55.830
790;33;11;78.202;76.630
791;11;34;81.992;56.030
791;34;11;81.992;77.650
792;11;34;88.354;58.470
792;34;11;88.354;80.090
793;11;34;82.871;69.810
793;34;11;82.871;91.430
794;11;35;96.015;60.700
794;35;11;96.015;82.920
795;11;35;94.546;74.860
795;35;11;94.546;97.080
796;11;36;84.112;68.750
796;36;11;84.112;91.560
797;11;36;79.078;66.310
797;36;11;79.078;89.120
798;11;37;71.316;58.680
798;37;11;71.316;83.680
799;11;37;69.598;54.000
799;37;11;69.598;79.000
800;11;37;75.078;74.250
800;37;11;75.078;99.250
801;11;38;93.392;67.860
801;38;11;93.392;92.950
802;11;38;103.090;57.400
802;38;11;103.090;82.490
803;11;38;105.417;71.500
803;38;11;105.417;96.590
804;11;39;29.690;22.290
804;39;11;74.690;97.260
805;11;39;26.319;3.160
805;39;11;71.319;78.130
806;12;13;48.134;80.650
806;13;12;48.134;81.270
807;12;14;68.020;77.210
807;14;12;68.020;82.290
808;12;14;65.786;75.060
808;14;12;65.786;80.140
809;12;15;86.226;82.900
809;15;12;86.226;88.170
810;12;15;82.219;79.470
810;15;12;82.219;84.740
811;12;16;74.821;86.570
811;16;12;74.821;92.110
812;12;16;78.866;74.260
812;16;12;78.866;79.800
813;12;17;63.034;79.630
813;17;12;63.034;87.980
814;12;17;62.730;72.260
814;17;12;62.730;80.610
815;12;18;74.895;77.640
815;18;12;74.895;88.040
816;12;18;82.302;84.150
816;18;12;82.302;94.550
817;12;19;52.708;67.290
817;19;12;52.708;80.190
818;12;20;112.603;83.390
818;20;12;112.603;96.870
819;12;20;116.053;66.790
819;20;12;116.053;80.270
820;12;21;62.815;62.830
820;21;12;62.815;77.170
821;12;21;60.137;69.710
821;21;12;60.137;84.050
822;12;21;66.428;60.220
822;21;12;66.428;74.560
823;12;22;112.493;59.940
823;22;12;112.493;74.740
824;12;23;74.019;71.900
824;23;12;74.019;87.560
825;12;23;78.844;80.160
825;23;12;78.844;95.820
826;12;24;65.912;80.120
826;24;12;65.912;95.860
827;12;25;62.198;70.220
827;25;12;62.198;86.040
828;12;26;57.365;77.640
828;26;12;57.365;94.360
829;12;26;55.296;58.420
829;26;12;55.296;75.140
830;12;27;94.420;61.890
830;27;12;94.420;78.780
831;12;27;83.525;77.990
831;27;12;83.525;94.880
832;12;27;103.125;77.280
832;27;12;103.125;94.170
833;12;28;89.869;76.700
833;28;12;89.869;93.650
834;12;28;81.069;65.990
834;28;12;81.069;82.940
835;12;29;110.343;81.120
835;29;12;110.343;98.330
836;12;29;98.249;61.930
836;29;12;98.249;79.140
837;12;29;97.399;80.290
837;29;12;97.399;97.500
838;12;30;53.447;59.380
838;30;12;53.447;78.190
839;12;30;52.542;65.160
839;30;12;52.542;83.970
840;12;31;73.380;76.410
840;31;12;73.380;95.280
841;12;31;72.680;56.770
841;31;12;72.680;75.640
842;12;31;66.418;68.030
842;31;12;66.418;86.900
843;12;32;64.032;72.700
843;32;12;64.032;92.010
844;12;33;72.982;63.980
844;33;12;72.982;83.810
845;12;33;78.733;63.100
845;33;12;78.733;82.930
846;12;33;66.055;54.580
846;33;12;66.055;74.410
847;12;34;81.695;62.580
847;34;12;81.695;83.230
848;12;34;84.661;56.480
848;34;12;84.661;77.130
849;12;34;75.289;63.880
849;34;12;75.289;84.530
850;12;35;95.115;71.620
850;35;12;95.115;92.870
851;12;35;107.373;76.550
851;35;12;107.373;97.800
852;12;36;83.592;61.280
852;36;12;83.592;83.120
853;12;37;68.534;54.480
853;37;12;68.534;78.510
854;12;38;92.031;70.850
854;38;12;92.031;94.970
855;12;38;91.973;68.260
855;38;12;91.973;92.380
856;12;39;27.562;10.340
856;39;12;72.562;84.340
857;12;39;25.360;11.500
857;39;12;70.360;85.500
858;12;39;31.959;23.210
858;39;12;76.959;97.210
859;13;14;68.447;86.930
859;14;13;68.447;91.390
860;13;15;89.354;81.940
860;15;13;89.354;86.590
861;13;15;88.192;90.490
861;15;13;88.192;95.140
862;13;15;91.165;85.890
862;15;13;91.165;90.540
863;13;16;75.314;71.140
863;16;13;75.314;76.060
864;13;17;65.413;90.390
864;17;13;65.413;98.120
865;13;17;65.433;70.720
865;17;13;65.433;78.450
866;13;18;74.071;71.460
866;18;13;74.071;81.240
867;13;18;70.806;65.710
867;18;13;70.806;75.490
868;13;19;54.569;68.500
868;19;13;54.569;80.780
869;13;20;110.123;72.650
869;20;13;110.123;85.510
870;13;20;102.147;69.630
870;20;13;102.147;82.490
871;13;21;63.660;74.740
871;21;13;63.660;88.460
872;13;22;110.940;79.400
872;22;13;110.940;93.580
873;13;22;99.794;71.930
873;22;13;99.794;86.110
874;13;23;76.014;73.100
874;23;13;76.014;88.140
875;13;24;68.466;62.410
875;24;13;68.466;77.530
876;13;24;67.457;77.370
876;24;13;67.457;92.490
877;13;24;73.344;61.830
877;24;13;73.344;76.950
878;13;25;63.125;60.790
878;25;13;63.125;75.990
879;13;26;58.515;71.620
879;26;13;58.515;87.720
880;13;27;91.911;79.530
880;27;13;91.911;95.800
881;13;27;100.098;75.100
881;27;13;100.098;91.370
882;13;27;101.111;58.020
882;27;13;101.111;74.290
883;13;28;88.031;67.770
883;28;13;88.031;84.100
884;13;28;78.354;58.910
884;28;13;78.354;75.240
885;13;29;108.137;76.000
885;29;13;108.137;92.590
886;13;30;51.439;72.000
886;30;13;51.439;90.190
887;13;31;73.717;75.120
887;31;13;73.717;93.370
888;13;32;64.813;67.230
888;32;13;64.813;85.920
889;13;33;72.199;55.460
889;33;13;72.199;74.670
890;13;33;78.863;66.710
890;33;13;78.863;85.920
891;13;34;84.813;62.200
891;34;13;84.813;82.230
892;13;35;98.226;59.860
892;35;13;98.226;80.490
893;13;36;86.726;57.510
893;36;13;86.726;78.730
894;13;36;95.431;52.440
894;36;13;95.431;73.660
895;13;37;68.863;66.300
895;37;13;68.863;89.710
896;13;37;68.054;56.820
896;37;13;68.054;80.230
897;13;37;73.371;68.730
897;37;13;73.371;92.140
898;13;38;89.586;59.200
898;38;13;89.586;82.700
899;13;39;30.107;6.900
899;39;13;75.107;80.280
900;13;39;25.058;16.280
900;39;13;70.058;89.660
901;14;15;89.356;73.220
901;15;14;89.356;73.410
902;14;15;82.491;85.900
902;15;14;82.491;86.090
903;14;16;51.869;68.810
903;16;14;51.869;69.270
904;14;16;52.088;85.220
904;16;14;52.088;85.680
905;14;17;60.512;74.800
905;17;14;60.512;78.070
906;14;18;97.517;70.920
906;18;14;97.517;76.240
907;14;19;61.247;66.220
907;19;14;61.247;74.040
908;14;20;103.401;84.720
908;20;14;103.401;93.120
909;14;20;107.902;62.390
909;20;14;107.902;70.790
910;14;20;106.284;82.760
910;20;14;106.284;91.160
911;14;21;50.739;72.660
911;21;14;50.739;81.920
912;14;21;51.778;81.190
912;21;14;51.778;90.450
913;14;21;50.075;61.910
913;21;14;50.075;71.170
914;14;22;133.638;61.160
914;22;14;133.638;70.880
915;14;23;60.946;77.690
915;23;14;60.946;88.270
916;14;23;63.919;69.450
916;23;14;63.919;80.030
917;14;23;58.433;73.310
917;23;14;58.433;83.890
918;14;24;63.039;81.300
918;24;14;63.039;91.960
919;14;24;61.541;70.260
919;24;14;61.541;80.920
920;14;24;58.969;83.030
920;24;14;58.969;93.690
921;14;25;51.494;61.390
921;25;14;51.494;72.130
922;14;26;56.129;63.440
922;26;14;56.129;75.080
923;14;26;54.997;70.750
923;26;14;54.997;82.390
924;14;26;57.942;81.210
924;26;14;57.942;92.850
925;14;27;111.528;68.610
925;27;14;111.528;80.420
926;14;28;76.563;73.050
926;28;14;76.563;84.920
927;14;28;71.801;70.140
927;28;14;71.801;82.010
928;14;28;79.695;68.090
928;28;14;79.695;79.960
929;14;29;98.424;76.030
929;29;14;98.424;88.160
930;14;30;74.633;70.790
930;30;14;74.633;84.520
931;14;31;96.304;72.250
931;31;14;96.304;86.040
932;14;31;85.376;59.390
932;31;14;85.376;73.180
933;14;31;95.250;64.020
933;31;14;95.250;77.810
934;14;32;49.534;67.650
934;32;14;49.534;81.880
935;14;33;55.724;77.940
935;33;14;55.724;92.690
936;14;33;53.563;68.450
936;33;14;53.563;83.200
937;14;33;57.337;55.500
937;33;14;57.337;70.250
938;14;34;89.025;58.110
938;34;14;89.025;73.680
939;14;34;87.975;69.840
939;34;14;87.975;85.410
940;14;35;95.916;54.100
940;35;14;95.916;70.270
941;14;35;108.474;62.430
941;35;14;108.474;78.600
942;14;36;89.013;65.370
942;36;14;89.013;82.130
943;14;36;95.566;64.740
943;36;14;95.566;81.500
944;14;36;80.048;73.070
944;36;14;80.048;89.830
945;14;37;45.875;62.970
945;37;14;45.875;81.920
946;14;37;45.767;71.160
946;37;14;45.767;90.110
947;14;38;84.319;59.760
947;38;14;84.319;78.800
948;14;39;21.172;16.570
948;39;14;66.172;85.490
949;15;16;91.481;89.160
949;16;15;91.481;89.430
950;15;17;74.708;70.300
950;17;15;74.708;73.380
951;15;17;75.561;86.000
951;17;15;75.561;89.080
952;15;17;68.786;85.500
952;17;15;68.786;88.580
953;15;18;104.345;80.100
953;18;15;104.345;85.230
954;15;18;110.500;63.760
954;18;15;110.500;68.890
955;15;19;82.779;81.720
955;19;15;82.779;89.350
956;15;19;75.509;65.740
956;19;15;75.509;73.370
957;15;19;86.091;73.250
957;19;15;86.091;80.880
958;15;20;147.414;71.000
958;20;15;147.414;79.210
959;15;21;85.525;66.770
959;21;15;85.525;75.840
960;15;22;142.123;70.680
960;22;15;142.123;80.210
961;15;22;151.442;83.490
961;22;15;151.442;93.020
962;15;22;136.301;68.780
962;22;15;136.301;78.310
963;15;23;76.099;68.150
963;23;15;76.099;78.540
964;15;23;83.484;72.370
964;23;15;83.484;82.760
965;15;23;83.403;67.680
965;23;15;83.403;78.070
966;15;24;71.558;79.530
966;24;15;71.558;90.000
967;15;24;70.534;72.630
967;24;15;70.534;83.100
968;15;24;71.506;81.360
968;24;15;71.506;91.830
969;15;25;84.989;65.550
969;25;15;84.989;76.100
970;15;26;84.024;59.240
970;26;15;84.024;70.690
971;15;26;85.150;63.970
971;26;15;85.150;75.420
972;15;26;90.723;75.750
972;26;15;90.723;87.200
973;15;27;132.213;67.440
973;27;15;132.213;79.060
974;15;28;120.887;63.420
974;28;15;120.887;75.100
975;15;29;142.767;62.980
975;29;15;142.767;74.920
976;15;30;93.206;63.040
976;30;15;93.206;76.580
977;15;30;97.911;65.750
977;30;15;97.911;79.290
978;15;30;95.019;62.300
978;30;15;95.019;75.840
979;15;31;95.417;60.680
979;31;15;95.417;74.280
980;15;31;90.475;56.450
980;31;15;90.475;70.050
981;15;31;103.034;68.390
981;31;15;103.034;81.990
982;15;32;86.065;71.720
982;32;15;86.065;85.760
983;15;32;85.675;64.640
983;32;15;85.675;78.680
984;15;32;87.432;67.570
984;32;15;87.432;81.610
985;15;33;100.020;68.390
985;33;15;100.020;82.950
986;15;34;53.171;72.820
986;34;15;53.171;88.200
987;15;35;54.263;64.990
987;35;15;54.263;80.970
988;15;36;49.525;58.870
988;36;15;49.525;75.440
989;15;37;90.212;73.380
989;37;15;90.212;92.140
990;15;38;127.570;69.950
990;38;15;127.570;88.800
991;15;38;144.905;68.800
991;38;15;144.905;87.650
992;15;38;128.711;72.810
992;38;15;128.711;91.660
993;15;39;23.796;22.940
993;39;15;68.796;91.670
994;15;39;26.948;2.920
994;39;15;71.948;71.650
995;16;17;64.811;85.270
995;17;16;64.811;88.080
996;16;17;63.372;87.790
996;17;16;63.372;90.600
997;16;17;60.367;83.740
997;17;16;60.367;86.550
998;16;18;104.384;74.160
998;18;16;104.384;79.020
999;16;19;67.821;78.770
999;19;16;67.821;86.130
1000;16;20;103.279;62.360
1000;20;16;103.279;70.300
1001;16;21;57.156;70.510
1001;21;16;57.156;79.310
1002;16;22;140.389;60.380
1002;22;16;140.389;69.640
1003;16;22;123.583;78.030
1003;22;16;123.583;87.290
1004;16;23;60.801;70.290
1004;23;16;60.801;80.410
1005;16;23;59.789;64.160
1005;23;16;59.789;74.280
1006;16;24;66.487;60.430
1006;24;16;66.487;70.630
1007;16;24;71.373;75.170
1007;24;16;71.373;85.370
1008;16;24;70.268;76.870
1008;24;16;70.268;87.070
1009;16;25;57.858;76.620
1009;25;16;57.858;86.900
1010;16;26;62.705;80.340
1010;26;16;62.705;91.520
1011;16;27;117.778;80.340
1011;27;16;117.778;91.690
1012;16;27;118.192;64.190
1012;27;16;118.192;75.540
1013;16;27;110.433;70.730
1013;27;16;110.433;82.080
1014;16;28;76.063;73.420
1014;28;16;76.063;84.830
1015;16;28;74.090;81.130
1015;28;16;74.090;92.540
1016;16;28;76.682;71.400
1016;28;16;76.682;82.810
1017;16;29;97.433;65.220
1017;29;16;97.433;76.890
1018;16;30;81.496;68.210
1018;30;16;81.496;81.480
1019;16;31;103.016;56.430
1019;31;16;103.016;69.760
1020;16;32;55.905;77.240
1020;32;16;55.905;91.010
1021;16;33;57.000;69.430
1021;33;16;57.000;83.720
1022;16;33;59.789;57.360
1022;33;16;59.789;71.650
1023;16;34;92.282;66.460
1023;34;16;92.282;81.570
1024;16;34;81.793;59.820
1024;34;16;81.793;74.930
1025;16;34;94.753;74.050
1025;34;16;94.753;89.160
1026;16;35;97.078;60.330
1026;35;16;97.078;76.040
1027;16;35;86.501;56.250
1027;35;16;86.501;71.960
1028;16;35;97.914;69.920
1028;35;16;97.914;85.630
1029;16;36;91.777;69.220
1029;36;16;91.777;85.520
1030;16;37;51.533;71.540
1030;37;16;51.533;90.030
1031;16;38;85.482;67.890
1031;38;16;85.482;86.470
1032;16;39;22.688;23.910
1032;39;16;67.688;92.370
1033;16;39;18.051;18.270
1033;39;16;63.051;86.730
1034;16;39;17.628;23.000
1034;39;16;62.628;91.460
1035;17;18;91.588;65.560
1035;18;17;91.588;67.610
1036;17;19;56.015;65.960
1036;19;17;56.015;70.510
1037;17;19;57.133;74.890
1037;19;17;57.133;79.440
1038;17;20;117.753;67.620
1038;20;17;117.753;72.750
1039;17;20;125.381;69.700
1039;20;17;125.381;74.830
1040;17;20;108.794;81.340
1040;20;17;108.794;86.470
1041;17;21;55.906;76.430
1041;21;17;55.906;82.420
1042;17;21;54.641;77.550
1042;21;17;54.641;83.540
1043;17;22;130.017;72.040
1043;22;17;130.017;78.490
1044;17;22;127.878;61.800
1044;22;17;127.878;68.250
1045;17;22;143.471;80.970
1045;22;17;143.471;87.420
1046;17;23;56.562;63.270
1046;23;17;56.562;70.580
1047;17;23;56.851;61.770
1047;23;17;56.851;69.080
1048;17;24;48.511;70.580
1048;24;17;48.511;77.970
1049;17;24;48.119;67.700
1049;24;17;48.119;75.090
1050;17;25;55.322;81.360
1050;25;17;55.322;88.830
1051;17;25;54.895;82.660
1051;25;17;54.895;90.130
1052;17;25;54.193;62.650
1052;25;17;54.193;70.120
1053;17;26;54.857;72.780
1053;26;17;54.857;81.150
1054;17;26;56.410;70.020
1054;26;17;56.410;78.390
1055;17;27;112.324;68.980
1055;27;17;112.324;77.520
1056;17;28;91.506;78.120
1056;28;17;91.506;86.720
1057;17;28;99.320;57.960
1057;28;17;99.320;66.560
1058;17;29;113.379;70.800
1058;29;17;113.379;79.660
1059;17;30;71.476;77.780
1059;30;17;71.476;88.240
1060;17;31;87.406;59.950
1060;31;17;87.406;70.470
1061;17;31;76.853;79.250
1061;31;17;76.853;89.770
1062;17;32;56.600;67.910
1062;32;17;56.600;78.870
1063;17;33;70.756;64.640
1063;33;17;70.756;76.120
1064;17;33;68.974;57.910
1064;33;17;68.974;69.390
1065;17;33;65.097;55.820
1065;33;17;65.097;67.300
1066;17;34;73.603;75.580
1066;34;17;73.603;87.880
1067;17;34;67.550;60.920
1067;34;17;67.550;73.220
1068;17;35;82.204;54.610
1068;35;17;82.204;67.510
1069;17;36;73.843;61.250
1069;36;17;73.843;74.740
1070;17;36;69.336;52.510
1070;36;17;69.336;66.000
1071;17;37;61.386;64.100
1071;37;17;61.386;79.780
1072;17;38;97.865;63.520
1072;38;17;97.865;79.290
1073;17;38;88.255;74.480
1073;38;17;88.255;90.250
1074;17;38;95.510;66.200
1074;38;17;95.510;81.970
1075;17;39;9.829;20.610
1075;39;17;54.829;86.260
1076;17;39;7.700;23.900
1076;39;17;52.700;89.550
1077;18;19;82.522;67.230
1077;19;18;82.522;69.730
1078;18;20;127.212;67.040
1078;20;18;127.212;70.120
1079;18;21;92.619;81.240
1079;21;18;92.619;85.180
1080;18;21;89.739;67.190
1080;21;18;89.739;71.130
1081;18;21;82.728;66.480
1081;21;18;82.728;70.420
1082;18;22;83.888;67.680
1082;22;18;83.888;72.080
1083;18;22;76.950;79.710
1083;22;18;76.950;84.110
1084;18;22;74.293;64.840
1084;22;18;74.293;69.240
1085;18;23;103.104;76.920
1085;23;18;103.104;82.180
1086;18;23;111.858;80.960
1086;23;18;111.858;86.220
1087;18;23;103.637;65.700
1087;23;18;103.637;70.960
1088;18;24;93.658;73.860
1088;24;18;93.658;79.200
1089;18;25;92.035;79.010
1089;25;18;92.035;84.430
1090;18;25;99.434;58.580
1090;25;18;99.434;64.000
1091;18;25;101.214;68.880
1091;25;18;101.214;74.300
1092;18;26;87.246;64.310
1092;26;18;87.246;70.630
1093;18;26;86.145;67.280
1093;26;18;86.145;73.600
1094;18;27;75.799;70.140
1094;27;18;75.799;76.630
1095;18;27;83.283;81.770
1095;27;18;83.283;88.260
1096;18;28;111.473;57.480
1096;28;18;111.473;64.030
1097;18;29;127.960;71.340
1097;29;18;127.960;78.150
1098;18;29;144.117;71.920
1098;29;18;144.117;78.730
1099;18;30;68.013;65.820
1099;30;18;68.013;74.230
1100;18;30;70.469;57.950
1100;30;18;70.469;66.360
1101;18;30;68.497;64.730
1101;30;18;68.497;73.140
1102;18;31;55.835;55.830
1102;31;18;55.835;64.300
1103;18;31;54.998;61.430
1103;31;18;54.998;69.900
1104;18;31;54.949;71.120
1104;31;18;54.949;79.590
1105;18;32;93.806;55.890
1105;32;18;93.806;64.800
1106;18;32;99.915;64.130
1106;32;18;99.915;73.040
1107;18;32;92.555;66.700
1107;32;18;92.555;75.610
1108;18;33;100.082;78.080
1108;33;18;100.082;87.510
1109;18;33;109.711;68.780
1109;33;18;109.711;78.210
1110;18;34;96.963;55.000
1110;34;18;96.963;65.250
1111;18;34;108.169;77.810
1111;34;18;108.169;88.060
1112;18;35;113.492;66.470
1112;35;18;113.492;77.320
1113;18;35;129.340;70.760
1113;35;18;129.340;81.610
1114;18;36;100.241;62.980
1114;36;18;100.241;74.420
1115;18;36;91.861;63.470
1115;36;18;91.861;74.910
1116;18;36;108.701;71.280
1116;36;18;108.701;82.720
1117;18;37;97.921;56.010
1117;37;18;97.921;69.640
1118;18;38;108.534;54.590
1118;38;18;108.534;68.310
1119;18;38;92.896;67.630
1119;38;18;92.896;81.350
1120;18;39;54.909;16.960
1120;39;18;99.909;80.560
1121;19;20;111.786;80.180
1121;20;19;111.786;80.760
1122;19;21;55.664;71.890
1122;21;19;55.664;73.330
1123;19;21;54.465;77.350
1123;21;19;54.465;78.790
1124;19;22;120.189;79.320
1124;22;19;120.189;81.220
1125;19;23;66.460;75.660
1125;23;19;66.460;78.420
1126;19;23;64.627;60.450
1126;23;19;64.627;63.210
1127;19;24;59.274;75.890
1127;24;19;59.274;78.730
1128;19;25;54.969;65.540
1128;25;19;54.969;68.460
1129;19;26;50.126;59.540
1129;26;19;50.126;63.360
1130;19;27;101.410;75.710
1130;27;19;101.410;79.700
1131;19;27;90.364;73.280
1131;27;19;90.364;77.270
1132;19;28;87.199;80.030
1132;28;19;87.199;84.080
1133;19;28;87.948;79.760
1133;28;19;87.948;83.810
1134;19;28;79.438;59.700
1134;28;19;79.438;63.750
1135;19;29;108.550;59.150
1135;29;19;108.550;63.460
1136;19;29;92.883;71.950
1136;29;19;92.883;76.260
1137;19;29;117.045;59.200
1137;29;19;117.045;63.510
1138;19;30;60.883;74.720
1138;30;19;60.883;80.630
1139;19;30;58.848;67.140
1139;30;19;58.848;73.050
1140;19;31;80.236;67.130
1140;31;19;80.236;73.100
1141;19;32;56.916;58.440
1141;32;19;56.916;64.850
1142;19;32;59.786;55.080
1142;32;19;59.786;61.490
1143;19;32;54.844;79.130
1143;32;19;54.844;85.540
1144;19;33;68.195;70.380
1144;33;19;68.195;77.310
1145;19;33;63.058;68.900
1145;33;19;63.058;75.830
1146;19;34;79.629;59.920
1146;34;19;79.629;67.670
1147;19;34;83.837;64.160
1147;34;19;83.837;71.910
1148;19;34;79.073;57.580
1148;34;19;79.073;65.330
1149;19;35;91.158;66.430
1149;35;19;91.158;74.780
1150;19;35;83.975;54.360
1150;35;19;83.975;62.710
1151;19;35;81.218;70.250
1151;35;19;81.218;78.600
1152;19;36;80.865;63.450
1152;36;19;80.865;72.390
1153;19;36;73.947;72.630
1153;36;19;73.947;81.570
1154;19;36;73.405;68.990
1154;36;19;73.405;77.930
1155;19;37;61.888;54.550
1155;37;19;61.888;65.680
1156;19;37;59.534;65.500
1156;37;19;59.534;76.630
1157;19;38;91.320;53.550
1157;38;19;91.320;64.770
1158;19;38;93.451;52.420
1158;38;19;93.451;63.640
1159;19;38;92.464;54.020
1159;38;19;92.464;65.240
1160;19;39;20.827;0.400
1160;39;19;65.827;61.500
1161;19;39;24.259;16.630
1161;39;19;69.259;77.730
1162;19;39;24.177;24.790
1162;39;19;69.177;85.890
1163;20;21;106.891;74.150
1163;21;20;106.891;75.010
1164;20;21;98.733;80.620
1164;21;20;98.733;81.480
1165;20;22;145.386;78.620
1165;22;20;145.386;79.940
1166;20;22;121.392;69.740
1166;22;20;121.392;71.060
1167;20;23;118.727;64.030
1167;23;20;118.727;66.210
1168;20;24;120.858;79.140
1168;24;20;120.858;81.400
1169;20;25;107.439;77.950
1169;25;20;107.439;80.290
1170;20;26;109.018;68.420
1170;26;20;109.018;71.660
1171;20;26;108.470;58.380
1171;26;20;108.470;61.620
1172;20;26;115.088;76.290
1172;26;20;115.088;79.530
1173;20;27;115.801;63.990
1173;27;20;115.801;67.400
1174;20;27;103.344;70.080
1174;27;20;103.344;73.490
1175;20;27;99.124;57.110
1175;27;20;99.124;60.520
1176;20;28;72.216;81.000
1176;28;20;72.216;84.470
1177;20;28;75.745;61.600
1177;28;20;75.745;65.070
1178;20;28;77.088;77.310
1178;28;20;77.088;80.780
1179;20;29;53.891;64.670
1179;29;20;53.891;68.400
1180;20;30;111.402;63.750
1180;30;20;111.402;69.080
1181;20;31;133.529;79.830
1181;31;20;133.529;85.220
1182;20;31;115.997;67.690
1182;31;20;115.997;73.080
1183;20;32;106.364;59.410
1183;32;20;106.364;65.240
1184;20;32;102.997;71.470
1184;32;20;102.997;77.300
1185;20;33;92.692;77.340
1185;33;20;92.692;83.690
1186;20;33;81.496;66.900
1186;33;20;81.496;73.250
1187;20;33;93.247;59.450
1187;33;20;93.247;65.800
1188;20;34;145.892;74.420
1188;34;20;145.892;81.590
1189;20;34;141.541;67.760
1189;34;20;141.541;74.930
1190;20;34;121.382;77.380
1190;34;20;121.382;84.550
1191;20;35;154.307;64.450
1191;35;20;154.307;72.220
1192;20;35;180.520;72.080
1192;35;20;180.520;79.850
1193;20;35;157.378;63.880
1193;35;20;157.378;71.650
1194;20;36;146.520;75.830
1194;36;20;146.520;84.190
1195;20;37;102.588;69.210
1195;37;20;102.588;79.760
1196;20;37;99.963;54.610
1196;37;20;99.963;65.160
1197;20;37;115.967;64.000
1197;37;20;115.967;74.550
1198;20;38;65.582;60.780
1198;38;20;65.582;71.420
1199;20;38;67.766;64.240
1199;38;20;67.766;74.880
1200;20;39;79.572;3.220
1200;39;20;124.572;63.740
1201;20;39;99.316;23.360
1201;39;20;144.316;83.880
1202;20;39;96.531;0.540
1202;39;20;141.531;61.060
1203;21;22;129.450;66.680
1203;22;21;129.450;67.140
1204;21;22;129.833;69.320
1204;22;21;129.833;69.780
1205;21;22;130.402;64.940
1205;22;21;130.402;65.400
1206;21;23;60.269;74.120
1206;23;21;60.269;75.440
1207;21;23;59.302;59.590
1207;23;21;59.302;60.910
1208;21;24;58.977;82.560
1208;24;21;58.977;83.960
1209;21;24;56.463;59.630
1209;24;21;56.463;61.030
1210;21;25;45.760;68.280
1210;25;21;45.760;69.760
1211;21;25;45.889;70.040
1211;25;21;45.889;71.520
1212;21;26;50.552;78.930
1212;26;21;50.552;81.310
1213;21;26;51.479;68.180
1213;26;21;51.479;70.560
1214;21;26;51.448;75.350
1214;26;21;51.448;77.730
1215;21;27;108.546;81.010
1215;27;21;108.546;83.560
1216;21;27;99.000;63.710
1216;27;21;99.000;66.260
1217;21;28;80.612;80.100
1217;28;21;80.612;82.710
1218;21;28;88.989;57.470
1218;28;21;88.989;60.080
1219;21;28;82.459;74.050
1219;28;21;82.459;76.660
1220;21;29;102.478;81.780
1220;29;21;102.478;84.650
1221;21;29;108.971;74.440
1221;29;21;108.971;77.310
1222;21;30;70.033;61.710
1222;30;21;70.033;66.180
1223;21;30;70.149;56.070
1223;30;21;70.149;60.540
1224;21;30;70.838;65.640
1224;30;21;70.838;70.110
1225;21;31;90.875;70.290
1225;31;21;90.875;74.820
1226;21;31;90.208;74.720
1226;31;21;90.208;79.250
1227;21;32;46.253;68.420
1227;32;21;46.253;73.390
1228;21;33;59.954;54.190
1228;33;21;59.954;59.680
1229;21;34;84.442;61.230
1229;34;21;84.442;67.540
1230;21;34;82.478;62.000
1230;34;21;82.478;68.310
1231;21;34;79.418;63.770
1231;34;21;79.418;70.080
1232;21;35;92.699;54.800
1232;35;21;92.699;61.710
1233;21;35;95.430;57.400
1233;35;21;95.430;64.310
1234;21;36;84.749;66.810
1234;36;21;84.749;74.310
1235;21;36;85.680;72.000
1235;36;21;85.680;79.500
1236;21;36;81.388;55.990
1236;36;21;81.388;63.490
1237;21;37;51.489;71.280
1237;37;21;51.489;80.970
1238;21;37;52.141;59.610
1238;37;21;52.141;69.300
1239;21;37;52.605;54.880
1239;37;21;52.605;64.570
1240;21;38;87.153;55.310
1240;38;21;87.153;65.090
1241;21;38;86.469;54.120
1241;38;21;86.469;63.900
1242;21;39;18.520;17.640
1242;39;21;63.520;77.300
1243;21;39;19.372;7.740
1243;39;21;64.372;67.400
1244;22;23;141.388;74.290
1244;23;22;141.388;75.150
1245;22;23;161.640;72.520
1245;23;22;161.640;73.380
1246;22;23;129.529;81.010
1246;23;22;129.529;81.870
1247;22;24;132.307;59.520
1247;24;22;132.307;60.460
1248;22;25;128.972;70.850
1248;25;22;128.972;71.870
1249;22;26;124.454;61.470
1249;26;22;124.454;63.390
1250;22;26;136.191;72.340
1250;26;22;136.191;74.260
1251;22;27;74.586;60.140
1251;27;22;74.586;62.230
1252;22;27;78.772;66.200
1252;27;22;78.772;68.290
1253;22;28;138.798;79.410
1253;28;22;138.798;81.560
1254;22;29;149.258;64.750
1254;29;22;149.258;67.160
1255;22;29;141.304;75.740
1255;29;22;141.304;78.150
1256;22;30;104.503;67.180
1256;30;22;104.503;71.190
1257;22;31;91.711;75.450
1257;31;22;91.711;79.520
1258;22;31;93.589;57.420
1258;31;22;93.589;61.490
1259;22;32;130.535;67.060
1259;32;22;130.535;71.570
1260;22;33;133.556;75.030
1260;33;22;133.556;80.060
1261;22;34;134.327;74.960
1261;34;22;134.327;80.810
1262;22;35;151.029;75.700
1262;35;22;151.029;82.150
1263;22;36;137.806;52.220
1263;36;22;137.806;59.260
1264;22;36;130.487;64.380
1264;36;22;130.487;71.420
1265;22;37;133.868;67.630
1265;37;22;133.868;76.860
1266;22;38;131.607;53.810
1266;38;22;131.607;63.130
1267;22;38;113.090;63.670
1267;38;22;113.090;72.990
1268;22;38;114.826;54.110
1268;38;22;114.826;63.430
1269;22;39;93.673;5.750
1269;39;22;138.673;64.950
1270;23;24;55.342;61.220
1270;24;23;55.342;61.300
1271;23;25;60.254;63.180
1271;25;23;60.254;63.340
1272;23;25;56.768;66.350
1272;25;23;56.768;66.510
1273;23;26;63.193;74.120
1273;26;23;63.193;75.180
1274;23;26;61.214;67.010
1274;26;23;61.214;68.070
1275;23;26;64.485;62.320
1275;26;23;64.485;63.380
1276;23;27;122.629;75.210
1276;27;23;122.629;76.440
1277;23;27;141.224;67.230
1277;27;23;141.224;68.460
1278;23;28;91.577;61.800
1278;28;23;91.577;63.090
1279;23;28;95.398;60.740
1279;28;23;95.398;62.030
1280;23;29;113.151;70.790
1280;29;23;113.151;72.340
1281;23;29;100.112;62.900
1281;29;23;100.112;64.450
1282;23;30;82.336;77.930
1282;30;23;82.336;81.080
1283;23;31;98.895;63.320
1283;31;23;98.895;66.530
1284;23;32;59.928;75.150
1284;32;23;59.928;78.800
1285;23;32;57.540;78.480
1285;32;23;57.540;82.130
1286;23;33;71.250;63.070
1286;33;23;71.250;67.240
1287;23;33;70.817;71.920
1287;33;23;70.817;76.090
1288;23;33;75.845;61.720
1288;33;23;75.845;65.890
1289;23;34;77.982;64.470
1289;34;23;77.982;69.460
1290;23;34;81.801;54.160
1290;34;23;81.801;59.150
1291;23;35;81.293;66.690
1291;35;23;81.293;72.280
1292;23;35;78.418;69.530
1292;35;23;78.418;75.120
1293;23;36;76.925;72.040
1293;36;23;76.925;78.220
1294;23;36;79.691;74.150
1294;36;23;79.691;80.330
1295;23;37;61.630;67.060
1295;37;23;61.630;75.430
1296;23;37;58.275;65.720
1296;37;23;58.275;74.090
1297;23;38;100.131;50.460
1297;38;23;100.131;58.920
1298;23;38;111.973;50.520
1298;38;23;111.973;58.980
1299;23;38;102.253;60.050
1299;38;23;102.253;68.510
1300;23;39;7.648;23.940
1300;39;23;52.648;82.280
1301;24;25;58.464;58.890
1301;25;24;58.464;58.970
1302;24;26;58.365;75.080
1302;26;24;58.365;76.060
1303;24;26;55.620;79.860
1303;26;24;55.620;80.840
1304;24;27;115.322;69.430
1304;27;24;115.322;70.580
1305;24;27;113.873;68.350
1305;27;24;113.873;69.500
1306;24;27;105.060;71.810
1306;27;24;105.060;72.960
1307;24;28;94.405;72.530
1307;28;24;94.405;73.740
1308;24;28;91.291;62.600
1308;28;24;91.291;63.810
1309;24;28;93.677;81.050
1309;28;24;93.677;82.260
1310;24;29;116.292;62.990
1310;29;24;116.292;64.460
1311;24;29;108.673;77.260
1311;29;24;108.673;78.730
1312;24;30;74.347;66.430
1312;30;24;74.347;69.500
1313;24;30;79.531;78.870
1313;30;24;79.531;81.940
1314;24;31;88.814;76.030
1314;31;24;88.814;79.160
1315;24;31;99.620;76.180
1315;31;24;99.620;79.310
1316;24;32;59.514;64.280
1316;32;24;59.514;67.850
1317;24;33;73.563;71.680
1317;33;24;73.563;75.770
1318;24;33;71.383;71.170
1318;33;24;71.383;75.260
1319;24;34;71.038;59.020
1319;34;24;71.038;63.930
1320;24;34;69.126;78.080
1320;34;24;69.126;82.990
1321;24;35;78.830;67.080
1321;35;24;78.830;72.590
1322;24;35;76.366;67.460
1322;35;24;76.366;72.970
1323;24;36;70.983;66.680
1323;36;24;70.983;72.780
1324;24;36;74.471;55.050
1324;36;24;74.471;61.150
1325;24;36;66.843;59.820
1325;36;24;66.843;65.920
1326;24;37;63.911;50.690
1326;37;24;63.911;58.980
1327;24;37;64.045;56.540
1327;37;24;64.045;64.830
1328;24;38;101.101;50.240
1328;38;24;101.101;58.620
1329;24;39;6.651;7.690
1329;39;24;51.651;65.950
1330;25;26;49.879;68.010
1330;26;25;49.879;68.910
1331;25;26;48.695;77.380
1331;26;25;48.695;78.280
1332;25;26;50.614;78.500
1332;26;25;50.614;79.400
1333;25;27;108.257;61.590
1333;27;25;108.257;62.660
1334;25;27;104.084;58.910
1334;27;25;104.084;59.980
1335;25;28;81.234;73.750
1335;28;25;81.234;74.880
1336;25;28;83.831;65.380
1336;28;25;83.831;66.510
1337;25;29;103.090;59.670
1337;29;25;103.090;61.060
1338;25;29;88.932;78.560
1338;29;25;88.932;79.950
1339;25;29;99.252;78.850
1339;29;25;99.252;80.240
1340;25;30;69.519;66.970
1340;30;25;69.519;69.960
1341;25;31;90.195;62.470
1341;31;25;90.195;65.520
1342;25;31;79.115;59.320
1342;31;25;79.115;62.370
1343;25;32;46.983;72.730
1343;32;25;46.983;76.220
1344;25;32;46.606;54.890
1344;32;25;46.606;58.380
1345;25;33;60.628;71.700
1345;33;25;60.628;75.710
1346;25;33;57.930;76.170
1346;33;25;57.930;80.180
1347;25;33;57.071;66.960
1347;33;25;57.071;70.970
1348;25;34;83.807;54.530
1348;34;25;83.807;59.360
1349;25;34;79.405;69.540
1349;34;25;79.405;74.370
1350;25;35;92.239;72.860
1350;35;25;92.239;78.290
1351;25;35;91.104;75.230
1351;35;25;91.104;80.660
1352;25;36;84.156;72.020
1352;36;25;84.156;78.040
1353;25;37;52.248;60.490
1353;37;25;52.248;68.700
1354;25;37;50.929;69.360
1354;37;25;50.929;77.570
1355;25;37;52.703;66.580
1355;37;25;52.703;74.790
1356;25;38;87.640;69.670
1356;38;25;87.640;77.970
1357;25;38;90.430;52.730
1357;38;25;90.430;61.030
1358;25;38;88.306;51.170
1358;38;25;88.306;59.470
1359;25;39;18.196;18.750
1359;39;25;63.196;76.930
1360;25;39;20.016;18.250
1360;39;25;65.016;76.430
1361;26;27;104.499;76.160
1361;27;26;104.499;76.330
1362;26;28;83.597;58.030
1362;28;26;83.597;58.260
1363;26;29;105.251;73.260
1363;29;26;105.251;73.750
1364;26;29;109.355;78.380
1364;29;26;109.355;78.870
1365;26;30;64.951;56.630
1365;30;26;64.951;58.720
1366;26;30;65.592;78.420
1366;30;26;65.592;80.510
1367;26;30;61.775;59.060
1367;30;26;61.775;61.150
1368;26;31;85.323;65.500
1368;31;26;85.323;67.650
1369;26;31;89.687;59.950
1369;31;26;89.687;62.100
1370;26;32;51.801;61.940
1370;32;26;51.801;64.530
1371;26;33;63.772;67.760
1371;33;26;63.772;70.870
1372;26;33;62.455;54.780
1372;33;26;62.455;57.890
1373;26;33;59.853;61.550
1373;33;26;59.853;64.660
1374;26;34;81.879;60.630
1374;34;26;81.879;64.560
1375;26;35;91.874;72.540
1375;35;26;91.874;77.070
1376;26;35;98.503;55.300
1376;35;26;98.503;59.830
1377;26;36;82.659;75.270
1377;36;26;82.659;80.390
1378;26;36;77.094;66.160
1378;36;26;77.094;71.280
1379;26;36;83.486;63.110
1379;36;26;83.486;68.230
1380;26;37;56.787;70.960
1380;37;26;56.787;78.270
1381;26;38;88.795;61.630
1381;38;26;88.795;69.030
1382;26;38;93.846;69.220
1382;38;26;93.846;76.620
1383;26;39;19.290;2.350
1383;39;26;64.290;59.630
1384;26;39;16.863;16.800
1384;39;26;61.863;74.080
1385;26;39;18.487;22.290
1385;39;26;63.487;79.570
1386;27;28;110.697;59.210
1386;28;27;110.697;59.270
1387;27;28;107.280;64.920
1387;28;27;107.280;64.980
1388;27;29;119.772;61.700
1388;29;27;119.772;62.020
1389;27;29;132.056;63.290
1389;29;27;132.056;63.610
1390;27;29;116.734;67.420
1390;29;27;116.734;67.740
1391;27;30;86.023;63.570
1391;30;27;86.023;65.490
1392;27;30;80.377;63.260
1392;30;27;80.377;65.180
1393;27;30;76.036;63.970
1393;30;27;76.036;65.890
1394;27;31;86.633;63.570
1394;31;27;86.633;65.550
1395;27;31;85.022;78.330
1395;31;27;85.022;80.310
1396;27;32;109.413;76.820
1396;32;27;109.413;79.240
1397;27;32;114.876;79.180
1397;32;27;114.876;81.600
1398;27;33;108.918;60.110
1398;33;27;108.918;63.050
1399;27;33;102.977;77.830
1399;33;27;102.977;80.770
1400;27;33;97.507;73.180
1400;33;27;97.507;76.120
1401;27;34;125.577;67.840
1401;34;27;125.577;71.600
1402;27;35;141.476;75.260
1402;35;27;141.476;79.620
1403;27;35;120.752;56.230
1403;35;27;120.752;60.590
1404;27;35;128.912;59.700
1404;35;27;128.912;64.060
1405;27;36;128.520;52.230
1405;36;27;128.520;57.180
1406;27;37;111.538;54.480
1406;37;27;111.538;61.620
1407;27;37;112.499;58.540
1407;37;27;112.499;65.680
1408;27;37;107.049;67.290
1408;37;27;107.049;74.430
1409;27;38;102.561;54.140
1409;38;27;102.561;61.370
1410;27;39;76.973;4.860
1410;39;27;121.973;61.970
1411;28;29;66.887;73.290
1411;29;28;66.887;73.550
1412;28;30;91.214;67.720
1412;30;28;91.214;69.580
1413;28;30;84.031;71.750
1413;30;28;84.031;73.610
1414;28;31;115.128;65.500
1414;31;28;115.128;67.420
1415;28;31;103.788;59.140
1415;31;28;103.788;61.060
1416;28;31;125.742;75.130
1416;31;28;125.742;77.050
1417;28;32;79.926;63.860
1417;32;28;79.926;66.220
1418;28;33;65.867;65.260
1418;33;28;65.867;68.140
1419;28;34;120.039;57.590
1419;34;28;120.039;61.290
1420;28;34;135.794;58.820
1420;34;28;135.794;62.520
1421;28;34;106.594;71.430
1421;34;28;106.594;75.130
1422;28;35;127.420;63.080
1422;35;28;127.420;67.380
1423;28;35;134.884;67.900
1423;35;28;134.884;72.200
1424;28;35;139.224;60.390
1424;35;28;139.224;64.690
1425;28;36;120.336;72.300
1425;36;28;120.336;77.190
1426;28;36;117.875;63.660
1426;36;28;117.875;68.550
1427;28;36;119.813;62.940
1427;36;28;119.813;67.830
1428;28;37;75.721;58.730
1428;37;28;75.721;65.810
1429;28;37;70.733;61.870
1429;37;28;70.733;68.950
1430;28;37;70.391;53.860
1430;37;28;70.391;60.940
1431;28;38;57.158;57.870
1431;38;28;57.158;65.040
1432;28;38;57.487;55.180
1432;38;28;57.487;62.350
1433;28;39;52.651;13.450
1433;39;28;97.651;70.500
1434;28;39;64.571;15.240
1434;39;28;109.571;72.290
1435;28;39;58.161;7.870
1435;39;28;103.161;64.920
1436;29;30;110.252;60.890
1436;30;29;110.252;62.490
1437;29;31;133.328;71.630
1437;31;29;133.328;73.290
1438;29;31;114.776;58.890
1438;31;29;114.776;60.550
1439;29;32;101.809;57.420
1439;32;29;101.809;59.520
1440;29;33;87.748;55.460
1440;33;29;87.748;58.080
1441;29;33;77.730;78.120
1441;33;29;77.730;80.740
1442;29;33;79.929;73.360
1442;33;29;79.929;75.980
1443;29;34;141.875;55.300
1443;34;29;141.875;58.740
1444;29;35;149.196;65.930
1444;35;29;149.196;69.970
1445;29;35;131.088;74.860
1445;35;29;131.088;78.900
1446;29;36;142.216;61.790
1446;36;29;142.216;66.420
1447;29;36;142.934;64.810
1447;36;29;142.934;69.440
1448;29;36;157.999;63.660
1448;36;29;157.999;68.290
1449;29;37;97.575;60.750
1449;37;29;97.575;67.570
1450;29;38;64.446;63.500
1450;38;29;64.446;70.410
1451;29;39;74.442;11.430
1451;39;29;119.442;68.220
1452;29;39;67.582;6.530
1452;39;29;112.582;63.320
1453;30;31;69.068;65.920
1453;31;30;69.068;65.980
1454;30;31;67.334;57.770
1454;31;30;67.334;57.830
1455;30;32;71.162;55.750
1455;32;30;71.162;56.250
1456;30;32;64.943;56.740
1456;32;30;64.943;57.240
1457;30;33;77.328;64.580
1457;33;30;77.328;65.600
1458;30;33;75.106;69.890
1458;33;30;75.106;70.910
1459;30;34;87.859;62.300
1459;34;30;87.859;64.140
1460;30;35;102.301;77.180
1460;35;30;102.301;79.620
1461;30;35;97.539;54.580
1461;35;30;97.539;57.020
1462;30;36;90.161;66.640
1462;36;30;90.161;69.670
1463;30;37;74.993;66.050
1463;37;30;74.993;71.270
1464;30;37;78.197;52.090
1464;37;30;78.197;57.310
1465;30;38;91.157;68.170
1465;38;30;91.157;73.480
1466;30;38;98.953;68.950
1466;38;30;98.953;74.260
1467;30;38;98.605;58.640
1467;38;30;98.605;63.950
1468;30;39;35.994;22.730
1468;39;30;80.994;77.920
1469;30;39;41.574;3.370
1469;39;30;86.574;58.560
1470;30;39;39.990;14.880
1470;39;30;84.990;70.070
1471;31;32;92.122;66.420
1471;32;31;92.122;66.860
1472;31;32;95.571;78.690
1472;32;31;95.571;79.130
1473;31;33;100.908;66.120
1473;33;31;100.908;67.080
1474;31;34;87.680;56.980
1474;34;31;87.680;58.760
1475;31;34;84.679;74.280
1475;34;31;84.679;76.060
1476;31;34;93.297;67.880
1476;34;31;93.297;69.660
1477;31;35;104.369;61.620
1477;35;31;104.369;64.000
1478;31;36;91.123;68.470
1478;36;31;91.123;71.440
1479;31;36;85.993;60.020
1479;36;31;85.993;62.990
1480;31;36;84.585;58.340
1480;36;31;84.585;61.310
1481;31;37;96.859;50.380
1481;37;31;96.859;55.540
1482;31;37;97.889;71.860
1482;37;31;97.889;77.020
1483;31;38;113.942;74.120
1483;38;31;113.942;79.370
1484;31;38;101.386;72.220
1484;38;31;101.386;77.470
1485;31;38;116.707;56.400
1485;38;31;116.707;61.650
1486;31;39;49.508;4.730
1486;39;31;94.508;59.860
1487;31;39;50.327;5.060
1487;39;31;95.327;60.190
1488;31;39;46.666;14.920
1488;39;31;91.666;70.050
1489;32;33;59.157;60.740
1489;33;32;59.157;61.260
1490;32;33;56.370;64.960
1490;33;32;56.370;65.480
1491;32;33;62.668;74.840
1491;33;32;62.668;75.360
1492;32;34;85.197;67.730
1492;34;32;85.197;69.070
1493;32;34;94.744;55.840
1493;34;32;94.744;57.180
1494;32;35;93.082;71.710
1494;35;32;93.082;73.650
1495;32;35;102.043;74.670
1495;35;32;102.043;76.610
1496;32;35;101.004;55.390
1496;35;32;101.004;57.330
1497;32;36;85.410;68.060
1497;36;32;85.410;70.590
1498;32;36;83.943;65.900
1498;36;32;83.943;68.430
1499;32;37;50.314;52.130
1499;37;32;50.314;56.850
1500;32;38;86.765;70.670
1500;38;32;86.765;75.480
1501;32;39;18.686;5.490
1501;39;32;63.686;60.180
1502;33;34;99.354;78.180
1502;34;33;99.354;79.000
1503;33;34;101.111;73.040
1503;34;33;101.111;73.860
1504;33;34;87.715;65.520
1504;34;33;87.715;66.340
1505;33;35;106.638;65.200
1505;35;33;106.638;66.620
1506;33;36;99.528;57.780
1506;36;33;99.528;59.790
1507;33;36;108.995;67.430
1507;36;33;108.995;69.440
1508;33;36;89.871;77.050
1508;36;33;89.871;79.060
1509;33;37;54.900;53.370
1509;37;33;54.900;57.570
1510;33;38;73.912;63.690
1510;38;33;73.912;67.980
1511;33;38;70.246;72.250
1511;38;33;70.246;76.540
1512;33;38;69.346;62.400
1512;38;33;69.346;66.690
1513;33;39;31.884;9.410
1513;39;33;76.884;63.580
1514;33;39;29.180;6.100
1514;39;33;74.180;60.270
1515;34;35;61.702;63.090
1515;35;34;61.702;63.690
1516;34;35;61.375;69.850
1516;35;34;61.375;70.450
1517;34;36;48.646;54.690
1517;36;34;48.646;55.880
1518;34;36;48.822;67.080
1518;36;34;48.822;68.270
1519;34;37;89.899;57.360
1519;37;34;89.899;60.740
1520;34;37;88.841;56.130
1520;37;34;88.841;59.510
1521;34;38;125.646;60.380
1521;38;34;125.646;63.850
1522;34;38;137.251;73.570
1522;38;34;137.251;77.040
1523;34;38;135.643;67.440
1523;38;34;135.643;70.910
1524;34;39;25.336;5.830
1524;39;34;70.336;59.180
1525;35;36;58.266;52.820
1525;36;35;58.266;53.410
1526;35;36;61.139;62.540
1526;36;35;61.139;63.130
1527;35;37;96.739;61.820
1527;37;35;96.739;64.600
1528;35;38;134.842;68.890
1528;38;35;134.842;71.760
1529;35;39;29.769;12.880
1529;39;35;74.769;65.630
1530;35;39;27.226;14.160
1530;39;35;72.226;66.910
1531;35;39;25.560;3.420
1531;39;35;70.560;56.170
1532;36;37;89.883;70.830
1532;37;36;89.883;73.020
1533;36;37;87.091;64.240
1533;37;36;87.091;66.430
1534;36;38;126.435;58.400
1534;38;36;126.435;60.680
1535;36;38;145.415;50.040
1535;38;36;145.415;52.320
1536;36;39;24.350;23.880
1536;39;36;69.350;76.040
1537;36;39;26.115;21.290
1537;39;36;71.115;73.450
1538;36;39;19.023;21.510
1538;39;36;64.023;73.670
1539;37;38;83.570;58.620
1539;38;37;83.570;58.710
1540;37;38;76.107;64.240
1540;38;37;76.107;64.330
1541;37;39;21.985;15.640
1541;39;37;66.985;65.610
1542;38;39;60.335;8.580
1542;39;38;105.335;58.460
1543;38;39;65.391;12.720
1543;39;38;110.391;62.600
1544;38;39;57.404;21.400
1544;39;38;102.404;71.280
