40
600.0
0;0;1;94.491;117.960
0;1;0;49.491;17.960
1;0;1;84.240;108.480
1;1;0;39.240;8.480
2;0;1;98.646;112.610
2;1;0;53.646;12.610
3;0;2;81.549;123.820
3;2;0;36.549;24.610
4;0;2;75.857;107.740
4;2;0;30.857;8.530
5;0;2;73.432;119.900
5;2;0;28.432;20.690
6;0;3;53.647;101.050
6;3;0;8.647;2.350
7;0;3;52.443;114.620
7;3;0;7.443;15.920
8;0;4;73.285;99.930
8;4;0;28.285;8.880
9;0;5;74.690;100.080
9;5;0;29.690;14.830
10;0;5;76.086;102.010
10;5;0;31.086;16.760
11;0;5;81.665;98.510
11;5;0;36.665;13.260
12;0;6;64.222;107.380
12;6;0;19.222;23.540
13;0;6;65.979;97.370
13;6;0;20.979;13.530
14;0;6;68.338;107.730
14;6;0;23.338;23.890
15;0;7;116.350;87.440
15;7;0;71.350;4.910
16;0;8;76.387;84.470
16;8;0;31.387;2.790
17;0;8;70.725;97.630
17;8;0;25.725;15.950
18;0;8;78.554;102.300
18;8;0;33.554;20.620
19;0;9;66.172;96.600
19;9;0;21.172;21.720
20;0;9;70.651;83.130
20;9;0;25.651;8.250
21;0;9;64.804;85.650
21;9;0;19.804;10.770
22;0;10;62.194;90.920
22;10;0;17.194;16.990
23;0;11;72.562;94.580
23;11;0;27.562;21.420
24;0;12;77.509;93.300
24;12;0;32.509;22.380
25;0;12;78.687;86.790
25;12;0;33.687;15.870
26;0;13;99.909;79.630
26;13;0;54.909;9.060
27;0;14;90.309;94.060
27;14;0;45.309;24.330
28;0;14;86.148;93.420
28;14;0;41.148;23.690
29;0;15;54.829;64.480
29;15;0;9.829;0.170
30;0;16;75.107;77.500
30;16;0;30.107;19.490
31;0;17;67.688;80.110
31;17;0;22.688;22.710
32;0;18;68.796;59.770
32;18;0;23.796;2.720
33;0;18;70.770;71.930
33;18;0;25.770;14.880
34;0;19;65.827;62.460
34;19;0;20.827;6.270
35;0;20;69.350;70.780
35;20;0;24.350;14.680
36;0;20;70.682;69.720
36;20;0;25.682;13.620
37;0;20;74.356;66.170
37;20;0;29.356;10.070
38;0;21;52.648;78.950
38;21;0;7.648;23.150
39;0;21;51.650;65.040
39;21;0;6.650;9.240
40;0;21;51.880;57.330
40;21;0;6.880;1.530
41;0;22;63.520;64.380
41;22;0;18.520;9.010
42;0;23;62.999;72.420
42;23;0;17.999;17.990
43;0;24;80.994;65.750
43;24;0;35.994;12.190
44;0;24;72.395;74.090
44;24;0;27.395;20.530
45;0;25;97.651;63.900
45;25;0;52.651;10.830
46;0;25;93.872;69.870
46;25;0;48.872;16.800
47;0;25;105.171;53.990
47;25;0;60.171;0.920
48;0;26;51.651;69.950
48;26;0;6.651;17.260
49;0;26;51.773;57.130
49;26;0;6.773;4.440
50;0;27;121.973;71.480
50;27;0;76.973;19.820
51;0;28;64.290;60.820
51;28;0;19.290;10.790
52;0;29;138.673;65.180
52;29;0;93.673;15.590
53;0;30;61.089;50.930
53;30;0;16.089;3.040
54;0;30;58.130;60.170
54;30;0;13.130;12.280
55;0;30;63.896;63.780
55;30;0;18.896;15.890
56;0;31;63.196;67.700
56;31;0;18.196;19.820
57;0;31;61.528;68.090
57;31;0;16.528;20.210
58;0;32;105.335;55.930
58;32;0;60.335;8.180
59;0;33;66.985;68.700
59;33;0;21.985;21.340
60;0;34;74.769;69.420
60;34;0;29.769;22.640
61;0;34;77.256;66.210
61;34;0;32.256;19.430
62;0;35;72.874;52.200
62;35;0;27.874;5.640
63;0;35;69.830;68.800
63;35;0;24.830;22.240
64;0;35;69.007;48.720
64;35;0;24.007;2.160
65;0;36;124.572;66.730
65;36;0;79.572;20.650
66;0;36;143.990;56.410
66;36;0;98.990;10.330
67;0;36;139.902;49.190
67;36;0;94.902;3.110
68;0;37;84.896;58.320
68;37;0;39.896;13.240
69;0;37;86.965;45.140
69;37;0;41.965;0.060
70;0;37;94.378;58.800
70;37;0;49.378;13.720
71;0;38;73.590;59.250
71;38;0;28.590;14.670
72;0;38;77.411;63.630
72;38;0;32.411;19.050
73;0;39;0.000;2.600
73;39;0;0.000;2.600
74;1;2;66.570;123.730
74;2;1;66.570;124.520
75;1;2;70.391;109.810
75;2;1;70.391;110.600
76;1;2;66.924;123.920
76;2;1;66.924;124.710
77;1;3;87.276;121.850
77;3;1;87.276;123.150
78;1;3;91.886;101.310
78;3;1;91.886;102.610
79;1;4;117.069;103.440
79;4;1;117.069;112.390
80;1;4;104.816;109.740
80;4;1;104.816;118.690
81;1;4;109.828;93.980
81;4;1;109.828;102.930
82;1;5;68.587;101.320
82;5;1;68.587;116.070
83;1;5;67.114;99.460
83;5;1;67.114;114.210
84;1;6;113.662;100.870
84;6;1;113.662;117.030
85;1;6;115.012;89.680
85;6;1;115.012;105.840
86;1;7;79.185;105.600
86;7;1;79.185;123.070
87;1;7;71.795;86.090
87;7;1;71.795;103.560
88;1;7;78.495;91.820
88;7;1;78.495;109.290
89;1;8;114.299;84.750
89;8;1;114.299;103.070
90;1;8;123.237;83.670
90;8;1;123.237;101.990
91;1;9;80.589;75.750
91;9;1;80.589;100.870
92;1;10;80.845;88.900
92;10;1;80.845;114.970
93;1;10;73.010;79.990
93;10;1;73.010;106.060
94;1;11;69.109;74.770
94;11;1;69.109;101.610
95;1;11;72.396;93.450
95;11;1;72.396;120.290
96;1;12;74.022;83.350
96;12;1;74.022;112.430
97;1;12;79.335;94.460
97;12;1;79.335;123.540
98;1;12;69.389;89.410
98;12;1;69.389;118.490
99;1;13;75.486;81.670
99;13;1;75.486;111.100
100;1;14;80.955;81.340
100;14;1;80.955;111.610
101;1;14;73.184;71.850
101;14;1;73.184;102.120
102;1;14;86.072;94.210
102;14;1;86.072;124.480
103;1;15;84.694;85.980
103;15;1;84.694;121.670
104;1;15;87.692;88.520
104;15;1;87.692;124.210
105;1;16;65.984;68.940
105;16;1;65.984;110.930
106;1;16;69.195;76.980
106;16;1;69.195;118.970
107;1;16;71.139;76.840
107;16;1;71.139;118.830
108;1;17;86.520;67.600
108;17;1;86.520;110.200
109;1;17;87.123;74.040
109;17;1;87.123;116.640
110;1;17;94.901;71.630
110;17;1;94.901;114.230
111;1;18;110.336;72.480
111;18;1;110.336;115.430
112;1;19;73.902;64.860
112;19;1;73.902;108.670
113;1;19;78.751;60.190
113;19;1;78.751;104.000
114;1;19;78.068;79.070
114;19;1;78.068;122.880
115;1;20;107.636;57.580
115;20;1;107.636;101.480
116;1;20;115.135;61.560
116;20;1;115.135;105.460
117;1;21;93.438;80.580
117;21;1;93.438;124.780
118;1;22;78.457;55.410
118;22;1;78.457;100.040
119;1;22;82.788;68.400
119;22;1;82.788;113.030
120;1;23;78.076;78.560
120;23;1;78.076;124.130
121;1;24;63.132;64.930
121;24;1;63.132;111.370
122;1;24;64.834;57.430
122;24;1;64.834;103.870
123;1;25;82.436;53.440
123;25;1;82.436;100.370
124;1;25;75.930;75.180
124;25;1;75.930;122.110
125;1;25;73.137;71.950
125;25;1;73.137;118.880
126;1;26;88.091;66.920
126;26;1;88.091;114.230
127;1;27;76.549;66.610
127;27;1;76.549;114.950
128;1;27;77.815;66.790
128;27;1;77.815;115.130
129;1;27;77.631;75.860
129;27;1;77.631;124.200
130;1;28;75.463;59.880
130;28;1;75.463;109.850
131;1;28;69.172;72.420
131;28;1;69.172;122.390
132;1;29;102.209;55.410
132;29;1;102.209;105.820
133;1;29;92.287;69.090
133;29;1;92.287;119.500
134;1;29;103.390;58.720
134;29;1;103.390;109.130
135;1;30;80.914;55.800
135;30;1;80.914;107.910
136;1;31;78.322;67.650
136;31;1;78.322;119.770
137;1;31;77.666;64.900
137;31;1;77.666;117.020
138;1;32;78.115;58.710
138;32;1;78.115;110.960
139;1;32;71.630;58.350
139;32;1;71.630;110.600
140;1;32;79.044;67.070
140;32;1;79.044;119.320
141;1;33;80.493;48.140
141;33;1;80.493;100.780
142;1;33;79.135;70.040
142;33;1;79.135;122.680
143;1;34;119.200;49.070
143;34;1;119.200;102.290
144;1;34;108.099;55.220
144;34;1;108.099;108.440
145;1;35;66.633;68.630
145;35;1;66.633;122.070
146;1;36;96.851;67.510
146;36;1;96.851;121.430
147;1;36;89.507;49.290
147;36;1;89.507;103.210
148;1;37;65.817;53.740
148;37;1;65.817;108.660
149;1;37;68.614;47.830
149;37;1;68.614;102.750
150;1;38;69.081;45.740
150;38;1;69.081;101.160
151;1;38;65.923;63.810
151;38;1;65.923;119.230
152;1;39;49.491;12.400
152;39;1;94.491;112.400
153;2;3;77.233;105.760
153;3;2;77.233;106.270
154;2;3;69.912;109.050
154;3;2;69.912;109.560
155;2;4;98.504;93.020
155;4;2;98.504;101.180
156;2;5;52.264;93.120
156;5;2;52.264;107.080
157;2;5;53.118;105.750
157;5;2;53.118;119.710
158;2;6;99.245;88.990
158;6;2;99.245;104.360
159;2;6;97.532;104.730
159;6;2;97.532;120.100
160;2;6;93.314;84.460
160;6;2;93.314;99.830
161;2;7;79.854;85.200
161;7;2;79.854;101.880
162;2;8;94.291;95.700
162;8;2;94.291;113.230
163;2;9;77.631;91.740
163;9;2;77.631;116.070
164;2;9;76.702;83.240
164;9;2;76.702;107.570
165;2;9;71.314;76.120
165;9;2;71.314;100.450
166;2;10;74.973;80.270
166;10;2;74.973;105.550
167;2;11;54.975;74.030
167;11;2;54.975;100.080
168;2;11;54.838;88.230
168;11;2;54.838;114.280
169;2;11;52.743;79.970
169;11;2;52.743;106.020
170;2;12;78.419;88.170
170;12;2;78.419;116.460
171;2;12;84.743;78.190
171;12;2;84.743;106.480
172;2;12;85.332;94.800
172;12;2;85.332;123.090
173;2;13;64.964;78.390
173;13;2;64.964;107.030
174;2;13;59.982;71.880
174;13;2;59.982;100.520
175;2;13;68.001;71.220
175;13;2;68.001;99.860
176;2;14;91.181;91.310
176;14;2;91.181;120.790
177;2;14;81.412;85.710
177;14;2;81.412;115.190
178;2;14;95.496;78.650
178;14;2;95.496;108.130
179;2;15;72.463;81.080
179;15;2;72.463;115.980
180;2;15;71.267;72.820
180;15;2;71.267;107.720
181;2;16;54.238;70.260
181;16;2;54.238;111.460
182;2;16;53.443;65.650
182;16;2;53.443;106.850
183;2;16;56.398;58.650
183;16;2;56.398;99.850
184;2;17;84.488;74.590
184;17;2;84.488;116.400
185;2;18;91.542;57.080
185;18;2;91.542;99.240
186;2;18;84.189;59.590
186;18;2;84.189;101.750
187;2;19;62.667;68.330
187;19;2;62.667;111.350
188;2;19;67.036;73.280
188;19;2;67.036;116.300
189;2;20;88.215;79.660
189;20;2;88.215;122.770
190;2;20;87.524;76.380
190;20;2;87.524;119.490
191;2;21;83.752;73.660
191;21;2;83.752;117.070
192;2;21;76.359;59.300
192;21;2;76.359;102.710
193;2;21;92.668;61.100
193;21;2;92.668;104.510
194;2;22;72.657;60.620
194;22;2;72.657;104.460
195;2;22;79.489;62.090
195;22;2;79.489;105.930
196;2;23;71.387;62.440
196;23;2;71.387;107.220
197;2;23;75.207;73.870
197;23;2;75.207;118.650
198;2;24;49.410;77.130
198;24;2;49.410;122.780
199;2;24;49.242;58.920
199;24;2;49.242;104.570
200;2;24;49.388;69.140
200;24;2;49.388;114.790
201;2;25;95.588;68.240
201;25;2;95.588;114.380
202;2;26;74.991;63.350
202;26;2;74.991;109.870
203;2;26;69.576;53.920
203;26;2;69.576;100.440
204;2;26;73.012;69.350
204;26;2;73.012;115.870
205;2;27;86.270;57.750
205;27;2;86.270;105.300
206;2;27;93.926;75.020
206;27;2;93.926;122.570
207;2;27;81.735;55.570
207;27;2;81.735;103.120
208;2;28;67.291;71.540
208;28;2;67.291;120.720
209;2;28;63.690;53.170
209;28;2;63.690;102.350
210;2;28;62.053;55.110
210;28;2;62.053;104.290
211;2;29;102.641;50.590
211;29;2;102.641;100.210
212;2;30;74.083;55.780
212;30;2;74.083;107.100
213;2;31;72.071;54.360
213;31;2;72.071;105.690
214;2;31;71.528;56.890
214;31;2;71.528;108.220
215;2;32;95.533;68.460
215;32;2;95.533;119.920
216;2;32;101.489;56.290
216;32;2;101.489;107.750
217;2;33;78.071;53.730
217;33;2;78.071;105.580
218;2;33;81.035;55.040
218;33;2;81.035;106.890
219;2;33;72.807;52.590
219;33;2;72.807;104.440
220;2;34;100.748;62.430
220;34;2;100.748;114.860
221;2;34;111.312;61.960
221;34;2;111.312;114.390
222;2;34;96.182;61.390
222;34;2;96.182;113.820
223;2;35;61.170;53.760
223;35;2;61.170;106.410
224;2;35;58.192;61.350
224;35;2;58.192;114.000
225;2;35;61.085;70.650
225;35;2;61.085;123.300
226;2;36;115.732;54.300
226;36;2;115.732;107.430
227;2;37;48.370;67.250
227;37;2;48.370;121.380
228;2;37;48.536;63.010
228;37;2;48.536;117.140
229;2;37;48.980;53.990
229;37;2;48.980;108.120
230;2;38;53.465;59.790
230;38;2;53.465;114.420
231;2;39;36.549;22.290
231;39;2;81.549;121.500
232;2;39;33.368;11.030
232;39;2;78.368;110.240
233;3;4;81.692;95.090
233;4;3;81.692;102.740
234;3;4;78.836;111.010
234;4;3;78.836;118.660
235;3;5;70.001;106.810
235;5;3;70.001;120.260
236;3;5;66.671;96.760
236;5;3;66.671;110.210
237;3;6;72.272;89.470
237;6;3;72.272;104.330
238;3;6;75.692;93.520
238;6;3;75.692;108.380
239;3;7;111.918;96.950
239;7;3;111.918;113.120
240;3;7;115.539;90.610
240;7;3;115.539;106.780
241;3;8;83.904;92.210
241;8;3;83.904;109.230
242;3;8;93.300;99.650
242;8;3;93.300;116.670
243;3;9;57.678;93.100
243;9;3;57.678;116.920
244;3;10;53.547;97.670
244;10;3;53.547;122.440
245;3;11;67.457;77.230
245;11;3;67.457;102.770
246;3;11;70.182;75.850
246;11;3;70.182;101.390
247;3;11;64.031;85.360
247;11;3;64.031;110.900
248;3;12;68.885;95.280
248;12;3;68.885;123.060
249;3;12;64.516;75.580
249;12;3;64.516;103.360
250;3;12;70.274;95.810
250;12;3;70.274;123.590
251;3;13;96.710;79.630
251;13;3;96.710;107.760
252;3;13;95.840;78.770
252;13;3;95.840;106.900
253;3;13;102.895;82.220
253;13;3;102.895;110.350
254;3;14;81.967;88.620
254;14;3;81.967;117.590
255;3;14;74.658;74.340
255;14;3;74.658;103.310
256;3;14;74.778;87.590
256;14;3;74.778;116.560
257;3;15;50.626;85.160
257;15;3;50.626;119.550
258;3;16;69.444;62.640
258;16;3;69.444;103.330
259;3;17;60.381;60.190
259;17;3;60.381;101.490
260;3;18;76.730;79.390
260;18;3;76.730;121.040
261;3;18;81.243;78.710
261;18;3;81.243;120.360
262;3;19;59.887;71.760
262;19;3;59.887;114.270
263;3;19;61.851;74.690
263;19;3;61.851;117.200
264;3;20;76.617;79.180
264;20;3;76.617;121.780
265;3;20;82.991;62.350
265;20;3;82.991;104.950
266;3;21;51.574;72.870
266;21;3;51.574;115.770
267;3;21;50.304;60.600
267;21;3;50.304;103.500
268;3;21;51.609;56.650
268;21;3;51.609;99.550
269;3;22;54.975;72.760
269;22;3;54.975;116.090
270;3;23;54.657;65.340
270;23;3;54.657;109.610
271;3;24;75.763;73.310
271;24;3;75.763;118.450
272;3;24;76.026;68.390
272;24;3;76.026;113.530
273;3;25;89.241;55.530
273;25;3;89.241;101.160
274;3;25;87.984;67.240
274;25;3;87.984;112.870
275;3;26;51.171;59.200
275;26;3;51.171;105.210
276;3;26;51.110;55.670
276;26;3;51.110;101.680
277;3;26;50.039;61.290
277;26;3;50.039;107.300
278;3;27;116.122;58.070
278;27;3;116.122;105.110
279;3;27;106.405;55.350
279;27;3;106.405;102.390
280;3;27;106.115;72.300
280;27;3;106.115;119.340
281;3;28;56.840;62.450
281;28;3;56.840;111.120
282;3;29;134.874;59.590
282;29;3;134.874;108.700
283;3;29;145.044;69.950
283;29;3;145.044;119.060
284;3;29;117.107;54.370
284;29;3;117.107;103.480
285;3;30;52.478;56.010
285;30;3;52.478;106.820
286;3;31;54.733;66.890
286;31;3;54.733;117.710
287;3;31;54.876;56.510
287;31;3;54.876;107.330
288;3;31;55.172;65.600
288;31;3;55.172;116.420
289;3;32;96.699;64.470
289;32;3;96.699;115.420
290;3;32;99.436;48.260
290;32;3;99.436;99.210
291;3;33;58.520;68.830
291;33;3;58.520;120.170
292;3;33;58.810;70.820
292;33;3;58.810;122.160
293;3;33;59.614;55.690
293;33;3;59.614;107.030
294;3;34;83.269;53.180
294;34;3;83.269;105.100
295;3;34;86.369;51.160
295;34;3;86.369;103.080
296;3;34;80.540;60.760
296;34;3;80.540;112.680
297;3;35;65.769;51.080
297;35;3;65.769;103.220
298;3;35;70.783;70.360
298;35;3;70.783;122.500
299;3;36;116.038;59.760
299;36;3;116.038;112.380
300;3;36;107.535;69.110
300;36;3;107.535;121.730
301;3;36;106.152;63.080
301;36;3;106.152;115.700
302;3;37;80.588;56.510
302;37;3;80.588;110.130
303;3;37;78.968;67.820
303;37;3;78.968;121.440
304;3;37;87.214;55.800
304;37;3;87.214;109.420
305;3;38;68.811;44.890
305;38;3;68.811;99.010
306;3;39;8.647;23.580
306;39;3;53.647;122.280
307;3;39;8.910;9.530
307;39;3;53.910;108.230
308;4;5;93.832;107.450
308;5;4;93.832;113.250
309;4;6;63.721;96.650
309;6;4;63.721;103.860
310;4;6;59.118;88.900
310;6;4;59.118;96.110
311;4;6;60.643;105.980
311;6;4;60.643;113.190
312;4;7;129.661;105.430
312;7;4;129.661;113.950
313;4;7;115.486;105.170
313;7;4;115.486;113.690
314;4;7;129.998;92.110
314;7;4;129.998;100.630
315;4;8;54.760;90.150
315;8;4;54.760;99.520
316;4;8;52.802;103.110
316;8;4;52.802;112.480
317;4;9;94.364;93.070
317;9;4;94.364;109.240
318;4;9;96.012;98.270
318;9;4;96.012;114.440
319;4;9;94.546;75.350
319;9;4;94.546;91.520
320;4;10;90.108;95.840
320;10;4;90.108;112.960
321;4;11;92.972;94.580
321;11;4;92.972;112.470
322;4;11;87.956;88.470
322;11;4;87.956;106.360
323;4;11;100.748;95.130
323;11;4;100.748;113.020
324;4;12;105.469;72.610
324;12;4;105.469;92.740
325;4;13;111.208;89.700
325;13;4;111.208;110.180
326;4;13;111.691;79.120
326;13;4;111.691;99.600
327;4;13;119.131;77.570
327;13;4;119.131;98.050
328;4;14;118.587;83.040
328;14;4;118.587;104.360
329;4;15;80.398;88.700
329;15;4;80.398;115.440
330;4;15;84.935;81.710
330;15;4;84.935;108.450
331;4;16;96.088;65.200
331;16;4;96.088;98.240
332;4;17;95.763;68.480
332;17;4;95.763;102.130
333;4;17;99.781;64.320
333;17;4;99.781;97.970
334;4;17;93.505;71.890
334;17;4;93.505;105.540
335;4;18;51.988;72.840
335;18;4;51.988;106.840
336;4;19;89.149;70.890
336;19;4;89.149;105.750
337;4;19;91.184;64.240
337;19;4;91.184;99.100
338;4;19;96.553;59.870
338;19;4;96.553;94.730
339;4;20;55.992;74.290
339;20;4;55.992;109.240
340;4;20;58.210;62.680
340;20;4;58.210;97.630
341;4;21;80.025;68.260
341;21;4;80.025;103.510
342;4;22;90.992;77.540
342;22;4;90.992;113.220
343;4;23;90.114;73.680
343;23;4;90.114;110.300
344;4;24;100.097;66.730
344;24;4;100.097;104.220
345;4;24;108.520;70.190
345;24;4;108.520;107.680
346;4;24;105.160;77.340
346;24;4;105.160;114.830
347;4;25;125.908;67.460
347;25;4;125.908;105.440
348;4;25;115.877;73.150
348;25;4;115.877;111.130
349;4;26;77.067;65.700
349;26;4;77.067;104.060
350;4;26;82.387;77.600
350;26;4;82.387;115.960
351;4;26;72.085;53.070
351;26;4;72.085;91.430
352;4;27;139.200;75.840
352;27;4;139.200;115.230
353;4;27;127.590;69.190
353;27;4;127.590;108.580
354;4;28;89.999;64.720
354;28;4;89.999;105.740
355;4;28;94.831;61.730
355;28;4;94.831;102.750
356;4;28;101.076;52.450
356;28;4;101.076;93.470
357;4;29;148.777;52.400
357;29;4;148.777;93.860
358;4;30;88.814;55.050
358;30;4;88.814;98.210
359;4;30;91.880;49.140
359;30;4;91.880;92.300
360;4;30;86.815;59.030
360;30;4;86.815;102.190
361;4;31;90.512;56.020
361;31;4;90.512;99.190
362;4;32;133.145;66.950
362;32;4;133.145;110.250
363;4;32;113.919;64.270
363;32;4;113.919;107.570
364;4;33;95.197;65.980
364;33;4;95.197;109.670
365;4;34;47.288;69.210
365;34;4;47.288;113.480
366;4;35;96.935;52.350
366;35;4;96.935;96.840
367;4;35;84.289;47.580
367;35;4;84.289;92.070
368;4;36;152.715;60.680
368;36;4;152.715;105.650
369;4;37;101.245;68.270
369;37;4;101.245;114.240
370;4;37;98.479;58.710
370;37;4;98.479;104.680
371;4;38;93.153;68.180
371;38;4;93.153;114.650
372;4;38;90.973;68.990
372;38;4;90.973;115.460
373;4;39;28.285;24.000
373;39;4;73.285;115.050
374;5;6;92.882;97.480
374;6;5;92.882;98.890
375;5;7;86.967;92.210
375;7;5;86.967;94.930
376;5;7;78.536;89.820
376;7;5;78.536;92.540
377;5;8;90.714;106.330
377;8;5;90.714;109.900
378;5;8;81.503;95.660
378;8;5;81.503;99.230
379;5;8;90.940;83.120
379;8;5;90.940;86.690
380;5;9;70.811;93.290
380;9;5;70.811;103.660
381;5;9;70.739;76.960
381;9;5;70.739;87.330
382;5;9;73.372;90.480
382;9;5;73.372;100.850
383;5;10;67.870;89.480
383;10;5;67.870;100.800
384;5;10;68.511;92.700
384;10;5;68.511;104.020
385;5;10;71.031;97.780
385;10;5;71.031;109.100
386;5;11;47.805;82.200
386;11;5;47.805;94.290
387;5;11;48.195;75.760
387;11;5;48.195;87.850
388;5;12;73.044;71.600
388;12;5;73.044;85.930
389;5;12;68.723;72.730
389;12;5;68.723;87.060
390;5;13;72.123;93.980
390;13;5;72.123;108.660
391;5;14;86.666;88.010
391;14;5;86.666;103.530
392;5;15;65.363;73.550
392;15;5;65.363;94.490
393;5;15;69.115;77.640
393;15;5;69.115;98.580
394;5;16;48.827;74.560
394;16;5;48.827;101.800
395;5;16;48.795;72.310
395;16;5;48.795;99.550
396;5;17;77.620;69.050
396;17;5;77.620;96.900
397;5;17;79.871;60.940
397;17;5;79.871;88.790
398;5;17;83.040;80.810
398;17;5;83.040;108.660
399;5;18;86.989;73.620
399;18;5;86.989;101.820
400;5;18;91.956;60.030
400;18;5;91.956;88.230
401;5;19;55.416;74.840
401;19;5;55.416;103.900
402;5;19;56.513;58.860
402;19;5;56.513;87.920
403;5;20;84.112;61.230
403;20;5;84.112;90.380
404;5;20;82.743;76.770
404;20;5;82.743;105.920
405;5;20;81.531;76.530
405;20;5;81.531;105.680
406;5;21;76.539;79.030
406;21;5;76.539;108.480
407;5;22;65.620;74.230
407;22;5;65.620;104.110
408;5;22;67.487;59.430
408;22;5;67.487;89.310
409;5;22;68.043;79.680
409;22;5;68.043;109.560
410;5;23;64.288;71.580
410;23;5;64.288;102.400
411;5;24;51.496;66.270
411;24;5;51.496;97.960
412;5;24;52.394;55.480
412;24;5;52.394;87.170
413;5;25;91.809;69.580
413;25;5;91.809;101.760
414;5;25;93.291;57.620
414;25;5;93.291;89.800
415;5;26;68.066;68.260
415;26;5;68.066;100.820
416;5;27;92.454;56.360
416;27;5;92.454;89.950
417;5;28;60.161;62.920
417;28;5;60.161;98.140
418;5;28;60.471;74.920
418;28;5;60.471;110.140
419;5;28;62.099;57.480
419;28;5;62.099;92.700
420;5;29;109.881;52.990
420;29;5;109.881;88.650
421;5;29;105.260;60.450
421;29;5;105.260;96.110
422;5;30;66.913;50.260
422;30;5;66.913;87.620
423;5;30;71.380;56.380
423;30;5;71.380;93.740
424;5;30;72.348;72.030
424;30;5;72.348;109.390
425;5;31;65.000;50.370
425;31;5;65.000;87.740
426;5;31;65.234;61.260
426;31;5;65.234;98.630
427;5;31;62.326;49.880
427;31;5;62.326;87.250
428;5;32;93.392;50.740
428;32;5;93.392;88.240
429;5;33;71.316;49.010
429;33;5;71.316;86.900
430;5;34;96.015;54.960
430;34;5;96.015;93.430
431;5;35;55.410;62.810
431;35;5;55.410;101.500
432;5;35;56.526;70.750
432;35;5;56.526;109.440
433;5;35;54.975;51.550
433;35;5;54.975;90.240
434;5;36;113.917;64.770
434;36;5;113.917;103.940
435;5;36;129.536;54.130
435;36;5;129.536;93.300
436;5;36;99.521;58.130
436;36;5;99.521;97.300
437;5;37;55.597;63.850
437;37;5;55.597;104.020
438;5;37;53.349;64.040
438;37;5;53.349;104.210
439;5;38;46.201;64.640
439;38;5;46.201;105.310
440;5;38;46.437;45.430
440;38;5;46.437;86.100
441;5;38;46.121;65.700
441;38;5;46.121;106.370
442;5;39;29.690;19.580
442;39;5;74.690;104.830
443;5;39;29.860;19.140
443;39;5;74.860;104.390
444;5;39;33.427;2.420
444;39;5;78.427;87.670
445;6;7;133.461;99.580
445;7;6;133.461;100.890
446;6;7;121.113;101.570
446;7;6;121.113;102.880
447;6;8;72.076;95.970
447;8;6;72.076;98.130
448;6;8;69.698;97.010
448;8;6;69.698;99.170
449;6;9;83.631;77.160
449;9;6;83.631;86.120
450;6;9;78.921;90.880
450;9;6;78.921;99.840
451;6;9;92.826;97.460
451;9;6;92.826;106.420
452;6;10;80.483;85.870
452;10;6;80.483;95.780
453;6;10;82.873;74.440
453;10;6;82.873;84.350
454;6;10;74.527;83.860
454;10;6;74.527;93.770
455;6;11;91.063;82.970
455;11;6;91.063;93.650
456;6;11;91.678;88.630
456;11;6;91.678;99.310
457;6;12;95.168;74.350
457;12;6;95.168;87.270
458;6;12;100.420;84.130
458;12;6;100.420;97.050
459;6;12;105.369;89.170
459;12;6;105.369;102.090
460;6;13;115.996;72.430
460;13;6;115.996;85.700
461;6;14;106.384;93.830
461;14;6;106.384;107.940
462;6;14;103.771;81.660
462;14;6;103.771;95.770
463;6;14;121.159;87.680
463;14;6;121.159;101.790
464;6;15;73.971;83.650
464;15;6;73.971;103.180
465;6;15;73.642;71.430
465;15;6;73.642;90.960
466;6;16;93.824;82.630
466;16;6;93.824;108.460
467;6;17;82.763;76.000
467;17;6;82.763;102.440
468;6;17;76.691;64.350
468;17;6;76.691;90.790
469;6;18;64.619;77.450
469;18;6;64.619;104.240
470;6;19;84.848;78.130
470;19;6;84.848;105.780
471;6;20;68.396;80.570
471;20;6;68.396;108.310
472;6;21;67.692;79.620
472;21;6;67.692;107.660
473;6;22;82.210;58.720
473;22;6;82.210;87.190
474;6;23;81.918;54.770
474;23;6;81.918;84.180
475;6;23;87.818;69.850
475;23;6;87.818;99.260
476;6;23;82.123;63.110
476;23;6;82.123;92.520
477;6;24;99.347;68.240
477;24;6;99.347;98.520
478;6;24;106.412;72.250
478;24;6;106.412;102.530
479;6;24;109.001;75.710
479;24;6;109.001;105.990
480;6;25;113.826;76.870
480;25;6;113.826;107.640
481;6;25;124.481;74.970
481;25;6;124.481;105.740
482;6;25;103.239;66.980
482;25;6;103.239;97.750
483;6;26;70.585;53.590
483;26;6;70.585;84.740
484;6;26;64.730;58.590
484;26;6;64.730;89.740
485;6;26;70.895;76.670
485;26;6;70.895;107.820
486;6;27;140.326;65.630
486;27;6;140.326;97.810
487;6;27;156.128;70.580
487;27;6;156.128;102.760
488;6;27;130.201;75.950
488;27;6;130.201;108.130
489;6;28;83.502;56.220
489;28;6;83.502;90.030
490;6;28;81.307;69.720
490;28;6;81.307;103.530
491;6;28;77.797;61.140
491;28;6;77.797;94.950
492;6;29;154.833;73.040
492;29;6;154.833;107.290
493;6;29;146.643;60.040
493;29;6;146.643;94.290
494;6;30;79.657;63.750
494;30;6;79.657;99.700
495;6;30;76.049;58.910
495;30;6;76.049;94.860
496;6;31;82.002;65.710
496;31;6;82.002;101.670
497;6;31;83.317;59.750
497;31;6;83.317;95.710
498;6;31;77.702;57.300
498;31;6;77.702;93.260
499;6;32;122.783;60.990
499;32;6;122.783;97.080
500;6;32;106.116;71.790
500;32;6;106.116;107.880
501;6;32;106.932;70.910
501;32;6;106.932;107.000
502;6;33;84.322;50.320
502;33;6;84.322;86.800
503;6;33;80.304;48.120
503;33;6;80.304;84.600
504;6;33;84.415;57.520
504;33;6;84.415;94.000
505;6;34;63.710;54.820
505;34;6;63.710;91.880
506;6;34;65.994;51.450
506;34;6;65.994;88.510
507;6;35;92.073;71.490
507;35;6;92.073;108.770
508;6;35;90.255;48.140
508;35;6;90.255;85.420
509;6;36;141.041;63.180
509;36;6;141.041;100.940
510;6;36;141.422;59.410
510;36;6;141.422;97.170
511;6;37;102.482;56.620
511;37;6;102.482;95.380
512;6;37;94.720;51.580
512;37;6;94.720;90.340
513;6;37;116.812;55.380
513;37;6;116.812;94.140
514;6;38;91.875;61.030
514;38;6;91.875;100.290
515;6;38;85.364;62.660
515;38;6;85.364;101.920
516;6;38;96.024;61.110
516;38;6;96.024;100.370
517;6;39;19.222;2.370
517;39;6;64.222;86.210
518;7;8;123.233;88.380
518;8;7;123.233;89.230
519;7;8;105.490;92.630
519;8;7;105.490;93.480
520;7;8;129.499;82.060
520;8;7;129.499;82.910
521;7;9;110.084;98.360
521;9;7;110.084;106.010
522;7;9;117.764;89.160
522;9;7;117.764;96.810
523;7;10;108.490;77.020
523;10;7;108.490;85.620
524;7;10;94.789;93.560
524;10;7;94.789;102.160
525;7;11;89.461;77.710
525;11;7;89.461;87.080
526;7;12;106.687;90.120
526;12;7;106.687;101.730
527;7;12;113.846;94.970
527;12;7;113.846;106.580
528;7;12;105.478;84.610
528;12;7;105.478;96.220
529;7;13;63.562;78.020
529;13;7;63.562;89.980
530;7;13;65.240;90.500
530;13;7;65.240;102.460
531;7;14;115.123;85.220
531;14;7;115.123;98.020
532;7;15;107.303;70.660
532;15;7;107.303;88.880
533;7;16;87.679;75.050
533;16;7;87.679;99.570
534;7;17;116.810;80.910
534;17;7;116.810;106.040
535;7;17;113.053;64.230
535;17;7;113.053;89.360
536;7;18;122.761;79.440
536;18;7;122.761;104.920
537;7;18;137.570;81.040
537;18;7;137.570;106.520
538;7;18;122.837;72.960
538;18;7;122.837;98.440
539;7;19;97.091;62.010
539;19;7;97.091;88.350
540;7;19;93.981;61.490
540;19;7;93.981;87.830
541;7;20;118.718;75.110
541;20;7;118.718;101.540
542;7;20;128.373;64.710
542;20;7;128.373;91.140
543;7;21;118.478;77.400
543;21;7;118.478;104.130
544;7;22;106.024;62.070
544;22;7;106.024;89.230
545;7;22;119.429;66.910
545;22;7;119.429;94.070
546;7;22;120.681;78.010
546;22;7;120.681;105.170
547;7;23;105.005;69.920
547;23;7;105.005;98.020
548;7;24;81.251;69.480
548;24;7;81.251;98.450
549;7;24;85.080;73.330
549;24;7;85.080;102.300
550;7;24;81.505;55.060
550;24;7;81.505;84.030
551;7;25;116.407;66.310
551;25;7;116.407;95.770
552;7;25;122.443;60.760
552;25;7;122.443;90.220
553;7;26;109.830;66.560
553;26;7;109.830;96.400
554;7;26;104.838;76.010
554;26;7;104.838;105.850
555;7;26;103.462;56.300
555;26;7;103.462;86.140
556;7;27;60.436;54.850
556;27;7;60.436;85.720
557;7;28;101.153;59.090
557;28;7;101.153;91.590
558;7;28;107.432;56.620
558;28;7;107.432;89.120
559;7;29;68.616;69.150
559;29;7;68.616;102.090
560;7;29;67.819;70.030
560;29;7;67.819;102.970
561;7;29;63.098;62.290
561;29;7;63.098;95.230
562;7;30;107.890;66.530
562;30;7;107.890;101.170
563;7;31;105.572;70.550
563;31;7;105.572;105.200
564;7;32;110.379;49.200
564;32;7;110.379;83.980
565;7;33;110.297;58.220
565;33;7;110.297;93.390
566;7;33;97.214;55.990
566;33;7;97.214;91.160
567;7;33;103.777;52.820
567;33;7;103.777;87.990
568;7;34;131.948;48.810
568;34;7;131.948;84.560
569;7;34;111.427;66.410
569;34;7;111.427;102.160
570;7;35;93.150;54.450
570;35;7;93.150;90.420
571;7;36;126.254;63.340
571;36;7;126.254;99.790
572;7;36;127.846;48.640
572;36;7;127.846;85.090
573;7;37;76.488;48.100
573;37;7;76.488;85.550
574;7;37;71.216;61.980
574;37;7;71.216;99.430
575;7;37;69.021;64.180
575;37;7;69.021;101.630
576;7;38;88.140;60.390
576;38;7;88.140;98.340
577;7;39;71.350;2.320
577;39;7;116.350;84.850
578;7;39;59.213;20.680
578;39;7;104.213;103.210
579;7;39;77.636;6.060
579;39;7;122.636;88.590
580;8;9;96.362;97.100
580;9;8;96.362;103.900
581;8;9;85.946;99.490
581;9;8;85.946;106.290
582;8;9;103.816;88.410
582;9;8;103.816;95.210
583;8;10;91.758;75.990
583;10;8;91.758;83.740
584;8;11;90.399;91.360
584;11;8;90.399;99.880
585;8;11;93.911;87.600
585;11;8;93.911;96.120
586;8;12;106.754;83.850
586;12;8;106.754;94.610
587;8;12;93.265;93.250
587;12;8;93.265;104.010
588;8;13;104.672;90.320
588;13;8;104.672;101.430
589;8;13;104.130;78.790
589;13;8;104.130;89.900
590;8;14;120.617;77.990
590;14;8;120.617;89.940
591;8;14;137.367;92.620
591;14;8;137.367;104.570
592;8;15;81.232;77.660
592;15;8;81.232;95.030
593;8;16;93.521;78.570
593;16;8;93.521;102.240
594;8;17;98.965;71.790
594;17;8;98.965;96.070
595;8;17;111.224;68.310
595;17;8;111.224;92.590
596;8;17;103.539;78.400
596;17;8;103.539;102.680
597;8;18;53.115;64.600
597;18;8;53.115;89.230
598;8;19;88.076;81.080
598;19;8;88.076;106.570
599;8;20;52.390;63.870
599;20;8;52.390;89.450
600;8;21;83.857;67.100
600;21;8;83.857;92.980
601;8;21;77.505;57.140
601;21;8;77.505;83.020
602;8;21;86.176;66.990
602;21;8;86.176;92.870
603;8;22;92.138;70.540
603;22;8;92.138;96.850
604;8;22;93.681;76.520
604;22;8;93.681;102.830
605;8;22;93.219;63.750
605;22;8;93.219;90.060
606;8;23;91.009;70.970
606;23;8;91.009;98.220
607;8;23;98.726;70.850
607;23;8;98.726;98.100
608;8;23;83.923;56.730
608;23;8;83.923;83.980
609;8;24;96.562;67.710
609;24;8;96.562;95.830
610;8;24;101.666;57.620
610;24;8;101.666;85.740
611;8;24;91.538;65.130
611;24;8;91.538;93.250
612;8;25;127.719;59.630
612;25;8;127.719;88.240
613;8;25;121.794;59.190
613;25;8;121.794;87.800
614;8;26;78.346;56.320
614;26;8;78.346;85.310
615;8;26;82.697;57.960
615;26;8;82.697;86.950
616;8;27;133.825;54.470
616;27;8;133.825;84.490
617;8;28;90.011;71.330
617;28;8;90.011;102.980
618;8;28;89.054;58.320
618;28;8;89.054;89.970
619;8;29;141.250;62.610
619;29;8;141.250;94.700
620;8;29;164.799;56.680
620;29;8;164.799;88.770
621;8;29;143.231;58.050
621;29;8;143.231;90.140
622;8;30;90.302;52.050
622;30;8;90.302;85.840
623;8;31;91.546;70.550
623;31;8;91.546;104.350
624;8;32;133.799;52.190
624;32;8;133.799;86.120
625;8;32;128.332;50.350
625;32;8;128.332;84.280
626;8;32;152.640;69.620
626;32;8;152.640;103.550
627;8;33;97.231;64.860
627;33;8;97.231;99.180
628;8;33;89.475;56.190
628;33;8;89.475;90.510
629;8;33;86.534;64.720
629;33;8;86.534;99.040
630;8;34;56.417;61.540
630;34;8;56.417;96.440
631;8;34;57.789;65.030
631;34;8;57.789;99.930
632;8;35;95.669;68.260
632;35;8;95.669;103.380
633;8;36;153.905;60.720
633;36;8;153.905;96.320
634;8;36;153.744;62.830
634;36;8;153.744;98.430
635;8;36;163.005;57.440
635;36;8;163.005;93.040
636;8;37;96.670;50.580
636;37;8;96.670;87.180
637;8;37;105.235;46.540
637;37;8;105.235;83.140
638;8;38;90.243;54.480
638;38;8;90.243;91.580
639;8;38;88.788;57.700
639;38;8;88.788;94.800
640;8;39;31.387;8.320
640;39;8;76.387;90.000
641;8;39;35.885;11.840
641;39;8;80.885;93.520
642;9;10;49.784;91.400
642;10;9;49.784;92.350
643;9;10;49.046;95.650
643;10;9;49.046;96.600
644;9;10;50.197;87.630
644;10;9;50.197;88.580
645;9;11;68.020;94.930
645;11;9;68.020;96.650
646;9;12;56.546;81.310
646;12;9;56.546;85.270
647;9;12;58.090;79.750
647;12;9;58.090;83.710
648;9;13;97.517;88.460
648;13;9;97.517;92.770
649;9;13;97.107;95.330
649;13;9;97.107;99.640
650;9;13;104.123;72.750
650;13;9;104.123;77.060
651;9;14;69.314;72.060
651;14;9;69.314;77.210
652;9;14;63.459;86.320
652;14;9;63.459;91.470
653;9;14;63.720;92.930
653;14;9;63.720;98.080
654;9;15;60.512;76.380
654;15;9;60.512;86.950
655;9;16;68.447;65.390
655;16;9;68.447;82.260
656;9;17;51.869;78.310
656;17;9;51.869;95.790
657;9;17;50.677;68.630
657;17;9;50.677;86.110
658;9;17;51.358;69.490
658;17;9;51.358;86.970
659;9;18;89.356;68.690
659;18;9;89.356;86.520
660;9;18;90.980;58.090
660;18;9;90.980;75.920
661;9;19;61.247;65.610
661;19;9;61.247;84.300
662;9;20;89.013;72.120
662;20;9;89.013;90.900
663;9;21;60.946;58.930
663;21;9;60.946;78.010
664;9;21;60.612;57.420
664;21;9;60.612;76.500
665;9;22;50.739;57.930
665;22;9;50.739;77.440
666;9;23;52.299;66.190
666;23;9;52.299;86.640
667;9;23;53.442;77.790
667;23;9;53.442;98.240
668;9;24;74.633;73.510
668;24;9;74.633;94.830
669;9;24;69.152;66.910
669;24;9;69.152;88.230
670;9;24;79.343;77.550
670;24;9;79.343;98.870
671;9;25;76.563;57.650
671;25;9;76.563;79.460
672;9;25;69.053;68.070
672;25;9;69.053;89.880
673;9;25;72.201;63.650
673;25;9;72.201;85.460
674;9;26;63.039;60.990
674;26;9;63.039;83.180
675;9;27;111.528;65.320
675;27;9;111.528;88.540
676;9;27;117.406;56.790
676;27;9;117.406;80.010
677;9;27;104.848;68.240
677;27;9;104.848;91.460
678;9;28;56.129;62.010
678;28;9;56.129;86.860
679;9;28;57.640;55.250
679;28;9;57.640;80.100
680;9;29;133.638;55.090
680;29;9;133.638;80.380
681;9;29;132.382;62.730
681;29;9;132.382;88.020
682;9;30;51.354;57.640
682;30;9;51.354;84.630
683;9;30;52.772;52.440
683;30;9;52.772;79.430
684;9;31;51.494;69.590
684;31;9;51.494;96.590
685;9;31;50.486;57.080
685;31;9;50.486;84.080
686;9;32;84.319;67.670
686;32;9;84.319;94.800
687;9;33;45.875;55.670
687;33;9;45.875;83.190
688;9;34;95.916;61.150
688;34;9;95.916;89.250
689;9;34;89.387;55.580
689;34;9;89.387;83.680
690;9;35;62.038;63.720
690;35;9;62.038;92.040
691;9;36;103.401;62.440
691;36;9;103.401;91.240
692;9;36;101.080;52.110
692;36;9;101.080;80.910
693;9;36;115.849;54.720
693;36;9;115.849;83.520
694;9;37;80.639;48.360
694;37;9;80.639;78.160
695;9;38;69.692;56.660
695;38;9;69.692;86.960
696;9;39;21.172;14.360
696;39;9;66.172;89.240
697;9;39;22.942;4.170
697;39;9;67.942;79.050
698;9;39;22.465;20.330
698;39;9;67.465;95.210
699;10;11;65.072;92.700
699;11;10;65.072;93.470
700;10;11;60.510;97.950
700;11;10;60.510;98.720
701;10;11;66.675;88.060
701;11;10;66.675;88.830
702;10;12;60.372;81.130
702;12;10;60.372;84.140
703;10;12;60.059;86.230
703;12;10;60.059;89.240
704;10;12;56.642;89.890
704;12;10;56.642;92.900
705;10;13;94.936;72.300
705;13;10;94.936;75.660
706;10;13;104.008;93.300
706;13;10;104.008;96.660
707;10;14;73.859;82.790
707;14;10;73.859;86.990
708;10;15;55.748;87.260
708;15;10;55.748;96.880
709;10;16;66.053;58.870
709;16;10;66.053;74.790
710;10;16;68.326;65.410
710;16;10;68.326;81.330
711;10;16;60.921;58.910
711;16;10;60.921;74.830
712;10;17;55.323;81.100
712;17;10;55.323;97.630
713;10;18;84.892;61.080
713;18;10;84.892;77.960
714;10;19;57.704;71.210
714;19;10;57.704;88.950
715;10;19;56.027;64.440
715;19;10;56.027;82.180
716;10;19;60.192;79.740
716;19;10;60.192;97.480
717;10;20;84.390;78.320
717;20;10;84.390;96.150
718;10;21;58.189;62.000
718;21;10;58.189;80.130
719;10;21;59.846;65.990
719;21;10;59.846;84.120
720;10;22;47.493;72.260
720;22;10;47.493;90.820
721;10;23;48.586;69.950
721;23;10;48.586;89.450
722;10;23;49.232;64.530
722;23;10;49.232;84.030
723;10;23;48.258;77.950
723;23;10;48.258;97.450
724;10;24;72.449;58.120
724;24;10;72.449;78.490
725;10;24;74.821;69.470
725;24;10;74.821;89.840
726;10;24;75.451;55.720
726;24;10;75.451;76.090
727;10;25;81.006;76.390
727;25;10;81.006;97.250
728;10;26;58.413;57.140
728;26;10;58.413;78.380
729;10;26;60.033;54.920
729;26;10;60.033;76.160
730;10;26;60.584;53.880
730;26;10;60.584;75.120
731;10;27;111.028;70.390
731;27;10;111.028;92.660
732;10;27;116.873;64.860
732;27;10;116.873;87.130
733;10;27;108.880;67.060
733;27;10;108.880;89.330
734;10;28;52.711;63.870
734;28;10;52.711;87.770
735;10;28;54.125;69.160
735;28;10;54.125;93.060
736;10;28;53.968;50.850
736;28;10;53.968;74.750
737;10;29;131.899;53.540
737;29;10;131.899;77.880
738;10;29;143.709;56.040
738;29;10;143.709;80.380
739;10;30;46.576;63.780
739;30;10;46.576;89.820
740;10;31;47.930;68.390
740;31;10;47.930;94.440
741;10;31;47.246;63.260
741;31;10;47.246;89.310
742;10;32;88.161;53.050
742;32;10;88.161;79.230
743;10;32;86.680;59.100
743;32;10;86.680;85.280
744;10;32;90.230;71.120
744;32;10;90.230;97.300
745;10;33;50.652;49.550
745;33;10;50.652;76.120
746;10;34;91.738;56.000
746;34;10;91.738;83.150
747;10;34;92.456;52.400
747;34;10;92.456;79.550
748;10;35;60.474;68.290
748;35;10;60.474;95.660
749;10;36;107.614;47.380
749;36;10;107.614;75.230
750;10;37;78.145;47.500
750;37;10;78.145;76.350
751;10;37;86.406;68.110
751;37;10;86.406;96.960
752;10;38;66.696;47.260
752;38;10;66.696;76.610
753;10;38;69.015;49.120
753;38;10;69.015;78.470
754;10;38;67.372;50.810
754;38;10;67.372;80.160
755;10;39;17.194;21.740
755;39;10;62.194;95.670
756;11;12;70.644;86.840
756;12;11;70.644;89.080
757;11;12;73.018;76.530
757;12;11;73.018;78.770
758;11;13;74.895;88.170
758;13;11;74.895;90.760
759;11;13;75.133;82.650
759;13;11;75.133;85.240
760;11;14;84.493;88.580
760;14;11;84.493;92.010
761;11;14;90.671;69.990
761;14;11;90.671;73.420
762;11;15;63.034;73.580
762;15;11;63.034;82.430
763;11;15;66.627;77.370
763;15;11;66.627;86.220
764;11;15;63.504;79.460
764;15;11;63.504;88.310
765;11;16;48.134;61.370
765;16;11;48.134;76.520
766;11;16;48.873;73.660
766;16;11;48.873;88.810
767;11;17;74.821;70.470
767;17;11;74.821;86.230
768;11;17;68.223;71.370
768;17;11;68.223;87.130
769;11;18;86.226;62.200
769;18;11;86.226;78.310
770;11;18;83.936;78.170
770;18;11;83.936;94.280
771;11;18;77.945;81.950
771;18;11;77.945;98.060
772;11;19;52.708;79.270
772;19;11;52.708;96.240
773;11;20;83.592;63.150
773;20;11;83.592;80.210
774;11;20;80.212;59.100
774;20;11;80.212;76.160
775;11;20;92.563;74.910
775;20;11;92.563;91.970
776;11;21;74.019;73.430
776;21;11;74.019;90.790
777;11;21;77.078;59.610
777;21;11;77.078;76.970
778;11;22;62.815;77.110
778;22;11;62.815;94.900
779;11;22;62.246;78.720
779;22;11;62.246;96.510
780;11;23;61.488;66.710
780;23;11;61.488;85.440
781;11;23;58.102;71.280
781;23;11;58.102;90.010
782;11;23;63.712;68.700
782;23;11;63.712;87.430
783;11;24;53.447;67.560
783;24;11;53.447;87.160
784;11;24;51.985;62.580
784;24;11;51.985;82.180
785;11;25;89.869;64.960
785;25;11;89.869;85.050
786;11;25;80.300;69.030
786;25;11;80.300;89.120
787;11;25;86.096;68.310
787;25;11;86.096;88.400
788;11;26;65.912;65.490
788;26;11;65.912;85.960
789;11;26;61.906;75.970
789;26;11;61.906;96.440
790;11;27;94.420;73.340
790;27;11;94.420;94.840
791;11;27;86.425;75.470
791;27;11;86.425;96.970
792;11;27;90.603;54.630
792;27;11;90.603;76.130
793;11;28;57.365;69.680
793;28;11;57.365;92.810
794;11;28;58.770;71.160
794;28;11;58.770;94.290
795;11;28;58.131;59.440
795;28;11;58.131;82.570
796;11;29;112.493;63.460
796;29;11;112.493;87.030
797;11;29;118.506;61.740
797;29;11;118.506;85.310
798;11;29;108.437;60.950
798;29;11;108.437;84.520
799;11;30;64.131;59.490
799;30;11;64.131;84.760
800;11;31;62.198;57.170
800;31;11;62.198;82.450
801;11;32;92.031;61.990
801;32;11;92.031;87.400
802;11;32;86.590;66.580
802;32;11;86.590;91.990
803;11;33;68.534;69.490
803;33;11;68.534;95.290
804;11;33;65.608;71.040
804;33;11;65.608;96.840
805;11;34;95.115;57.030
805;34;11;95.115;83.410
806;11;35;53.136;49.220
806;35;11;53.136;75.820
807;11;36;112.603;56.160
807;36;11;112.603;83.240
808;11;37;58.258;69.910
808;37;11;58.258;97.990
809;11;37;57.109;58.210
809;37;11;57.109;86.290
810;11;37;59.446;47.720
810;37;11;59.446;75.800
811;11;38;46.678;62.710
811;38;11;46.678;91.290
812;11;38;46.957;60.280
812;38;11;46.957;88.860
813;11;38;46.755;44.780
813;38;11;46.755;73.360
814;11;39;27.562;13.280
814;39;11;72.562;86.440
815;12;13;97.053;86.200
815;13;12;97.053;86.550
816;12;13;93.258;89.100
816;13;12;93.258;89.450
817;12;14;59.501;86.500
817;14;12;59.501;87.690
818;12;14;57.407;73.440
818;14;12;57.407;74.630
819;12;15;70.526;69.590
819;15;12;70.526;76.200
820;12;15;70.025;76.150
820;15;12;70.025;82.760
821;12;16;69.601;66.480
821;16;12;69.601;79.390
822;12;16;75.362;81.080
822;16;12;75.362;93.990
823;12;17;59.400;73.760
823;17;12;59.400;87.280
824;12;18;100.131;58.190
824;18;12;100.131;72.060
825;12;18;95.466;78.090
825;18;12;95.466;91.960
826;12;18;110.320;64.470
826;18;12;110.320;78.340
827;12;19;66.551;74.410
827;19;12;66.551;89.140
828;12;20;99.364;65.800
828;20;12;99.364;80.620
829;12;20;106.560;59.090
829;20;12;106.560;73.910
830;12;20;93.847;80.460
830;20;12;93.847;95.280
831;12;21;72.476;57.960
831;21;12;72.476;73.080
832;12;22;59.627;68.260
832;22;12;59.627;83.810
833;12;22;60.687;70.170
833;22;12;60.687;85.720
834;12;22;60.803;79.460
834;22;12;60.803;95.010
835;12;23;60.759;68.300
835;23;12;60.759;84.790
836;12;23;57.192;69.930
836;23;12;57.192;86.420
837;12;23;62.422;70.160
837;23;12;62.422;86.650
838;12;24;74.451;55.620
838;24;12;74.451;72.980
839;12;24;73.974;61.900
839;24;12;73.974;79.260
840;12;25;66.106;63.650
840;25;12;66.106;81.500
841;12;25;60.945;71.540
841;25;12;60.945;89.390
842;12;25;61.780;60.920
842;25;12;61.780;78.770
843;12;26;73.573;73.690
843;26;12;73.573;91.920
844;12;26;69.589;61.000
844;26;12;69.589;79.230
845;12;26;72.804;62.090
845;26;12;72.804;80.320
846;12;27;105.565;55.550
846;27;12;105.565;74.810
847;12;28;62.568;57.290
847;28;12;62.568;78.180
848;12;28;63.331;68.380
848;28;12;63.331;89.270
849;12;29;130.235;62.560
849;29;12;130.235;83.890
850;12;29;119.673;70.040
850;29;12;119.673;91.370
851;12;29;120.418;67.900
851;29;12;120.418;89.230
852;12;30;61.661;54.510
852;30;12;61.661;77.540
853;12;31;60.208;58.860
853;31;12;60.208;81.900
854;12;31;61.667;67.840
854;31;12;61.667;90.880
855;12;32;72.834;65.320
855;32;12;72.834;88.490
856;12;32;77.169;52.910
856;32;12;77.169;76.080
857;12;32;78.755;50.300
857;32;12;78.755;73.470
858;12;33;55.847;52.270
858;33;12;55.847;75.830
859;12;34;107.109;60.070
859;34;12;107.109;84.210
860;12;34;113.036;60.300
860;34;12;113.036;84.440
861;12;35;62.639;58.190
861;35;12;62.639;82.550
862;12;35;60.071;70.810
862;35;12;60.071;95.170
863;12;36;92.290;46.750
863;36;12;92.290;71.590
864;12;37;80.754;48.460
864;37;12;80.754;74.300
865;12;37;72.712;53.880
865;37;12;72.712;79.720
866;12;38;72.211;55.410
866;38;12;72.211;81.750
867;12;38;70.760;53.970
867;38;12;70.760;80.310
868;12;38;73.264;48.870
868;38;12;73.264;75.210
869;12;39;32.509;24.340
869;39;12;77.509;95.260
870;12;39;40.314;2.060
870;39;12;85.314;72.980
871;13;14;108.342;88.820
871;14;13;108.342;89.660
872;13;14;93.081;81.940
872;14;13;93.081;82.780
873;13;14;118.503;87.830
873;14;13;118.503;88.670
874;13;15;91.588;73.630
874;15;13;91.588;79.890
875;13;16;74.071;69.720
875;16;13;74.071;82.280
876;13;17;104.384;73.700
876;17;13;104.384;86.870
877;13;17;115.689;67.690
877;17;13;115.689;80.860
878;13;17;94.063;61.190
878;17;13;94.063;74.360
879;13;18;104.345;71.870
879;18;13;104.345;85.390
880;13;18;118.434;74.360
880;18;13;118.434;87.880
881;13;19;82.522;67.450
881;19;13;82.522;81.830
882;13;19;74.674;71.570
882;19;13;74.674;85.950
883;13;20;100.241;61.070
883;20;13;100.241;75.540
884;13;20;96.192;75.220
884;20;13;96.192;89.690
885;13;20;103.179;73.440
885;20;13;103.179;87.910
886;13;21;103.104;72.090
886;21;13;103.104;86.860
887;13;22;92.619;65.810
887;22;13;92.619;81.010
888;13;23;91.349;69.760
888;23;13;91.349;85.900
889;13;23;102.179;73.700
889;23;13;102.179;89.840
890;13;23;92.170;64.010
890;23;13;92.170;80.150
891;13;24;68.013;63.090
891;24;13;68.013;80.100
892;13;24;71.333;71.640
892;24;13;71.333;88.650
893;13;24;65.097;75.520
893;24;13;65.097;92.530
894;13;25;111.473;73.640
894;25;13;111.473;91.140
895;13;26;93.658;62.710
895;26;13;93.658;80.590
896;13;26;91.217;60.760
896;26;13;91.217;78.640
897;13;26;104.291;57.650
897;26;13;104.291;75.530
898;13;27;75.799;67.850
898;27;13;75.799;86.760
899;13;27;70.681;67.000
899;27;13;70.681;85.910
900;13;27;71.425;53.880
900;27;13;71.425;72.790
901;13;28;87.246;63.190
901;28;13;87.246;83.730
902;13;29;83.888;56.680
902;29;13;83.888;77.660
903;13;30;94.026;70.680
903;30;13;94.026;93.360
904;13;31;92.035;63.440
904;31;13;92.035;86.130
905;13;32;108.534;48.860
905;32;13;108.534;71.680
906;13;32;118.763;60.500
906;32;13;118.763;83.320
907;13;32;95.682;48.400
907;32;13;95.682;71.220
908;13;33;97.921;59.810
908;33;13;97.921;83.020
909;13;34;113.492;62.170
909;34;13;113.492;85.960
910;13;34;112.594;51.590
910;34;13;112.594;75.380
911;13;34;112.118;54.070
911;34;13;112.118;77.860
912;13;35;80.723;67.150
912;35;13;80.723;91.160
913;13;35;77.748;66.180
913;35;13;77.748;90.190
914;13;35;71.957;52.610
914;35;13;71.957;76.620
915;13;36;127.212;47.740
915;36;13;127.212;72.230
916;13;36;134.292;59.490
916;36;13;134.292;83.980
917;13;36;147.574;68.420
917;36;13;147.574;92.910
918;13;37;61.878;59.870
918;37;13;61.878;85.360
919;13;37;64.891;56.430
919;37;13;64.891;81.920
920;13;37;65.200;45.520
920;37;13;65.200;71.010
921;13;38;73.316;64.800
921;38;13;73.316;90.790
922;13;38;73.559;53.390
922;38;13;73.559;79.380
923;13;39;54.909;5.140
923;39;13;99.909;75.710
924;13;39;68.057;14.690
924;39;13;113.057;85.260
925;14;15;84.479;64.600
925;15;14;84.479;70.020
926;14;16;82.998;63.890
926;16;14;82.998;75.610
927;14;17;68.621;62.310
927;17;14;68.621;74.640
928;14;17;74.192;73.280
928;17;14;74.192;85.610
929;14;17;66.644;76.680
929;17;14;66.644;89.010
930;14;18;113.670;81.950
930;18;14;113.670;94.630
931;14;18;117.285;68.690
931;18;14;117.285;81.370
932;14;19;81.011;69.310
932;19;14;81.011;82.850
933;14;19;88.555;71.230
933;19;14;88.555;84.770
934;14;19;73.647;61.490
934;19;14;73.647;75.030
935;14;20;113.247;66.720
935;20;14;113.247;80.350
936;14;21;84.149;58.150
936;21;14;84.149;72.080
937;14;22;73.647;79.780
937;22;14;73.647;94.140
938;14;22;76.690;61.530
938;22;14;76.690;75.890
939;14;23;74.936;66.430
939;23;14;74.936;81.730
940;14;24;86.918;76.250
940;24;14;86.918;92.420
941;14;25;52.444;71.200
941;25;14;52.444;87.860
942;14;25;51.078;74.810
942;25;14;51.078;91.470
943;14;25;52.608;75.670
943;25;14;52.608;92.330
944;14;26;87.272;56.810
944;26;14;87.272;73.850
945;14;26;87.406;71.860
945;26;14;87.406;88.900
946;14;27;111.005;58.440
946;27;14;111.005;76.510
947;14;27;124.561;71.610
947;27;14;124.561;89.680
948;14;28;77.050;52.390
948;28;14;77.050;72.090
949;14;28;71.849;72.820
949;28;14;71.849;92.520
950;14;29;138.102;49.970
950;29;14;138.102;70.110
951;14;30;75.323;56.650
951;30;14;75.323;78.490
952;14;31;74.303;71.060
952;31;14;74.303;92.910
953;14;31;74.965;51.320
953;31;14;74.965;73.170
954;14;31;80.921;70.050
954;31;14;80.921;91.900
955;14;32;63.077;58.120
955;32;14;63.077;80.100
956;14;33;68.458;59.430
956;33;14;68.458;81.800
957;14;33;70.795;62.920
957;33;14;70.795;85.290
958;14;33;69.362;60.740
958;33;14;69.362;83.110
959;14;34;120.070;56.530
959;34;14;120.070;79.480
960;14;35;76.358;60.310
960;35;14;76.358;83.480
961;14;35;79.967;63.590
961;35;14;79.967;86.760
962;14;35;76.350;68.090
962;35;14;76.350;91.260
963;14;36;79.657;47.440
963;36;14;79.657;71.090
964;14;36;83.067;51.450
964;36;14;83.067;75.100
965;14;36;74.190;47.150
965;36;14;74.190;70.800
966;14;37;93.040;56.050
966;37;14;93.040;80.700
967;14;37;103.639;49.600
967;37;14;103.639;74.250
968;14;37;103.480;53.550
968;37;14;103.480;78.200
969;14;38;85.964;61.280
969;38;14;85.964;86.430
970;14;39;45.309;8.270
970;39;14;90.309;78.000
971;14;39;45.419;15.010
971;39;14;90.419;84.740
972;14;39;34.240;8.450
972;39;14;79.240;78.180
973;15;16;65.413;59.050
973;16;15;65.413;65.350
974;15;16;66.842;62.420
974;16;15;66.842;68.720
975;15;17;64.811;70.130
975;17;15;64.811;77.040
976;15;18;74.708;65.690
976;18;15;74.708;72.950
977;15;18;80.988;73.450
977;18;15;80.988;80.710
978;15;18;71.751;64.860
978;18;15;71.751;72.120
979;15;19;56.015;59.770
979;19;15;56.015;67.890
980;15;20;73.843;58.780
980;20;15;73.843;66.990
981;15;20;70.516;72.850
981;20;15;70.516;81.060
982;15;21;56.562;80.090
982;21;15;56.562;88.600
983;15;21;56.923;60.530
983;21;15;56.923;69.040
984;15;21;56.914;80.520
984;21;15;56.914;89.030
985;15;22;55.906;70.520
985;22;15;55.906;79.460
986;15;22;58.075;69.630
986;22;15;58.075;78.570
987;15;23;54.821;68.250
987;23;15;54.821;78.130
988;15;23;57.001;75.930
988;23;15;57.001;85.810
989;15;23;52.572;65.190
989;23;15;52.572;75.070
990;15;24;71.476;72.350
990;24;15;71.476;83.100
991;15;24;74.365;68.830
991;24;15;74.365;79.580
992;15;24;65.580;74.760
992;24;15;65.580;85.510
993;15;25;91.506;60.340
993;25;15;91.506;71.580
994;15;26;48.511;77.170
994;26;15;48.511;88.790
995;15;27;112.324;67.300
995;27;15;112.324;79.950
996;15;27;107.663;69.600
996;27;15;107.663;82.250
997;15;28;54.857;52.580
997;28;15;54.857;66.860
998;15;28;54.671;58.310
998;28;15;54.671;72.590
999;15;28;54.368;60.960
999;28;15;54.368;75.240
1000;15;29;130.017;73.220
1000;29;15;130.017;87.940
1001;15;30;54.212;60.780
1001;30;15;54.212;77.200
1002;15;30;52.766;69.400
1002;30;15;52.766;85.820
1003;15;30;52.867;49.950
1003;30;15;52.867;66.370
1004;15;31;55.322;62.110
1004;31;15;55.322;78.540
1005;15;31;54.078;60.510
1005;31;15;54.078;76.940
1006;15;32;97.865;67.570
1006;32;15;97.865;84.130
1007;15;32;90.565;60.630
1007;32;15;90.565;77.190
1008;15;33;61.386;54.640
1008;33;15;61.386;71.590
1009;15;33;64.196;52.340
1009;33;15;64.196;69.290
1010;15;33;60.091;52.400
1010;33;15;60.091;69.350
1011;15;34;82.204;71.040
1011;34;15;82.204;88.570
1012;15;34;77.876;50.980
1012;34;15;77.876;68.510
1013;15;34;76.925;60.150
1013;34;15;76.925;77.680
1014;15;35;63.112;56.770
1014;35;15;63.112;74.520
1015;15;35;62.068;69.990
1015;35;15;62.068;87.740
1016;15;36;117.753;68.770
1016;36;15;117.753;87.000
1017;15;36;135.057;70.220
1017;36;15;135.057;88.450
1018;15;36;132.522;46.670
1018;36;15;132.522;64.900
1019;15;37;75.833;60.610
1019;37;15;75.833;79.840
1020;15;37;74.473;51.990
1020;37;15;74.473;71.220
1021;15;37;72.707;46.160
1021;37;15;72.707;65.390
1022;15;38;64.211;47.690
1022;38;15;64.211;67.420
1023;15;38;66.447;58.120
1023;38;15;66.447;77.850
1024;15;38;61.352;58.780
1024;38;15;61.352;78.510
1025;15;39;9.829;21.190
1025;39;15;54.829;85.500
1026;15;39;8.864;19.090
1026;39;15;53.864;83.400
1027;16;17;75.314;71.430
1027;17;16;75.314;72.040
1028;16;18;89.354;60.010
1028;18;16;89.354;60.970
1029;16;18;83.460;76.640
1029;18;16;83.460;77.600
1030;16;18;98.513;80.320
1030;18;16;98.513;81.280
1031;16;19;54.569;64.000
1031;19;16;54.569;65.820
1032;16;19;52.513;65.020
1032;19;16;52.513;66.840
1033;16;19;52.182;73.180
1033;19;16;52.182;75.000
1034;16;20;86.726;80.490
1034;20;16;86.726;82.400
1035;16;20;77.050;66.610
1035;20;16;77.050;68.520
1036;16;21;76.014;77.010
1036;21;16;76.014;79.220
1037;16;22;63.660;74.780
1037;22;16;63.660;77.420
1038;16;22;66.578;76.100
1038;22;16;66.578;78.740
1039;16;22;61.685;57.110
1039;22;16;61.685;59.750
1040;16;23;62.491;79.040
1040;23;16;62.491;82.620
1041;16;24;51.439;68.980
1041;24;16;51.439;73.430
1042;16;24;50.594;53.590
1042;24;16;50.594;58.040
1043;16;24;51.514;62.250
1043;24;16;51.514;66.700
1044;16;25;88.031;74.970
1044;25;16;88.031;79.910
1045;16;25;96.103;72.680
1045;25;16;96.103;77.620
1046;16;26;68.466;61.030
1046;26;16;68.466;66.350
1047;16;27;91.911;55.690
1047;27;16;91.911;62.040
1048;16;28;58.515;53.410
1048;28;16;58.515;61.390
1049;16;28;60.025;55.450
1049;28;16;60.025;63.430
1050;16;29;110.940;60.130
1050;29;16;110.940;68.550
1051;16;30;65.307;70.260
1051;30;16;65.307;80.380
1052;16;31;63.125;67.690
1052;31;16;63.125;77.820
1053;16;31;60.367;64.090
1053;31;16;60.367;74.220
1054;16;31;58.719;48.320
1054;31;16;58.719;58.450
1055;16;32;89.586;72.600
1055;32;16;89.586;82.860
1056;16;33;68.863;53.820
1056;33;16;68.863;64.470
1057;16;33;69.657;56.310
1057;33;16;69.657;66.960
1058;16;33;72.360;53.890
1058;33;16;72.360;64.540
1059;16;34;98.226;60.990
1059;34;16;98.226;72.220
1060;16;35;52.038;51.400
1060;35;16;52.038;62.850
1061;16;35;52.140;53.360
1061;35;16;52.140;64.810
1062;16;36;110.123;55.970
1062;36;16;110.123;67.900
1063;16;37;57.194;59.360
1063;37;16;57.194;72.290
1064;16;38;48.584;50.270
1064;38;16;48.584;63.700
1065;16;39;30.107;21.230
1065;39;16;75.107;79.240
1066;16;39;26.272;20.050
1066;39;16;71.272;78.060
1067;16;39;25.741;10.910
1067;39;16;70.741;68.920
1068;17;18;91.481;61.420
1068;18;17;91.481;61.770
1069;17;18;95.027;61.120
1069;18;17;95.027;61.470
1070;17;19;67.821;60.510
1070;19;17;67.821;61.720
1071;17;20;91.777;62.770
1071;20;17;91.777;64.070
1072;17;20;101.048;73.780
1072;20;17;101.048;75.080
1073;17;21;60.801;70.980
1073;21;17;60.801;72.580
1074;17;22;57.156;71.020
1074;22;17;57.156;73.050
1075;17;22;58.079;73.060
1075;22;17;58.079;75.090
1076;17;23;58.644;73.560
1076;23;17;58.644;76.530
1077;17;23;55.795;78.900
1077;23;17;55.795;81.870
1078;17;24;81.496;67.440
1078;24;17;81.496;71.280
1079;17;24;85.209;67.180
1079;24;17;85.209;71.020
1080;17;25;76.063;77.870
1080;25;17;76.063;82.200
1081;17;26;66.487;57.850
1081;26;17;66.487;62.560
1082;17;26;69.983;66.540
1082;26;17;69.983;71.250
1083;17;27;117.778;52.520
1083;27;17;117.778;58.260
1084;17;28;62.705;60.970
1084;28;17;62.705;68.340
1085;17;29;140.389;54.490
1085;29;17;140.389;62.300
1086;17;29;156.396;66.130
1086;29;17;156.396;73.940
1087;17;30;56.738;60.830
1087;30;17;56.738;70.340
1088;17;30;58.381;68.750
1088;30;17;58.381;78.260
1089;17;30;59.064;69.190
1089;30;17;59.064;78.700
1090;17;31;57.858;62.570
1090;31;17;57.858;72.090
1091;17;31;58.678;60.900
1091;31;17;58.678;70.420
1092;17;32;85.482;60.520
1092;32;17;85.482;70.170
1093;17;33;51.533;71.380
1093;33;17;51.533;81.420
1094;17;34;97.078;66.130
1094;34;17;97.078;76.750
1095;17;35;68.871;60.560
1095;35;17;68.871;71.400
1096;17;36;103.279;51.580
1096;36;17;103.279;62.900
1097;17;37;87.507;48.310
1097;37;17;87.507;60.630
1098;17;37;80.934;52.440
1098;37;17;80.934;64.760
1099;17;37;89.335;64.380
1099;37;17;89.335;76.700
1100;17;38;76.487;67.280
1100;38;17;76.487;80.100
1101;17;39;22.688;3.940
1101;39;17;67.688;61.340
1102;17;39;25.408;3.530
1102;39;17;70.408;60.930
1103;18;19;82.779;73.550
1103;19;18;82.779;74.410
1104;18;20;49.525;77.230
1104;20;18;49.525;78.180
1105;18;20;50.452;61.700
1105;20;18;50.452;62.650
1106;18;21;76.099;67.040
1106;21;18;76.099;68.290
1107;18;21;69.966;73.830
1107;21;18;69.966;75.080
1108;18;21;76.993;75.170
1108;21;18;76.993;76.420
1109;18;22;85.525;67.970
1109;22;18;85.525;69.650
1110;18;22;90.785;78.800
1110;22;18;90.785;80.480
1111;18;23;84.523;66.550
1111;23;18;84.523;69.170
1112;18;24;93.206;53.910
1112;24;18;93.206;57.400
1113;18;25;120.887;65.970
1113;25;18;120.887;69.950
1114;18;25;116.773;61.160
1114;25;18;116.773;65.140
1115;18;25;134.827;64.210
1115;25;18;134.827;68.190
1116;18;26;71.558;59.500
1116;26;18;71.558;63.860
1117;18;27;132.213;52.660
1117;27;18;132.213;58.050
1118;18;28;84.024;58.650
1118;28;18;84.024;65.670
1119;18;28;85.860;71.210
1119;28;18;85.860;78.230
1120;18;28;86.565;66.790
1120;28;18;86.565;73.810
1121;18;29;142.123;67.000
1121;29;18;142.123;74.460
1122;18;29;119.968;58.050
1122;29;18;119.968;65.510
1123;18;29;158.334;56.910
1123;29;18;158.334;64.370
1124;18;30;83.506;51.950
1124;30;18;83.506;61.110
1125;18;31;84.989;62.980
1125;31;18;84.989;72.150
1126;18;31;87.733;70.050
1126;31;18;87.733;79.220
1127;18;31;75.913;56.700
1127;31;18;75.913;65.870
1128;18;32;127.570;65.310
1128;32;18;127.570;74.610
1129;18;32;109.996;61.480
1129;32;18;109.996;70.780
1130;18;33;90.212;71.680
1130;33;18;90.212;81.370
1131;18;33;86.028;50.950
1131;33;18;86.028;60.640
1132;18;33;92.191;50.380
1132;33;18;92.191;60.070
1133;18;34;54.263;62.930
1133;34;18;54.263;73.200
1134;18;35;90.540;50.390
1134;35;18;90.540;60.880
1135;18;35;94.720;54.320
1135;35;18;94.720;64.810
1136;18;36;147.414;70.010
1136;36;18;147.414;80.980
1137;18;36;125.054;65.040
1137;36;18;125.054;76.010
1138;18;37;94.264;59.260
1138;37;18;94.264;71.230
1139;18;37;106.203;66.210
1139;37;18;106.203;78.180
1140;18;37;99.891;49.790
1140;37;18;99.891;61.760
1141;18;38;86.344;64.450
1141;38;18;86.344;76.920
1142;18;39;23.796;19.000
1142;39;18;68.796;76.050
1143;18;39;21.474;18.180
1143;39;18;66.474;75.230
1144;18;39;25.261;24.900
1144;39;18;70.261;81.950
1145;19;20;80.865;60.290
1145;20;19;80.865;60.380
1146;19;20;75.928;79.240
1146;20;19;75.928;79.330
1147;19;21;66.460;57.700
1147;21;19;66.460;58.090
1148;19;21;65.154;60.280
1148;21;19;65.154;60.670
1149;19;22;55.664;67.850
1149;22;19;55.664;68.670
1150;19;23;54.197;57.360
1150;23;19;54.197;59.120
1151;19;24;60.883;61.270
1151;24;19;60.883;63.900
1152;19;24;62.111;77.610
1152;24;19;62.111;80.240
1153;19;25;87.199;72.010
1153;25;19;87.199;75.130
1154;19;25;93.702;55.310
1154;25;19;93.702;58.430
1155;19;26;59.274;66.770
1155;26;19;59.274;70.270
1156;19;26;57.075;70.570
1156;26;19;57.075;74.070
1157;19;26;58.144;55.010
1157;26;19;58.144;58.510
1158;19;27;101.410;66.790
1158;27;19;101.410;71.320
1159;19;27;113.447;59.000
1159;27;19;113.447;63.530
1160;19;28;50.126;55.280
1160;28;19;50.126;61.440
1161;19;28;50.952;57.090
1161;28;19;50.952;63.250
1162;19;28;50.657;50.430
1162;28;19;50.657;56.590
1163;19;29;120.189;68.440
1163;29;19;120.189;75.040
1164;19;30;56.609;62.620
1164;30;19;56.609;70.920
1165;19;30;56.457;66.860
1165;30;19;56.457;75.160
1166;19;30;57.549;63.740
1166;30;19;57.549;72.040
1167;19;31;54.969;53.830
1167;31;19;54.969;62.140
1168;19;32;91.320;69.340
1168;32;19;91.320;77.780
1169;19;32;88.584;52.220
1169;32;19;88.584;60.660
1170;19;33;61.888;63.840
1170;33;19;61.888;72.670
1171;19;33;65.905;61.420
1171;33;19;65.905;70.250
1172;19;34;91.158;49.850
1172;34;19;91.158;59.260
1173;19;34;82.105;60.260
1173;34;19;82.105;69.670
1174;19;34;81.629;62.580
1174;34;19;81.629;71.990
1175;19;35;52.787;60.150
1175;35;19;52.787;69.780
1176;19;35;54.157;69.900
1176;35;19;54.157;79.530
1177;19;36;111.786;55.980
1177;36;19;111.786;66.090
1178;19;37;65.965;52.160
1178;37;19;65.965;63.270
1179;19;37;64.677;47.190
1179;37;19;64.677;58.300
1180;19;37;65.919;45.950
1180;37;19;65.919;57.060
1181;19;38;54.217;61.210
1181;38;19;54.217;72.820
1182;19;38;55.324;63.750
1182;38;19;55.324;75.360
1183;19;39;20.827;15.800
1183;39;19;65.827;71.990
1184;19;39;17.929;21.850
1184;39;19;62.929;78.040
1185;19;39;19.001;9.340
1185;39;19;64.001;65.530
1186;20;21;76.925;80.610
1186;21;20;76.925;80.910
1187;20;21;80.021;66.090
1187;21;20;80.021;66.390
1188;20;22;84.749;57.130
1188;22;20;84.749;57.860
1189;20;23;83.619;59.990
1189;23;20;83.619;61.660
1190;20;24;90.161;75.280
1190;24;20;90.161;77.820
1191;20;25;120.336;76.860
1191;25;20;120.336;79.890
1192;20;25;130.781;66.490
1192;25;20;130.781;69.520
1193;20;26;70.983;53.240
1193;26;20;70.983;56.650
1194;20;27;128.520;74.360
1194;27;20;128.520;78.800
1195;20;27;117.546;62.170
1195;27;20;117.546;66.610
1196;20;27;119.460;58.640
1196;27;20;119.460;63.080
1197;20;28;82.659;66.490
1197;28;20;82.659;72.560
1198;20;28;81.405;67.550
1198;28;20;81.405;73.620
1199;20;29;137.806;62.630
1199;29;20;137.806;69.140
1200;20;29;145.923;63.940
1200;29;20;145.923;70.450
1201;20;29;116.978;63.550
1201;29;20;116.978;70.060
1202;20;30;82.927;56.320
1202;30;20;82.927;64.530
1203;20;30;88.549;71.730
1203;30;20;88.549;79.940
1204;20;30;77.626;48.090
1204;30;20;77.626;56.300
1205;20;31;84.156;57.710
1205;31;20;84.156;65.930
1206;20;32;126.435;55.610
1206;32;20;126.435;63.960
1207;20;32;111.795;63.940
1207;32;20;111.795;72.290
1208;20;32;115.992;71.220
1208;32;20;115.992;79.570
1209;20;33;89.883;65.700
1209;33;20;89.883;74.440
1210;20;33;97.712;67.030
1210;33;20;97.712;75.770
1211;20;33;93.827;53.780
1211;33;20;93.827;62.520
1212;20;34;58.266;62.680
1212;34;20;58.266;72.000
1213;20;35;88.521;56.690
1213;35;20;88.521;66.230
1214;20;36;146.520;55.240
1214;36;20;146.520;65.260
1215;20;36;167.660;68.840
1215;36;20;167.660;78.860
1216;20;37;90.803;51.250
1216;37;20;90.803;62.270
1217;20;37;82.733;52.990
1217;37;20;82.733;64.010
1218;20;37;91.668;49.450
1218;37;20;91.668;60.470
1219;20;38;83.557;56.730
1219;38;20;83.557;68.250
1220;20;38;92.048;51.270
1220;38;20;92.048;62.790
1221;20;38;74.493;66.680
1221;38;20;74.493;78.200
1222;20;39;24.350;21.020
1222;39;20;69.350;77.120
1223;21;22;60.269;64.100
1223;22;21;60.269;64.530
1224;21;22;60.062;69.900
1224;22;21;60.062;70.330
1225;21;22;60.118;79.870
1225;22;21;60.118;80.300
1226;21;23;60.402;78.210
1226;23;21;60.402;79.580
1227;21;24;82.336;67.450
1227;24;21;82.336;69.690
1228;21;25;91.577;54.960
1228;25;21;91.577;57.690
1229;21;26;55.342;70.980
1229;26;21;55.342;74.090
1230;21;26;53.781;54.210
1230;26;21;53.781;57.320
1231;21;27;122.629;65.860
1231;27;21;122.629;70.000
1232;21;27;130.336;60.020
1232;27;21;130.336;64.160
1233;21;27;126.550;71.140
1233;27;21;126.550;75.280
1234;21;28;63.193;56.740
1234;28;21;63.193;62.510
1235;21;28;63.903;61.650
1235;28;21;63.903;67.420
1236;21;29;141.388;72.520
1236;29;21;141.388;78.730
1237;21;29;135.655;73.210
1237;29;21;135.655;79.420
1238;21;30;57.698;64.230
1238;30;21;57.698;72.140
1239;21;30;55.605;56.570
1239;30;21;55.605;64.480
1240;21;30;55.891;57.340
1240;30;21;55.891;65.250
1241;21;31;60.254;66.690
1241;31;21;60.254;74.610
1242;21;31;61.933;48.830
1242;31;21;61.933;56.750
1243;21;31;58.053;66.780
1243;31;21;58.053;74.700
1244;21;32;100.131;58.270
1244;32;21;100.131;66.320
1245;21;32;98.630;52.170
1245;32;21;98.630;60.220
1246;21;33;61.630;57.700
1246;33;21;61.630;66.140
1247;21;33;64.997;62.990
1247;33;21;64.997;71.430
1248;21;34;81.293;54.570
1248;34;21;81.293;63.590
1249;21;34;88.513;49.730
1249;34;21;88.513;58.750
1250;21;35;72.113;65.990
1250;35;21;72.113;75.230
1251;21;35;68.012;58.740
1251;35;21;68.012;67.980
1252;21;36;118.727;56.670
1252;36;21;118.727;66.390
1253;21;37;87.114;66.660
1253;37;21;87.114;77.380
1254;21;37;91.580;50.390
1254;37;21;91.580;61.110
1255;21;38;75.354;52.070
1255;38;21;75.354;63.290
1256;21;38;78.600;56.400
1256;38;21;78.600;67.620
1257;21;38;77.983;60.530
1257;38;21;77.983;71.750
1258;21;39;7.648;7.670
1258;39;21;52.648;63.470
1259;21;39;8.899;19.070
1259;39;21;53.899;74.870
1260;22;23;46.561;60.900
1260;23;22;46.561;61.840
1261;22;24;70.033;75.300
1261;24;22;70.033;77.110
1262;22;25;80.612;71.000
1262;25;22;80.612;73.300
1263;22;25;78.513;63.740
1263;25;22;78.513;66.040
1264;22;26;58.977;55.130
1264;26;22;58.977;57.810
1265;22;26;61.497;73.480
1265;26;22;61.497;76.160
1266;22;26;55.773;62.750
1266;26;22;55.773;65.430
1267;22;27;108.546;56.330
1267;27;22;108.546;60.040
1268;22;28;50.552;51.720
1268;28;22;50.552;57.060
1269;22;28;49.699;65.000
1269;28;22;49.699;70.340
1270;22;28;50.056;67.970
1270;28;22;50.056;73.310
1271;22;29;129.450;60.840
1271;29;22;129.450;66.620
1272;22;29;121.699;54.930
1272;29;22;121.699;60.710
1273;22;29;130.012;67.440
1273;29;22;130.012;73.220
1274;22;30;47.584;72.590
1274;30;22;47.584;80.070
1275;22;31;45.760;66.290
1275;31;22;45.760;73.780
1276;22;32;87.153;48.340
1276;32;22;87.153;55.960
1277;22;32;76.970;61.750
1277;32;22;76.970;69.370
1278;22;33;51.489;49.420
1278;33;22;51.489;57.430
1279;22;33;52.576;60.660
1279;33;22;52.576;68.670
1280;22;33;52.105;64.980
1280;33;22;52.105;72.990
1281;22;34;92.699;67.940
1281;34;22;92.699;76.530
1282;22;34;80.783;47.150
1282;34;22;80.783;55.740
1283;22;35;57.982;47.980
1283;35;22;57.982;56.790
1284;22;35;58.255;62.110
1284;35;22;58.255;70.920
1285;22;35;55.512;56.310
1285;35;22;55.512;65.120
1286;22;36;106.891;68.940
1286;36;22;106.891;78.230
1287;22;36;113.413;58.500
1287;36;22;113.413;67.790
1288;22;36;106.314;48.800
1288;36;22;106.314;58.090
1289;22;37;75.794;45.520
1289;37;22;75.794;55.810
1290;22;37;71.020;58.800
1290;37;22;71.020;69.090
1291;22;37;74.092;65.170
1291;37;22;74.092;75.460
1292;22;38;64.461;53.420
1292;38;22;64.461;64.210
1293;22;38;64.398;65.570
1293;38;22;64.398;76.360
1294;22;39;18.520;17.320
1294;39;22;63.520;72.690
1295;22;39;16.657;22.650
1295;39;22;61.657;78.020
1296;22;39;18.242;15.260
1296;39;22;63.242;70.630
1297;23;24;68.902;73.130
1297;24;23;68.902;74.000
1298;23;24;70.828;77.720
1298;24;23;70.828;78.590
1299;23;25;81.823;66.300
1299;25;23;81.823;67.660
1300;23;25;85.283;61.390
1300;25;23;85.283;62.750
1301;23;25;79.775;75.960
1301;25;23;79.775;77.320
1302;23;26;58.048;75.340
1302;26;23;58.048;77.080
1303;23;26;55.229;77.370
1303;26;23;55.229;79.110
1304;23;26;57.282;72.550
1304;26;23;57.282;74.290
1305;23;27;107.847;54.590
1305;27;23;107.847;57.360
1306;23;28;49.137;68.970
1306;28;23;49.137;73.370
1307;23;29;128.380;56.840
1307;29;23;128.380;61.680
1308;23;29;123.163;71.700
1308;29;23;123.163;76.540
1309;23;30;47.941;69.820
1309;30;23;47.941;76.360
1310;23;30;47.763;66.840
1310;30;23;47.763;73.380
1311;23;30;47.352;53.070
1311;30;23;47.352;59.610
1312;23;31;45.806;58.480
1312;31;23;45.806;65.030
1313;23;32;88.066;64.380
1313;32;23;88.066;71.060
1314;23;32;87.038;63.310
1314;32;23;87.038;69.990
1315;23;32;81.049;64.620
1315;32;23;81.049;71.300
1316;23;33;53.048;61.710
1316;33;23;53.048;68.780
1317;23;33;52.129;60.300
1317;33;23;52.129;67.370
1318;23;34;91.864;67.280
1318;34;23;91.864;74.930
1319;23;34;99.471;62.020
1319;34;23;99.471;69.670
1320;23;35;57.161;56.240
1320;35;23;57.161;64.110
1321;23;35;56.031;71.370
1321;35;23;56.031;79.240
1322;23;36;107.935;48.080
1322;36;23;107.935;56.430
1323;23;36;100.479;64.990
1323;36;23;100.479;73.340
1324;23;36;121.894;55.340
1324;36;23;121.894;63.690
1325;23;37;74.563;46.490
1325;37;23;74.563;55.840
1326;23;37;69.033;68.400
1326;37;23;69.033;77.750
1327;23;38;63.117;62.820
1327;38;23;63.117;72.670
1328;23;39;17.999;15.560
1328;39;23;62.999;69.990
1329;24;25;91.214;64.130
1329;25;24;91.214;64.620
1330;24;26;74.347;53.480
1330;26;24;74.347;54.350
1331;24;26;74.775;62.120
1331;26;24;74.775;62.990
1332;24;26;75.927;60.620
1332;26;24;75.927;61.490
1333;24;27;86.023;61.330
1333;27;24;86.023;63.230
1334;24;27;78.736;61.730
1334;27;24;78.736;63.630
1335;24;28;64.951;53.000
1335;28;24;64.951;56.530
1336;24;29;104.503;73.410
1336;29;24;104.503;77.380
1337;24;29;96.443;73.080
1337;29;24;96.443;77.050
1338;24;29;104.382;62.930
1338;29;24;104.382;66.900
1339;24;30;71.735;49.750
1339;30;24;71.735;55.420
1340;24;30;76.616;61.880
1340;30;24;76.616;67.550
1341;24;31;69.519;55.900
1341;31;24;69.519;61.580
1342;24;32;91.157;50.860
1342;32;24;91.157;56.670
1343;24;32;85.739;58.800
1343;32;24;85.739;64.610
1344;24;32;99.856;60.620
1344;32;24;99.856;66.430
1345;24;33;74.993;51.110
1345;33;24;74.993;57.310
1346;24;34;102.301;58.720
1346;34;24;102.301;65.500
1347;24;34;88.636;53.240
1347;34;24;88.636;60.020
1348;24;34;103.413;56.790
1348;34;24;103.413;63.570
1349;24;35;57.716;48.650
1349;35;24;57.716;55.650
1350;24;36;111.402;58.160
1350;36;24;111.402;65.640
1351;24;37;51.310;58.970
1351;37;24;51.310;67.450
1352;24;37;52.806;57.960
1352;37;24;52.806;66.440
1353;24;37;50.507;59.080
1353;37;24;50.507;67.560
1354;24;38;52.472;50.440
1354;38;24;52.472;59.420
1355;24;38;50.758;45.450
1355;38;24;50.758;54.430
1356;24;39;35.994;19.430
1356;39;24;80.994;72.990
1357;24;39;37.014;18.670
1357;39;24;82.014;72.230
1358;25;26;94.405;58.790
1358;26;25;94.405;59.170
1359;25;26;82.504;66.680
1359;26;25;82.504;67.060
1360;25;27;110.697;52.000
1360;27;25;110.697;53.410
1361;25;27;119.127;71.650
1361;27;25;119.127;73.060
1362;25;27;120.229;56.300
1362;27;25;120.229;57.710
1363;25;28;83.597;66.440
1363;28;25;83.597;69.480
1364;25;29;138.798;63.410
1364;29;25;138.798;66.890
1365;25;29;154.003;52.590
1365;29;25;154.003;56.070
1366;25;29;140.259;65.660
1366;29;25;140.259;69.140
1367;25;30;82.429;57.200
1367;30;25;82.429;62.380
1368;25;30;74.376;71.860
1368;30;25;74.376;77.040
1369;25;31;81.234;57.130
1369;31;25;81.234;62.320
1370;25;32;57.158;65.010
1370;32;25;57.158;70.330
1371;25;32;60.078;50.260
1371;32;25;60.078;55.580
1372;25;32;56.938;64.640
1372;32;25;56.938;69.960
1373;25;33;75.721;72.290
1373;33;25;75.721;78.000
1374;25;34;127.420;64.650
1374;34;25;127.420;70.940
1375;25;34;117.544;59.700
1375;34;25;117.544;65.990
1376;25;34;130.673;50.820
1376;34;25;130.673;57.110
1377;25;35;81.791;55.200
1377;35;25;81.791;61.710
1378;25;35;79.029;46.630
1378;35;25;79.029;53.140
1379;25;35;72.876;57.420
1379;35;25;72.876;63.930
1380;25;36;72.216;67.370
1380;36;25;72.216;74.360
1381;25;36;68.645;69.220
1381;36;25;68.645;76.210
1382;25;36;75.593;59.700
1382;36;25;75.593;66.690
1383;25;37;97.084;69.940
1383;37;25;97.084;77.930
1384;25;37;109.670;50.180
1384;37;25;109.670;58.170
1385;25;38;91.230;49.130
1385;38;25;91.230;57.620
1386;25;38;94.201;50.870
1386;38;25;94.201;59.360
1387;25;39;52.651;9.970
1387;39;25;97.651;63.040
1388;25;39;54.432;16.950
1388;39;25;99.432;70.020
1389;25;39;44.231;4.450
1389;39;25;89.231;57.520
1390;26;27;115.322;62.470
1390;27;26;115.322;63.500
1391;26;28;58.365;67.580
1391;28;26;58.365;70.240
1392;26;29;132.307;61.040
1392;29;26;132.307;64.140
1393;26;29;121.585;52.130
1393;29;26;121.585;55.230
1394;26;29;147.215;59.880
1394;29;26;147.215;62.980
1395;26;30;56.976;57.290
1395;30;26;56.976;62.090
1396;26;31;58.464;48.130
1396;31;26;58.464;52.940
1397;26;31;60.227;60.140
1397;31;26;60.227;64.950
1398;26;31;60.977;48.780
1398;31;26;60.977;53.590
1399;26;32;101.101;68.890
1399;32;26;101.101;73.830
1400;26;32;110.153;60.880
1400;32;26;110.153;65.820
1401;26;32;102.690;58.680
1401;32;26;102.690;63.620
1402;26;33;63.911;51.040
1402;33;26;63.911;56.370
1403;26;33;68.216;64.320
1403;33;26;68.216;69.650
1404;26;33;61.403;54.980
1404;33;26;61.403;60.310
1405;26;34;78.830;69.570
1405;34;26;78.830;75.480
1406;26;35;66.558;59.950
1406;35;26;66.558;66.080
1407;26;36;120.858;48.230
1407;36;26;120.858;54.840
1408;26;37;78.349;46.790
1408;37;26;78.349;54.400
1409;26;38;66.956;68.000
1409;38;26;66.956;76.110
1410;26;38;71.439;52.090
1410;38;26;71.439;60.200
1411;26;39;6.651;12.230
1411;39;26;51.651;64.920
1412;27;28;104.499;52.950
1412;28;27;104.499;54.580
1413;27;29;74.586;63.650
1413;29;27;74.586;65.720
1414;27;30;110.785;66.480
1414;30;27;110.785;70.250
1415;27;31;108.257;66.960
1415;31;27;108.257;70.740
1416;27;31;116.133;56.790
1416;31;27;116.133;60.570
1417;27;32;102.561;59.600
1417;32;27;102.561;63.510
1418;27;32;110.852;69.390
1418;32;27;110.852;73.300
1419;27;33;111.538;65.090
1419;33;27;111.538;69.390
1420;27;34;141.476;51.420
1420;34;27;141.476;56.300
1421;27;34;146.907;69.550
1421;34;27;146.907;74.430
1422;27;34;148.170;54.720
1422;34;27;148.170;59.600
1423;27;35;95.703;62.960
1423;35;27;95.703;68.060
1424;27;36;115.801;52.650
1424;36;27;115.801;58.230
1425;27;36;115.142;60.040
1425;36;27;115.142;65.620
1426;27;37;83.213;53.990
1426;37;27;83.213;60.570
1427;27;37;75.720;51.200
1427;37;27;75.720;57.780
1428;27;38;93.486;53.440
1428;38;27;93.486;60.520
1429;27;38;88.654;62.390
1429;38;27;88.654;69.470
1430;27;39;76.973;17.520
1430;39;27;121.973;69.180
1431;27;39;79.232;22.740
1431;39;27;124.232;74.400
1432;27;39;67.599;3.850
1432;39;27;112.599;55.510
1433;28;29;124.454;54.790
1433;29;28;124.454;55.230
1434;28;29;136.633;72.090
1434;29;28;136.633;72.530
1435;28;30;51.809;49.030
1435;30;28;51.809;51.170
1436;28;30;52.236;53.890
1436;30;28;52.236;56.030
1437;28;31;49.879;57.720
1437;31;28;49.879;59.870
1438;28;32;88.795;66.740
1438;32;28;88.795;69.020
1439;28;32;82.391;72.580
1439;32;28;82.391;74.860
1440;28;32;98.716;49.290
1440;32;28;98.716;51.570
1441;28;33;56.787;66.890
1441;33;28;56.787;69.560
1442;28;33;55.230;63.630
1442;33;28;55.230;66.300
1443;28;33;57.552;57.150
1443;33;28;57.552;59.820
1444;28;34;91.874;48.190
1444;34;28;91.874;51.440
1445;28;34;103.003;67.500
1445;34;28;103.003;70.750
1446;28;34;95.551;62.670
1446;34;28;95.551;65.920
1447;28;35;53.934;48.160
1447;35;28;53.934;51.630
1448;28;35;55.503;70.880
1448;35;28;55.503;74.350
1449;28;35;55.894;70.180
1449;35;28;55.894;73.650
1450;28;36;109.018;46.870
1450;36;28;109.018;50.820
1451;28;36;113.655;47.480
1451;36;28;113.655;51.430
1452;28;36;120.020;55.710
1452;36;28;120.020;59.660
1453;28;37;70.495;47.760
1453;37;28;70.495;52.710
1454;28;37;64.721;58.280
1454;37;28;64.721;63.230
1455;28;37;64.705;54.120
1455;37;28;64.705;59.070
1456;28;38;58.986;47.990
1456;38;28;58.986;53.440
1457;28;39;19.290;13.550
1457;39;28;64.290;63.580
1458;29;30;131.233;55.300
1458;30;29;131.233;57.000
1459;29;30;135.965;72.380
1459;30;29;135.965;74.080
1460;29;30;151.436;68.770
1460;30;29;151.436;70.470
1461;29;31;128.972;64.670
1461;31;29;128.972;66.380
1462;29;31;122.748;59.410
1462;31;29;122.748;61.120
1463;29;32;131.607;69.650
1463;32;29;131.607;71.490
1464;29;32;117.846;57.680
1464;32;29;117.846;59.520
1465;29;33;133.868;66.260
1465;33;29;133.868;68.490
1466;29;34;151.029;54.980
1466;34;29;151.029;57.790
1467;29;34;139.686;62.460
1467;34;29;139.686;65.270
1468;29;34;172.374;57.540
1468;34;29;172.374;60.350
1469;29;35;116.655;60.420
1469;35;29;116.655;63.450
1470;29;35;118.638;70.900
1470;35;29;118.638;73.930
1471;29;36;145.386;65.290
1471;36;29;145.386;68.800
1472;29;36;131.666;50.260
1472;36;29;131.666;53.770
1473;29;37;99.287;53.420
1473;37;29;99.287;57.930
1474;29;38;111.075;46.350
1474;38;29;111.075;51.360
1475;29;38;126.169;46.830
1475;38;29;126.169;51.840
1476;29;38;97.596;49.550
1476;38;29;97.596;54.560
1477;29;39;93.673;18.700
1477;39;29;138.673;68.290
1478;29;39;86.219;1.180
1478;39;29;131.219;50.770
1479;30;31;47.593;61.050
1479;31;30;47.593;61.060
1480;30;32;89.375;71.070
1480;32;30;89.375;71.210
1481;30;32;84.947;56.790
1481;32;30;84.947;56.930
1482;30;32;98.334;52.380
1482;32;30;98.334;52.520
1483;30;33;52.219;51.920
1483;33;30;52.219;52.450
1484;30;33;52.453;58.150
1484;33;30;52.453;58.680
1485;30;33;53.177;56.220
1485;33;30;53.177;56.750
1486;30;34;90.475;69.080
1486;34;30;90.475;70.190
1487;30;34;99.721;63.770
1487;34;30;99.721;64.880
1488;30;34;87.256;54.540
1488;34;30;87.256;55.650
1489;30;35;60.101;58.750
1489;35;30;60.101;60.080
1490;30;36;108.943;56.470
1490;36;30;108.943;58.280
1491;30;36;121.118;54.850
1491;36;30;121.118;56.660
1492;30;36;110.302;58.980
1492;36;30;110.302;60.790
1493;30;37;77.300;58.700
1493;37;30;77.300;61.510
1494;30;38;65.727;47.190
1494;38;30;65.727;50.500
1495;30;39;16.089;23.790
1495;39;30;61.089;71.680
1496;31;32;87.640;48.440
1496;32;31;87.640;48.570
1497;31;32;82.466;50.820
1497;32;31;82.466;50.950
1498;31;33;52.248;63.400
1498;33;31;52.248;63.920
1499;31;33;52.333;54.400
1499;33;31;52.333;54.920
1500;31;33;52.340;71.170
1500;33;31;52.340;71.690
1501;31;34;92.239;66.060
1501;34;31;92.239;67.160
1502;31;35;57.617;65.190
1502;35;31;57.617;66.510
1503;31;35;59.944;67.020
1503;35;31;59.944;68.340
1504;31;35;55.507;70.560
1504;35;31;55.507;71.880
1505;31;36;107.439;48.010
1505;36;31;107.439;49.810
1506;31;36;118.022;60.310
1506;36;31;118.022;62.110
1507;31;37;75.230;45.110
1507;37;31;75.230;47.910
1508;31;38;63.835;67.690
1508;38;31;63.835;70.990
1509;31;39;18.196;18.250
1509;39;31;63.196;66.130
1510;31;39;16.759;2.870
1510;39;31;61.759;50.750
1511;31;39;13.755;18.700
1511;39;31;58.755;66.580
1512;32;33;83.570;62.900
1512;33;32;83.570;63.290
1513;32;33;78.042;47.900
1513;33;32;78.042;48.290
1514;32;34;134.842;69.300
1514;34;32;134.842;70.270
1515;32;35;84.556;61.380
1515;35;32;84.556;62.570
1516;32;35;75.634;47.380
1516;35;32;75.634;48.570
1517;32;36;65.582;49.320
1517;36;32;65.582;50.990
1518;32;37;96.273;54.710
1518;37;32;96.273;57.380
1519;32;37;91.869;63.890
1519;37;32;91.869;66.560
1520;32;37;88.199;55.090
1520;37;32;88.199;57.760
1521;32;38;93.097;65.090
1521;38;32;93.097;68.260
1522;32;39;60.335;10.270
1522;39;32;105.335;58.020
1523;33;34;96.739;48.580
1523;34;33;96.739;49.160
1524;33;34;107.907;69.640
1524;34;33;107.907;70.220
1525;33;35;62.344;47.500
1525;35;33;62.344;48.300
1526;33;35;61.849;62.200
1526;35;33;61.849;63.000
1527;33;36;102.588;51.950
1527;36;33;102.588;53.230
1528;33;36;108.196;68.590
1528;36;33;108.196;69.870
1529;33;37;81.044;68.770
1529;37;33;81.044;71.050
1530;33;38;70.210;60.950
1530;38;33;70.210;63.730
1531;33;39;21.985;19.530
1531;39;33;66.985;66.890
1532;34;35;98.945;57.090
1532;35;34;98.945;57.310
1533;34;35;93.471;69.380
1533;35;34;93.471;69.600
1534;34;35;86.223;54.030
1534;35;34;86.223;54.250
1535;34;36;154.307;49.500
1535;36;34;154.307;50.200
1536;34;36;142.610;48.780
1536;36;34;142.610;49.480
1537;34;37;103.502;69.300
1537;37;34;103.502;71.000
1538;34;38;95.322;44.910
1538;38;34;95.322;47.110
1539;34;39;29.769;21.240
1539;39;34;74.769;68.020
1540;34;39;22.615;10.390
1540;39;34;67.615;57.170
1541;34;39;29.906;6.330
1541;39;34;74.906;53.110
1542;35;36;105.128;63.710
1542;36;35;105.128;64.190
1543;35;37;63.906;63.290
1543;37;35;63.906;64.770
1544;35;37;61.505;48.110
1544;37;35;61.505;49.590
1545;35;37;64.949;69.480
1545;37;35;64.949;70.960
1546;35;38;54.624;66.590
1546;38;35;54.624;68.570
1547;35;38;55.491;49.270
1547;38;35;55.491;51.250
1548;35;39;27.874;23.410
1548;39;35;72.874;69.970
1549;35;39;34.144;9.110
1549;39;35;79.144;55.670
1550;36;37;116.224;60.520
1550;37;36;116.224;61.520
1551;36;37;127.918;64.900
1551;37;36;127.918;65.900
1552;36;38;113.649;69.410
1552;38;36;113.649;70.910
1553;36;38;119.690;64.940
1553;38;36;119.690;66.440
1554;36;39;79.572;20.600
1554;39;36;124.572;66.680
1555;36;39;93.950;12.350
1555;39;36;138.950;58.430
1556;37;38;56.794;66.980
1556;38;37;56.794;67.480
1557;37;39;39.896;10.370
1557;39;37;84.896;55.450
1558;38;39;28.590;1.190
1558;39;38;73.590;45.770
