40
300.0
0;0;1;63.315;93.690
0;1;0;18.315;12.800
1;0;1;59.456;99.130
1;1;0;14.456;18.240
2;0;1;66.438;96.800
2;1;0;21.438;15.910
3;0;2;68.796;94.910
3;2;0;23.796;15.220
4;0;2;64.460;102.440
4;2;0;19.460;22.750
5;0;3;124.572;90.230
5;3;0;79.572;12.620
6;0;4;67.688;76.070
6;4;0;22.688;0.820
7;0;4;69.015;77.660
7;4;0;24.015;2.410
8;0;5;75.107;80.780
8;5;0;30.107;5.870
9;0;6;119.442;82.090
9;6;0;74.442;9.340
10;0;6;136.767;87.390
10;6;0;91.767;14.640
11;0;7;75.026;82.930
11;7;0;30.026;14.570
12;0;8;53.671;72.950
12;8;0;8.671;7.440
13;0;8;52.704;85.860
13;8;0;7.704;20.350
14;0;8;54.377;88.500
14;8;0;9.377;22.990
15;0;9;94.508;84.890
15;9;0;49.508;20.180
16;0;9;97.365;79.570
16;9;0;52.365;14.860
17;0;10;102.583;81.340
17;10;0;57.583;17.970
18;0;10;103.110;78.950
18;10;0;58.110;15.580
19;0;11;90.309;73.810
19;11;0;45.309;10.980
20;0;11;83.581;73.010
20;11;0;38.581;10.180
21;0;12;138.673;84.560
21;12;0;93.673;22.300
22;0;12;127.573;81.350
22;12;0;82.573;19.090
23;0;13;77.509;64.690
23;13;0;32.509;2.550
24;0;14;126.991;71.920
24;14;0;81.991;10.360
25;0;14;140.120;85.650
25;14;0;95.120;24.090
26;0;14;137.223;74.610
26;14;0;92.223;13.050
27;0;15;67.496;74.040
27;15;0;22.496;12.870
28;0;15;71.866;80.670
28;15;0;26.866;19.500
29;0;15;63.492;84.740
29;15;0;18.492;23.570
30;0;16;62.194;64.670
30;16;0;17.194;4.300
31;0;16;62.386;80.410
31;16;0;17.386;20.040
32;0;16;60.079;82.490
32;16;0;15.079;22.120
33;0;17;63.686;60.440
33;17;0;18.686;0.600
34;0;18;63.196;66.240
34;18;0;18.196;7.060
35;0;18;63.272;63.940
35;18;0;18.272;4.760
36;0;18;59.121;59.520
36;18;0;14.121;0.340
37;0;19;71.736;83.070
37;19;0;26.736;23.930
38;0;20;73.285;58.410
38;20;0;28.285;0.270
39;0;20;79.616;75.780
39;20;0;34.616;17.640
40;0;20;68.351;65.600
40;20;0;23.351;7.460
41;0;21;70.336;59.320
41;21;0;25.336;1.380
42;0;22;74.820;69.330
42;22;0;29.820;13.460
43;0;22;78.475;67.380
43;22;0;33.475;11.510
44;0;23;76.884;62.740
44;23;0;31.884;9.090
45;0;23;81.965;68.790
45;23;0;36.965;15.140
46;0;24;78.232;66.360
46;24;0;33.232;12.820
47;0;24;73.342;70.740
47;24;0;28.342;17.200
48;0;25;62.549;57.270
48;25;0;17.549;4.030
49;0;26;94.491;71.840
49;26;0;49.491;19.500
50;0;26;88.680;68.570
50;26;0;43.680;16.230
51;0;26;102.896;52.570
51;26;0;57.896;0.230
52;0;27;67.391;71.490
52;27;0;22.391;19.640
53;0;28;64.040;65.270
53;28;0;19.040;14.080
54;0;29;117.243;57.460
54;29;0;72.243;6.300
55;0;29;122.929;61.060
55;29;0;77.929;9.900
56;0;29;108.956;55.910
56;29;0;63.956;4.750
57;0;30;60.608;57.320
57;30;0;15.608;6.190
58;0;31;57.868;63.700
58;31;0;12.868;12.650
59;0;31;56.075;62.220
59;31;0;11.075;11.170
60;0;32;80.108;60.230
60;32;0;35.108;9.480
61;0;33;51.651;64.160
61;33;0;6.651;13.470
62;0;33;51.368;70.950
62;33;0;6.368;20.260
63;0;34;121.973;74.380
63;34;0;76.973;23.830
64;0;34;127.674;73.730
64;34;0;82.674;23.180
65;0;35;144.628;60.610
65;35;0;99.628;10.250
66;0;36;106.520;60.900
66;36;0;61.520;10.610
67;0;36;92.475;52.860
67;36;0;47.475;2.570
68;0;36;100.995;52.590
68;36;0;55.995;2.300
69;0;37;64.290;53.810
69;37;0;19.290;3.540
70;0;37;63.425;67.930
70;37;0;18.425;17.660
71;0;38;70.217;63.440
71;38;0;25.217;13.690
72;0;39;0.000;4.450
72;39;0;0.000;4.450
73;0;39;0.000;6.850
73;39;0;0.000;6.850
74;1;2;86.710;100.430
74;2;1;86.710;101.630
75;1;2;82.077;86.580
75;2;1;82.077;87.780
76;1;2;89.563;100.900
76;2;1;89.563;102.100
77;1;3;110.310;99.450
77;3;1;110.310;102.730
78;1;3;101.456;86.120
78;3;1;101.456;89.400
79;1;3;107.682;79.530
79;3;1;107.682;82.810
80;1;4;52.549;99.750
80;4;1;52.549;105.390
81;1;5;79.073;95.790
81;5;1;79.073;101.770
82;1;5;76.132;78.540
82;5;1;76.132;84.520
83;1;5;74.772;94.760
83;5;1;74.772;100.740
84;1;6;104.115;94.600
84;6;1;104.115;102.740
85;1;6;106.926;95.050
85;6;1;106.926;103.190
86;1;7;56.863;77.730
86;7;1;56.863;90.260
87;1;8;55.457;89.510
87;8;1;55.457;104.890
88;1;8;54.953;86.770
88;8;1;54.953;102.150
89;1;8;52.877;77.960
89;8;1;52.877;93.340
90;1;9;105.227;77.280
90;9;1;105.227;93.460
91;1;9;118.314;86.640
91;9;1;118.314;102.820
92;1;9;101.965;74.740
92;9;1;101.965;90.920
93;1;10;86.861;67.340
93;10;1;86.861;84.860
94;1;10;93.318;72.320
94;10;1;93.318;89.840
95;1;11;75.731;85.580
95;11;1;75.731;103.640
96;1;11;79.208;72.320
96;11;1;79.208;90.380
97;1;12;144.932;62.370
97;12;1;144.932;81.000
98;1;12;141.442;79.820
98;12;1;141.442;98.450
99;1;12;145.058;77.940
99;12;1;145.058;96.570
100;1;13;66.825;65.740
100;13;1;66.825;84.490
101;1;13;68.781;68.890
101;13;1;68.781;87.640
102;1;14;132.667;80.090
102;14;1;132.667;99.420
103;1;14;117.117;62.800
103;14;1;117.117;82.130
104;1;15;60.226;83.280
104;15;1;60.226;103.000
105;1;16;58.035;67.340
105;16;1;58.035;87.860
106;1;17;59.427;74.250
106;17;1;59.427;95.300
107;1;17;60.764;72.570
107;17;1;60.764;93.620
108;1;18;60.964;80.880
108;18;1;60.964;102.590
109;1;18;60.903;75.950
109;18;1;60.903;97.660
110;1;19;81.110;70.180
110;19;1;81.110;91.930
111;1;19;79.504;63.000
111;19;1;79.504;84.750
112;1;19;72.654;77.290
112;19;1;72.654;99.040
113;1;20;90.296;72.210
113;20;1;90.296;94.960
114;1;21;88.638;71.400
114;21;1;88.638;94.350
115;1;21;81.836;78.670
115;21;1;81.836;101.620
116;1;21;90.337;81.050
116;21;1;90.337;104.000
117;1;22;62.130;68.000
117;22;1;62.130;93.020
118;1;22;65.499;73.530
118;22;1;65.499;98.550
119;1;23;64.544;65.310
119;23;1;64.544;92.550
120;1;23;68.992;68.870
120;23;1;68.992;96.110
121;1;24;83.629;68.520
121;24;1;83.629;95.870
122;1;24;74.501;72.600
122;24;1;74.501;99.950
123;1;24;88.462;70.120
123;24;1;88.462;97.470
124;1;25;80.644;67.420
124;25;1;80.644;95.070
125;1;25;83.405;70.710
125;25;1;83.405;98.360
126;1;25;77.164;68.650
126;25;1;77.164;96.300
127;1;26;92.752;67.050
127;26;1;92.752;95.600
128;1;27;59.195;75.410
128;27;1;59.195;104.450
129;1;28;52.656;73.760
129;28;1;52.656;103.460
130;1;28;53.024;63.040
130;28;1;53.024;92.740
131;1;29;134.808;65.380
131;29;1;134.808;95.110
132;1;29;156.919;75.350
132;29;1;156.919;105.080
133;1;29;130.956;64.310
133;29;1;130.956;94.040
134;1;30;61.864;62.980
134;30;1;61.864;92.740
135;1;30;65.421;55.630
135;30;1;65.421;85.390
136;1;31;50.480;53.520
136;31;1;50.480;83.360
137;1;32;78.169;56.190
137;32;1;78.169;86.330
138;1;32;83.873;65.730
138;32;1;83.873;95.870
139;1;32;84.587;63.470
139;32;1;84.587;93.610
140;1;33;64.327;63.300
140;33;1;64.327;93.500
141;1;33;61.525;53.540
141;33;1;61.525;83.740
142;1;34;123.579;67.270
142;34;1;123.579;97.610
143;1;34;135.282;74.630
143;34;1;135.282;104.970
144;1;34;127.259;55.250
144;34;1;127.259;85.590
145;1;35;144.269;68.420
145;35;1;144.269;98.950
146;1;36;124.039;52.790
146;36;1;124.039;83.390
147;1;36;108.270;75.030
147;36;1;108.270;105.630
148;1;36;129.194;72.570
148;36;1;129.194;103.170
149;1;37;65.617;72.220
149;37;1;65.617;102.840
150;1;37;66.438;74.500
150;37;1;66.438;105.120
151;1;38;54.317;74.030
151;38;1;54.317;105.170
152;1;38;56.118;54.010
152;38;1;56.118;85.150
153;1;38;52.455;53.510
153;38;1;52.455;84.650
154;1;39;18.315;17.730
154;39;1;63.315;98.620
155;1;39;19.969;9.890
155;39;1;64.969;90.780
156;1;39;15.835;5.970
156;39;1;60.835;86.860
157;2;3;147.414;91.690
157;3;2;147.414;93.770
158;2;3;171.159;93.480
158;3;2;171.159;95.560
159;2;3;153.581;97.140
159;3;2;153.581;99.220
160;2;4;91.481;90.510
160;4;2;91.481;94.950
161;2;5;89.354;79.260
161;5;2;89.354;84.040
162;2;5;85.955;84.130
162;5;2;85.955;88.910
163;2;6;142.767;78.870
163;6;2;142.767;85.810
164;2;6;141.604;80.680
164;6;2;141.604;87.620
165;2;7;98.562;84.670
165;7;2;98.562;96.000
166;2;8;77.461;70.940
166;8;2;77.461;85.120
167;2;8;76.251;80.100
167;8;2;76.251;94.280
168;2;9;95.417;74.590
168;9;2;95.417;89.570
169;2;9;102.184;71.300
169;9;2;102.184;86.280
170;2;9;87.407;71.750
170;9;2;87.407;86.730
171;2;10;126.132;82.350
171;10;2;126.132;98.670
172;2;10;144.052;73.850
172;10;2;144.052;90.170
173;2;11;113.670;87.720
173;11;2;113.670;104.580
174;2;11;104.559;73.820
174;11;2;104.559;90.680
175;2;11;103.128;75.470
175;11;2;103.128;92.330
176;2;12;142.123;67.150
176;12;2;142.123;84.580
177;2;13;100.131;87.080
177;13;2;100.131;104.630
178;2;14;131.923;62.350
178;14;2;131.923;80.480
179;2;14;140.057;65.180
179;14;2;140.057;83.310
180;2;14;127.702;79.990
180;14;2;127.702;98.120
181;2;15;90.080;65.900
181;15;2;90.080;84.420
182;2;16;84.892;70.650
182;16;2;84.892;89.970
183;2;17;86.065;81.500
183;17;2;86.065;101.350
184;2;17;90.319;60.460
184;17;2;90.319;80.310
185;2;17;83.984;79.750
185;17;2;83.984;99.600
186;2;18;84.989;66.060
186;18;2;84.989;86.570
187;2;19;81.092;79.650
187;19;2;81.092;100.200
188;2;19;78.862;71.600
188;19;2;78.862;92.150
189;2;19;84.547;79.590
189;19;2;84.547;100.140
190;2;20;51.988;60.080
190;20;2;51.988;81.630
191;2;21;53.171;78.390
191;21;2;53.171;100.140
192;2;21;51.266;59.320
192;21;2;51.266;81.070
193;2;21;51.134;59.330
193;21;2;51.134;81.080
194;2;22;98.131;69.800
194;22;2;98.131;93.620
195;2;23;100.020;56.420
195;23;2;100.020;82.460
196;2;23;108.560;67.640
196;23;2;108.560;93.680
197;2;23;107.566;74.020
197;23;2;107.566;100.060
198;2;24;90.169;59.860
198;24;2;90.169;86.010
199;2;25;51.355;70.960
199;25;2;51.355;97.410
200;2;26;110.336;56.490
200;26;2;110.336;83.840
201;2;26;123.375;62.790
201;26;2;123.375;90.140
202;2;26;121.299;73.660
202;26;2;121.299;101.010
203;2;27;90.240;59.560
203;27;2;90.240;87.400
204;2;28;87.744;61.940
204;28;2;87.744;90.440
205;2;28;91.331;59.370
205;28;2;91.331;87.870
206;2;29;99.294;71.700
206;29;2;99.294;100.230
207;2;29;97.733;74.040
207;29;2;97.733;102.570
208;2;30;81.786;57.040
208;30;2;81.786;85.600
209;2;30;74.546;59.870
209;30;2;74.546;88.430
210;2;31;81.426;59.040
210;31;2;81.426;87.680
211;2;31;86.455;68.950
211;31;2;86.455;97.590
212;2;31;72.768;51.620
212;31;2;72.768;80.260
213;2;32;98.025;71.670
213;32;2;98.025;100.610
214;2;32;91.970;59.580
214;32;2;91.970;88.520
215;2;33;71.558;58.960
215;33;2;71.558;87.960
216;2;33;69.131;66.580
216;33;2;69.131;95.580
217;2;33;76.457;51.240
217;33;2;76.457;80.240
218;2;34;132.213;70.910
218;34;2;132.213;100.050
219;2;35;155.894;55.120
219;35;2;155.894;84.450
220;2;35;169.230;61.940
220;35;2;169.230;91.270
221;2;36;89.275;69.440
221;36;2;89.275;98.840
222;2;36;93.543;62.500
222;36;2;93.543;91.900
223;2;36;86.041;59.030
223;36;2;86.041;88.430
224;2;37;84.024;50.350
224;37;2;84.024;79.770
225;2;38;92.029;56.640
225;38;2;92.029;86.580
226;2;38;82.910;51.320
226;38;2;82.910;81.260
227;2;39;23.796;4.220
227;39;2;68.796;83.910
228;3;4;103.279;85.960
228;4;3;103.279;88.320
229;3;4;92.477;80.640
229;4;3;92.477;83.000
230;3;4;107.247;84.740
230;4;3;107.247;87.100
231;3;5;110.123;89.560
231;5;3;110.123;92.260
232;3;5;112.691;93.890
232;5;3;112.691;96.590
233;3;5;100.654;97.160
233;5;3;100.654;99.860
234;3;6;53.891;87.530
234;6;3;53.891;92.390
235;3;6;52.420;75.940
235;6;3;52.420;80.800
236;3;7;100.587;76.790
236;7;3;100.587;86.040
237;3;8;116.280;76.840
237;8;3;116.280;88.940
238;3;8;99.730;81.810
238;8;3;99.730;93.910
239;3;9;133.529;80.180
239;9;3;133.529;93.080
240;3;9;135.424;86.250
240;9;3;135.424;99.150
241;3;10;69.273;76.210
241;10;3;69.273;90.450
242;3;10;64.860;83.640
242;10;3;64.860;97.880
243;3;11;79.657;80.600
243;11;3;79.657;95.380
244;3;11;74.839;70.870
244;11;3;74.839;85.650
245;3;12;145.386;70.960
245;12;3;145.386;86.310
246;3;12;137.988;85.190
246;12;3;137.988;100.540
247;3;13;92.290;69.920
247;13;3;92.290;85.390
248;3;14;134.838;82.370
248;14;3;134.838;98.420
249;3;14;152.455;73.660
249;14;3;152.455;89.710
250;3;15;102.363;74.790
250;15;3;102.363;91.230
251;3;16;107.614;63.390
251;16;3;107.614;80.630
252;3;17;106.364;66.530
252;17;3;106.364;84.300
253;3;17;116.463;71.590
253;17;3;116.463;89.360
254;3;17;116.966;76.610
254;17;3;116.966;94.380
255;3;18;107.439;83.500
255;18;3;107.439;101.930
256;3;18;98.699;64.860
256;18;3;98.699;83.290
257;3;19;120.007;74.880
257;19;3;120.007;93.350
258;3;19;137.352;67.640
258;19;3;137.352;86.110
259;3;20;152.715;62.710
259;20;3;152.715;82.180
260;3;20;146.916;60.260
260;20;3;146.916;79.730
261;3;20;133.796;72.440
261;20;3;133.796;91.910
262;3;21;145.892;78.200
262;21;3;145.892;97.870
263;3;21;150.867;73.060
263;21;3;150.867;92.730
264;3;21;142.011;79.050
264;21;3;142.011;98.720
265;3;22;94.818;65.390
265;22;3;94.818;87.130
266;3;23;92.692;59.180
266;23;3;92.692;83.140
267;3;23;88.142;73.860
267;23;3;88.142;97.820
268;3;23;100.475;64.200
268;23;3;100.475;88.160
269;3;24;113.043;74.540
269;24;3;113.043;98.610
270;3;24;99.851;76.200
270;24;3;99.851;100.270
271;3;25;141.087;70.970
271;25;3;141.087;95.340
272;3;26;96.851;60.230
272;26;3;96.851;85.500
273;3;27;102.287;65.090
273;27;3;102.287;90.850
274;3;28;105.987;74.410
274;28;3;105.987;100.830
275;3;28;116.440;63.550
275;28;3;116.440;89.970
276;3;28;99.637;64.770
276;28;3;99.637;91.190
277;3;29;180.954;57.940
277;29;3;180.954;84.390
278;3;30;110.684;51.390
278;30;3;110.684;77.870
279;3;30;111.108;65.940
279;30;3;111.108;92.420
280;3;31;114.031;67.110
280;31;3;114.031;93.670
281;3;32;99.228;62.880
281;32;3;99.228;89.740
282;3;32;97.914;69.880
282;32;3;97.914;96.740
283;3;32;112.453;58.250
283;32;3;112.453;85.110
284;3;33;120.858;59.580
284;33;3;120.858;86.500
285;3;34;115.801;62.660
285;34;3;115.801;89.720
286;3;34;108.914;70.150
286;34;3;108.914;97.210
287;3;35;121.640;56.590
287;35;3;121.640;83.840
288;3;35;140.167;55.060
288;35;3;140.167;82.310
289;3;35;116.114;64.750
289;35;3;116.114;92.000
290;3;36;171.093;51.120
290;36;3;171.093;78.440
291;3;37;109.018;56.260
291;37;3;109.018;83.600
292;3;37;108.858;68.320
292;37;3;108.858;95.660
293;3;38;111.755;71.020
293;38;3;111.755;98.880
294;3;39;79.572;16.050
294;39;3;124.572;93.660
295;4;5;75.314;93.600
295;5;4;75.314;93.940
296;4;5;78.874;89.140
296;5;4;78.874;89.480
297;4;5;71.749;90.380
297;5;4;71.749;90.720
298;4;6;97.433;74.430
298;6;4;97.433;76.930
299;4;6;89.133;91.090
299;6;4;89.133;93.590
300;4;6;101.182;79.420
300;6;4;101.182;81.920
301;4;7;54.344;91.940
301;7;4;54.344;98.830
302;4;8;59.020;88.370
302;8;4;59.020;98.110
303;4;9;103.016;72.670
303;9;4;103.016;83.210
304;4;9;95.158;79.350
304;9;4;95.158;89.890
305;4;9;95.558;76.350
305;9;4;95.558;86.890
306;4;10;80.299;87.120
306;10;4;80.299;99.000
307;4;11;68.621;84.690
307;11;4;68.621;97.110
308;4;11;73.114;78.060
308;11;4;73.114;90.480
309;4;12;140.389;71.850
309;12;4;140.389;84.840
310;4;13;59.400;86.660
310;13;4;59.400;99.770
311;4;13;59.168;74.070
311;13;4;59.168;87.180
312;4;14;128.027;70.790
312;14;4;128.027;84.480
313;4;14;118.421;63.990
313;14;4;118.421;77.680
314;4;14;115.674;62.430
314;14;4;115.674;76.120
315;4;15;54.749;82.090
315;15;4;54.749;96.170
316;4;15;55.797;83.640
316;15;4;55.797;97.720
317;4;15;52.520;84.470
317;15;4;52.520;98.550
318;4;16;55.323;65.650
318;16;4;55.323;80.530
319;4;17;55.905;60.960
319;17;4;55.905;76.370
320;4;18;57.858;82.150
320;18;4;57.858;98.220
321;4;18;57.241;61.050
321;18;4;57.241;77.120
322;4;18;58.040;83.460
322;18;4;58.040;99.530
323;4;19;79.348;69.500
323;19;4;79.348;85.610
324;4;19;86.244;60.770
324;19;4;86.244;76.880
325;4;19;71.142;69.850
325;19;4;71.142;85.960
326;4;20;95.763;75.400
326;20;4;95.763;92.510
327;4;21;92.282;80.730
327;21;4;92.282;98.040
328;4;21;85.423;73.300
328;21;4;85.423;90.610
329;4;21;89.760;74.750
329;21;4;89.760;92.060
330;4;22;54.587;64.480
330;22;4;54.587;83.860
331;4;23;57.000;68.260
331;23;4;57.000;89.860
332;4;23;59.745;74.950
332;23;4;59.745;96.550
333;4;24;80.092;64.150
333;24;4;80.092;85.860
334;4;24;73.908;76.760
334;24;4;73.908;98.470
335;4;25;85.204;59.650
335;25;4;85.204;81.660
336;4;25;76.026;70.130
336;25;4;76.026;92.140
337;4;25;94.108;68.930
337;25;4;94.108;90.940
338;4;26;86.520;59.020
338;26;4;86.520;81.930
339;4;27;53.556;72.130
339;27;4;53.556;95.530
340;4;28;49.283;60.440
340;28;4;49.283;84.500
341;4;28;49.911;56.290
341;28;4;49.911;80.350
342;4;29;136.617;57.190
342;29;4;136.617;81.280
343;4;29;122.444;75.390
343;29;4;122.444;99.480
344;4;29;127.972;71.580
344;29;4;127.972;95.670
345;4;30;60.128;52.980
345;30;4;60.128;77.100
346;4;30;60.556;57.210
346;30;4;60.556;81.330
347;4;31;55.797;72.710
347;31;4;55.797;96.910
348;4;31;56.686;65.260
348;31;4;56.686;89.460
349;4;32;72.411;58.370
349;32;4;72.411;82.870
350;4;32;76.387;54.670
350;32;4;76.387;79.170
351;4;32;73.333;66.310
351;32;4;73.333;90.810
352;4;33;66.487;59.170
352;33;4;66.487;83.730
353;4;34;117.778;58.770
353;34;4;117.778;83.470
354;4;35;137.838;72.070
354;35;4;137.838;96.960
355;4;35;137.120;64.700
355;35;4;137.120;89.590
356;4;36;125.865;69.570
356;36;4;125.865;94.530
357;4;37;62.705;67.300
357;37;4;62.705;92.280
358;4;38;59.255;52.850
358;38;4;59.255;78.350
359;4;38;56.663;63.130
359;38;4;56.663;88.630
360;4;38;56.134;71.540
360;38;4;56.134;97.040
361;4;39;22.688;8.110
361;39;4;67.688;83.360
362;5;6;108.137;82.560
362;6;5;108.137;84.720
363;5;6;117.041;90.490
363;6;5;117.041;92.650
364;5;6;117.728;86.520
364;6;5;117.728;88.680
365;5;7;84.115;81.010
365;7;5;84.115;87.560
366;5;7;92.158;86.980
366;7;5;92.158;93.530
367;5;8;72.936;67.040
367;8;5;72.936;76.440
368;5;8;74.949;88.400
368;8;5;74.949;97.800
369;5;9;73.717;73.630
369;9;5;73.717;83.830
370;5;9;67.120;68.640
370;9;5;67.120;78.840
371;5;9;70.702;88.380
371;9;5;70.702;98.580
372;5;10;94.880;63.480
372;10;5;94.880;75.020
373;5;10;89.523;84.860
373;10;5;89.523;96.400
374;5;10;93.724;72.850
374;10;5;93.724;84.390
375;5;11;82.998;69.630
375;11;5;82.998;81.710
376;5;11;75.403;82.850
376;11;5;75.403;94.930
377;5;12;110.940;83.910
377;12;5;110.940;96.560
378;5;12;102.236;82.570
378;12;5;102.236;95.220
379;5;13;69.601;83.150
379;13;5;69.601;95.920
380;5;13;65.102;84.330
380;13;5;65.102;97.100
381;5;13;65.578;85.270
381;13;5;65.578;98.040
382;5;14;98.755;73.720
382;14;5;98.755;87.070
383;5;14;87.479;68.050
383;14;5;87.479;81.400
384;5;15;65.740;85.530
384;15;5;65.740;99.270
385;5;16;66.053;72.740
385;16;5;66.053;87.280
386;5;16;65.959;68.000
386;16;5;65.959;82.540
387;5;17;64.813;75.680
387;17;5;64.813;90.750
388;5;17;60.344;62.890
388;17;5;60.344;77.960
389;5;17;62.453;82.210
389;17;5;62.453;97.280
390;5;18;63.125;61.900
390;18;5;63.125;77.630
391;5;18;59.086;80.570
391;18;5;59.086;96.300
392;5;18;58.859;68.500
392;18;5;58.859;84.230
393;5;19;55.054;82.360
393;19;5;55.054;98.130
394;5;19;55.232;81.590
394;19;5;55.232;97.360
395;5;19;52.947;78.160
395;19;5;52.947;93.930
396;5;20;96.088;80.790
396;20;5;96.088;97.560
397;5;20;88.298;61.260
397;20;5;88.298;78.030
398;5;20;92.478;80.630
398;20;5;92.478;97.400
399;5;21;84.813;79.630
399;21;5;84.813;96.600
400;5;22;72.339;78.600
400;22;5;72.339;97.640
401;5;22;77.990;66.570
401;22;5;77.990;85.610
402;5;22;69.643;66.430
402;22;5;69.643;85.470
403;5;23;72.199;74.710
403;23;5;72.199;95.970
404;5;23;66.275;60.850
404;23;5;66.275;82.110
405;5;23;77.970;58.840
405;23;5;77.970;80.100
406;5;24;49.830;53.840
406;24;5;49.830;75.210
407;5;24;48.819;66.210
407;24;5;48.819;87.580
408;5;24;50.224;64.990
408;24;5;50.224;86.360
409;5;25;84.012;69.070
409;25;5;84.012;90.740
410;5;25;81.992;71.330
410;25;5;81.992;93.000
411;5;26;65.984;66.080
411;26;5;65.984;88.650
412;5;26;61.770;59.340
412;26;5;61.770;81.910
413;5;27;66.925;52.080
413;27;5;66.925;75.140
414;5;27;66.886;53.330
414;27;5;66.886;76.390
415;5;28;72.111;54.400
415;28;5;72.111;78.120
416;5;28;69.044;63.970
416;28;5;69.044;87.690
417;5;29;116.126;70.480
417;29;5;116.126;94.230
418;5;29;108.060;74.130
418;29;5;108.060;97.880
419;5;29;125.665;52.130
419;29;5;125.665;75.880
420;5;30;62.643;64.230
420;30;5;62.643;88.010
421;5;31;76.379;52.300
421;31;5;76.379;76.160
422;5;31;77.643;59.680
422;31;5;77.643;83.540
423;5;31;69.917;59.440
423;31;5;69.917;83.300
424;5;32;55.896;69.650
424;32;5;55.896;93.810
425;5;32;56.802;74.420
425;32;5;56.802;98.580
426;5;32;55.171;70.720
426;32;5;55.171;94.880
427;5;33;68.466;70.580
427;33;5;68.466;94.800
428;5;33;73.031;66.050
428;33;5;73.031;90.270
429;5;34;91.911;56.310
429;34;5;91.911;80.670
430;5;34;93.520;66.040
430;34;5;93.520;90.400
431;5;35;114.552;72.990
431;35;5;114.552;97.540
432;5;35;115.772;74.300
432;35;5;115.772;98.850
433;5;35;130.513;53.130
433;35;5;130.513;77.680
434;5;36;106.055;50.830
434;36;5;106.055;75.450
435;5;37;58.515;55.030
435;37;5;58.515;79.670
436;5;37;56.983;74.520
436;37;5;56.983;99.160
437;5;38;88.266;69.740
437;38;5;88.266;94.900
438;5;38;91.525;69.010
438;38;5;91.525;94.170
439;5;39;30.107;3.180
439;39;5;75.107;78.090
440;5;39;34.728;4.370
440;39;5;79.728;79.280
441;6;7;93.727;80.930
441;7;6;93.727;85.320
442;6;7;101.289;81.110
442;7;6;101.289;85.500
443;6;8;110.940;73.350
443;8;6;110.940;80.590
444;6;8;112.364;69.380
444;8;6;112.364;76.620
445;6;9;133.328;72.690
445;9;6;133.328;80.730
446;6;9;123.548;78.250
446;9;6;123.548;86.290
447;6;9;120.810;85.340
447;9;6;120.810;93.380
448;6;10;62.276;67.020
448;10;6;62.276;76.400
449;6;11;74.136;74.270
449;11;6;74.136;84.190
450;6;11;74.762;65.150
450;11;6;74.762;75.070
451;6;12;149.258;83.570
451;12;6;149.258;94.060
452;6;12;150.367;67.500
452;12;6;150.367;77.990
453;6;12;167.799;65.280
453;12;6;167.799;75.770
454;6;13;87.910;80.770
454;13;6;87.910;91.380
455;6;14;138.199;65.430
455;14;6;138.199;76.620
456;6;14;155.753;69.990
456;14;6;155.753;81.180
457;6;15;97.787;76.100
457;15;6;97.787;87.680
458;6;15;88.420;78.450
458;15;6;88.420;90.030
459;6;16;102.892;70.990
459;16;6;102.892;83.370
460;6;16;89.939;70.830
460;16;6;89.939;83.210
461;6;17;101.809;78.760
461;17;6;101.809;91.670
462;6;17;112.668;74.540
462;17;6;112.668;87.450
463;6;18;103.090;63.920
463;18;6;103.090;77.490
464;6;18;100.439;80.410
464;18;6;100.439;93.980
465;6;19;117.712;64.760
465;19;6;117.712;78.370
466;6;19;112.869;79.720
466;19;6;112.869;93.330
467;6;20;147.722;81.430
467;20;6;147.722;96.040
468;6;21;141.875;59.310
468;21;6;141.875;74.120
469;6;21;139.203;59.860
469;21;6;139.203;74.670
470;6;22;89.666;78.970
470;22;6;89.666;95.850
471;6;23;87.748;77.330
471;23;6;87.748;96.430
472;6;23;81.846;63.690
472;23;6;81.846;82.790
473;6;24;111.540;65.350
473;24;6;111.540;84.560
474;6;24;118.805;63.610
474;24;6;118.805;82.820
475;6;25;136.412;56.610
475;25;6;136.412;76.120
476;6;25;146.997;55.810
476;25;6;146.997;75.320
477;6;26;97.504;64.580
477;26;6;97.504;84.990
478;6;26;107.047;56.830
478;26;6;107.047;77.240
479;6;26;96.948;57.130
479;26;6;96.948;77.540
480;6;27;97.548;59.670
480;27;6;97.548;80.570
481;6;27;103.900;66.710
481;27;6;103.900;87.610
482;6;27;100.776;70.120
482;27;6;100.776;91.020
483;6;28;100.522;66.580
483;28;6;100.522;88.140
484;6;28;113.926;58.250
484;28;6;113.926;79.810
485;6;28;110.840;67.170
485;28;6;110.840;88.730
486;6;29;179.262;54.070
486;29;6;179.262;75.660
487;6;29;179.300;65.620
487;29;6;179.300;87.210
488;6;29;178.948;52.360
488;29;6;178.948;73.950
489;6;30;106.402;75.940
489;30;6;106.402;97.560
490;6;30;120.339;70.850
490;30;6;120.339;92.470
491;6;30;109.908;74.070
491;30;6;109.908;95.690
492;6;31;108.227;75.810
492;31;6;108.227;97.510
493;6;32;97.388;60.490
493;32;6;97.388;82.490
494;6;32;98.563;65.520
494;32;6;98.563;87.520
495;6;33;116.292;65.630
495;33;6;116.292;87.690
496;6;33;104.897;65.940
496;33;6;104.897;88.000
497;6;34;119.772;57.670
497;34;6;119.772;79.870
498;6;34;108.238;55.460
498;34;6;108.238;77.660
499;6;34;102.383;57.320
499;34;6;102.383;79.520
500;6;35;127.781;65.210
500;35;6;127.781;87.600
501;6;35;135.284;58.610
501;35;6;135.284;81.000
502;6;35;116.702;68.330
502;35;6;116.702;90.720
503;6;36;169.133;65.680
503;36;6;169.133;88.140
504;6;37;105.251;70.000
504;37;6;105.251;92.480
505;6;37;111.381;60.450
505;37;6;111.381;82.930
506;6;38;104.687;58.840
506;38;6;104.687;81.840
507;6;38;111.847;65.590
507;38;6;111.847;88.590
508;6;39;74.442;12.560
508;39;6;119.442;85.310
509;7;8;66.705;72.040
509;8;7;66.705;74.890
510;7;8;66.492;87.740
510;8;7;66.492;90.590
511;7;8;67.164;66.670
511;8;7;67.164;69.520
512;7;9;112.183;84.860
512;9;7;112.183;88.510
513;7;9;118.088;75.740
513;9;7;118.088;79.390
514;7;10;76.508;73.930
514;10;7;76.508;78.920
515;7;11;67.057;70.350
515;11;7;67.057;75.880
516;7;11;63.866;68.710
516;11;7;63.866;74.240
517;7;11;68.851;79.500
517;11;7;68.851;85.030
518;7;12;148.288;85.650
518;12;7;148.288;91.750
519;7;12;165.664;71.060
519;12;7;165.664;77.160
520;7;13;63.996;82.150
520;13;7;63.996;88.370
521;7;13;68.475;81.430
521;13;7;68.475;87.650
522;7;14;135.886;66.730
522;14;7;135.886;73.530
523;7;14;126.644;81.910
523;14;7;126.644;88.710
524;7;14;139.719;80.000
524;14;7;139.719;86.800
525;7;15;63.382;84.860
525;15;7;63.382;92.050
526;7;15;63.879;80.820
526;15;7;63.879;88.010
527;7;15;64.505;76.250
527;15;7;64.505;83.440
528;7;16;64.667;85.150
528;16;7;64.667;93.140
529;7;17;65.174;79.800
529;17;7;65.174;88.320
530;7;18;67.147;74.020
530;18;7;67.147;83.200
531;7;18;71.612;75.050
531;18;7;71.612;84.230
532;7;19;88.651;76.130
532;19;7;88.651;85.350
533;7;19;78.339;60.290
533;19;7;78.339;69.510
534;7;19;80.894;67.880
534;19;7;80.894;77.100
535;7;20;102.121;70.120
535;20;7;102.121;80.340
536;7;20;102.834;72.200
536;20;7;102.834;82.420
537;7;21;100.244;69.070
537;21;7;100.244;79.490
538;7;21;109.027;68.960
538;21;7;109.027;79.380
539;7;21;93.525;59.670
539;21;7;93.525;70.090
540;7;22;58.908;65.710
540;22;7;58.908;78.200
541;7;22;59.188;67.400
541;22;7;59.188;79.890
542;7;23;60.711;58.880
542;23;7;60.711;73.590
543;7;24;88.935;64.300
543;24;7;88.935;79.120
544;7;24;92.039;71.020
544;24;7;92.039;85.840
545;7;24;98.144;64.200
545;24;7;98.144;79.020
546;7;25;92.464;61.280
546;25;7;92.464;76.400
547;7;26;92.913;61.470
547;26;7;92.913;77.490
548;7;26;94.910;71.930
548;26;7;94.910;87.950
549;7;26;95.508;61.540
549;26;7;95.508;77.560
550;7;27;62.206;76.670
550;27;7;62.206;93.180
551;7;28;58.506;63.880
551;28;7;58.506;81.050
552;7;29;145.562;63.250
552;29;7;145.562;80.450
553;7;30;69.469;63.280
553;30;7;69.469;80.510
554;7;31;62.176;56.290
554;31;7;62.176;73.600
555;7;31;65.584;72.450
555;31;7;65.584;89.760
556;7;31;65.855;61.700
556;31;7;65.855;79.010
557;7;32;79.798;75.460
557;32;7;79.798;93.070
558;7;33;75.057;55.830
558;33;7;75.057;73.500
559;7;34;124.455;50.740
559;34;7;124.455;68.550
560;7;35;143.397;71.000
560;35;7;143.397;89.000
561;7;35;167.838;63.300
561;35;7;167.838;81.300
562;7;36;134.796;68.050
562;36;7;134.796;86.120
563;7;36;155.600;72.610
563;36;7;155.600;90.680
564;7;37;71.949;71.550
564;37;7;71.949;89.640
565;7;37;70.789;70.410
565;37;7;70.789;88.500
566;7;37;72.693;72.090
566;37;7;72.693;90.180
567;7;38;56.285;58.420
567;38;7;56.285;77.030
568;7;38;57.917;56.130
568;38;7;57.917;74.740
569;7;38;58.551;70.760
569;38;7;58.551;89.370
570;7;39;30.026;11.400
570;39;7;75.026;79.760
571;7;39;35.483;0.280
571;39;7;80.483;68.640
572;8;9;96.604;75.190
572;9;8;96.604;75.990
573;8;9;101.508;67.970
573;9;8;101.508;68.770
574;8;9;104.003;88.330
574;9;8;104.003;89.130
575;8;10;93.996;81.100
575;10;8;93.996;83.240
576;8;10;93.875;76.570
576;10;8;93.875;78.710
577;8;10;88.146;86.310
577;10;8;88.146;88.450
578;8;11;81.838;68.370
578;11;8;81.838;71.050
579;8;11;80.570;70.770
579;11;8;80.570;73.450
580;8;12;138.521;67.280
580;12;8;138.521;70.530
581;8;12;150.372;67.030
581;12;8;150.372;70.280
582;8;12;155.826;76.240
582;12;8;155.826;79.490
583;8;13;69.630;78.150
583;13;8;69.630;81.520
584;8;13;67.110;81.240
584;13;8;67.110;84.610
585;8;13;69.745;75.380
585;13;8;69.745;78.750
586;8;14;126.482;65.000
586;14;8;126.482;68.950
587;8;14;115.819;82.780
587;14;8;115.819;86.730
588;8;14;114.522;64.080
588;14;8;114.522;68.030
589;8;15;59.979;62.300
589;15;8;59.979;66.640
590;8;15;63.668;62.300
590;15;8;63.668;66.640
591;8;16;54.971;81.150
591;16;8;54.971;86.290
592;8;16;54.644;65.890
592;16;8;54.644;71.030
593;8;17;56.693;84.180
593;17;8;56.693;89.850
594;8;17;55.368;64.850
594;17;8;55.368;70.520
595;8;18;56.952;72.140
595;18;8;56.952;78.470
596;8;18;56.370;78.180
596;18;8;56.370;84.510
597;8;18;56.451;79.260
597;18;8;56.451;85.590
598;8;19;72.607;60.210
598;19;8;72.607;66.580
599;8;19;70.329;61.540
599;19;8;70.329;67.910
600;8;20;81.867;58.310
600;20;8;81.867;65.680
601;8;20;84.444;81.540
601;20;8;84.444;88.910
602;8;21;78.563;68.410
602;21;8;78.563;75.980
603;8;22;66.463;74.110
603;22;8;66.463;83.750
604;8;23;68.636;56.190
604;23;8;68.636;68.050
605;8;23;71.381;63.350
605;23;8;71.381;75.210
606;8;23;72.034;72.920
606;23;8;72.034;84.780
607;8;24;76.950;55.320
607;24;8;76.950;67.290
608;8;25;71.190;63.450
608;25;8;71.190;75.720
609;8;26;90.133;75.620
609;26;8;90.133;88.790
610;8;26;83.139;75.380
610;26;8;83.139;88.550
611;8;26;96.047;64.680
611;26;8;96.047;77.850
612;8;27;59.611;56.550
612;27;8;59.611;70.210
613;8;28;55.432;61.500
613;28;8;55.432;75.820
614;8;29;124.351;55.370
614;29;8;124.351;69.720
615;8;29;118.846;70.190
615;29;8;118.846;84.540
616;8;30;55.632;57.370
616;30;8;55.632;71.750
617;8;30;55.632;54.110
617;30;8;55.632;68.490
618;8;30;53.645;54.380
618;30;8;53.645;68.760
619;8;31;50.145;62.140
619;31;8;50.145;76.600
620;8;32;75.300;51.360
620;32;8;75.300;66.120
621;8;32;75.044;63.000
621;32;8;75.044;77.760
622;8;32;73.113;66.950
622;32;8;73.113;81.710
623;8;33;53.953;66.570
623;33;8;53.953;81.390
624;8;34;119.426;61.440
624;34;8;119.426;76.400
625;8;35;141.305;56.740
625;35;8;141.305;71.890
626;8;35;164.072;63.200
626;35;8;164.072;78.350
627;8;35;149.027;70.700
627;35;8;149.027;85.850
628;8;36;113.582;73.330
628;36;8;113.582;88.550
629;8;37;59.945;56.830
629;37;8;59.945;72.070
630;8;37;62.096;58.690
630;37;8;62.096;73.930
631;8;38;63.808;66.870
631;38;8;63.808;82.630
632;8;39;8.671;20.950
632;39;8;53.671;86.460
633;8;39;7.377;7.910
633;39;8;52.377;73.420
634;9;10;122.122;75.180
634;10;9;122.122;76.520
635;9;10;113.191;63.740
635;10;9;113.191;65.080
636;9;11;110.986;67.930
636;11;9;110.986;69.810
637;9;12;91.711;86.180
637;12;9;91.711;88.630
638;9;12;99.646;78.320
638;12;9;99.646;80.770
639;9;12;90.826;71.660
639;12;9;90.826;74.110
640;9;13;98.228;81.760
640;13;9;98.228;84.330
641;9;13;108.390;62.580
641;13;9;108.390;65.150
642;9;14;81.779;65.720
642;14;9;81.779;68.870
643;9;14;75.399;66.420
643;14;9;75.399;69.570
644;9;15;93.924;79.770
644;15;9;93.924;83.310
645;9;16;92.930;72.170
645;16;9;92.930;76.510
646;9;16;91.629;60.600
646;16;9;91.629;64.940
647;9;16;102.019;64.910
647;16;9;102.019;69.250
648;9;17;92.122;74.870
648;17;9;92.122;79.740
649;9;18;90.195;74.200
649;18;9;90.195;79.730
650;9;19;69.134;68.620
650;19;9;69.134;74.190
651;9;20;102.108;63.250
651;20;9;102.108;69.820
652;9;21;87.680;63.480
652;21;9;87.680;70.250
653;9;22;101.036;64.080
653;22;9;101.036;72.920
654;9;22;109.636;71.160
654;22;9;109.636;80.000
655;9;23;100.908;71.170
655;23;9;100.908;82.230
656;9;23;95.241;65.570
656;23;9;95.241;76.630
657;9;24;69.021;75.020
657;24;9;69.021;86.190
658;9;25;93.082;58.900
658;25;9;93.082;70.370
659;9;25;100.745;73.450
659;25;9;100.745;84.920
660;9;25;83.842;71.270
660;25;9;83.842;82.740
661;9;26;81.911;71.780
661;26;9;81.911;84.150
662;9;26;74.688;62.160
662;26;9;74.688;74.530
663;9;26;76.558;67.760
663;26;9;76.558;80.130
664;9;27;95.062;51.910
664;27;9;95.062;64.770
665;9;27;97.699;60.930
665;27;9;97.699;73.790
666;9;27;87.791;64.450
666;27;9;87.791;77.310
667;9;28;99.290;73.370
667;28;9;99.290;86.890
668;9;28;99.271;53.330
668;28;9;99.271;66.850
669;9;29;95.224;62.430
669;29;9;95.224;75.980
670;9;29;95.714;55.830
670;29;9;95.714;69.380
671;9;30;88.480;70.240
671;30;9;88.480;83.820
672;9;30;99.029;72.250
672;30;9;99.029;85.830
673;9;30;83.706;70.550
673;30;9;83.706;84.130
674;9;31;101.234;59.440
674;31;9;101.234;73.100
675;9;32;82.429;56.300
675;32;9;82.429;70.260
676;9;33;88.814;59.270
676;33;9;88.814;73.290
677;9;33;89.950;53.260
677;33;9;89.950;67.280
678;9;33;92.209;56.570
678;33;9;92.209;70.590
679;9;34;86.633;57.760
679;34;9;86.633;71.920
680;9;35;109.812;72.640
680;35;9;109.812;86.990
681;9;35;125.583;71.640
681;35;9;125.583;85.990
682;9;36;87.281;56.740
682;36;9;87.281;71.160
683;9;37;85.323;69.930
683;37;9;85.323;84.370
684;9;37;94.461;54.210
684;37;9;94.461;68.650
685;9;38;114.519;61.370
685;38;9;114.519;76.330
686;9;38;128.884;66.600
686;38;9;128.884;81.560
687;9;39;49.508;23.070
687;39;9;94.508;87.780
688;10;11;57.717;71.290
688;11;10;57.717;71.830
689;10;11;56.887;77.860
689;11;10;56.887;78.400
690;10;11;59.594;82.930
690;11;10;59.594;83.470
691;10;12;145.154;65.600
691;12;10;145.154;66.710
692;10;12;129.703;62.810
692;12;10;129.703;63.920
693;10;13;72.178;69.170
693;13;10;72.178;70.400
694;10;14;133.290;75.440
694;14;10;133.290;77.250
695;10;15;81.571;84.760
695;15;10;81.571;86.960
696;10;16;86.462;70.990
696;16;10;86.462;73.990
697;10;17;85.544;81.350
697;17;10;85.544;84.880
698;10;18;87.003;72.160
698;18;10;87.003;76.350
699;10;18;85.273;74.350
699;18;10;85.273;78.540
700;10;18;80.826;78.220
700;18;10;80.826;82.410
701;10;19;103.771;75.220
701;19;10;103.771;79.450
702;10;19;98.871;82.460
702;19;10;98.871;86.690
703;10;19;115.737;59.740
703;19;10;115.737;63.970
704;10;20;130.857;80.180
704;20;10;130.857;85.410
705;10;20;128.002;65.850
705;20;10;128.002;71.080
706;10;21;125.739;77.330
706;21;10;125.739;82.760
707;10;22;73.068;61.680
707;22;10;73.068;69.180
708;10;22;76.406;66.040
708;22;10;76.406;73.540
709;10;22;71.074;74.150
709;22;10;71.074;81.650
710;10;23;71.392;62.970
710;23;10;71.392;72.690
711;10;24;98.889;74.300
711;24;10;98.889;84.130
712;10;24;92.156;65.490
712;24;10;92.156;75.320
713;10;25;119.782;66.390
713;25;10;119.782;76.520
714;10;26;89.204;69.310
714;26;10;89.204;80.340
715;10;26;85.580;70.380
715;26;10;85.580;81.410
716;10;27;81.181;59.720
716;27;10;81.181;71.240
717;10;28;83.565;69.940
717;28;10;83.565;82.120
718;10;28;86.227;58.360
718;28;10;86.227;70.540
719;10;28;76.987;75.630
719;28;10;76.987;87.810
720;10;29;165.412;56.650
720;29;10;165.412;68.860
721;10;29;192.538;57.210
721;29;10;192.538;69.420
722;10;29;157.645;61.530
722;29;10;157.645;73.740
723;10;30;90.330;68.320
723;30;10;90.330;80.560
724;10;30;97.671;68.230
724;30;10;97.671;80.470
725;10;30;87.665;65.400
725;30;10;87.665;77.640
726;10;31;91.073;64.710
726;31;10;91.073;77.030
727;10;31;79.878;64.340
727;31;10;79.878;76.660
728;10;31;83.772;68.560
728;31;10;83.772;80.880
729;10;32;84.809;70.830
729;32;10;84.809;83.450
730;10;32;76.873;52.720
730;32;10;76.873;65.340
731;10;32;93.216;56.650
731;32;10;93.216;69.270
732;10;33;99.858;68.620
732;33;10;99.858;81.300
733;10;33;88.432;54.900
733;33;10;88.432;67.580
734;10;33;86.216;74.480
734;33;10;86.216;87.160
735;10;34;116.704;54.310
735;34;10;116.704;67.130
736;10;34;118.609;69.350
736;34;10;118.609;82.170
737;10;34;105.306;72.770
737;34;10;105.306;85.590
738;10;35;129.420;53.070
738;35;10;129.420;66.080
739;10;35;114.684;58.230
739;35;10;114.684;71.240
740;10;35;110.556;65.290
740;35;10;110.556;78.300
741;10;36;155.013;50.610
741;36;10;155.013;63.690
742;10;36;169.870;56.230
742;36;10;169.870;69.310
743;10;37;89.744;50.860
743;37;10;89.744;63.960
744;10;37;94.547;74.240
744;37;10;94.547;87.340
745;10;37;81.618;62.770
745;37;10;81.618;75.870
746;10;38;87.571;65.870
746;38;10;87.571;79.490
747;10;38;80.247;59.900
747;38;10;80.247;73.520
748;10;39;57.583;2.750
748;39;10;102.583;66.120
749;10;39;52.996;3.060
749;39;10;97.996;66.430
750;10;39;54.875;18.130
750;39;10;99.875;81.500
751;11;12;138.102;65.010
751;12;11;138.102;65.580
752;11;13;59.501;77.320
752;13;11;59.501;78.010
753;11;14;125.897;82.760
753;14;11;125.897;84.030
754;11;15;68.888;84.680
754;15;11;68.888;86.340
755;11;15;65.623;65.290
755;15;11;65.623;66.950
756;11;16;73.859;83.110
756;16;11;73.859;85.570
757;11;17;72.879;69.770
757;17;11;72.879;72.760
758;11;17;76.041;70.170
758;17;11;76.041;73.160
759;11;18;74.303;61.220
759;18;11;74.303;64.870
760;11;19;91.477;73.030
760;19;11;91.477;76.720
761;11;19;86.041;77.990
761;19;11;86.041;81.680
762;11;19;100.891;78.330
762;19;11;100.891;82.020
763;11;20;118.587;77.460
763;20;11;118.587;82.150
764;11;21;113.074;71.300
764;21;11;113.074;76.190
765;11;21;101.650;64.840
765;21;11;101.650;69.730
766;11;21;122.175;62.210
766;21;11;122.175;67.100
767;11;22;60.541;56.070
767;22;11;60.541;63.030
768;11;23;58.725;64.990
768;23;11;58.725;74.170
769;11;23;60.846;67.090
769;23;11;60.846;76.270
770;11;24;87.271;71.010
770;24;11;87.271;80.300
771;11;25;107.314;62.810
771;25;11;107.314;72.400
772;11;26;80.955;65.070
772;26;11;80.955;75.560
773;11;27;68.543;69.740
773;27;11;68.543;80.720
774;11;28;71.448;59.720
774;28;11;71.448;71.360
775;11;28;73.385;63.460
775;28;11;73.385;75.100
776;11;28;76.503;68.540
776;28;11;76.503;80.180
777;11;29;152.971;64.390
777;29;11;152.971;76.060
778;11;29;148.298;59.750
778;29;11;148.298;71.420
779;11;30;77.631;54.330
779;30;11;77.631;66.030
780;11;31;79.380;70.340
780;31;11;79.380;82.120
781;11;31;75.411;57.590
781;31;11;75.411;69.370
782;11;32;73.594;56.360
782;32;11;73.594;68.440
783;11;33;87.272;58.890
783;33;11;87.272;71.030
784;11;33;84.796;64.430
784;33;11;84.796;76.570
785;11;34;111.005;67.290
785;34;11;111.005;79.570
786;11;35;126.733;68.560
786;35;11;126.733;81.030
787;11;35;132.688;58.960
787;35;11;132.688;71.430
788;11;36;142.511;64.420
788;36;11;142.511;76.960
789;11;37;77.050;58.970
789;37;11;77.050;71.530
790;11;37;82.736;54.680
790;37;11;82.736;67.240
791;11;38;78.310;59.600
791;38;11;78.310;72.680
792;11;39;45.309;0.620
792;39;11;90.309;63.450
793;11;39;45.501;2.410
793;39;11;90.501;65.240
794;12;13;130.235;75.360
794;13;12;130.235;75.480
795;12;13;146.540;73.410
795;13;12;146.540;73.530
796;12;13;138.515;65.260
796;13;12;138.515;65.380
797;12;14;57.409;73.190
797;14;12;57.409;73.890
798;12;14;55.539;77.370
798;14;12;55.539;78.070
799;12;14;56.832;84.380
799;14;12;56.832;85.080
800;12;15;130.650;79.070
800;15;12;130.650;80.160
801;12;16;131.899;80.040
801;16;12;131.899;81.930
802;12;16;127.969;63.240
802;16;12;127.969;65.130
803;12;16;123.842;66.960
803;16;12;123.842;68.850
804;12;17;130.535;70.700
804;17;12;130.535;73.120
805;12;17;140.892;68.250
805;17;12;140.892;70.670
806;12;17;151.700;82.400
806;17;12;151.700;84.820
807;12;18;128.972;81.300
807;18;12;128.972;84.380
808;12;18;119.102;75.190
808;18;12;119.102;78.270
809;12;18;124.430;68.470
809;18;12;124.430;71.550
810;12;19;111.937;76.630
810;19;12;111.937;79.750
811;12;19;107.064;76.390
811;19;12;107.064;79.510
812;12;20;148.777;66.710
812;20;12;148.777;70.830
813;12;20;132.517;58.930
813;20;12;132.517;63.050
814;12;21;134.327;61.930
814;21;12;134.327;66.250
815;12;22;134.762;77.840
815;22;12;134.762;84.230
816;12;22;148.751;76.370
816;22;12;148.751;82.760
817;12;22;137.011;77.130
817;22;12;137.011;83.520
818;12;23;133.556;56.870
818;23;12;133.556;65.480
819;12;24;106.618;57.820
819;24;12;106.618;66.540
820;12;25;139.672;74.900
820;25;12;139.672;83.920
821;12;25;121.570;54.820
821;25;12;121.570;63.840
822;12;26;102.209;70.100
822;26;12;102.209;80.020
823;12;26;110.761;67.850
823;26;12;110.761;77.770
824;12;27;131.837;60.320
824;27;12;131.837;70.730
825;12;27;138.284;64.940
825;27;12;138.284;75.350
826;12;28;137.705;69.020
826;28;12;137.705;80.090
827;12;28;136.047;57.620
827;28;12;136.047;68.690
828;12;29;126.135;61.710
828;29;12;126.135;72.810
829;12;30;128.549;72.660
829;30;12;128.549;83.790
830;12;30;131.091;55.100
830;30;12;131.091;66.230
831;12;30;115.240;60.080
831;30;12;115.240;71.210
832;12;31;142.279;52.900
832;31;12;142.279;64.110
833;12;31;120.009;69.750
833;31;12;120.009;80.960
834;12;31;136.592;74.760
834;31;12;136.592;85.970
835;12;32;113.519;70.510
835;32;12;113.519;82.020
836;12;33;132.307;58.860
836;33;12;132.307;70.430
837;12;34;74.586;52.060
837;34;12;74.586;63.770
838;12;34;79.047;61.430
838;34;12;79.047;73.140
839;12;34;78.254;74.830
839;34;12;78.254;86.540
840;12;35;81.032;66.480
840;35;12;81.032;78.380
841;12;35;84.794;50.740
841;35;12;84.794;62.640
842;12;36;123.109;64.610
842;36;12;123.109;76.580
843;12;37;124.454;50.450
843;37;12;124.454;62.440
844;12;37;137.983;61.840
844;37;12;137.983;73.830
845;12;38;154.004;62.670
845;38;12;154.004;75.180
846;12;38;163.590;70.670
846;38;12;163.590;83.180
847;12;39;93.673;5.950
847;39;12;138.673;68.210
848;12;39;78.604;5.840
848;39;12;123.604;68.100
849;13;14;117.833;65.300
849;14;13;117.833;65.880
850;13;15;55.085;74.160
850;15;13;55.085;75.130
851;13;15;55.640;65.590
851;15;13;55.640;66.560
852;13;16;60.372;66.100
852;16;13;60.372;67.870
853;13;16;56.723;65.240
853;16;13;56.723;67.010
854;13;17;59.075;84.590
854;17;13;59.075;86.890
855;13;17;58.489;74.540
855;17;13;58.489;76.840
856;13;17;59.087;81.700
856;17;13;59.087;84.000
857;13;18;60.208;69.600
857;18;13;60.208;72.560
858;13;19;77.326;78.080
858;19;13;77.326;81.080
859;13;20;105.469;79.260
859;20;13;105.469;83.260
860;13;21;98.966;61.010
860;21;13;98.966;65.210
861;13;21;110.152;68.780
861;21;13;110.152;72.980
862;13;22;50.206;64.840
862;22;13;50.206;71.110
863;13;22;49.984;70.310
863;22;13;49.984;76.580
864;13;22;50.710;70.920
864;22;13;50.710;77.190
865;13;23;48.361;59.250
865;23;13;48.361;67.740
866;13;23;48.655;61.730
866;23;13;48.655;70.220
867;13;23;47.899;68.530
867;23;13;47.899;77.020
868;13;24;74.210;54.660
868;24;13;74.210;63.260
869;13;25;93.799;74.010
869;25;13;93.799;82.910
870;13;26;74.022;76.230
870;26;13;74.022;86.030
871;13;26;70.570;66.210
871;26;13;70.570;76.010
872;13;27;55.121;65.510
872;27;13;55.121;75.800
873;13;28;60.178;60.470
873;28;13;60.178;71.420
874;13;28;58.065;62.320
874;28;13;58.065;73.270
875;13;28;63.785;74.170
875;28;13;63.785;85.120
876;13;29;138.576;64.800
876;29;13;138.576;75.780
877;13;30;63.504;63.150
877;30;13;63.504;74.160
878;13;30;65.580;52.150
878;30;13;65.580;63.160
879;13;31;68.627;63.720
879;31;13;68.627;74.810
880;13;31;71.088;51.070
880;31;13;71.088;62.160
881;13;31;64.262;75.980
881;31;13;64.262;87.070
882;13;32;62.085;62.380
882;32;13;62.085;73.770
883;13;33;73.573;65.460
883;33;13;73.573;76.910
884;13;33;73.806;51.580
884;33;13;73.806;63.030
885;13;34;105.565;52.340
885;34;13;105.565;63.930
886;13;34;98.290;71.490
886;34;13;98.290;83.080
887;13;34;113.271;70.250
887;34;13;113.271;81.840
888;13;35;124.458;56.030
888;35;13;124.458;67.810
889;13;35;128.254;69.910
889;35;13;128.254;81.690
890;13;35;108.462;75.360
890;35;13;108.462;87.140
891;13;36;128.075;50.810
891;36;13;128.075;62.660
892;13;37;62.568;55.110
892;37;13;62.568;66.980
893;13;38;73.053;54.850
893;38;13;73.053;67.240
894;13;39;32.509;0.550
894;39;13;77.509;62.690
895;13;39;33.027;11.350
895;39;13;78.027;73.490
896;13;39;28.342;5.760
896;39;13;73.342;67.900
897;14;15;118.294;76.770
897;15;14;118.294;77.160
898;14;15;111.539;66.120
898;15;14;111.539;66.510
899;14;16;119.643;84.410
899;16;14;119.643;85.600
900;14;16;131.919;70.010
900;16;14;131.919;71.200
901;14;17;118.254;75.530
901;17;14;118.254;77.250
902;14;17;135.879;73.530
902;17;14;135.879;75.250
903;14;18;116.720;64.900
903;18;14;116.720;67.280
904;14;18;106.090;72.170
904;18;14;106.090;74.550
905;14;19;100.307;78.110
905;19;14;100.307;80.530
906;14;19;105.305;72.610
906;19;14;105.305;75.030
907;14;19;112.909;74.220
907;19;14;112.909;76.640
908;14;20;138.718;58.920
908;20;14;138.718;62.340
909;14;21;124.353;72.910
909;21;14;124.353;76.530
910;14;22;122.353;79.410
910;22;14;122.353;85.100
911;14;22;135.271;78.320
911;22;14;135.271;84.010
912;14;23;121.152;73.530
912;23;14;121.152;81.440
913;14;23;105.372;74.530
913;23;14;105.372;82.440
914;14;24;94.535;57.680
914;24;14;94.535;65.700
915;14;25;129.042;74.030
915;25;14;129.042;82.350
916;14;26;89.955;52.590
916;26;14;89.955;61.810
917;14;27;119.479;56.420
917;27;14;119.479;66.130
918;14;27;138.067;68.700
918;27;14;138.067;78.410
919;14;27;125.454;58.660
919;27;14;125.454;68.370
920;14;28;125.393;60.680
920;28;14;125.393;71.050
921;14;29;122.043;74.750
921;29;14;122.043;85.150
922;14;29;137.950;53.000
922;29;14;137.950;63.400
923;14;29;130.538;73.170
923;29;14;130.538;83.570
924;14;30;116.392;52.440
924;30;14;116.392;62.870
925;14;31;130.129;72.200
925;31;14;130.129;82.710
926;14;31;120.544;70.510
926;31;14;120.544;81.020
927;14;31;119.027;75.730
927;31;14;119.027;86.240
928;14;32;101.111;72.710
928;32;14;101.111;83.520
929;14;32;89.302;74.350
929;32;14;89.302;85.160
930;14;33;120.540;69.670
930;33;14;120.540;80.540
931;14;33;130.598;50.910
931;33;14;130.598;61.780
932;14;34;64.736;74.170
932;34;14;64.736;85.180
933;14;34;61.387;60.560
933;34;14;61.387;71.570
934;14;35;78.937;51.080
934;35;14;78.937;62.280
935;14;35;86.761;56.740
935;35;14;86.761;67.940
936;14;35;85.818;64.900
936;35;14;85.818;76.100
937;14;36;117.524;64.150
937;36;14;117.524;75.420
938;14;37;112.256;65.570
938;37;14;112.256;76.860
939;14;37;117.694;53.750
939;37;14;117.694;65.040
940;14;38;141.700;66.560
940;38;14;141.700;78.370
941;14;39;81.991;23.500
941;39;14;126.991;85.060
942;14;39;75.231;23.810
942;39;14;120.231;85.370
943;15;16;50.307;82.620
943;16;15;50.307;83.420
944;15;16;49.203;81.660
944;16;15;49.203;82.460
945;15;16;51.178;61.330
945;16;15;51.178;62.130
946;15;17;49.023;71.570
946;17;15;49.023;72.900
947;15;17;48.116;65.700
947;17;15;48.116;67.030
948;15;17;48.571;83.130
948;17;15;48.571;84.460
949;15;18;50.468;79.530
949;18;15;50.468;81.520
950;15;18;49.414;79.160
950;18;15;49.414;81.150
951;15;18;50.527;71.720
951;18;15;50.527;73.710
952;15;19;70.880;59.570
952;19;15;70.880;61.600
953;15;19;70.927;80.220
953;19;15;70.927;82.250
954;15;19;75.036;69.320
954;19;15;75.036;71.350
955;15;20;95.384;64.350
955;20;15;95.384;67.380
956;15;20;97.527;77.570
956;20;15;97.527;80.600
957;15;21;89.188;75.510
957;21;15;89.188;78.740
958;15;22;53.790;56.880
958;22;15;53.790;62.180
959;15;22;53.485;65.380
959;22;15;53.485;70.680
960;15;23;55.181;72.980
960;23;15;55.181;80.500
961;15;24;70.556;64.850
961;24;15;70.556;72.480
962;15;24;68.439;58.680
962;24;15;68.439;66.310
963;15;24;69.639;70.430
963;24;15;69.639;78.060
964;15;25;83.740;77.080
964;25;15;83.740;85.010
965;15;25;83.827;63.920
965;25;15;83.827;71.850
966;15;26;77.528;60.990
966;26;15;77.528;69.820
967;15;26;77.329;75.070
967;26;15;77.329;83.900
968;15;27;46.197;69.340
968;27;15;46.197;78.660
969;15;27;46.113;68.600
969;27;15;46.113;77.920
970;15;28;52.570;53.070
970;28;15;52.570;63.050
971;15;28;51.092;51.240
971;28;15;51.092;61.220
972;15;29;130.539;68.980
972;29;15;130.539;78.990
973;15;29;126.646;55.870
973;29;15;126.646;65.880
974;15;30;53.778;51.510
974;30;15;53.778;61.550
975;15;30;55.125;69.020
975;30;15;55.125;79.060
976;15;30;55.540;65.780
976;30;15;55.540;75.820
977;15;31;60.107;52.420
977;31;15;60.107;62.540
978;15;31;63.656;67.850
978;31;15;63.656;77.970
979;15;32;62.990;63.600
979;32;15;62.990;74.020
980;15;33;63.534;64.510
980;33;15;63.534;74.990
981;15;33;61.786;59.200
981;33;15;61.786;69.680
982;15;34;108.438;75.290
982;34;15;108.438;85.910
983;15;34;97.036;63.650
983;34;15;97.036;74.270
984;15;35;129.056;62.910
984;35;15;129.056;73.720
985;15;36;119.893;74.350
985;36;15;119.893;85.230
986;15;37;54.290;60.280
986;37;15;54.290;71.180
987;15;37;53.750;71.340
987;37;15;53.750;82.240
988;15;37;52.416;57.480
988;37;15;52.416;68.380
989;15;38;68.622;69.320
989;38;15;68.622;80.740
990;15;39;22.496;21.340
990;39;15;67.496;82.510
991;16;17;46.755;62.810
991;17;16;46.755;63.340
992;16;17;46.575;80.520
992;17;16;46.575;81.050
993;16;18;47.930;62.460
993;18;16;47.930;63.650
994;16;18;47.233;74.270
994;18;16;47.233;75.460
995;16;18;48.037;76.620
995;18;16;48.037;77.810
996;16;19;69.083;83.640
996;19;16;69.083;84.870
997;16;19;72.874;75.200
997;19;16;72.874;76.430
998;16;19;67.116;60.930
998;19;16;67.116;62.160
999;16;20;90.108;79.080
999;20;16;90.108;81.310
1000;16;20;85.055;70.020
1000;20;16;85.055;72.250
1001;16;20;85.470;76.500
1001;20;16;85.470;78.730
1002;16;21;84.311;82.890
1002;21;16;84.311;85.320
1003;16;22;58.406;69.760
1003;22;16;58.406;74.260
1004;16;23;60.151;78.600
1004;23;16;60.151;85.320
1005;16;24;70.659;64.070
1005;24;16;70.659;70.900
1006;16;25;78.542;67.600
1006;25;16;78.542;74.730
1007;16;25;76.725;61.380
1007;25;16;76.725;68.510
1008;16;25;86.168;71.310
1008;25;16;86.168;78.440
1009;16;26;80.845;72.600
1009;26;16;80.845;80.630
1010;16;27;50.349;69.890
1010;27;16;50.349;78.410
1011;16;28;51.364;54.750
1011;28;16;51.364;63.930
1012;16;28;52.222;55.620
1012;28;16;52.222;64.800
1013;16;29;126.893;55.370
1013;29;16;126.893;64.580
1014;16;29;143.565;66.370
1014;29;16;143.565;75.580
1015;16;29;117.798;70.470
1015;29;16;117.798;79.680
1016;16;30;49.840;54.820
1016;30;16;49.840;64.060
1017;16;30;48.938;55.560
1017;30;16;48.938;64.800
1018;16;31;56.204;54.020
1018;31;16;56.204;63.340
1019;16;31;53.924;61.280
1019;31;16;53.924;70.600
1020;16;32;65.993;74.020
1020;32;16;65.993;83.640
1021;16;33;58.413;61.880
1021;33;16;58.413;71.560
1022;16;33;57.912;51.940
1022;33;16;57.912;61.620
1023;16;34;111.028;73.410
1023;34;16;111.028;83.230
1024;16;35;132.309;71.190
1024;35;16;132.309;81.200
1025;16;35;153.682;61.390
1025;35;16;153.682;71.400
1026;16;35;143.904;71.330
1026;35;16;143.904;81.340
1027;16;36;116.180;53.150
1027;36;16;116.180;63.230
1028;16;36;123.968;58.670
1028;36;16;123.968;68.750
1029;16;36;122.436;73.260
1029;36;16;122.436;83.340
1030;16;37;52.711;68.750
1030;37;16;52.711;78.850
1031;16;37;52.300;74.320
1031;37;16;52.300;84.420
1032;16;37;51.968;60.810
1032;37;16;51.968;70.910
1033;16;38;67.218;64.410
1033;38;16;67.218;75.030
1034;16;38;68.741;52.240
1034;38;16;68.741;62.860
1035;16;38;63.757;51.630
1035;38;16;63.757;62.250
1036;16;39;17.194;23.320
1036;39;16;62.194;83.690
1037;16;39;13.287;22.050
1037;39;16;58.287;82.420
1038;16;39;16.426;10.330
1038;39;16;61.426;70.700
1039;17;18;46.983;65.430
1039;18;17;46.983;66.090
1040;17;18;46.612;82.820
1040;18;17;46.612;83.480
1041;17;19;68.479;74.230
1041;19;17;68.479;74.930
1042;17;19;68.380;69.490
1042;19;17;68.380;70.190
1043;17;19;67.498;71.430
1043;19;17;67.498;72.130
1044;17;20;91.414;58.410
1044;20;17;91.414;60.110
1045;17;21;85.197;70.750
1045;21;17;85.197;72.650
1046;17;21;92.161;72.010
1046;21;17;92.161;73.910
1047;17;22;57.604;78.970
1047;22;17;57.604;82.940
1048;17;22;56.850;62.140
1048;22;17;56.850;66.110
1049;17;23;59.157;71.590
1049;23;17;59.157;77.780
1050;17;24;69.494;72.810
1050;24;17;69.494;79.110
1051;17;24;64.999;77.810
1051;24;17;64.999;84.110
1052;17;25;79.729;54.080
1052;25;17;79.729;60.680
1053;17;25;87.808;70.370
1053;25;17;87.808;76.970
1054;17;26;79.129;65.240
1054;26;17;79.129;72.740
1055;17;26;73.879;73.850
1055;26;17;73.879;81.350
1056;17;27;49.399;67.930
1056;27;17;49.399;75.920
1057;17;28;52.314;51.680
1057;28;17;52.314;60.330
1058;17;29;127.095;51.680
1058;29;17;127.095;60.360
1059;17;29;138.436;66.560
1059;29;17;138.436;75.240
1060;17;29;109.419;68.630
1060;29;17;109.419;77.310
1061;17;30;49.963;60.850
1061;30;17;49.963;69.560
1062;17;30;49.917;57.600
1062;30;17;49.917;66.310
1063;17;30;50.315;69.660
1063;30;17;50.315;78.370
1064;17;31;57.906;72.860
1064;31;17;57.906;81.650
1065;17;31;56.201;51.340
1065;31;17;56.201;60.130
1066;17;31;58.260;54.360
1066;31;17;58.260;63.150
1067;17;32;64.289;71.150
1067;32;17;64.289;80.240
1068;17;33;59.514;66.200
1068;33;17;59.514;75.350
1069;17;33;58.213;67.360
1069;33;17;58.213;76.510
1070;17;33;62.474;53.710
1070;33;17;62.474;62.860
1071;17;34;109.413;70.530
1071;34;17;109.413;79.820
1072;17;34;111.733;62.070
1072;34;17;111.733;71.360
1073;17;35;130.613;64.900
1073;35;17;130.613;74.380
1074;17;36;116.411;68.350
1074;36;17;116.411;77.900
1075;17;37;51.801;52.470
1075;37;17;51.801;62.040
1076;17;38;68.490;59.540
1076;38;17;68.490;69.630
1077;17;39;18.686;16.200
1077;39;17;63.686;76.040
1078;17;39;15.989;9.880
1078;39;17;60.989;69.720
1079;18;19;66.505;70.500
1079;19;18;66.505;70.540
1080;18;20;90.512;75.800
1080;20;18;90.512;76.840
1081;18;20;80.640;82.560
1081;20;18;80.640;83.600
1082;18;20;100.540;59.340
1082;20;18;100.540;60.380
1083;18;21;83.807;79.670
1083;21;18;83.807;80.910
1084;18;22;59.241;66.080
1084;22;18;59.241;69.390
1085;18;23;60.628;55.330
1085;23;18;60.628;60.860
1086;18;23;58.140;71.790
1086;23;18;58.140;77.320
1087;18;24;67.745;64.100
1087;24;18;67.745;69.740
1088;18;25;78.680;66.880
1088;25;18;78.680;72.820
1089;18;25;72.179;57.430
1089;25;18;72.179;63.370
1090;18;25;86.063;60.950
1090;25;18;86.063;66.890
1091;18;26;78.322;65.990
1091;26;18;78.322;72.830
1092;18;26;76.138;75.410
1092;26;18;76.138;82.250
1093;18;26;71.497;72.500
1093;26;18;71.497;79.340
1094;18;27;51.106;71.960
1094;27;18;51.106;79.290
1095;18;27;50.022;64.720
1095;27;18;50.022;72.050
1096;18;28;54.141;67.290
1096;28;18;54.141;75.280
1097;18;29;125.239;61.020
1097;29;18;125.239;69.040
1098;18;29;129.308;76.100
1098;29;18;129.308;84.120
1099;18;29;109.048;68.820
1099;29;18;109.048;76.840
1100;18;30;48.328;58.350
1100;30;18;48.328;66.400
1101;18;31;58.896;69.020
1101;31;18;58.896;77.150
1102;18;31;58.035;60.960
1102;31;18;58.035;69.090
1103;18;32;63.455;68.900
1103;32;18;63.455;77.330
1104;18;32;65.996;70.570
1104;32;18;65.996;79.000
1105;18;33;58.464;53.230
1105;33;18;58.464;61.720
1106;18;34;108.257;60.210
1106;34;18;108.257;68.840
1107;18;35;129.697;69.850
1107;35;18;129.697;78.670
1108;18;35;121.408;74.720
1108;35;18;121.408;83.540
1109;18;36;114.567;51.400
1109;36;18;114.567;60.290
1110;18;37;49.879;51.520
1110;37;18;49.879;60.430
1111;18;38;70.142;55.670
1111;38;18;70.142;65.100
1112;18;38;73.171;73.390
1112;38;18;73.171;82.820
1113;18;39;18.196;21.610
1113;39;18;63.196;80.790
1114;18;39;21.426;14.250
1114;39;18;66.426;73.430
1115;19;20;88.017;58.400
1115;20;19;88.017;59.400
1116;19;20;93.530;73.690
1116;20;19;93.530;74.690
1117;19;21;75.687;67.390
1117;21;19;75.687;68.590
1118;19;22;78.929;76.710
1118;22;19;78.929;79.980
1119;19;22;78.547;77.380
1119;22;19;78.547;80.650
1120;19;22;85.652;77.280
1120;22;19;85.652;80.550
1121;19;23;79.368;60.880
1121;23;19;79.368;66.370
1122;19;24;54.199;67.310
1122;24;19;54.199;72.910
1123;19;24;56.461;73.290
1123;24;19;56.461;78.890
1124;19;24;55.032;64.660
1124;24;19;55.032;70.260
1125;19;25;76.387;77.200
1125;25;19;76.387;83.100
1126;19;25;76.679;56.290
1126;25;19;76.679;62.190
1127;19;26;74.997;58.580
1127;26;19;74.997;65.380
1128;19;26;75.021;61.030
1128;26;19;75.021;67.830
1129;19;26;70.458;61.250
1129;26;19;70.458;68.050
1130;19;27;71.925;58.970
1130;27;19;71.925;66.260
1131;19;28;75.433;56.400
1131;28;19;75.433;64.350
1132;19;28;75.274;61.660
1132;28;19;75.274;69.610
1133;19;29;106.698;71.930
1133;29;19;106.698;79.910
1134;19;30;64.469;72.150
1134;30;19;64.469;80.160
1135;19;30;61.525;59.630
1135;30;19;61.525;67.640
1136;19;30;68.073;59.130
1136;30;19;68.073;67.140
1137;19;31;77.128;75.810
1137;31;19;77.128;83.900
1138;19;31;76.322;70.470
1138;31;19;76.322;78.560
1139;19;31;78.573;52.870
1139;31;19;78.573;60.960
1140;19;32;65.863;65.100
1140;32;19;65.863;73.490
1141;19;32;67.430;65.180
1141;32;19;67.430;73.570
1142;19;33;65.445;55.530
1142;33;19;65.445;63.980
1143;19;34;96.946;54.890
1143;34;19;96.946;63.480
1144;19;34;107.757;55.730
1144;34;19;107.757;64.320
1145;19;35;120.371;51.960
1145;35;19;120.371;60.740
1146;19;36;96.440;52.070
1146;36;19;96.440;60.920
1147;19;36;93.761;72.790
1147;36;19;93.761;81.640
1148;19;36;91.428;56.900
1148;36;19;91.428;65.750
1149;19;37;61.748;58.810
1149;37;19;61.748;67.680
1150;19;37;62.068;50.340
1150;37;19;62.068;59.210
1151;19;37;62.054;71.140
1151;37;19;62.054;80.010
1152;19;38;90.391;67.660
1152;38;19;90.391;77.050
1153;19;39;26.736;1.240
1153;39;19;71.736;60.380
1154;20;21;59.458;58.100
1154;21;20;59.458;58.300
1155;20;21;58.316;71.440
1155;21;20;58.316;71.640
1156;20;21;61.429;70.500
1156;21;20;61.429;70.700
1157;20;22;103.075;67.050
1157;22;20;103.075;69.320
1158;20;22;90.581;74.570
1158;22;20;90.581;76.840
1159;20;22;101.401;70.170
1159;22;20;101.401;72.440
1160;20;23;105.087;55.150
1160;23;20;105.087;59.640
1161;20;23;95.380;72.570
1161;23;20;95.380;77.060
1162;20;24;97.055;59.800
1162;24;20;97.055;64.400
1163;20;25;57.233;63.870
1163;25;20;57.233;68.770
1164;20;25;55.332;75.690
1164;25;20;55.332;80.590
1165;20;26;117.069;71.970
1165;26;20;117.069;77.770
1166;20;26;122.690;54.110
1166;26;20;122.690;59.910
1167;20;27;95.429;74.760
1167;27;20;95.429;81.050
1168;20;27;96.917;63.710
1168;27;20;96.917;70.000
1169;20;27;101.366;56.820
1169;27;20;101.366;63.110
1170;20;28;92.294;62.830
1170;28;20;92.294;69.780
1171;20;28;93.928;61.590
1171;28;20;93.928;68.540
1172;20;28;82.207;61.220
1172;28;20;82.207;68.170
1173;20;29;101.499;72.390
1173;29;20;101.499;79.370
1174;20;30;87.419;65.750
1174;30;20;87.419;72.760
1175;20;30;87.845;69.100
1175;30;20;87.845;76.110
1176;20;30;93.901;56.580
1176;30;20;93.901;63.590
1177;20;31;85.279;71.110
1177;31;20;85.279;78.200
1178;20;32;104.458;72.360
1178;32;20;104.458;79.750
1179;20;33;77.067;73.310
1179;33;20;77.067;80.760
1180;20;33;84.746;62.330
1180;33;20;84.746;69.780
1181;20;34;139.200;75.260
1181;34;20;139.200;82.850
1182;20;34;128.898;67.330
1182;34;20;128.898;74.920
1183;20;34;135.897;61.250
1183;34;20;135.897;68.840
1184;20;35;162.882;64.690
1184;35;20;162.882;72.470
1185;20;35;159.203;68.140
1185;35;20;159.203;75.920
1186;20;35;184.046;73.300
1186;35;20;184.046;81.080
1187;20;36;92.077;73.590
1187;36;20;92.077;81.440
1188;20;36;97.077;57.730
1188;36;20;97.077;65.580
1189;20;36;102.546;62.990
1189;36;20;102.546;70.840
1190;20;37;89.999;70.370
1190;37;20;89.999;78.240
1191;20;38;94.518;73.250
1191;38;20;94.518;81.640
1192;20;38;90.674;56.720
1192;38;20;90.674;65.110
1193;20;38;85.492;70.320
1193;38;20;85.492;78.710
1194;20;39;28.285;7.700
1194;39;20;73.285;65.840
1195;20;39;31.408;20.130
1195;39;20;76.408;78.270
1196;21;22;97.714;57.250
1196;22;21;97.714;59.320
1197;21;23;99.354;57.150
1197;23;21;99.354;61.440
1198;21;24;84.886;61.270
1198;24;21;84.886;65.670
1199;21;25;54.650;69.100
1199;25;21;54.650;73.800
1200;21;25;53.832;67.270
1200;25;21;53.832;71.970
1201;21;26;105.577;71.490
1201;26;21;105.577;77.090
1202;21;26;105.747;67.030
1202;26;21;105.747;72.630
1203;21;26;94.503;58.490
1203;26;21;94.503;64.090
1204;21;27;89.560;63.470
1204;27;21;89.560;69.560
1205;21;27;99.252;54.140
1205;27;21;99.252;60.230
1206;21;28;88.229;62.750
1206;28;21;88.229;69.500
1207;21;28;80.313;63.420
1207;28;21;80.313;70.170
1208;21;29;93.319;66.450
1208;29;21;93.319;73.230
1209;21;29;97.732;72.980
1209;29;21;97.732;79.760
1210;21;30;80.485;74.890
1210;30;21;80.485;81.700
1211;21;30;77.188;65.600
1211;30;21;77.188;72.410
1212;21;30;82.933;62.180
1212;30;21;82.933;68.990
1213;21;31;83.170;56.010
1213;31;21;83.170;62.900
1214;21;31;92.187;52.720
1214;31;21;92.187;59.610
1215;21;32;94.387;72.880
1215;32;21;94.387;80.070
1216;21;33;71.038;53.130
1216;33;21;71.038;60.380
1217;21;33;75.306;66.980
1217;33;21;75.306;74.230
1218;21;33;73.606;70.480
1218;33;21;73.606;77.730
1219;21;34;125.577;55.600
1219;34;21;125.577;62.990
1220;21;35;149.317;69.100
1220;35;21;149.317;76.680
1221;21;35;144.775;63.350
1221;35;21;144.775;70.930
1222;21;35;137.601;62.570
1222;35;21;137.601;70.150
1223;21;36;82.907;51.760
1223;36;21;82.907;59.410
1224;21;37;81.879;67.300
1224;37;21;81.879;74.970
1225;21;37;85.845;58.930
1225;37;21;85.845;66.600
1226;21;37;89.036;65.360
1226;37;21;89.036;73.030
1227;21;38;95.180;54.760
1227;38;21;95.180;62.950
1228;21;39;25.336;0.070
1228;39;21;70.336;58.010
1229;21;39;26.374;0.750
1229;39;21;71.374;58.690
1230;21;39;26.560;16.710
1230;39;21;71.560;74.650
1231;22;23;47.415;59.940
1231;23;22;47.415;62.160
1232;22;23;47.101;57.800
1232;23;22;47.101;60.020
1233;22;23;47.634;64.490
1233;23;22;47.634;66.710
1234;22;24;77.115;72.680
1234;24;22;77.115;75.010
1235;22;25;91.776;64.310
1235;25;22;91.776;66.940
1236;22;25;101.114;60.530
1236;25;22;101.114;63.160
1237;22;25;83.784;54.620
1237;25;22;83.784;57.250
1238;22;26;79.007;52.970
1238;26;22;79.007;56.500
1239;22;26;84.907;62.000
1239;26;22;84.907;65.530
1240;22;27;53.204;52.570
1240;27;22;53.204;56.590
1241;22;27;54.868;62.090
1241;27;22;54.868;66.110
1242;22;27;52.676;75.380
1242;27;22;52.676;79.400
1243;22;28;56.276;58.300
1243;28;22;56.276;62.980
1244;22;28;53.682;69.060
1244;28;22;53.682;73.740
1245;22;29;139.249;65.400
1245;29;22;139.249;70.110
1246;22;29;142.470;71.940
1246;29;22;142.470;76.650
1247;22;30;62.518;74.900
1247;30;22;62.518;79.640
1248;22;31;64.625;62.950
1248;31;22;64.625;67.770
1249;22;31;60.980;74.030
1249;31;22;60.980;78.850
1250;22;32;66.285;56.100
1250;32;22;66.285;61.220
1251;22;32;61.502;63.160
1251;32;22;61.502;68.280
1252;22;33;71.790;59.320
1252;33;22;71.790;64.500
1253;22;34;110.552;60.730
1253;34;22;110.552;66.050
1254;22;34;115.433;74.270
1254;34;22;115.433;79.590
1255;22;34;97.154;60.190
1255;34;22;97.154;65.510
1256;22;35;129.642;56.150
1256;35;22;129.642;61.660
1257;22;36;128.626;55.330
1257;36;22;128.626;60.910
1258;22;36;138.519;58.220
1258;36;22;138.519;63.800
1259;22;37;62.836;66.530
1259;37;22;62.836;72.130
1260;22;38;67.886;72.270
1260;38;22;67.886;78.390
1261;22;38;63.737;67.700
1261;38;22;63.737;73.820
1262;22;38;63.541;63.650
1262;38;22;63.541;69.770
1263;22;39;29.820;24.160
1263;39;22;74.820;80.030
1264;22;39;29.345;17.100
1264;39;22;74.345;72.970
1265;22;39;29.116;1.940
1265;39;22;74.116;57.810
1266;23;24;76.901;68.830
1266;24;23;76.901;68.940
1267;23;24;71.867;75.570
1267;24;23;71.867;75.680
1268;23;24;73.352;54.400
1268;24;23;73.352;54.510
1269;23;25;93.666;62.430
1269;25;23;93.666;62.840
1270;23;26;77.378;70.010
1270;26;23;77.378;71.320
1271;23;26;77.957;65.080
1271;26;23;77.957;66.390
1272;23;27;54.821;73.680
1272;27;23;54.821;75.480
1273;23;27;53.004;69.560
1273;27;23;53.004;71.360
1274;23;28;58.583;67.650
1274;28;23;58.583;70.110
1275;23;29;140.166;75.940
1275;29;23;140.166;78.430
1276;23;29;134.245;64.110
1276;29;23;134.245;66.600
1277;23;29;136.875;69.450
1277;29;23;136.875;71.940
1278;23;30;63.951;69.650
1278;30;23;63.951;72.170
1279;23;31;66.979;67.810
1279;31;23;66.979;70.410
1280;23;32;65.283;70.210
1280;32;23;65.283;73.110
1281;23;32;65.066;55.740
1281;32;23;65.066;58.640
1282;23;33;73.563;54.710
1282;33;23;73.563;57.670
1283;23;33;77.787;59.570
1283;33;23;77.787;62.530
1284;23;34;108.918;74.680
1284;34;23;108.918;77.780
1285;23;34;96.324;61.900
1285;34;23;96.324;65.000
1286;23;35;127.694;54.690
1286;35;23;127.694;57.980
1287;23;35;115.962;63.830
1287;35;23;115.962;67.120
1288;23;35;113.632;51.930
1288;35;23;113.632;55.220
1289;23;36;129.590;60.600
1289;36;23;129.590;63.960
1290;23;37;63.772;75.180
1290;37;23;63.772;78.560
1291;23;37;66.478;59.750
1291;37;23;66.478;63.130
1292;23;38;70.130;64.130
1292;38;23;70.130;68.030
1293;23;39;31.884;9.290
1293;39;23;76.884;62.940
1294;23;39;30.334;3.980
1294;39;23;75.334;57.630
1295;24;25;85.246;61.820
1295;25;24;85.246;62.120
1296;24;25;82.959;66.710
1296;25;24;82.959;67.010
1297;24;25;86.466;64.740
1297;25;24;86.466;65.040
1298;24;26;65.896;67.360
1298;26;24;65.896;68.560
1299;24;27;71.738;55.630
1299;27;24;71.738;57.320
1300;24;28;76.806;54.280
1300;28;24;76.806;56.630
1301;24;29;112.919;62.650
1301;29;24;112.919;65.030
1302;24;29;113.418;55.350
1302;29;24;113.418;57.730
1303;24;30;66.973;69.220
1303;30;24;66.973;71.630
1304;24;31;80.678;67.220
1304;31;24;80.678;69.710
1305;24;32;59.211;53.650
1305;32;24;59.211;56.440
1306;24;33;71.600;72.230
1306;33;24;71.600;75.080
1307;24;34;88.898;56.260
1307;34;24;88.898;59.250
1308;24;34;95.154;74.330
1308;34;24;95.154;77.320
1309;24;35;111.989;67.820
1309;35;24;111.989;71.000
1310;24;35;102.986;56.780
1310;35;24;102.986;59.960
1311;24;36;103.086;51.360
1311;36;24;103.086;54.610
1312;24;36;117.184;62.170
1312;36;24;117.184;65.420
1313;24;37;63.012;51.900
1313;37;24;63.012;55.170
1314;24;37;59.126;69.970
1314;37;24;59.126;73.240
1315;24;38;92.872;73.330
1315;38;24;92.872;77.120
1316;24;38;90.033;57.610
1316;38;24;90.033;61.400
1317;24;39;33.232;5.500
1317;39;24;78.232;59.040
1318;24;39;33.381;5.910
1318;39;24;78.381;59.450
1319;25;26;104.967;70.870
1319;26;25;104.967;71.770
1320;25;26;108.605;67.940
1320;26;25;108.605;68.840
1321;25;27;83.890;56.780
1321;27;25;83.890;58.170
1322;25;27;85.378;64.890
1322;27;25;85.378;66.280
1323;25;27;85.898;60.170
1323;27;25;85.898;61.560
1324;25;28;81.426;66.840
1324;28;25;81.426;68.890
1325;25;28;79.773;53.010
1325;28;25;79.773;55.060
1326;25;28;84.182;67.250
1326;28;25;84.182;69.300
1327;25;29;102.932;61.620
1327;29;25;102.932;63.700
1328;25;30;75.501;52.250
1328;30;25;75.501;54.360
1329;25;30;80.785;53.240
1329;30;25;80.785;55.350
1330;25;31;75.294;74.820
1330;31;25;75.294;77.010
1331;25;32;92.226;69.390
1331;32;25;92.226;71.880
1332;25;32;95.639;62.450
1332;32;25;95.639;64.940
1333;25;32;90.080;59.010
1333;32;25;90.080;61.500
1334;25;33;65.231;63.560
1334;33;25;65.231;66.110
1335;25;34;128.108;71.920
1335;34;25;128.108;74.610
1336;25;34;121.983;55.510
1336;34;25;121.983;58.200
1337;25;34;118.746;66.010
1337;34;25;118.746;68.700
1338;25;35;151.670;68.410
1338;35;25;151.670;71.290
1339;25;35;167.218;59.840
1339;35;25;167.218;62.720
1340;25;36;92.554;70.860
1340;36;25;92.554;73.810
1341;25;36;93.704;74.720
1341;36;25;93.704;77.670
1342;25;37;77.873;69.440
1342;37;25;77.873;72.410
1343;25;38;86.406;72.670
1343;38;25;86.406;76.160
1344;25;38;81.606;66.390
1344;38;25;81.606;69.880
1345;25;39;17.549;18.340
1345;39;25;62.549;71.580
1346;25;39;19.009;10.010
1346;39;25;64.009;63.250
1347;25;39;21.813;24.100
1347;39;25;66.813;77.340
1348;26;27;78.564;56.250
1348;27;26;78.564;56.740
1349;26;27;75.720;53.310
1349;27;26;75.720;53.800
1350;26;27;72.569;75.690
1350;27;26;72.569;76.180
1351;26;28;85.097;61.960
1351;28;26;85.097;63.110
1352;26;28;79.238;72.560
1352;28;26;79.238;73.710
1353;26;29;130.958;68.410
1353;29;26;130.958;69.590
1354;26;29;134.831;64.040
1354;29;26;134.831;65.220
1355;26;30;79.637;58.060
1355;30;26;79.637;59.270
1356;26;31;92.035;67.420
1356;31;26;92.035;68.710
1357;26;32;59.867;69.260
1357;32;26;59.867;70.850
1358;26;32;62.390;67.690
1358;32;26;62.390;69.280
1359;26;32;61.384;65.840
1359;32;26;61.384;67.430
1360;26;33;88.091;64.460
1360;33;26;88.091;66.110
1361;26;33;90.997;58.380
1361;33;26;90.997;60.030
1362;26;34;76.549;62.850
1362;34;26;76.549;64.640
1363;26;34;82.681;63.290
1363;34;26;82.681;65.080
1364;26;35;96.541;66.480
1364;35;26;96.541;68.460
1365;26;36;121.827;62.000
1365;36;26;121.827;64.050
1366;26;37;75.463;70.700
1366;37;26;75.463;72.770
1367;26;38;100.774;56.270
1367;38;26;100.774;58.860
1368;26;39;49.491;6.320
1368;39;26;94.491;58.660
1369;27;28;51.555;58.940
1369;28;27;51.555;59.600
1370;27;28;50.137;66.650
1370;28;27;50.137;67.310
1371;27;29;131.326;74.860
1371;29;27;131.326;75.550
1372;27;30;54.332;68.210
1372;30;27;54.332;68.930
1373;27;31;59.370;53.930
1373;31;27;59.370;54.730
1374;27;32;64.096;71.870
1374;32;27;64.096;72.970
1375;27;33;63.747;70.920
1375;33;27;63.747;72.080
1376;27;34;109.545;65.880
1376;34;27;109.545;67.180
1377;27;34;113.412;62.620
1377;34;27;113.412;63.920
1378;27;34;122.449;74.720
1378;34;27;122.449;76.020
1379;27;35;130.074;60.330
1379;35;27;130.074;61.820
1380;27;36;120.663;70.320
1380;36;27;120.663;71.880
1381;27;36;117.743;64.830
1381;36;27;117.743;66.390
1382;27;37;55.255;58.280
1382;37;27;55.255;59.860
1383;27;38;67.481;54.410
1383;38;27;67.481;56.510
1384;27;38;67.921;63.360
1384;38;27;67.921;65.460
1385;27;39;22.391;18.280
1385;39;27;67.391;70.130
1386;27;39;27.075;20.530
1386;39;27;72.075;72.380
1387;28;29;132.336;55.220
1387;29;28;132.336;55.250
1388;28;29;139.593;58.350
1388;29;28;139.593;58.380
1389;28;29;136.779;53.200
1389;29;28;136.779;53.230
1390;28;30;56.037;66.410
1390;30;28;56.037;66.470
1391;28;31;53.456;51.330
1391;31;28;53.456;51.470
1392;28;31;52.374;74.250
1392;31;28;52.374;74.390
1393;28;31;54.279;56.790
1393;31;28;54.279;56.930
1394;28;32;70.527;68.490
1394;32;28;70.527;68.930
1395;28;32;73.853;72.280
1395;32;28;73.853;72.720
1396;28;32;75.510;50.810
1396;32;28;75.510;51.250
1397;28;33;62.313;66.020
1397;33;28;62.313;66.520
1398;28;33;65.988;57.210
1398;33;28;65.988;57.710
1399;28;33;65.055;68.770
1399;33;28;65.055;69.270
1400;28;34;115.959;50.930
1400;34;28;115.959;51.570
1401;28;35;136.619;50.990
1401;35;28;136.619;51.820
1402;28;35;136.209;68.480
1402;35;28;136.209;69.310
1403;28;36;121.585;61.460
1403;36;28;121.585;62.360
1404;28;37;59.015;52.580
1404;37;28;59.015;53.500
1405;28;37;59.331;70.580
1405;37;28;59.331;71.500
1406;28;38;61.310;53.800
1406;38;28;61.310;55.240
1407;28;38;63.178;64.570
1407;38;28;63.178;66.010
1408;28;39;19.040;16.900
1408;39;28;64.040;68.090
1409;29;30;122.172;60.130
1409;30;29;122.172;60.160
1410;29;30;134.207;55.650
1410;30;29;134.207;55.680
1411;29;31;129.405;52.690
1411;31;29;129.405;52.800
1412;29;31;144.923;59.120
1412;31;29;144.923;59.230
1413;29;31;132.684;64.780
1413;31;29;132.684;64.890
1414;29;32;126.921;68.040
1414;32;29;126.921;68.450
1415;29;32;106.968;55.770
1415;32;29;106.968;56.180
1416;29;32;137.364;67.520
1416;32;29;137.364;67.930
1417;29;33;115.590;75.020
1417;33;29;115.590;75.490
1418;29;33;111.968;56.720
1418;33;29;111.968;57.190
1419;29;33;129.041;52.710
1419;33;29;129.041;53.180
1420;29;34;134.190;71.570
1420;34;29;134.190;72.180
1421;29;34;133.782;51.780
1421;34;29;133.782;52.390
1422;29;35;155.233;70.930
1422;35;29;155.233;71.730
1423;29;35;172.771;72.930
1423;35;29;172.771;73.730
1424;29;35;134.524;60.800
1424;35;29;134.524;61.600
1425;29;36;55.772;50.320
1425;36;29;55.772;51.190
1426;29;37;121.432;62.520
1426;37;29;121.432;63.410
1427;29;37;113.538;59.320
1427;37;29;113.538;60.210
1428;29;38;142.452;67.120
1428;38;29;142.452;68.530
1429;29;38;158.470;51.030
1429;38;29;158.470;52.440
1430;29;38;156.940;61.480
1430;38;29;156.940;62.890
1431;29;39;72.243;15.420
1431;39;29;117.243;66.580
1432;29;39;83.182;23.830
1432;39;29;128.182;74.990
1433;29;39;81.417;12.350
1433;39;29;126.417;63.510
1434;30;31;58.737;74.520
1434;31;30;58.737;74.600
1435;30;32;64.896;61.400
1435;32;30;64.896;61.780
1436;30;32;63.624;72.490
1436;32;30;63.624;72.870
1437;30;33;55.358;64.990
1437;33;30;55.358;65.430
1438;30;33;56.189;58.710
1438;33;30;56.189;59.150
1439;30;34;108.818;70.640
1439;34;30;108.818;71.220
1440;30;35;130.686;56.990
1440;35;30;130.686;57.760
1441;30;36;111.476;65.510
1441;36;30;111.476;66.350
1442;30;36;127.824;56.550
1442;36;30;127.824;57.390
1443;30;36;98.061;74.850
1443;36;30;98.061;75.690
1444;30;37;49.319;55.140
1444;37;30;49.319;56.000
1445;30;38;71.179;71.580
1445;38;30;71.179;72.960
1446;30;38;66.606;59.720
1446;38;30;66.606;61.100
1447;30;38;67.325;55.620
1447;38;30;67.325;57.000
1448;30;39;15.608;12.060
1448;39;30;60.608;63.190
1449;30;39;18.138;23.830
1449;39;30;63.138;74.960
1450;30;39;14.534;24.600
1450;39;30;59.534;75.730
1451;31;32;77.193;59.170
1451;32;31;77.193;59.470
1452;31;33;59.098;60.830
1452;33;31;59.098;61.190
1453;31;34;122.149;62.500
1453;34;31;122.149;63.000
1454;31;34;111.982;64.600
1454;34;31;111.982;65.100
1455;31;35;143.513;64.220
1455;35;31;143.513;64.910
1456;31;36;118.640;58.360
1456;36;31;118.640;59.120
1457;31;36;110.466;70.550
1457;36;31;110.466;71.310
1458;31;36;114.633;65.240
1458;36;31;114.633;66.000
1459;31;37;62.927;58.020
1459;37;31;62.927;58.800
1460;31;37;60.305;58.290
1460;37;31;60.305;59.070
1461;31;37;67.220;57.130
1461;37;31;67.220;57.910
1462;31;38;58.707;72.770
1462;38;31;58.707;74.070
1463;31;39;12.868;2.960
1463;39;31;57.868;54.010
1464;31;39;10.397;8.300
1464;39;31;55.397;59.350
1465;32;33;73.942;60.030
1465;33;32;73.942;60.090
1466;32;33;76.752;61.880
1466;33;32;76.752;61.940
1467;32;34;90.450;71.680
1467;34;32;90.450;71.880
1468;32;34;95.974;56.190
1468;34;32;95.974;56.390
1469;32;34;89.815;68.680
1469;34;32;89.815;68.880
1470;32;35;111.326;74.730
1470;35;32;111.326;75.120
1471;32;35;96.812;62.210
1471;35;32;96.812;62.600
1472;32;36;116.915;65.420
1472;36;32;116.915;65.880
1473;32;36;125.284;63.810
1473;36;32;125.284;64.270
1474;32;36;109.165;73.150
1474;36;32;109.165;73.610
1475;32;37;60.850;62.740
1475;37;32;60.850;63.220
1476;32;37;57.643;61.310
1476;37;32;57.643;61.790
1477;32;37;64.747;72.560
1477;37;32;64.747;73.040
1478;32;38;86.555;68.820
1478;38;32;86.555;69.820
1479;32;39;35.108;8.960
1479;39;32;80.108;59.710
1480;33;34;115.322;61.580
1480;34;33;115.322;61.720
1481;33;34;110.617;67.450
1481;34;33;110.617;67.590
1482;33;35;138.003;53.330
1482;35;33;138.003;53.660
1483;33;36;104.819;67.440
1483;36;33;104.819;67.840
1484;33;36;92.677;62.340
1484;36;33;92.677;62.740
1485;33;37;58.365;63.450
1485;37;33;58.365;63.870
1486;33;37;56.281;65.320
1486;37;33;56.281;65.740
1487;33;38;72.724;71.490
1487;38;33;72.724;72.430
1488;33;39;6.651;16.830
1488;39;33;51.651;67.520
1489;33;39;6.036;8.870
1489;39;33;51.036;59.560
1490;34;35;68.748;63.390
1490;35;34;68.748;63.580
1491;34;36;127.793;69.910
1491;36;34;127.793;70.170
1492;34;36;116.004;58.960
1492;36;34;116.004;59.220
1493;34;37;104.499;60.480
1493;37;34;104.499;60.760
1494;34;37;110.916;59.880
1494;37;34;110.916;60.160
1495;34;38;131.982;57.440
1495;38;34;131.982;58.240
1496;34;39;76.973;5.990
1496;39;34;121.973;56.540
1497;35;36;149.773;60.860
1497;36;35;149.773;60.930
1498;35;36;171.270;62.820
1498;36;35;171.270;62.890
1499;35;37;126.396;65.920
1499;37;35;126.396;66.010
1500;35;38;152.070;52.260
1500;38;35;152.070;52.870
1501;35;38;167.714;74.240
1501;38;35;167.714;74.850
1502;35;38;169.286;68.600
1502;38;35;169.286;69.210
1503;35;39;99.628;2.080
1503;39;35;144.628;52.440
1504;35;39;88.191;4.180
1504;39;35;133.191;54.540
1505;36;37;110.832;56.070
1505;37;36;110.832;56.090
1506;36;37;114.520;54.600
1506;37;36;114.520;54.620
1507;36;37;111.803;66.350
1507;37;36;111.803;66.370
1508;36;38;131.719;58.630
1508;38;36;131.719;59.170
1509;36;38;151.842;58.010
1509;38;36;151.842;58.550
1510;36;39;61.520;20.630
1510;39;36;106.520;70.920
1511;37;38;74.875;74.570
1511;38;37;74.875;75.090
1512;37;39;19.290;2.000
1512;39;37;64.290;52.270
1513;37;39;23.402;9.510
1513;39;37;68.402;59.780
1514;38;39;25.217;1.910
1514;39;38;70.217;51.660
1515;38;39;21.196;11.380
1515;39;38;66.196;61.130
1516;38;39;30.583;7.590
1516;39;38;75.583;57.340
