40
180.0
0;0;1;68.796;98.770
0;1;0;23.796;2.530
1;0;1;67.882;114.390
1;1;0;22.882;18.150
2;0;2;67.688;98.630
2;2;0;22.688;15.350
3;0;2;65.259;99.010
3;2;0;20.259;15.730
4;0;3;75.107;81.050
4;3;0;30.107;4.940
5;0;4;67.496;92.210
5;4;0;22.496;17.430
6;0;5;124.572;83.920
6;5;0;79.572;9.450
7;0;5;120.557;79.280
7;5;0;75.557;4.810
8;0;5;122.840;86.070
8;5;0;77.840;11.600
9;0;6;63.315;97.290
9;6;0;18.315;23.140
10;0;6;61.083;75.710
10;6;0;16.083;1.560
11;0;6;61.496;75.250
11;6;0;16.496;1.100
12;0;7;119.442;80.030
12;7;0;74.442;9.920
13;0;8;138.673;67.770
13;8;0;93.673;1.940
14;0;8;126.935;79.870
14;8;0;81.935;14.040
15;0;9;77.509;72.300
15;9;0;32.509;6.880
16;0;9;77.367;83.490
16;9;0;32.367;18.070
17;0;9;76.403;69.120
17;9;0;31.403;3.700
18;0;10;90.309;66.360
18;10;0;45.309;1.830
19;0;11;63.196;79.250
19;11;0;18.196;14.960
20;0;11;61.859;88.550
20;11;0;16.859;24.260
21;0;12;75.026;85.250
21;12;0;30.026;21.930
22;0;13;62.194;80.810
22;13;0;17.194;18.140
23;0;13;62.707;63.590
23;13;0;17.707;0.920
24;0;14;73.285;73.260
24;14;0;28.285;13.100
25;0;14;78.593;80.830
25;14;0;33.593;20.670
26;0;14;73.924;78.450
26;14;0;28.924;18.290
27;0;15;63.686;71.130
27;15;0;18.686;10.990
28;0;15;67.361;78.080
28;15;0;22.361;17.940
29;0;15;67.120;82.240
29;15;0;22.120;22.100
30;0;16;70.336;73.270
30;16;0;25.336;14.170
31;0;16;71.813;76.110
31;16;0;26.813;17.010
32;0;17;102.583;62.060
32;17;0;57.583;3.470
33;0;18;126.991;78.900
33;18;0;81.991;20.600
34;0;18;140.094;80.920
34;18;0;95.094;22.620
35;0;18;121.323;67.130
35;18;0;76.323;8.830
36;0;19;94.508;68.050
36;19;0;49.508;11.090
37;0;19;92.019;69.330
37;19;0;47.019;12.370
38;0;20;94.491;74.790
38;20;0;49.491;18.430
39;0;21;60.608;67.970
39;21;0;15.608;12.620
40;0;22;57.868;68.130
40;22;0;12.868;13.970
41;0;23;53.671;68.610
41;23;0;8.671;15.230
42;0;23;52.701;69.830
42;23;0;7.701;16.450
43;0;23;52.700;60.600
43;23;0;7.700;7.220
44;0;24;72.562;70.570
44;24;0;27.562;17.420
45;0;25;76.884;54.820
45;25;0;31.884;1.720
46;0;25;84.829;70.890
46;25;0;39.829;17.790
47;0;26;63.520;61.090
47;26;0;18.520;8.160
48;0;27;70.770;59.460
48;27;0;25.770;6.630
49;0;27;74.071;73.620
49;27;0;29.071;20.790
50;0;27;66.711;62.740
50;27;0;21.711;9.910
51;0;28;51.651;59.320
51;28;0;6.651;7.040
52;0;28;50.473;62.910
52;28;0;5.473;10.630
53;0;28;50.360;58.790
53;28;0;5.360;6.510
54;0;29;121.973;54.240
54;29;0;76.973;2.440
55;0;29;125.366;60.140
55;29;0;80.366;8.340
56;0;30;63.520;64.560
56;30;0;18.520;12.810
57;0;31;64.290;53.320
57;31;0;19.290;1.600
58;0;31;66.705;61.540
58;31;0;21.705;9.820
59;0;32;67.042;51.990
59;32;0;22.042;0.850
60;0;33;67.391;74.740
60;33;0;22.391;23.790
61;0;33;68.812;55.410
61;33;0;23.812;4.460
62;0;33;63.990;58.190
62;33;0;18.990;7.240
63;0;34;53.647;54.950
63;34;0;8.647;4.890
64;0;35;117.243;64.480
64;35;0;72.243;14.620
65;0;36;74.820;54.300
65;36;0;29.820;4.690
66;0;36;79.278;64.490
66;36;0;34.278;14.880
67;0;37;65.827;69.450
67;37;0;20.827;19.960
68;0;38;71.736;55.290
68;38;0;26.736;6.160
69;0;38;65.748;58.320
69;38;0;20.748;9.190
70;0;38;66.900;64.470
70;38;0;21.900;15.340
71;0;39;0.000;1.190
71;39;0;0.000;1.190
72;0;39;0.000;1.200
72;39;0;0.000;1.200
73;1;2;91.481;94.450
73;2;1;91.481;107.410
74;1;2;79.950;98.990
74;2;1;79.950;111.950
75;1;3;89.354;87.670
75;3;1;89.354;107.800
76;1;3;92.668;77.530
76;3;1;92.668;97.660
77;1;4;90.080;86.900
77;4;1;90.080;108.360
78;1;4;99.804;75.940
78;4;1;99.804;97.400
79;1;5;147.414;93.300
79;5;1;147.414;115.070
80;1;5;141.164;86.440
80;5;1;141.164;108.210
81;1;6;86.710;86.880
81;6;1;86.710;108.970
82;1;7;142.767;90.000
82;7;1;142.767;116.130
83;1;7;166.234;73.550
83;7;1;166.234;99.680
84;1;7;158.021;72.270
84;7;1;158.021;98.400
85;1;8;142.123;74.120
85;8;1;142.123;104.530
86;1;8;120.532;86.690
86;8;1;120.532;117.100
87;1;9;100.131;70.450
87;9;1;100.131;101.270
88;1;10;113.670;86.850
88;10;1;113.670;118.560
89;1;10;100.945;67.000
89;10;1;100.945;98.710
90;1;10;98.846;79.180
90;10;1;98.846;110.890
91;1;11;84.989;74.940
91;11;1;84.989;106.890
92;1;12;98.562;80.630
92;12;1;98.562;113.550
93;1;13;84.892;76.610
93;13;1;84.892;110.180
94;1;13;89.774;66.480
94;13;1;89.774;100.050
95;1;14;51.988;82.730
95;14;1;51.988;118.810
96;1;14;50.543;84.470
96;14;1;50.543;120.550
97;1;14;52.954;78.760
97;14;1;52.954;114.840
98;1;15;86.065;79.900
98;15;1;86.065;116.000
99;1;15;94.155;75.710
99;15;1;94.155;111.810
100;1;15;92.595;84.660
100;15;1;92.595;120.760
101;1;16;53.171;65.660
101;16;1;53.171;102.800
102;1;16;52.237;65.170
102;16;1;52.237;102.310
103;1;16;52.494;69.550
103;16;1;52.494;106.690
104;1;17;126.132;63.000
104;17;1;126.132;100.650
105;1;17;145.240;75.460
105;17;1;145.240;113.110
106;1;17;134.735;78.620
106;17;1;134.735;116.270
107;1;18;131.923;82.880
107;18;1;131.923;120.820
108;1;18;132.656;66.890
108;18;1;132.656;104.830
109;1;19;95.417;74.780
109;19;1;95.417;114.060
110;1;19;90.663;70.960
110;19;1;90.663;110.240
111;1;20;110.336;65.060
111;20;1;110.336;104.940
112;1;21;81.786;69.750
112;21;1;81.786;110.640
113;1;22;81.426;67.430
113;22;1;81.426;109.510
114;1;22;86.479;78.370
114;22;1;86.479;120.450
115;1;23;77.461;63.390
115;23;1;77.461;106.250
116;1;23;77.315;64.620
116;23;1;77.315;107.480
117;1;23;70.999;58.130
117;23;1;70.999;100.990
118;1;24;86.226;66.110
118;24;1;86.226;109.200
119;1;24;82.057;68.400
119;24;1;82.057;111.490
120;1;24;91.396;61.500
120;24;1;91.396;104.590
121;1;25;100.020;58.540
121;25;1;100.020;101.680
122;1;26;85.525;67.300
122;26;1;85.525;110.610
123;1;26;75.595;68.650
123;26;1;75.595;111.960
124;1;27;93.720;61.550
124;27;1;93.720;104.960
125;1;28;71.558;66.940
125;28;1;71.558;110.900
126;1;28;67.314;66.480
126;28;1;67.314;110.440
127;1;28;75.199;68.760
127;28;1;75.199;112.720
128;1;29;132.213;56.680
128;29;1;132.213;101.120
129;1;29;113.537;57.040
129;29;1;113.537;101.480
130;1;29;132.884;76.020
130;29;1;132.884;120.460
131;1;30;85.525;65.890
131;30;1;85.525;110.380
132;1;30;87.061;57.300
132;30;1;87.061;101.790
133;1;30;91.706;76.040
133;30;1;91.706;120.530
134;1;31;84.024;55.350
134;31;1;84.024;99.870
135;1;32;55.425;72.830
135;32;1;55.425;117.930
136;1;32;53.767;75.590
136;32;1;53.767;120.690
137;1;32;56.716;72.950
137;32;1;56.716;118.050
138;1;33;90.240;69.420
138;33;1;90.240;114.710
139;1;34;76.730;71.210
139;34;1;76.730;117.390
140;1;35;99.294;51.780
140;35;1;99.294;98.160
141;1;35;100.265;55.730
141;35;1;100.265;102.110
142;1;35;97.371;63.070
142;35;1;97.371;109.450
143;1;36;98.131;66.260
143;36;1;98.131;112.890
144;1;36;106.845;58.660
144;36;1;106.845;105.290
145;1;37;82.779;56.320
145;37;1;82.779;103.070
146;1;38;81.092;63.980
146;38;1;81.092;111.090
147;1;38;76.081;54.920
147;38;1;76.081;102.030
148;1;38;87.121;72.630
148;38;1;87.121;119.740
149;1;39;23.796;23.040
149;39;1;68.796;119.280
150;1;39;28.099;23.160
150;39;1;73.099;119.400
151;1;39;21.568;12.740
151;39;1;66.568;108.980
152;2;3;75.314;98.140
152;3;2;75.314;105.310
153;2;4;54.749;86.950
153;4;2;54.749;95.450
154;2;5;103.279;80.450
154;5;2;103.279;89.260
155;2;6;52.549;98.380
155;6;2;52.549;107.510
156;2;7;97.433;76.030
156;7;2;97.433;89.200
157;2;8;140.389;83.270
157;8;2;140.389;100.720
158;2;8;142.952;73.070
158;8;2;142.952;90.520
159;2;8;141.040;82.560
159;8;2;141.040;100.010
160;2;9;59.400;85.540
160;9;2;59.400;103.400
161;2;9;56.505;84.720
161;9;2;56.505;102.580
162;2;10;68.621;81.240
162;10;2;68.621;99.990
163;2;10;64.862;69.480
163;10;2;64.862;88.230
164;2;11;57.858;67.710
164;11;2;57.858;86.700
165;2;12;54.344;68.430
165;12;2;54.344;88.390
166;2;12;52.921;81.290
166;12;2;52.921;101.250
167;2;13;55.323;65.790
167;13;2;55.323;86.400
168;2;14;95.763;70.430
168;14;2;95.763;93.550
169;2;14;90.794;69.850
169;14;2;90.794;92.970
170;2;14;101.191;76.080
170;14;2;101.191;99.200
171;2;15;55.905;82.280
171;15;2;55.905;105.420
172;2;16;92.282;80.530
172;16;2;92.282;104.710
173;2;16;91.946;63.210
173;16;2;91.946;87.390
174;2;17;80.299;69.880
174;17;2;80.299;94.570
175;2;17;73.685;72.010
175;17;2;73.685;96.700
176;2;17;88.777;66.530
176;17;2;88.777;91.220
177;2;18;128.027;63.480
177;18;2;128.027;88.460
178;2;18;139.322;70.130
178;18;2;139.322;95.110
179;2;19;103.016;61.390
179;19;2;103.016;87.710
180;2;19;93.617;73.950
180;19;2;93.617;100.270
181;2;20;86.520;66.290
181;20;2;86.520;93.210
182;2;21;60.128;66.020
182;21;2;60.128;93.950
183;2;22;55.797;58.160
183;22;2;55.797;87.280
184;2;23;59.020;74.000
184;23;2;59.020;103.900
185;2;24;74.821;53.750
185;24;2;74.821;83.880
186;2;24;77.139;73.580
186;24;2;77.139;103.710
187;2;25;57.000;75.590
187;25;2;57.000;105.770
188;2;25;55.111;76.230
188;25;2;55.111;106.410
189;2;26;57.156;53.210
189;26;2;57.156;83.560
190;2;26;54.468;62.440
190;26;2;54.468;92.790
191;2;27;53.883;64.850
191;27;2;53.883;95.300
192;2;27;51.750;54.380
192;27;2;51.750;84.830
193;2;28;66.487;70.490
193;28;2;66.487;101.490
194;2;28;63.932;74.110
194;28;2;63.932;105.110
195;2;29;117.778;58.630
195;29;2;117.778;90.110
196;2;29;100.512;73.140
196;29;2;100.512;104.620
197;2;30;57.156;72.050
197;30;2;57.156;103.580
198;2;30;58.077;62.030
198;30;2;58.077;93.560
199;2;31;62.705;52.010
199;31;2;62.705;83.570
200;2;31;61.707;65.730
200;31;2;61.707;97.290
201;2;32;88.708;64.210
201;32;2;88.708;96.350
202;2;33;53.556;65.870
202;33;2;53.556;98.200
203;2;33;52.135;64.160
203;33;2;52.135;96.490
204;2;34;60.381;56.820
204;34;2;60.381;90.040
205;2;35;136.617;57.420
205;35;2;136.617;90.840
206;2;36;54.587;60.470
206;36;2;54.587;94.140
207;2;36;56.256;50.740
207;36;2;56.256;84.410
208;2;36;55.098;55.100
208;36;2;55.098;88.770
209;2;37;67.821;63.710
209;37;2;67.821;97.500
210;2;37;65.688;63.960
210;37;2;65.688;97.750
211;2;38;79.348;70.500
211;38;2;79.348;104.650
212;2;39;22.688;5.310
212;39;2;67.688;88.590
213;2;39;21.169;19.470
213;39;2;66.169;102.750
214;2;39;20.664;12.630
214;39;2;65.664;95.910
215;3;4;65.740;94.860
215;4;3;65.740;96.190
216;3;5;110.123;77.650
216;5;3;110.123;79.290
217;3;6;79.073;83.750
217;6;3;79.073;85.710
218;3;6;76.280;75.190
218;6;3;76.280;77.150
219;3;6;71.794;88.000
219;6;3;71.794;89.960
220;3;7;108.137;74.620
220;7;3;108.137;80.620
221;3;7;116.768;85.770
221;7;3;116.768;91.770
222;3;7;97.409;78.670
222;7;3;97.409;84.670
223;3;8;110.940;86.070
223;8;3;110.940;96.350
224;3;9;69.601;77.380
224;9;3;69.601;88.070
225;3;10;82.998;84.670
225;10;3;82.998;96.250
226;3;10;79.398;65.730
226;10;3;79.398;77.310
227;3;11;63.125;81.840
227;11;3;63.125;93.660
228;3;11;59.027;72.420
228;11;3;59.027;84.240
229;3;11;61.783;74.100
229;11;3;61.783;85.920
230;3;12;84.115;81.180
230;12;3;84.115;93.970
231;3;13;66.053;71.160
231;13;3;66.053;84.600
232;3;13;61.328;73.250
232;13;3;61.328;86.690
233;3;14;96.088;66.860
233;14;3;96.088;82.810
234;3;14;96.443;79.070
234;14;3;96.443;95.020
235;3;15;64.813;69.820
235;15;3;64.813;85.790
236;3;16;84.813;66.810
236;16;3;84.813;83.820
237;3;16;78.928;78.410
237;16;3;78.928;95.420
238;3;17;94.880;59.100
238;17;3;94.880;76.620
239;3;17;93.060;65.850
239;17;3;93.060;83.370
240;3;17;101.252;64.830
240;17;3;101.252;82.350
241;3;18;98.755;77.770
241;18;3;98.755;95.580
242;3;18;87.581;73.760
242;18;3;87.581;91.570
243;3;18;92.233;78.280
243;18;3;92.233;96.090
244;3;19;73.717;74.700
244;19;3;73.717;93.850
245;3;19;70.713;74.630
245;19;3;70.713;93.780
246;3;19;76.372;65.390
246;19;3;76.372;84.540
247;3;20;65.984;56.740
247;20;3;65.984;76.490
248;3;20;60.958;63.420
248;20;3;60.958;83.170
249;3;21;62.643;66.410
249;21;3;62.643;87.170
250;3;22;76.379;56.510
250;22;3;76.379;78.460
251;3;22;78.004;75.460
251;22;3;78.004;97.410
252;3;23;72.936;73.470
252;23;3;72.936;96.200
253;3;23;76.150;55.960
253;23;3;76.150;78.690
254;3;24;48.134;60.410
254;24;3;48.134;83.370
255;3;24;48.228;75.210
255;24;3;48.228;98.170
256;3;24;48.254;54.680
256;24;3;48.254;77.640
257;3;25;72.199;57.010
257;25;3;72.199;80.020
258;3;25;77.670;62.590
258;25;3;77.670;85.600
259;3;25;78.770;60.040
259;25;3;78.770;83.050
260;3;26;63.660;60.200
260;26;3;63.660;83.380
261;3;26;66.040;66.580
261;26;3;66.040;89.760
262;3;26;64.638;55.390
262;26;3;64.638;78.570
263;3;27;68.327;65.300
263;27;3;68.327;88.580
264;3;28;68.466;76.910
264;28;3;68.466;100.740
265;3;28;63.851;67.710
265;28;3;63.851;91.540
266;3;28;68.539;69.670
266;28;3;68.539;93.500
267;3;29;91.911;75.830
267;29;3;91.911;100.140
268;3;30;63.660;71.730
268;30;3;63.660;96.090
269;3;30;67.790;56.240
269;30;3;67.790;80.600
270;3;31;58.515;66.140
270;31;3;58.515;90.530
271;3;31;57.006;72.100
271;31;3;57.006;96.490
272;3;32;93.466;57.080
272;32;3;93.466;82.050
273;3;32;98.591;61.420
273;32;3;98.591;86.390
274;3;33;66.925;63.150
274;33;3;66.925;88.310
275;3;33;64.013;66.150
275;33;3;64.013;91.310
276;3;33;64.234;60.750
276;33;3;64.234;85.910
277;3;34;69.444;63.110
277;34;3;69.444;89.160
278;3;35;116.126;62.670
278;35;3;116.126;88.920
279;3;35;117.073;70.360
279;35;3;117.073;96.610
280;3;36;72.339;49.770
280;36;3;72.339;76.270
281;3;36;69.218;55.630
281;36;3;69.218;82.130
282;3;36;72.432;67.570
282;36;3;72.432;94.070
283;3;37;54.569;58.130
283;37;3;54.569;84.750
284;3;37;55.264;68.670
284;37;3;55.264;95.290
285;3;37;54.393;73.930
285;37;3;54.393;100.550
286;3;38;55.054;54.090
286;38;3;55.054;81.070
287;3;38;55.959;57.390
287;38;3;55.959;84.370
288;3;38;55.654;58.910
288;38;3;55.654;85.890
289;3;39;30.107;1.940
289;39;3;75.107;78.050
290;3;39;36.675;13.830
290;39;3;81.675;89.940
291;4;5;102.363;96.920
291;5;4;102.363;97.230
292;4;5;109.293;80.840
292;5;4;109.293;81.150
293;4;6;60.226;75.440
293;6;4;60.226;76.070
294;4;7;97.787;85.580
294;7;4;97.787;90.250
295;4;7;88.446;86.980
295;7;4;88.446;91.650
296;4;8;130.650;77.490
296;8;4;130.650;86.440
297;4;8;146.076;80.440
297;8;4;146.076;89.390
298;4;8;127.597;73.640
298;8;4;127.597;82.590
299;4;9;55.085;72.790
299;9;4;55.085;82.150
300;4;9;56.296;74.940
300;9;4;56.296;84.300
301;4;10;68.888;73.910
301;10;4;68.888;84.160
302;4;11;50.468;77.750
302;11;4;50.468;88.240
303;4;12;63.382;66.340
303;12;4;63.382;77.800
304;4;13;50.307;84.680
304;13;4;50.307;96.790
305;4;13;49.737;70.160
305;13;4;49.737;82.270
306;4;14;95.384;81.260
306;14;4;95.384;95.880
307;4;14;86.399;71.900
307;14;4;86.399;86.520
308;4;14;95.700;73.690
308;14;4;95.700;88.310
309;4;15;49.023;81.350
309;15;4;49.023;95.990
310;4;15;49.971;75.840
310;15;4;49.971;90.480
311;4;15;48.322;75.160
311;15;4;48.322;89.800
312;4;16;89.188;81.520
312;16;4;89.188;97.200
313;4;17;81.571;69.590
313;17;4;81.571;85.780
314;4;17;86.728;60.380
314;17;4;86.728;76.570
315;4;17;78.922;67.150
315;17;4;78.922;83.340
316;4;18;118.294;58.690
316;18;4;118.294;75.170
317;4;18;116.680;73.060
317;18;4;116.680;89.540
318;4;18;131.580;70.380
318;18;4;131.580;86.860
319;4;19;93.924;72.550
319;19;4;93.924;90.370
320;4;19;96.901;71.380
320;19;4;96.901;89.200
321;4;19;93.342;80.700
321;19;4;93.342;98.520
322;4;20;77.528;64.940
322;20;4;77.528;83.360
323;4;21;53.778;72.180
323;21;4;53.778;91.610
324;4;21;53.469;64.230
324;21;4;53.469;83.660
325;4;22;60.107;70.120
325;22;4;60.107;90.740
326;4;22;63.037;64.250
326;22;4;63.037;84.870
327;4;22;59.298;65.640
327;22;4;59.298;86.260
328;4;23;59.979;72.360
328;23;4;59.979;93.760
329;4;24;65.552;53.320
329;24;4;65.552;74.950
330;4;24;66.298;73.930
330;24;4;66.298;95.560
331;4;24;69.701;73.510
331;24;4;69.701;95.140
332;4;25;55.181;63.290
332;25;4;55.181;84.970
333;4;25;56.004;66.410
333;25;4;56.004;88.090
334;4;25;56.911;68.570
334;25;4;56.911;90.250
335;4;26;49.777;77.200
335;26;4;49.777;99.050
336;4;27;48.907;68.260
336;27;4;48.907;90.210
337;4;28;63.534;67.800
337;28;4;63.534;90.300
338;4;29;108.438;60.380
338;29;4;108.438;83.360
339;4;29;102.658;54.920
339;29;4;102.658;77.900
340;4;30;49.777;51.890
340;30;4;49.777;74.920
341;4;30;50.456;64.250
341;30;4;50.456;87.280
342;4;30;50.884;63.290
342;30;4;50.884;86.320
343;4;31;54.290;60.280
343;31;4;54.290;83.340
344;4;32;89.539;57.400
344;32;4;89.539;81.040
345;4;32;84.055;73.680
345;32;4;84.055;97.320
346;4;33;46.197;54.440
346;33;4;46.197;78.270
347;4;33;46.077;72.040
347;33;4;46.077;95.870
348;4;33;46.389;74.980
348;33;4;46.389;98.810
349;4;34;58.852;68.190
349;34;4;58.852;92.910
350;4;34;61.878;67.330
350;34;4;61.878;92.050
351;4;35;130.539;57.540
351;35;4;130.539;82.460
352;4;35;128.208;66.120
352;35;4;128.208;91.040
353;4;36;53.790;53.670
353;36;4;53.790;78.840
354;4;37;59.254;60.790
354;37;4;59.254;86.080
355;4;37;56.368;70.790
355;37;4;56.368;96.080
356;4;38;70.880;65.420
356;38;4;70.880;91.070
357;4;39;22.496;13.470
357;39;4;67.496;88.250
358;5;6;110.310;91.910
358;6;5;110.310;92.230
359;5;7;53.891;79.740
359;7;5;53.891;84.100
360;5;7;53.832;82.810
360;7;5;53.832;87.170
361;5;7;53.280;92.520
361;7;5;53.280;96.880
362;5;8;145.386;88.110
362;8;5;145.386;96.750
363;5;8;139.220;69.530
363;8;5;139.220;78.170
364;5;8;122.268;78.700
364;8;5;122.268;87.340
365;5;9;92.290;69.270
365;9;5;92.290;78.320
366;5;9;82.060;85.810
366;9;5;82.060;94.860
367;5;9;96.308;66.970
367;9;5;96.308;76.020
368;5;10;79.657;87.360
368;10;5;79.657;97.300
369;5;10;86.905;71.120
369;10;5;86.905;81.060
370;5;11;107.439;65.510
370;11;5;107.439;75.690
371;5;11;116.353;72.250
371;11;5;116.353;82.430
372;5;11;123.042;84.770
372;11;5;123.042;94.950
373;5;12;100.587;72.410
373;12;5;100.587;83.560
374;5;13;107.614;83.490
374;13;5;107.614;95.290
375;5;13;109.867;87.220
375;13;5;109.867;99.020
376;5;14;152.715;70.850
376;14;5;152.715;85.160
377;5;14;146.503;69.560
377;14;5;146.503;83.870
378;5;14;147.845;75.260
378;14;5;147.845;89.570
379;5;15;106.364;75.860
379;15;5;106.364;90.190
380;5;15;107.889;82.620
380;15;5;107.889;96.950
381;5;16;145.892;72.130
381;16;5;145.892;87.500
382;5;16;122.075;70.880
382;16;5;122.075;86.250
383;5;16;126.459;74.990
383;16;5;126.459;90.360
384;5;17;69.273;72.330
384;17;5;69.273;88.210
385;5;18;134.838;75.500
385;18;5;134.838;91.670
386;5;18;116.913;67.500
386;18;5;116.913;83.670
387;5;19;133.529;80.480
387;19;5;133.529;97.990
388;5;19;139.215;57.320
388;19;5;139.215;74.830
389;5;20;96.851;78.520
389;20;5;96.851;96.630
390;5;20;99.710;80.570
390;20;5;99.710;98.680
391;5;20;84.669;75.740
391;20;5;84.669;93.850
392;5;21;110.684;76.520
392;21;5;110.684;95.640
393;5;21;97.312;73.430
393;21;5;97.312;92.550
394;5;22;114.031;65.110
394;22;5;114.031;85.420
395;5;23;116.280;71.360
395;23;5;116.280;92.450
396;5;23;130.925;54.290
396;23;5;130.925;75.380
397;5;24;112.603;69.630
397;24;5;112.603;90.950
398;5;25;92.692;72.300
398;25;5;92.692;93.670
399;5;25;86.147;77.520
399;25;5;86.147;98.890
400;5;26;106.891;58.670
400;26;5;106.891;80.210
401;5;26;103.659;73.080
401;26;5;103.659;94.620
402;5;27;98.844;60.230
402;27;5;98.844;81.870
403;5;27;99.075;58.370
403;27;5;99.075;80.010
404;5;27;99.359;74.540
404;27;5;99.359;96.180
405;5;28;120.858;60.440
405;28;5;120.858;82.630
406;5;29;115.801;54.550
406;29;5;115.801;77.220
407;5;29;118.087;54.730
407;29;5;118.087;77.400
408;5;29;115.628;65.560
408;29;5;115.628;88.230
409;5;30;106.891;70.350
409;30;5;106.891;93.070
410;5;30;101.747;58.930
410;30;5;101.747;81.650
411;5;30;115.088;74.660
411;30;5;115.088;97.380
412;5;31;109.018;74.280
412;31;5;109.018;97.030
413;5;32;146.471;67.400
413;32;5;146.471;90.730
414;5;32;158.284;53.810
414;32;5;158.284;77.140
415;5;33;102.287;67.860
415;33;5;102.287;91.380
416;5;34;116.038;67.180
416;34;5;116.038;91.590
417;5;35;180.954;66.510
417;35;5;180.954;91.120
418;5;35;178.740;53.060
418;35;5;178.740;77.670
419;5;36;94.818;56.980
419;36;5;94.818;81.840
420;5;37;111.786;62.590
420;37;5;111.786;87.570
421;5;37;115.214;62.020
421;37;5;115.214;87.000
422;5;37;120.983;63.760
422;37;5;120.983;88.740
423;5;38;120.007;70.120
423;38;5;120.007;95.460
424;5;38;101.384;66.520
424;38;5;101.384;91.860
425;5;38;137.842;60.730
425;38;5;137.842;86.070
426;5;39;79.572;14.090
426;39;5;124.572;88.560
427;5;39;62.856;2.110
427;39;5;107.856;76.580
428;5;39;75.480;16.560
428;39;5;120.480;91.030
429;6;7;104.115;94.170
429;7;6;104.115;98.210
430;6;7;98.143;71.440
430;7;6;98.143;75.480
431;6;7;106.835;71.840
431;7;6;106.835;75.880
432;6;8;144.932;77.110
432;8;6;144.932;85.430
433;6;8;147.879;89.510
433;8;6;147.879;97.830
434;6;9;66.825;71.700
434;9;6;66.825;80.430
435;6;9;63.874;77.860
435;9;6;63.874;86.590
436;6;9;69.546;79.620
436;9;6;69.546;88.350
437;6;10;75.731;83.170
437;10;6;75.731;92.790
438;6;10;77.856;75.500
438;10;6;77.856;85.120
439;6;11;60.964;84.470
439;11;6;60.964;94.330
440;6;11;62.774;68.260
440;11;6;62.774;78.120
441;6;11;62.742;76.100
441;11;6;62.742;85.960
442;6;12;56.863;72.700
442;12;6;56.863;83.530
443;6;12;57.684;66.190
443;12;6;57.684;77.020
444;6;13;58.035;82.700
444;13;6;58.035;94.180
445;6;14;90.296;77.030
445;14;6;90.296;91.020
446;6;14;82.078;73.330
446;14;6;82.078;87.320
447;6;14;89.297;60.170
447;14;6;89.297;74.160
448;6;15;59.427;62.910
448;15;6;59.427;76.920
449;6;15;60.629;60.850
449;15;6;60.629;74.860
450;6;16;88.638;71.380
450;16;6;88.638;86.430
451;6;17;86.861;83.000
451;17;6;86.861;98.560
452;6;17;81.392;80.440
452;17;6;81.392;96.000
453;6;18;132.667;82.460
453;18;6;132.667;98.310
454;6;19;105.227;61.030
454;19;6;105.227;78.220
455;6;20;92.752;80.360
455;20;6;92.752;98.150
456;6;20;95.260;65.510
456;20;6;95.260;83.300
457;6;21;61.864;63.030
457;21;6;61.864;81.830
458;6;21;65.021;75.480
458;21;6;65.021;94.280
459;6;21;65.728;59.160
459;21;6;65.728;77.960
460;6;22;50.480;78.000
460;22;6;50.480;97.990
461;6;23;55.457;59.200
461;23;6;55.457;79.970
462;6;23;54.918;63.070
462;23;6;54.918;83.840
463;6;24;77.940;66.580
463;24;6;77.940;87.580
464;6;24;81.928;62.750
464;24;6;81.928;83.750
465;6;24;79.948;59.620
465;24;6;79.948;80.620
466;6;25;64.544;59.380
466;25;6;64.544;80.430
467;6;25;67.998;61.720
467;25;6;67.998;82.770
468;6;26;60.483;70.100
468;26;6;60.483;91.320
469;6;27;60.737;77.200
469;27;6;60.737;98.520
470;6;28;64.327;57.330
470;28;6;64.327;79.200
471;6;29;123.579;67.820
471;29;6;123.579;90.170
472;6;29;128.540;73.050
472;29;6;128.540;95.400
473;6;29;125.514;74.000
473;29;6;125.514;96.350
474;6;30;60.483;56.740
474;30;6;60.483;79.140
475;6;30;61.362;69.400
475;30;6;61.362;91.800
476;6;31;65.617;66.490
476;31;6;65.617;88.920
477;6;32;82.712;54.740
477;32;6;82.712;77.750
478;6;33;59.195;67.270
478;33;6;59.195;90.470
479;6;33;62.727;63.740
479;33;6;62.727;86.940
480;6;33;61.011;67.650
480;33;6;61.011;90.850
481;6;34;58.400;52.210
481;34;6;58.400;76.300
482;6;34;57.297;58.370
482;34;6;57.297;82.460
483;6;35;134.808;59.620
483;35;6;134.808;83.910
484;6;35;121.472;74.350
484;35;6;121.472;98.640
485;6;36;62.130;54.430
485;36;6;62.130;78.970
486;6;36;65.383;66.930
486;36;6;65.383;91.470
487;6;36;59.771;69.730
487;36;6;59.771;94.270
488;6;37;70.351;68.080
488;37;6;70.351;92.740
489;6;38;81.110;54.370
489;38;6;81.110;79.390
490;6;38;88.203;68.120
490;38;6;88.203;93.140
491;6;39;18.315;8.610
491;39;6;63.315;82.760
492;6;39;18.373;21.130
492;39;6;63.373;95.280
493;7;8;149.258;70.340
493;8;7;149.258;74.620
494;7;8;130.522;69.130
494;8;7;130.522;73.410
495;7;8;173.530;87.870
495;8;7;173.530;92.150
496;7;9;87.910;88.340
496;9;7;87.910;93.030
497;7;10;74.136;81.340
497;10;7;74.136;86.920
498;7;11;103.090;70.560
498;11;7;103.090;76.380
499;7;12;93.727;65.940
499;12;7;93.727;72.730
500;7;13;102.892;67.170
500;13;7;102.892;74.610
501;7;14;147.722;60.210
501;14;7;147.722;70.160
502;7;14;133.694;62.970
502;14;7;133.694;72.920
503;7;15;101.809;67.990
503;15;7;101.809;77.960
504;7;15;89.656;67.540
504;15;7;89.656;77.510
505;7;16;141.875;75.000
505;16;7;141.875;86.010
506;7;17;62.276;75.520
506;17;7;62.276;87.040
507;7;17;58.250;58.930
507;17;7;58.250;70.450
508;7;17;63.500;65.180
508;17;7;63.500;76.700
509;7;18;138.199;81.520
509;18;7;138.199;93.330
510;7;18;160.171;64.530
510;18;7;160.171;76.340
511;7;18;124.554;63.450
511;18;7;124.554;75.260
512;7;19;133.328;79.710
512;19;7;133.328;92.860
513;7;19;152.780;73.680
513;19;7;152.780;86.830
514;7;19;142.703;81.550
514;19;7;142.703;94.700
515;7;20;97.504;73.380
515;20;7;97.504;87.130
516;7;20;109.137;72.290
516;20;7;109.137;86.040
517;7;20;106.893;80.500
517;20;7;106.893;94.250
518;7;21;106.402;64.560
518;21;7;106.402;79.320
519;7;21;100.385;66.320
519;21;7;100.385;81.080
520;7;21;112.087;73.660
520;21;7;112.087;88.420
521;7;22;108.227;66.430
521;22;7;108.227;82.380
522;7;23;110.940;60.750
522;23;7;110.940;77.480
523;7;24;110.343;63.990
523;24;7;110.343;80.950
524;7;25;87.748;74.340
524;25;7;87.748;91.350
525;7;25;97.265;58.920
525;25;7;97.265;75.930
526;7;26;102.478;70.200
526;26;7;102.478;87.380
527;7;27;94.064;70.480
527;27;7;94.064;87.760
528;7;28;116.292;73.450
528;28;7;116.292;91.280
529;7;28;125.406;71.590
529;28;7;125.406;89.420
530;7;28;106.543;58.770
530;28;7;106.543;76.600
531;7;29;119.772;70.620
531;29;7;119.772;88.930
532;7;30;102.478;73.630
532;30;7;102.478;91.990
533;7;31;105.251;72.080
533;31;7;105.251;90.470
534;7;31;110.574;51.960
534;31;7;110.574;70.350
535;7;31;119.098;69.900
535;31;7;119.098;88.290
536;7;32;141.061;58.740
536;32;7;141.061;77.710
537;7;32;163.170;58.250
537;32;7;163.170;77.220
538;7;32;154.055;65.630
538;32;7;154.055;84.600
539;7;33;97.548;55.110
539;33;7;97.548;74.270
540;7;34;111.092;66.770
540;34;7;111.092;86.820
541;7;34;95.612;57.470
541;34;7;95.612;77.520
542;7;34;97.624;64.840
542;34;7;97.624;84.890
543;7;35;179.262;57.090
543;35;7;179.262;77.340
544;7;36;89.666;70.720
544;36;7;89.666;91.220
545;7;36;79.030;68.600
545;36;7;79.030;89.100
546;7;36;90.655;56.280
546;36;7;90.655;76.780
547;7;37;108.550;69.290
547;37;7;108.550;89.910
548;7;37;110.897;55.430
548;37;7;110.897;76.050
549;7;37;92.763;61.700
549;37;7;92.763;82.320
550;7;38;117.712;72.520
550;38;7;117.712;93.500
551;7;38;109.432;66.210
551;38;7;109.432;87.190
552;7;38;134.424;61.480
552;38;7;134.424;82.460
553;7;39;74.442;7.800
553;39;7;119.442;77.910
554;7;39;84.392;22.760
554;39;7;129.392;92.870
555;8;9;130.235;75.760
555;9;8;130.235;76.170
556;8;9;131.131;75.630
556;9;8;131.131;76.040
557;8;9;113.983;73.060
557;9;8;113.983;73.470
558;8;10;138.102;82.310
558;10;8;138.102;83.610
559;8;10;136.945;86.950
559;10;8;136.945;88.250
560;8;10;149.532;79.360
560;10;8;149.532;80.660
561;8;11;128.972;76.540
561;11;8;128.972;78.080
562;8;11;129.518;78.440
562;11;8;129.518;79.980
563;8;12;148.288;84.230
563;12;8;148.288;86.740
564;8;13;131.899;80.810
564;13;8;131.899;83.970
565;8;14;148.777;70.980
565;14;8;148.777;76.650
566;8;14;140.495;64.010
566;14;8;140.495;69.680
567;8;14;161.308;81.970
567;14;8;161.308;87.640
568;8;15;130.535;61.600
568;15;8;130.535;67.290
569;8;16;134.327;80.990
569;16;8;134.327;87.720
570;8;16;145.992;80.880
570;16;8;145.992;87.610
571;8;17;145.154;78.110
571;17;8;145.154;85.350
572;8;18;57.409;64.850
572;18;8;57.409;72.380
573;8;18;59.058;68.120
573;18;8;59.058;75.650
574;8;19;91.711;74.090
574;19;8;91.711;82.960
575;8;20;102.209;61.040
575;20;8;102.209;70.510
576;8;20;105.014;58.690
576;20;8;105.014;68.160
577;8;20;88.797;64.920
577;20;8;88.797;74.390
578;8;21;128.549;75.100
578;21;8;128.549;85.580
579;8;22;142.279;69.090
579;22;8;142.279;80.760
580;8;22;135.012;61.160
580;22;8;135.012;72.830
581;8;22;156.887;65.240
581;22;8;156.887;76.910
582;8;23;138.521;71.890
582;23;8;138.521;84.340
583;8;23;160.861;62.020
583;23;8;160.861;74.470
584;8;23;136.358;67.560
584;23;8;136.358;80.010
585;8;24;112.493;56.520
585;24;8;112.493;69.200
586;8;24;125.649;62.210
586;24;8;125.649;74.890
587;8;25;133.556;55.540
587;25;8;133.556;68.270
588;8;25;140.797;70.710
588;25;8;140.797;83.440
589;8;25;136.105;61.580
589;25;8;136.105;74.310
590;8;26;129.450;67.320
590;26;8;129.450;80.220
591;8;26;143.084;65.440
591;26;8;143.084;78.340
592;8;27;132.170;62.640
592;27;8;132.170;75.640
593;8;27;132.919;55.720
593;27;8;132.919;68.720
594;8;27;131.259;65.790
594;27;8;131.259;78.790
595;8;28;132.307;72.210
595;28;8;132.307;85.760
596;8;29;74.586;58.550
596;29;8;74.586;72.580
597;8;30;129.450;76.470
597;30;8;129.450;90.550
598;8;31;124.454;74.150
598;31;8;124.454;88.260
599;8;32;150.558;58.130
599;32;8;150.558;72.820
600;8;32;157.451;64.830
600;32;8;157.451;79.520
601;8;32;142.959;61.000
601;32;8;142.959;75.690
602;8;33;131.837;59.010
602;33;8;131.837;73.890
603;8;33;126.162;64.230
603;33;8;126.162;79.110
604;8;33;111.452;68.840
604;33;8;111.452;83.720
605;8;34;134.874;72.860
605;34;8;134.874;88.630
606;8;34;116.898;50.080
606;34;8;116.898;65.850
607;8;35;126.135;71.640
607;35;8;126.135;87.610
608;8;35;124.920;63.190
608;35;8;124.920;79.160
609;8;36;134.762;55.980
609;36;8;134.762;72.200
610;8;36;130.555;57.460
610;36;8;130.555;73.680
611;8;36;147.807;72.160
611;36;8;147.807;88.380
612;8;37;120.189;56.460
612;37;8;120.189;72.800
613;8;38;111.937;59.090
613;38;8;111.937;75.790
614;8;39;93.673;14.310
614;39;8;138.673;80.140
615;8;39;94.534;10.010
615;39;8;139.534;75.840
616;8;39;88.266;15.060
616;39;8;133.266;80.890
617;9;10;59.501;85.970
617;10;9;59.501;86.860
618;9;10;58.830;72.460
618;10;9;58.830;73.350
619;9;11;60.208;68.530
619;11;9;60.208;69.660
620;9;11;61.592;88.290
620;11;9;61.592;89.420
621;9;11;62.519;73.830
621;11;9;62.519;74.960
622;9;12;63.996;77.430
622;12;9;63.996;79.530
623;9;12;63.925;63.960
623;12;9;63.925;66.060
624;9;12;64.850;77.950
624;12;9;64.850;80.050
625;9;13;60.372;68.580
625;13;9;60.372;71.330
626;9;13;58.915;80.920
626;13;9;58.915;83.670
627;9;14;105.469;70.730
627;14;9;105.469;75.990
628;9;15;59.075;80.580
628;15;9;59.075;85.860
629;9;15;56.408;75.520
629;15;9;56.408;80.800
630;9;15;59.283;77.950
630;15;9;59.283;83.230
631;9;16;98.966;63.860
631;16;9;98.966;70.180
632;9;16;99.463;73.820
632;16;9;99.463;80.140
633;9;16;91.915;64.640
633;16;9;91.915;70.960
634;9;17;72.178;70.770
634;17;9;72.178;77.600
635;9;17;69.929;61.430
635;17;9;69.929;68.260
636;9;17;75.541;70.700
636;17;9;75.541;77.530
637;9;18;117.833;82.920
637;18;9;117.833;90.040
638;9;18;130.059;72.170
638;18;9;130.059;79.290
639;9;19;98.228;76.200
639;19;9;98.228;84.660
640;9;19;90.303;58.650
640;19;9;90.303;67.110
641;9;20;74.022;69.890
641;20;9;74.022;78.950
642;9;21;63.504;56.140
642;21;9;63.504;66.210
643;9;21;65.760;72.570
643;21;9;65.760;82.640
644;9;21;67.374;73.260
644;21;9;67.374;83.330
645;9;22;68.627;61.590
645;22;9;68.627;72.850
646;9;22;65.788;56.770
646;22;9;65.788;68.030
647;9;22;72.946;75.800
647;22;9;72.946;87.060
648;9;23;69.630;70.190
648;23;9;69.630;82.230
649;9;23;71.281;56.750
649;23;9;71.281;68.790
650;9;24;70.644;75.110
650;24;9;70.644;87.380
651;9;24;67.007;72.170
651;24;9;67.007;84.440
652;9;24;71.743;53.340
652;24;9;71.743;65.610
653;9;25;48.361;71.360
653;25;9;48.361;83.680
654;9;26;59.627;64.420
654;26;9;59.627;76.910
655;9;26;59.702;60.700
655;26;9;59.702;73.190
656;9;26;59.275;66.080
656;26;9;59.275;78.570
657;9;27;51.858;75.550
657;27;9;51.858;88.140
658;9;27;53.071;72.290
658;27;9;53.071;84.880
659;9;27;50.459;75.530
659;27;9;50.459;88.120
660;9;28;73.573;75.600
660;28;9;73.573;88.740
661;9;28;78.486;72.070
661;28;9;78.486;85.210
662;9;29;105.565;58.230
662;29;9;105.565;71.850
663;9;30;59.627;58.160
663;30;9;59.627;71.830
664;9;30;56.159;74.380
664;30;9;56.159;88.050
665;9;30;59.712;52.720
665;30;9;59.712;66.390
666;9;31;62.568;63.350
666;31;9;62.568;77.050
667;9;32;99.542;55.290
667;32;9;99.542;69.570
668;9;32;112.798;53.530
668;32;9;112.798;67.810
669;9;33;55.121;71.920
669;33;9;55.121;86.390
670;9;34;68.885;62.250
670;34;9;68.885;77.610
671;9;34;63.822;56.060
671;34;9;63.822;71.420
672;9;34;73.339;74.230
672;34;9;73.339;89.590
673;9;35;138.576;58.070
673;35;9;138.576;73.630
674;9;36;50.206;68.960
674;36;9;50.206;84.770
675;9;37;66.551;69.300
675;37;9;66.551;85.230
676;9;37;71.644;53.290
676;37;9;71.644;69.220
677;9;38;77.326;52.620
677;38;9;77.326;68.910
678;9;38;79.248;58.740
678;38;9;79.248;75.030
679;9;39;32.509;22.230
679;39;9;77.509;87.650
680;10;11;74.303;82.460
680;11;10;74.303;82.700
681;10;11;70.994;75.590
681;11;10;70.994;75.830
682;10;12;67.057;78.060
682;12;10;67.057;79.270
683;10;12;61.855;84.150
683;12;10;61.855;85.360
684;10;13;73.859;82.980
684;13;10;73.859;84.840
685;10;13;71.600;68.280
685;13;10;71.600;70.140
686;10;14;118.587;65.080
686;14;10;118.587;69.450
687;10;15;72.879;78.950
687;15;10;72.879;83.340
688;10;16;113.074;81.470
688;16;10;113.074;86.900
689;10;16;129.076;73.710
689;16;10;129.076;79.140
690;10;17;57.717;68.320
690;17;10;57.717;74.260
691;10;17;59.065;78.660
691;17;10;59.065;84.600
692;10;17;55.474;80.260
692;17;10;55.474;86.200
693;10;18;125.897;79.730
693;18;10;125.897;85.960
694;10;18;138.891;68.070
694;18;10;138.891;74.300
695;10;19;110.986;74.240
695;19;10;110.986;81.810
696;10;20;80.955;61.080
696;20;10;80.955;69.250
697;10;21;77.631;65.990
697;21;10;77.631;75.170
698;10;22;79.380;75.390
698;22;10;79.380;85.760
699;10;22;85.013;59.980
699;22;10;85.013;70.350
700;10;22;80.053;77.900
700;22;10;80.053;88.270
701;10;23;81.838;56.700
701;23;10;81.838;67.850
702;10;23;88.159;78.270
702;23;10;88.159;89.420
703;10;24;84.493;56.550
703;24;10;84.493;67.930
704;10;24;87.540;59.380
704;24;10;87.540;70.760
705;10;25;58.725;71.120
705;25;10;58.725;82.550
706;10;26;73.647;75.260
706;26;10;73.647;86.860
707;10;26;79.583;75.940
707;26;10;79.583;87.540
708;10;27;65.066;53.320
708;27;10;65.066;65.020
709;10;27;68.785;68.710
709;27;10;68.785;80.410
710;10;27;67.552;65.600
710;27;10;67.552;77.300
711;10;28;87.272;69.580
711;28;10;87.272;81.830
712;10;28;89.588;55.070
712;28;10;89.588;67.320
713;10;28;78.864;55.090
713;28;10;78.864;67.340
714;10;29;111.005;52.890
714;29;10;111.005;65.620
715;10;29;110.796;62.810
715;29;10;110.796;75.540
716;10;29;95.580;52.730
716;29;10;95.580;65.460
717;10;30;73.647;59.360
717;30;10;73.647;72.140
718;10;30;67.270;73.570
718;30;10;67.270;86.350
719;10;31;77.050;74.150
719;31;10;77.050;86.960
720;10;31;80.452;68.060
720;31;10;80.452;80.870
721;10;31;79.656;66.960
721;31;10;79.656;79.770
722;10;32;112.007;66.710
722;32;10;112.007;80.100
723;10;33;68.543;70.090
723;33;10;68.543;83.670
724;10;33;65.704;52.400
724;33;10;65.704;65.980
725;10;33;72.635;66.160
725;33;10;72.635;79.740
726;10;34;81.967;69.590
726;34;10;81.967;84.060
727;10;34;75.501;60.170
727;34;10;75.501;74.640
728;10;35;152.971;62.900
728;35;10;152.971;77.570
729;10;35;176.720;50.810
729;35;10;176.720;65.480
730;10;35;177.204;56.230
730;35;10;177.204;70.900
731;10;36;60.541;50.540
731;36;10;60.541;65.460
732;10;37;81.011;62.010
732;37;10;81.011;77.050
733;10;38;91.477;57.510
733;38;10;91.477;72.910
734;10;38;99.450;70.210
734;38;10;99.450;85.610
735;10;38;95.506;60.150
735;38;10;95.506;75.550
736;10;39;45.309;10.420
736;39;10;90.309;74.950
737;11;12;67.147;76.130
737;12;11;67.147;77.100
738;11;13;47.930;86.290
738;13;11;47.930;87.910
739;11;13;48.660;82.840
739;13;11;48.660;84.460
740;11;14;90.512;72.160
740;14;11;90.512;76.290
741;11;14;89.477;72.670
741;14;11;89.477;76.800
742;11;15;46.983;78.700
742;15;11;46.983;82.850
743;11;16;83.807;65.430
743;16;11;83.807;70.620
744;11;17;87.003;73.190
744;17;11;87.003;78.890
745;11;17;93.634;62.580
745;17;11;93.634;68.280
746;11;18;116.720;74.070
746;18;11;116.720;80.060
747;11;18;99.584;66.360
747;18;11;99.584;72.350
748;11;18;124.703;73.960
748;18;11;124.703;79.950
749;11;19;90.195;68.910
749;19;11;90.195;76.240
750;11;20;78.322;78.300
750;20;11;78.322;86.230
751;11;20;73.340;61.000
751;20;11;73.340;68.930
752;11;21;48.328;57.810
752;21;11;48.328;66.750
753;11;21;48.778;58.550
753;21;11;48.778;67.490
754;11;21;48.013;68.160
754;21;11;48.013;77.100
755;11;22;58.896;59.690
755;22;11;58.896;69.820
756;11;22;61.019;76.210
756;22;11;61.019;86.340
757;11;23;56.952;63.120
757;23;11;56.952;74.030
758;11;24;62.198;59.340
758;24;11;62.198;70.480
759;11;25;60.628;65.470
759;25;11;60.628;76.660
760;11;25;64.196;68.970
760;25;11;64.196;80.160
761;11;26;45.760;54.110
761;26;11;45.760;65.470
762;11;27;54.374;53.630
762;27;11;54.374;65.090
763;11;27;52.556;64.690
763;27;11;52.556;76.150
764;11;28;58.464;61.810
764;28;11;58.464;73.820
765;11;29;108.257;63.770
765;29;11;108.257;76.260
766;11;30;45.760;59.800
766;30;11;45.760;72.340
767;11;30;45.628;55.640
767;30;11;45.628;68.180
768;11;31;49.879;66.830
768;31;11;49.879;79.400
769;11;31;50.215;58.920
769;31;11;50.215;71.490
770;11;31;48.959;52.950
770;31;11;48.959;65.520
771;11;32;85.089;72.110
771;32;11;85.089;85.260
772;11;33;51.106;65.990
772;33;11;51.106;79.330
773;11;34;54.733;72.590
773;34;11;54.733;86.820
774;11;34;55.721;57.750
774;34;11;55.721;71.980
775;11;35;125.239;69.220
775;35;11;125.239;83.650
776;11;36;59.241;69.170
776;36;11;59.241;83.850
777;11;37;54.969;58.000
777;37;11;54.969;72.800
778;11;37;54.402;54.950
778;37;11;54.402;69.750
779;11;37;54.173;70.720
779;37;11;54.173;85.520
780;11;38;66.505;73.590
780;38;11;66.505;88.750
781;11;39;18.196;9.470
781;39;11;63.196;73.760
782;11;39;22.694;2.550
782;39;11;67.694;66.840
783;12;13;64.667;71.760
783;13;12;64.667;72.410
784;12;13;67.584;84.910
784;13;12;67.584;85.560
785;12;13;65.996;87.290
785;13;12;65.996;87.940
786;12;14;102.121;72.990
786;14;12;102.121;76.150
787;12;14;104.679;65.000
787;14;12;104.679;68.160
788;12;15;65.174;64.060
788;15;12;65.174;67.240
789;12;16;100.244;83.320
789;16;12;100.244;87.540
790;12;16;103.598;78.220
790;16;12;103.598;82.440
791;12;16;110.392;71.350
791;16;12;110.392;75.570
792;12;17;76.508;75.000
792;17;12;76.508;79.730
793;12;17;78.889;83.550
793;17;12;78.889;88.280
794;12;18;135.886;58.650
794;18;12;135.886;63.670
795;12;19;112.183;72.070
795;19;12;112.183;78.430
796;12;19;126.753;62.810
796;19;12;126.753;69.170
797;12;20;92.913;66.970
797;20;12;92.913;73.930
798;12;21;69.469;56.020
798;21;12;69.469;63.990
799;12;21;63.473;58.250
799;21;12;63.473;66.220
800;12;21;70.237;57.660
800;21;12;70.237;65.630
801;12;22;62.176;57.090
801;22;12;62.176;66.250
802;12;23;66.705;65.820
802;23;12;66.705;75.760
803;12;23;62.391;70.420
803;23;12;62.391;80.360
804;12;24;83.871;76.590
804;24;12;83.871;86.760
805;12;24;81.815;66.780
805;24;12;81.815;76.950
806;12;24;91.951;71.330
806;24;12;91.951;81.500
807;12;25;60.711;55.700
807;25;12;60.711;65.920
808;12;25;60.049;64.530
808;25;12;60.049;74.750
809;12;26;66.427;58.540
809;26;12;66.427;68.930
810;12;26;64.225;57.370
810;26;12;64.225;67.760
811;12;26;68.292;58.950
811;26;12;68.292;69.340
812;12;27;61.168;54.090
812;27;12;61.168;64.580
813;12;27;58.738;75.100
813;27;12;58.738;85.590
814;12;28;75.057;72.770
814;28;12;75.057;83.810
815;12;28;74.730;65.740
815;28;12;74.730;76.780
816;12;28;74.149;71.590
816;28;12;74.149;82.630
817;12;29;124.455;71.640
817;29;12;124.455;83.160
818;12;30;66.427;70.540
818;30;12;66.427;82.110
819;12;30;69.703;59.190
819;30;12;69.703;70.760
820;12;30;69.494;70.450
820;30;12;69.494;82.020
821;12;31;71.949;52.770
821;31;12;71.949;64.370
822;12;31;75.151;61.230
822;31;12;75.151;72.830
823;12;31;77.286;68.520
823;31;12;77.286;80.120
824;12;32;94.404;70.660
824;32;12;94.404;82.840
825;12;32;103.000;62.150
825;32;12;103.000;74.330
826;12;32;82.654;74.280
826;32;12;82.654;86.460
827;12;33;62.206;57.050
827;33;12;62.206;69.420
828;12;33;60.034;58.560
828;33;12;60.034;70.930
829;12;34;68.888;66.670
829;34;12;68.888;79.930
830;12;34;72.845;73.610
830;34;12;72.845;86.870
831;12;34;70.840;51.910
831;34;12;70.840;65.170
832;12;35;145.562;71.180
832;35;12;145.562;84.640
833;12;36;58.908;59.970
833;36;12;58.908;73.680
834;12;37;77.075;63.620
834;37;12;77.075;77.450
835;12;38;88.651;65.560
835;38;12;88.651;79.750
836;12;38;86.646;68.530
836;38;12;86.646;82.720
837;12;38;92.506;49.450
837;38;12;92.506;63.640
838;12;39;30.026;24.480
838;39;12;75.026;87.800
839;13;14;90.108;72.970
839;14;13;90.108;75.480
840;13;14;78.973;71.110
840;14;13;78.973;73.620
841;13;14;79.056;61.320
841;14;13;79.056;63.830
842;13;15;46.755;68.330
842;15;13;46.755;70.860
843;13;15;46.772;82.040
843;15;13;46.772;84.570
844;13;15;46.350;79.830
844;15;13;46.350;82.360
845;13;16;84.311;70.170
845;16;13;84.311;73.740
846;13;16;93.443;75.510
846;16;13;93.443;79.080
847;13;16;93.345;79.250
847;16;13;93.345;82.820
848;13;17;86.462;63.740
848;17;13;86.462;67.820
849;13;17;78.530;73.670
849;17;13;78.530;77.750
850;13;18;119.643;72.670
850;18;13;119.643;77.040
851;13;18;109.068;58.470
851;18;13;109.068;62.840
852;13;19;92.930;60.830
852;19;13;92.930;66.540
853;13;19;93.168;70.330
853;19;13;93.168;76.040
854;13;20;80.845;60.790
854;20;13;80.845;67.100
855;13;21;49.840;77.540
855;21;13;49.840;84.860
856;13;22;56.204;66.310
856;22;13;56.204;74.820
857;13;23;54.971;76.870
857;23;13;54.971;86.160
858;13;23;55.290;60.960
858;23;13;55.290;70.250
859;13;24;65.072;55.830
859;24;13;65.072;65.350
860;13;24;62.439;64.720
860;24;13;62.439;74.240
861;13;25;60.151;76.560
861;25;13;60.151;86.130
862;13;25;58.374;65.430
862;25;13;58.374;75.000
863;13;25;59.571;74.430
863;25;13;59.571;84.000
864;13;26;47.493;55.420
864;26;13;47.493;65.160
865;13;26;48.019;73.070
865;26;13;48.019;82.810
866;13;26;47.852;74.350
866;26;13;47.852;84.090
867;13;27;53.830;63.280
867;27;13;53.830;73.120
868;13;27;54.626;59.670
868;27;13;54.626;69.510
869;13;27;54.088;71.000
869;27;13;54.088;80.840
870;13;28;58.413;63.840
870;28;13;58.413;74.230
871;13;28;60.880;59.470
871;28;13;60.880;69.860
872;13;28;61.177;61.200
872;28;13;61.177;71.590
873;13;29;111.028;56.190
873;29;13;111.028;67.060
874;13;30;47.493;67.770
874;30;13;47.493;78.690
875;13;30;47.128;53.540
875;30;13;47.128;64.460
876;13;31;52.711;56.340
876;31;13;52.711;67.290
877;13;32;84.235;72.250
877;32;13;84.235;83.780
878;13;32;74.514;58.870
878;32;13;74.514;70.400
879;13;32;90.161;66.830
879;32;13;90.161;78.360
880;13;33;50.349;56.440
880;33;13;50.349;68.160
881;13;34;53.547;51.740
881;34;13;53.547;64.350
882;13;34;51.815;56.450
882;34;13;51.815;69.060
883;13;34;52.403;54.660
883;34;13;52.403;67.270
884;13;35;126.893;65.380
884;35;13;126.893;78.190
885;13;35;128.492;64.980
885;35;13;128.492;77.790
886;13;35;109.293;68.610
886;35;13;109.293;81.420
887;13;36;58.406;67.020
887;36;13;58.406;80.080
888;13;36;56.500;53.250
888;36;13;56.500;66.310
889;13;36;56.235;59.180
889;36;13;56.235;72.240
890;13;37;57.704;73.020
890;37;13;57.704;86.200
891;13;38;69.083;65.620
891;38;13;69.083;79.160
892;13;39;17.194;8.580
892;39;13;62.194;71.250
893;14;15;91.414;70.620
893;15;14;91.414;70.640
894;14;15;101.053;75.450
894;15;14;101.053;75.470
895;14;16;59.458;83.200
895;16;14;59.458;84.260
896;14;17;130.857;69.890
896;17;14;130.857;71.460
897;14;17;117.322;75.620
897;17;14;117.322;77.190
898;14;17;117.127;71.870
898;17;14;117.127;73.440
899;14;18;138.718;77.860
899;18;14;138.718;79.720
900;14;18;149.937;72.720
900;18;14;149.937;74.580
901;14;18;115.428;65.940
901;18;14;115.428;67.800
902;14;19;102.108;63.630
902;19;14;102.108;66.830
903;14;20;117.069;57.670
903;20;14;117.069;61.470
904;14;20;100.874;59.440
904;20;14;100.874;63.240
905;14;20;111.288;74.160
905;20;14;111.288;77.960
906;14;21;87.419;70.900
906;21;14;87.419;75.710
907;14;22;85.279;73.470
907;22;14;85.279;79.470
908;14;22;77.307;72.570
908;22;14;77.307;78.570
909;14;23;81.867;60.330
909;23;14;81.867;67.110
910;14;23;72.776;68.430
910;23;14;72.776;75.210
911;14;23;79.854;77.190
911;23;14;79.854;83.970
912;14;24;92.972;54.070
912;24;14;92.972;61.080
913;14;24;103.172;73.060
913;24;14;103.172;80.070
914;14;25;105.087;55.980
914;25;14;105.087;63.040
915;14;25;92.542;54.390
915;25;14;92.542;61.450
916;14;25;107.343;59.500
916;25;14;107.343;66.560
917;14;26;90.992;74.160
917;26;14;90.992;81.390
918;14;27;98.875;73.810
918;27;14;98.875;81.140
919;14;28;77.067;56.010
919;28;14;77.067;63.890
920;14;29;139.200;64.610
920;29;14;139.200;72.970
921;14;30;90.992;67.300
921;30;14;90.992;75.710
922;14;30;80.090;59.970
922;30;14;80.090;68.380
923;14;30;85.871;69.360
923;30;14;85.871;77.770
924;14;31;89.999;72.120
924;31;14;89.999;80.560
925;14;31;99.686;54.720
925;31;14;99.686;63.160
926;14;31;90.783;56.080
926;31;14;90.783;64.520
927;14;32;53.742;65.940
927;32;14;53.742;74.960
928;14;32;55.549;61.200
928;32;14;55.549;70.220
929;14;33;95.429;66.740
929;33;14;95.429;75.950
930;14;33;104.065;68.740
930;33;14;104.065;77.950
931;14;33;100.884;69.500
931;33;14;100.884;78.710
932;14;34;81.692;61.720
932;34;14;81.692;71.820
933;14;34;78.712;63.230
933;34;14;78.712;73.330
934;14;35;101.499;58.320
934;35;14;101.499;68.620
935;14;36;103.075;59.690
935;36;14;103.075;70.240
936;14;37;89.149;65.150
936;37;14;89.149;75.820
937;14;38;88.017;52.900
937;38;14;88.017;63.930
938;14;39;28.285;5.670
938;39;14;73.285;65.830
939;14;39;24.793;24.040
939;39;14;69.793;84.200
940;14;39;29.530;1.280
940;39;14;74.530;61.440
941;15;16;85.197;66.750
941;16;15;85.197;67.790
942;15;16;75.453;71.600
942;16;15;75.453;72.640
943;15;16;88.410;81.680
943;16;15;88.410;82.720
944;15;17;85.544;73.430
944;17;15;85.544;74.980
945;15;18;118.254;81.080
945;18;15;118.254;82.920
946;15;19;92.122;80.600
946;19;15;92.122;83.780
947;15;20;79.129;60.130
947;20;15;79.129;63.910
948;15;20;82.859;60.370
948;20;15;82.859;64.150
949;15;20;83.786;78.100
949;20;15;83.786;81.880
950;15;21;49.963;60.710
950;21;15;49.963;65.500
951;15;21;50.451;65.380
951;21;15;50.451;70.170
952;15;22;57.906;70.390
952;22;15;57.906;76.370
953;15;22;54.983;76.750
953;22;15;54.983;82.730
954;15;23;56.693;60.420
954;23;15;56.693;67.180
955;15;23;59.246;75.930
955;23;15;59.246;82.690
956;15;23;54.981;61.360
956;23;15;54.981;68.120
957;15;24;64.032;57.180
957;24;15;64.032;64.170
958;15;25;59.157;77.810
958;25;15;59.157;84.850
959;15;25;56.499;63.740
959;25;15;56.499;70.780
960;15;26;46.253;55.270
960;26;15;46.253;62.480
961;15;26;46.427;58.830
961;26;15;46.427;66.040
962;15;26;46.385;65.010
962;26;15;46.385;72.220
963;15;27;52.824;64.930
963;27;15;52.824;72.240
964;15;27;51.403;72.120
964;27;15;51.403;79.430
965;15;28;59.514;53.550
965;28;15;59.514;61.410
966;15;29;109.413;64.710
966;29;15;109.413;73.050
967;15;29;110.999;52.290
967;29;15;110.999;60.630
968;15;30;46.253;72.550
968;30;15;46.253;80.940
969;15;31;51.801;55.670
969;31;15;51.801;64.090
970;15;31;50.965;76.610
970;31;15;50.965;85.030
971;15;31;51.327;59.920
971;31;15;51.327;68.340
972;15;32;85.704;66.800
972;32;15;85.704;75.800
973;15;32;77.406;65.050
973;32;15;77.406;74.050
974;15;32;85.525;52.840
974;32;15;85.525;61.840
975;15;33;49.399;54.320
975;33;15;49.399;63.510
976;15;34;55.056;61.580
976;34;15;55.056;71.660
977;15;34;56.618;53.490
977;34;15;56.618;63.570
978;15;34;54.032;58.040
978;34;15;54.032;68.120
979;15;35;127.095;52.660
979;35;15;127.095;62.940
980;15;36;57.604;63.850
980;36;15;57.604;74.380
981;15;36;58.293;63.230
981;36;15;58.293;73.760
982;15;36;56.668;65.640
982;36;15;56.668;76.170
983;15;37;56.916;58.180
983;37;15;56.916;68.830
984;15;37;57.424;54.350
984;37;15;57.424;65.000
985;15;37;55.472;55.250
985;37;15;55.472;65.900
986;15;38;68.479;63.240
986;38;15;68.479;74.250
987;15;38;68.570;66.780
987;38;15;68.570;77.790
988;15;38;67.896;64.280
988;38;15;67.896;75.290
989;15;39;18.686;18.890
989;39;15;63.686;79.030
990;15;39;23.249;3.160
990;39;15;68.249;63.300
991;15;39;16.095;15.430
991;39;15;61.095;75.570
992;16;17;125.739;75.900
992;17;16;125.739;76.410
993;16;18;124.353;65.600
993;18;16;124.353;66.400
994;16;19;87.680;71.580
994;19;16;87.680;73.720
995;16;19;91.149;77.710
995;19;16;91.149;79.850
996;16;19;98.284;79.210
996;19;16;98.284;81.350
997;16;20;105.577;73.930
997;20;16;105.577;76.670
998;16;20;109.326;77.650
998;20;16;109.326;80.390
999;16;21;80.485;61.090
999;21;16;80.485;64.840
1000;16;21;77.682;73.960
1000;21;16;77.682;77.710
1001;16;22;83.170;76.900
1001;22;16;83.170;81.840
1002;16;22;75.368;77.030
1002;22;16;75.368;81.970
1003;16;22;81.727;58.340
1003;22;16;81.727;63.280
1004;16;23;78.563;62.520
1004;23;16;78.563;68.240
1005;16;23;70.384;54.890
1005;23;16;70.384;60.610
1006;16;24;81.695;59.740
1006;24;16;81.695;65.690
1007;16;25;99.354;68.520
1007;25;16;99.354;74.520
1008;16;25;93.626;56.760
1008;25;16;93.626;62.760
1009;16;25;101.123;69.500
1009;25;16;101.123;75.500
1010;16;26;84.442;59.040
1010;26;16;84.442;65.210
1011;16;27;93.019;54.770
1011;27;16;93.019;61.040
1012;16;27;86.519;68.180
1012;27;16;86.519;74.450
1013;16;27;103.705;71.230
1013;27;16;103.705;77.500
1014;16;28;71.038;65.950
1014;28;16;71.038;72.770
1015;16;29;125.577;60.600
1015;29;16;125.577;67.900
1016;16;29;134.304;57.090
1016;29;16;134.304;64.390
1017;16;29;128.023;75.420
1017;29;16;128.023;82.720
1018;16;30;84.442;73.320
1018;30;16;84.442;80.670
1019;16;30;79.002;55.520
1019;30;16;79.002;62.870
1020;16;30;81.711;73.050
1020;30;16;81.711;80.400
1021;16;31;81.879;68.500
1021;31;16;81.879;75.880
1022;16;32;63.286;67.930
1022;32;16;63.286;75.890
1023;16;32;61.500;57.510
1023;32;16;61.500;65.470
1024;16;32;61.712;57.360
1024;32;16;61.712;65.320
1025;16;33;89.560;63.520
1025;33;16;89.560;71.670
1026;16;34;76.945;60.170
1026;34;16;76.945;69.210
1027;16;35;93.319;60.790
1027;35;16;93.319;70.030
1028;16;35;91.512;65.430
1028;35;16;91.512;74.670
1029;16;35;101.249;55.550
1029;35;16;101.249;64.790
1030;16;36;97.714;70.710
1030;36;16;97.714;80.200
1031;16;36;106.755;56.940
1031;36;16;106.755;66.430
1032;16;37;79.629;54.170
1032;37;16;79.629;63.780
1033;16;37;72.204;56.110
1033;37;16;72.204;65.720
1034;16;38;75.687;59.810
1034;38;16;75.687;69.780
1035;16;38;76.960;53.890
1035;38;16;76.960;63.860
1036;16;38;70.266;69.970
1036;38;16;70.266;79.940
1037;16;39;25.336;13.700
1037;39;16;70.336;72.800
1038;16;39;26.359;8.700
1038;39;16;71.359;67.800
1039;17;18;133.290;64.290
1039;18;17;133.290;64.580
1040;17;19;122.122;78.420
1040;19;17;122.122;80.050
1041;17;20;89.204;72.780
1041;20;17;89.204;75.010
1042;17;21;90.330;76.000
1042;21;17;90.330;79.240
1043;17;21;101.284;71.010
1043;21;17;101.284;74.250
1044;17;22;91.073;59.160
1044;22;17;91.073;63.590
1045;17;22;102.210;57.020
1045;22;17;102.210;61.450
1046;17;23;93.996;72.920
1046;23;17;93.996;78.130
1047;17;23;105.969;68.800
1047;23;17;105.969;74.010
1048;17;24;96.627;68.520
1048;24;17;96.627;73.960
1049;17;24;103.982;60.670
1049;24;17;103.982;66.110
1050;17;24;92.091;67.460
1050;24;17;92.091;72.900
1051;17;25;71.392;69.130
1051;25;17;71.392;74.620
1052;17;25;72.942;61.760
1052;25;17;72.942;67.250
1053;17;26;86.339;67.690
1053;26;17;86.339;73.350
1054;17;26;86.255;73.580
1054;26;17;86.255;79.240
1055;17;26;96.047;55.140
1055;26;17;96.047;60.800
1056;17;27;77.720;76.310
1056;27;17;77.720;82.070
1057;17;27;69.580;56.470
1057;27;17;69.580;62.230
1058;17;28;99.858;53.000
1058;28;17;99.858;59.310
1059;17;28;94.251;65.810
1059;28;17;94.251;72.120
1060;17;29;116.704;63.930
1060;29;17;116.704;70.720
1061;17;29;103.890;63.980
1061;29;17;103.890;70.770
1062;17;30;86.339;74.820
1062;30;17;86.339;81.660
1063;17;31;89.744;76.680
1063;31;17;89.744;83.550
1064;17;31;91.929;73.930
1064;31;17;91.929;80.800
1065;17;31;85.456;58.600
1065;31;17;85.456;65.470
1066;17;32;123.998;62.730
1066;32;17;123.998;70.180
1067;17;32;138.589;58.000
1067;32;17;138.589;65.450
1068;17;32;135.368;53.740
1068;32;17;135.368;61.190
1069;17;33;81.181;74.700
1069;33;17;81.181;82.340
1070;17;34;94.403;62.890
1070;34;17;94.403;71.420
1071;17;34;94.009;58.740
1071;34;17;94.009;67.270
1072;17;34;102.646;57.230
1072;34;17;102.646;65.760
1073;17;35;165.412;74.630
1073;35;17;165.412;83.360
1074;17;36;73.068;54.080
1074;36;17;73.068;63.060
1075;17;36;69.752;54.630
1075;36;17;69.752;63.610
1076;17;37;93.598;55.760
1076;37;17;93.598;64.860
1077;17;37;94.983;59.260
1077;37;17;94.983;68.360
1078;17;37;84.493;69.430
1078;37;17;84.493;78.530
1079;17;38;103.771;60.430
1079;38;17;103.771;69.890
1080;17;39;57.583;6.300
1080;39;17;102.583;64.890
1081;17;39;54.772;9.580
1081;39;17;99.772;68.170
1082;17;39;67.432;3.190
1082;39;17;112.432;61.780
1083;18;19;81.779;77.030
1083;19;18;81.779;78.370
1084;18;20;89.955;70.750
1084;20;18;89.955;72.690
1085;18;20;82.052;75.200
1085;20;18;82.052;77.140
1086;18;21;116.392;57.530
1086;21;18;116.392;60.480
1087;18;22;130.129;79.110
1087;22;18;130.129;83.250
1088;18;23;126.482;64.190
1088;23;18;126.482;69.110
1089;18;23;136.614;72.220
1089;23;18;136.614;77.140
1090;18;23;137.396;72.210
1090;23;18;137.396;77.130
1091;18;24;100.425;66.540
1091;24;18;100.425;71.690
1092;18;25;121.152;77.350
1092;25;18;121.152;82.550
1093;18;25;129.246;60.190
1093;25;18;129.246;65.390
1094;18;25;129.356;56.970
1094;25;18;129.356;62.170
1095;18;26;117.184;76.230
1095;26;18;117.184;81.600
1096;18;27;119.775;70.790
1096;27;18;119.775;76.260
1097;18;28;120.540;66.030
1097;28;18;120.540;72.050
1098;18;28;114.101;69.720
1098;28;18;114.101;75.740
1099;18;28;104.499;70.590
1099;28;18;104.499;76.610
1100;18;29;64.736;64.730
1100;29;18;64.736;71.230
1101;18;29;68.260;72.430
1101;29;18;68.260;78.930
1102;18;29;65.818;75.580
1102;29;18;65.818;82.080
1103;18;30;117.184;68.680
1103;30;18;117.184;75.230
1104;18;31;112.256;63.550
1104;31;18;112.256;70.130
1105;18;31;101.833;52.560
1105;31;18;101.833;59.140
1106;18;32;139.907;55.310
1106;32;18;139.907;62.470
1107;18;32;141.062;51.560
1107;32;18;141.062;58.720
1108;18;33;119.479;53.310
1108;33;18;119.479;60.660
1109;18;33;111.597;71.080
1109;33;18;111.597;78.430
1110;18;34;122.863;64.030
1110;34;18;122.863;72.270
1111;18;34;138.883;64.980
1111;34;18;138.883;73.220
1112;18;34;106.268;73.590
1112;34;18;106.268;81.830
1113;18;35;122.043;54.740
1113;35;18;122.043;63.180
1114;18;35;134.133;55.380
1114;35;18;134.133;63.820
1115;18;36;122.353;58.350
1115;36;18;122.353;67.040
1116;18;37;108.095;61.720
1116;37;18;108.095;70.530
1117;18;38;100.307;61.250
1117;38;18;100.307;70.420
1118;18;39;81.991;6.850
1118;39;18;126.991;65.150
1119;19;20;81.911;61.060
1119;20;19;81.911;61.660
1120;19;20;81.230;66.850
1120;20;19;81.230;67.450
1121;19;21;88.480;67.560
1121;21;19;88.480;69.170
1122;19;21;95.121;58.820
1122;21;19;95.121;60.430
1123;19;21;87.812;61.810
1123;21;19;87.812;63.420
1124;19;22;101.234;63.590
1124;22;19;101.234;66.390
1125;19;22;92.506;60.880
1125;22;19;92.506;63.680
1126;19;22;113.789;62.090
1126;22;19;113.789;64.890
1127;19;23;96.604;67.720
1127;23;19;96.604;71.300
1128;19;24;73.380;69.180
1128;24;19;73.380;72.990
1129;19;24;69.326;58.410
1129;24;19;69.326;62.220
1130;19;24;70.390;56.720
1130;24;19;70.390;60.530
1131;19;25;100.908;53.330
1131;25;19;100.908;57.190
1132;19;25;93.322;64.220
1132;25;19;93.322;68.080
1133;19;26;90.875;69.580
1133;26;19;90.875;73.610
1134;19;26;98.443;58.600
1134;26;19;98.443;62.630
1135;19;26;85.386;69.650
1135;26;19;85.386;73.680
1136;19;27;96.870;77.410
1136;27;19;96.870;81.540
1137;19;28;88.814;76.270
1137;28;19;88.814;80.950
1138;19;28;97.538;64.160
1138;28;19;97.538;68.840
1139;19;28;85.689;69.960
1139;28;19;85.689;74.640
1140;19;29;86.633;71.250
1140;29;19;86.633;76.410
1141;19;30;90.875;68.670
1141;30;19;90.875;73.880
1142;19;30;85.352;71.250
1142;30;19;85.352;76.460
1143;19;31;85.323;62.620
1143;31;19;85.323;67.860
1144;19;32;103.954;64.190
1144;32;19;103.954;70.010
1145;19;33;95.062;71.380
1145;33;19;95.062;77.390
1146;19;33;100.443;75.570
1146;33;19;100.443;81.580
1147;19;34;92.906;74.770
1147;34;19;92.906;81.670
1148;19;34;85.294;55.790
1148;34;19;85.294;62.690
1149;19;35;95.224;55.000
1149;35;19;95.224;62.100
1150;19;36;101.036;70.260
1150;36;19;101.036;77.610
1151;19;36;110.157;49.940
1151;36;19;110.157;57.290
1152;19;37;80.236;74.370
1152;37;19;80.236;81.840
1153;19;37;71.830;68.460
1153;37;19;71.830;75.930
1154;19;38;69.134;63.550
1154;38;19;69.134;71.380
1155;19;38;68.359;55.650
1155;38;19;68.359;63.480
1156;19;38;71.609;66.970
1156;38;19;71.609;74.800
1157;19;39;49.508;23.140
1157;39;19;94.508;80.100
1158;19;39;49.435;11.090
1158;39;19;94.435;68.050
1159;20;21;79.637;80.290
1159;21;20;79.637;81.300
1160;20;21;73.297;67.160
1160;21;20;73.297;68.170
1161;20;21;85.483;75.760
1161;21;20;85.483;76.770
1162;20;22;92.035;58.320
1162;22;20;92.035;60.520
1163;20;23;90.133;66.920
1163;23;20;90.133;69.900
1164;20;23;85.490;57.690
1164;23;20;85.490;60.670
1165;20;23;82.705;63.930
1165;23;20;82.705;66.910
1166;20;24;69.109;77.250
1166;24;20;69.109;80.460
1167;20;25;77.378;76.730
1167;25;20;77.378;79.990
1168;20;25;70.292;56.590
1168;25;20;70.292;59.850
1169;20;25;85.056;72.920
1169;25;20;85.056;76.180
1170;20;26;78.457;54.850
1170;26;20;78.457;58.280
1171;20;26;70.600;56.130
1171;26;20;70.600;59.560
1172;20;26;79.248;72.160
1172;26;20;79.248;75.590
1173;20;27;77.660;56.660
1173;27;20;77.660;60.190
1174;20;27;73.112;69.540
1174;27;20;73.112;73.070
1175;20;27;76.330;67.420
1175;27;20;76.330;70.950
1176;20;28;88.091;57.150
1176;28;20;88.091;61.230
1177;20;28;77.349;55.780
1177;28;20;77.349;59.860
1178;20;29;76.549;57.210
1178;29;20;76.549;61.770
1179;20;29;80.358;56.260
1179;29;20;80.358;60.820
1180;20;30;78.457;75.410
1180;30;20;78.457;80.020
1181;20;30;77.307;72.170
1181;30;20;77.307;76.780
1182;20;31;75.463;69.470
1182;31;20;75.463;74.110
1183;20;31;71.042;68.720
1183;31;20;71.042;73.360
1184;20;31;75.096;74.020
1184;31;20;75.096;78.660
1185;20;32;114.188;55.650
1185;32;20;114.188;60.870
1186;20;32;107.868;51.640
1186;32;20;107.868;56.860
1187;20;33;78.564;72.590
1187;33;20;78.564;78.000
1188;20;33;71.065;73.120
1188;33;20;71.065;78.530
1189;20;33;75.083;67.360
1189;33;20;75.083;72.770
1190;20;34;87.276;75.060
1190;34;20;87.276;81.360
1191;20;34;97.418;53.650
1191;34;20;97.418;59.950
1192;20;35;130.958;60.430
1192;35;20;130.958;66.930
1193;20;36;79.007;53.230
1193;36;20;79.007;59.980
1194;20;37;73.902;62.230
1194;37;20;73.902;69.100
1195;20;38;74.997;63.230
1195;38;20;74.997;70.460
1196;20;38;82.349;66.690
1196;38;20;82.349;73.920
1197;20;38;69.536;67.090
1197;38;20;69.536;74.320
1198;20;39;49.491;19.310
1198;39;20;94.491;75.670
1199;20;39;56.539;4.270
1199;39;20;101.539;60.630
1200;21;22;58.737;74.410
1200;22;21;58.737;75.600
1201;21;22;57.086;66.240
1201;22;21;57.086;67.430
1202;21;22;58.236;77.750
1202;22;21;58.236;78.940
1203;21;23;55.632;75.360
1203;23;21;55.632;77.330
1204;21;24;61.173;76.270
1204;24;21;61.173;78.470
1205;21;24;60.554;56.890
1205;24;21;60.554;59.090
1206;21;24;63.877;54.090
1206;24;21;63.877;56.290
1207;21;25;63.951;72.790
1207;25;21;63.951;75.040
1208;21;26;49.002;53.240
1208;26;21;49.002;55.660
1209;21;27;57.675;58.990
1209;27;21;57.675;61.510
1210;21;28;55.358;66.890
1210;28;21;55.358;69.960
1211;21;28;54.250;63.610
1211;28;21;54.250;66.680
1212;21;29;108.818;63.610
1212;29;21;108.818;67.160
1213;21;30;49.002;62.600
1213;30;21;49.002;66.200
1214;21;31;49.319;65.810
1214;31;21;49.319;69.440
1215;21;31;50.328;54.550
1215;31;21;50.328;58.180
1216;21;32;82.246;64.250
1216;32;21;82.246;68.460
1217;21;33;54.332;69.190
1217;33;21;54.332;73.590
1218;21;33;53.478;53.060
1218;33;21;53.478;57.460
1219;21;34;52.652;62.790
1219;34;21;52.652;68.080
1220;21;35;122.172;58.590
1220;35;21;122.172;64.080
1221;21;36;62.518;60.100
1221;36;21;62.518;65.840
1222;21;36;59.207;63.650
1222;36;21;59.207;69.390
1223;21;36;64.286;68.580
1223;36;21;64.286;74.320
1224;21;37;53.507;63.610
1224;37;21;53.507;69.470
1225;21;37;54.550;51.910
1225;37;21;54.550;57.770
1226;21;37;51.840;72.350
1226;37;21;51.840;78.210
1227;21;38;64.469;70.870
1227;38;21;64.469;77.090
1228;21;38;64.392;57.530
1228;38;21;64.392;63.750
1229;21;38;65.208;51.890
1229;38;21;65.208;58.110
1230;21;39;15.608;5.940
1230;39;21;60.608;61.290
1231;22;23;50.145;56.850
1231;23;22;50.145;57.630
1232;22;23;51.259;69.760
1232;23;22;51.259;70.540
1233;22;24;74.834;73.980
1233;24;22;74.834;74.990
1234;22;25;66.979;61.930
1234;25;22;66.979;62.990
1235;22;25;69.351;57.590
1235;25;22;69.351;58.650
1236;22;26;58.646;66.530
1236;26;22;58.646;67.760
1237;22;26;61.304;56.850
1237;26;22;61.304;58.080
1238;22;27;61.910;70.230
1238;27;22;61.910;71.560
1239;22;27;62.722;65.330
1239;27;22;62.722;66.660
1240;22;28;59.098;56.370
1240;28;22;59.098;58.250
1241;22;28;62.460;58.130
1241;28;22;62.460;60.010
1242;22;28;61.498;76.270
1242;28;22;61.498;78.150
1243;22;29;122.149;72.940
1243;29;22;122.149;75.300
1244;22;30;58.646;60.720
1244;30;22;58.646;63.130
1245;22;30;55.571;52.200
1245;30;22;55.571;54.610
1246;22;30;57.284;59.150
1246;30;22;57.284;61.560
1247;22;31;62.927;58.990
1247;31;22;62.927;61.430
1248;22;32;77.990;72.220
1248;32;22;77.990;75.240
1249;22;32;71.273;66.250
1249;32;22;71.273;69.270
1250;22;33;59.370;75.060
1250;33;22;59.370;78.270
1251;22;34;53.509;72.450
1251;34;22;53.509;76.550
1252;22;34;53.261;62.850
1252;34;22;53.261;66.950
1253;22;35;129.405;58.110
1253;35;22;129.405;62.410
1254;22;36;64.625;69.500
1254;36;22;64.625;74.050
1255;22;36;61.962;57.120
1255;36;22;61.962;61.670
1256;22;36;66.935;66.700
1256;36;22;66.935;71.250
1257;22;37;67.127;64.580
1257;37;22;67.127;69.250
1258;22;38;77.128;65.390
1258;38;22;77.128;70.420
1259;22;39;12.868;22.140
1259;39;22;57.868;76.300
1260;23;24;71.057;67.490
1260;24;23;71.057;67.720
1261;23;24;73.170;68.130
1261;24;23;73.170;68.360
1262;23;24;65.536;53.180
1262;24;23;65.536;53.410
1263;23;25;68.636;54.850
1263;25;23;68.636;55.130
1264;23;25;71.266;71.730
1264;25;23;71.266;72.010
1265;23;26;56.984;68.650
1265;26;23;56.984;69.100
1266;23;26;58.212;64.920
1266;26;23;58.212;65.370
1267;23;26;57.916;76.760
1267;26;23;57.916;77.210
1268;23;27;62.779;61.340
1268;27;23;62.779;61.890
1269;23;27;66.944;68.430
1269;27;23;66.944;68.980
1270;23;28;53.953;69.020
1270;28;23;53.953;70.120
1271;23;28;53.889;54.010
1271;28;23;53.889;55.110
1272;23;29;119.426;75.960
1272;29;23;119.426;77.540
1273;23;30;56.984;76.440
1273;30;23;56.984;78.070
1274;23;30;58.833;62.450
1274;30;23;58.833;64.080
1275;23;30;54.564;57.230
1275;30;23;54.564;58.860
1276;23;31;59.945;57.230
1276;31;23;59.945;58.890
1277;23;31;60.891;66.690
1277;31;23;60.891;68.350
1278;23;31;63.628;68.850
1278;31;23;63.628;70.510
1279;23;32;75.195;51.250
1279;32;23;75.195;53.490
1280;23;32;74.867;54.740
1280;32;23;74.867;56.980
1281;23;32;69.674;73.410
1281;32;23;69.674;75.650
1282;23;33;59.611;71.340
1282;33;23;59.611;73.770
1283;23;33;62.428;64.360
1283;33;23;62.428;66.790
1284;23;33;61.791;63.640
1284;33;23;61.791;66.070
1285;23;34;48.720;73.330
1285;34;23;48.720;76.650
1286;23;34;48.240;68.170
1286;34;23;48.240;71.490
1287;23;35;124.351;73.280
1287;35;23;124.351;76.800
1288;23;35;111.313;57.150
1288;35;23;111.313;60.670
1289;23;35;109.284;65.630
1289;35;23;109.284;69.150
1290;23;36;66.463;53.920
1290;36;23;66.463;57.690
1291;23;36;69.158;53.000
1291;36;23;69.158;56.770
1292;23;36;64.174;72.060
1292;36;23;64.174;75.830
1293;23;37;63.422;56.570
1293;37;23;63.422;60.460
1294;23;38;72.607;65.820
1294;38;23;72.607;70.070
1295;23;38;72.393;67.040
1295;38;23;72.393;71.290
1296;23;39;8.671;15.480
1296;39;23;53.671;68.860
1297;24;25;72.982;56.400
1297;25;24;72.982;56.450
1298;24;25;66.222;74.850
1298;25;24;66.222;74.900
1299;24;25;77.701;63.350
1299;25;24;77.701;63.400
1300;24;26;62.815;76.190
1300;26;24;62.815;76.410
1301;24;27;68.529;65.240
1301;27;24;68.529;65.560
1302;24;27;62.979;72.040
1302;27;24;62.979;72.360
1303;24;27;66.606;71.720
1303;27;24;66.606;72.040
1304;24;28;65.912;54.510
1304;28;24;65.912;55.380
1305;24;29;94.420;75.250
1305;29;24;94.420;76.600
1306;24;30;62.815;68.210
1306;30;24;62.815;69.610
1307;24;30;64.806;74.400
1307;30;24;64.806;75.800
1308;24;30;59.995;56.060
1308;30;24;59.995;57.460
1309;24;31;57.365;69.060
1309;31;24;57.365;70.490
1310;24;31;58.314;65.160
1310;31;24;58.314;66.590
1311;24;32;90.454;53.530
1311;32;24;90.454;55.540
1312;24;33;66.699;58.680
1312;33;24;66.699;60.880
1313;24;33;70.836;68.130
1313;33;24;70.836;70.330
1314;24;33;69.489;68.900
1314;33;24;69.489;71.100
1315;24;34;67.457;73.610
1315;34;24;67.457;76.700
1316;24;34;63.582;52.700
1316;34;24;63.582;55.790
1317;24;34;62.227;63.510
1317;34;24;62.227;66.600
1318;24;35;113.988;54.610
1318;35;24;113.988;57.900
1319;24;35;118.195;65.100
1319;35;24;118.195;68.390
1320;24;35;111.145;51.280
1320;35;24;111.145;54.570
1321;24;36;72.854;56.230
1321;36;24;72.854;59.770
1322;24;36;66.670;55.530
1322;36;24;66.670;59.070
1323;24;37;52.708;74.190
1323;37;24;52.708;77.850
1324;24;37;52.573;68.150
1324;37;24;52.573;71.810
1325;24;38;52.406;66.080
1325;38;24;52.406;70.100
1326;24;38;52.412;68.980
1326;38;24;52.412;73.000
1327;24;39;27.562;18.010
1327;39;24;72.562;71.160
1328;25;26;59.954;53.230
1328;26;25;59.954;53.400
1329;25;27;51.341;57.870
1329;27;25;51.341;58.140
1330;25;27;50.577;76.180
1330;27;25;50.577;76.450
1331;25;28;73.563;71.560
1331;28;25;73.563;72.380
1332;25;28;80.560;52.350
1332;28;25;80.560;53.170
1333;25;29;108.918;74.610
1333;29;25;108.918;75.910
1334;25;30;59.954;74.370
1334;30;25;59.954;75.720
1335;25;31;63.772;51.850
1335;31;25;63.772;53.230
1336;25;31;65.732;72.780
1336;31;25;65.732;74.160
1337;25;31;64.844;64.180
1337;31;25;64.844;65.560
1338;25;32;98.797;67.790
1338;32;25;98.797;69.750
1339;25;32;107.422;53.470
1339;32;25;107.422;55.430
1340;25;33;54.821;68.900
1340;33;25;54.821;71.050
1341;25;33;54.753;62.470
1341;33;25;54.753;64.620
1342;25;33;56.896;66.930
1342;33;25;56.896;69.080
1343;25;34;68.397;69.030
1343;34;25;68.397;72.070
1344;25;34;70.960;74.170
1344;34;25;70.960;77.210
1345;25;35;140.166;52.760
1345;35;25;140.166;56.000
1346;25;35;132.365;61.990
1346;35;25;132.365;65.230
1347;25;35;128.176;57.100
1347;35;25;128.176;60.340
1348;25;36;47.415;67.220
1348;36;25;47.415;70.710
1349;25;36;47.843;65.160
1349;36;25;47.843;68.650
1350;25;37;68.195;63.190
1350;37;25;68.195;66.800
1351;25;37;72.988;69.980
1351;37;25;72.988;73.590
1352;25;37;66.146;72.800
1352;37;25;66.146;76.410
1353;25;38;79.368;70.510
1353;38;25;79.368;74.480
1354;25;38;80.230;59.660
1354;38;25;80.230;63.630
1355;25;38;76.446;53.270
1355;38;25;76.446;57.240
1356;25;39;31.884;14.140
1356;39;25;76.884;67.240
1357;25;39;28.888;22.220
1357;39;25;73.888;75.320
1358;26;27;53.673;55.220
1358;27;26;53.673;55.320
1359;26;27;55.372;70.730
1359;27;26;55.372;70.830
1360;26;27;53.519;63.090
1360;27;26;53.519;63.190
1361;26;28;58.977;53.470
1361;28;26;58.977;54.120
1362;26;29;108.546;70.510
1362;29;26;108.546;71.640
1363;26;29;103.589;57.890
1363;29;26;103.589;59.020
1364;26;29;123.780;62.310
1364;29;26;123.780;63.440
1365;26;30;45.000;72.460
1365;30;26;45.000;73.640
1366;26;30;45.000;53.900
1366;30;26;45.000;55.080
1367;26;31;50.552;70.080
1367;31;26;50.552;71.290
1368;26;32;85.469;53.780
1368;32;26;85.469;55.570
1369;26;32;83.654;69.320
1369;32;26;83.654;71.110
1370;26;33;50.368;62.000
1370;33;26;50.368;63.980
1371;26;33;50.996;53.390
1371;33;26;50.996;55.370
1372;26;34;54.975;61.780
1372;34;26;54.975;64.650
1373;26;34;56.191;74.830
1373;34;26;56.191;77.700
1374;26;34;56.490;71.430
1374;34;26;56.490;74.300
1375;26;35;125.991;52.020
1375;35;26;125.991;55.090
1376;26;35;113.418;70.140
1376;35;26;113.418;73.210
1377;26;35;142.998;64.280
1377;35;26;142.998;67.350
1378;26;36;58.526;59.400
1378;36;26;58.526;62.720
1379;26;37;55.664;53.020
1379;37;26;55.664;56.460
1380;26;38;67.227;60.980
1380;38;26;67.227;64.780
1381;26;38;64.121;49.180
1381;38;26;64.121;52.980
1382;26;38;63.494;52.610
1382;38;26;63.494;56.410
1383;26;39;18.520;14.470
1383;39;26;63.520;67.400
1384;26;39;16.654;12.690
1384;39;26;61.654;65.620
1385;26;39;21.501;22.100
1385;39;26;66.501;75.030
1386;27;28;67.231;67.240
1386;28;27;67.231;67.790
1387;27;28;66.744;54.060
1387;28;27;66.744;54.610
1388;27;29;108.996;65.540
1388;29;27;108.996;66.570
1389;27;29;121.502;69.100
1389;29;27;121.502;70.130
1390;27;30;53.673;64.100
1390;30;27;53.673;65.180
1391;27;31;57.986;73.260
1391;31;27;57.986;74.370
1392;27;31;55.494;70.780
1392;31;27;55.494;71.890
1393;27;32;92.772;59.800
1393;32;27;92.772;61.490
1394;27;33;48.485;53.740
1394;33;27;48.485;55.620
1395;27;33;47.776;71.430
1395;33;27;47.776;73.310
1396;27;34;62.196;65.010
1396;34;27;62.196;67.780
1397;27;35;134.367;69.870
1397;35;27;134.367;72.840
1398;27;35;151.790;72.380
1398;35;27;151.790;75.350
1399;27;35;134.727;58.530
1399;35;27;134.727;61.500
1400;27;36;49.897;50.610
1400;36;27;49.897;53.830
1401;27;37;62.776;51.810
1401;37;27;62.776;55.150
1402;27;37;59.115;66.260
1402;37;27;59.115;69.600
1403;27;38;74.299;51.870
1403;38;27;74.299;55.570
1404;27;38;78.062;57.720
1404;38;27;78.062;61.420
1405;27;38;70.178;60.690
1405;38;27;70.178;64.390
1406;27;39;25.770;13.990
1406;39;27;70.770;66.820
1407;27;39;27.110;0.860
1407;39;27;72.110;53.690
1408;27;39;23.040;16.030
1408;39;27;68.040;68.860
1409;28;29;115.322;72.820
1409;29;28;115.322;73.300
1410;28;29;117.812;53.250
1410;29;28;117.812;53.730
1411;28;30;58.977;58.460
1411;30;28;58.977;58.990
1412;28;30;62.025;54.510
1412;30;28;62.025;55.040
1413;28;30;56.484;58.040
1413;30;28;56.484;58.570
1414;28;31;58.365;73.220
1414;31;28;58.365;73.780
1415;28;31;59.280;71.600
1415;31;28;59.280;72.160
1416;28;32;72.044;57.450
1416;32;28;72.044;58.590
1417;28;32;77.447;75.990
1417;32;28;77.447;77.130
1418;28;33;63.747;73.350
1418;33;28;63.747;74.680
1419;28;33;63.836;67.650
1419;33;28;63.836;68.980
1420;28;34;51.171;69.120
1420;34;28;51.171;71.340
1421;28;34;50.028;73.980
1421;34;28;50.028;76.200
1422;28;34;50.036;71.890
1422;34;28;50.036;74.110
1423;28;35;115.590;54.230
1423;35;28;115.590;56.650
1424;28;36;71.790;66.190
1424;36;28;71.790;68.860
1425;28;36;65.699;70.280
1425;36;28;65.699;72.950
1426;28;37;59.274;50.950
1426;37;28;59.274;53.740
1427;28;37;57.004;50.210
1427;37;28;57.004;53.000
1428;28;38;65.445;68.420
1428;38;28;65.445;71.570
1429;28;39;6.651;4.150
1429;39;28;51.651;56.430
1430;28;39;8.172;22.270
1430;39;28;53.172;74.550
1431;28;39;7.608;9.700
1431;39;28;52.608;61.980
1432;29;30;108.546;54.880
1432;30;29;108.546;54.930
1433;29;30;119.073;65.830
1433;30;29;119.073;65.880
1434;29;31;104.499;59.530
1434;31;29;104.499;59.610
1435;29;32;138.557;69.300
1435;32;29;138.557;69.960
1436;29;32;148.722;55.060
1436;32;29;148.722;55.720
1437;29;33;109.545;61.830
1437;33;29;109.545;62.680
1438;29;34;116.122;68.900
1438;34;29;116.122;70.640
1439;29;34;124.297;63.540
1439;34;29;124.297;65.280
1440;29;34;117.725;58.270
1440;34;29;117.725;60.010
1441;29;35;134.190;53.020
1441;35;29;134.190;54.960
1442;29;35;147.470;67.580
1442;35;29;147.470;69.520
1443;29;36;110.552;71.140
1443;36;29;110.552;73.330
1444;29;37;101.410;67.010
1444;37;29;101.410;69.320
1445;29;38;96.946;65.700
1445;38;29;96.946;68.370
1446;29;39;76.973;12.100
1446;39;29;121.973;63.900
1447;29;39;63.990;9.550
1447;39;29;108.990;61.350
1448;29;39;86.721;5.630
1448;39;29;131.721;57.430
1449;30;31;50.552;63.370
1449;31;30;50.552;63.400
1450;30;31;49.317;66.450
1450;31;30;49.317;66.480
1451;30;32;85.469;72.170
1451;32;30;85.469;72.780
1452;30;33;50.368;69.360
1452;33;30;50.368;70.160
1453;30;33;49.856;66.910
1453;33;30;49.856;67.710
1454;30;33;50.026;51.690
1454;33;30;50.026;52.490
1455;30;34;54.975;56.120
1455;34;30;54.975;57.810
1456;30;34;53.714;66.340
1456;34;30;53.714;68.030
1457;30;35;125.991;61.700
1457;35;30;125.991;63.590
1458;30;35;140.278;54.010
1458;35;30;140.278;55.900
1459;30;36;58.526;70.520
1459;36;30;58.526;72.660
1460;30;36;61.862;59.500
1460;36;30;61.862;61.640
1461;30;36;57.759;59.590
1461;36;30;57.759;61.730
1462;30;37;55.664;55.650
1462;37;30;55.664;57.910
1463;30;37;58.037;70.520
1463;37;30;58.037;72.780
1464;30;38;67.227;58.390
1464;38;30;67.227;61.010
1465;30;38;69.481;68.330
1465;38;30;69.481;70.950
1466;30;39;18.520;15.680
1466;39;30;63.520;67.430
1467;30;39;16.594;6.890
1467;39;30;61.594;58.640
1468;31;32;85.393;67.130
1468;32;31;85.393;67.710
1469;31;33;55.255;53.060
1469;33;31;55.255;53.830
1470;31;34;56.840;55.190
1470;34;31;56.840;56.850
1471;31;34;55.210;55.940
1471;34;31;55.210;57.600
1472;31;35;121.432;71.680
1472;35;31;121.432;73.540
1473;31;35;129.541;58.770
1473;35;31;129.541;60.630
1474;31;35;128.543;50.140
1474;35;31;128.543;52.000
1475;31;36;62.836;50.070
1475;36;31;62.836;52.180
1476;31;36;60.059;65.810
1476;36;31;60.059;67.920
1477;31;36;62.074;60.280
1477;36;31;62.074;62.390
1478;31;37;50.126;70.210
1478;37;31;50.126;72.440
1479;31;37;50.863;59.550
1479;37;31;50.863;61.780
1480;31;38;61.748;66.430
1480;38;31;61.748;69.020
1481;31;38;58.351;66.260
1481;38;31;58.351;68.850
1482;31;39;19.290;17.660
1482;39;31;64.290;69.380
1483;32;33;89.421;71.770
1483;33;32;89.421;71.960
1484;32;34;75.687;51.850
1484;34;32;75.687;52.930
1485;32;35;109.246;52.430
1485;35;32;109.246;53.710
1486;32;36;96.654;61.160
1486;36;32;96.654;62.690
1487;32;36;108.758;60.430
1487;36;32;108.758;61.960
1488;32;37;85.470;72.070
1488;37;32;85.470;73.720
1489;32;37;95.162;70.970
1489;37;32;95.162;72.620
1490;32;37;77.293;70.900
1490;37;32;77.293;72.550
1491;32;38;86.641;54.280
1491;38;32;86.641;56.290
1492;32;38;85.940;57.790
1492;38;32;85.940;59.800
1493;32;38;88.842;58.810
1493;38;32;88.842;60.820
1494;32;39;22.042;24.400
1494;39;32;67.042;75.540
1495;33;34;58.779;62.380
1495;34;33;58.779;63.270
1496;33;34;60.730;64.320
1496;34;33;60.730;65.210
1497;33;34;61.883;62.990
1497;34;33;61.883;63.880
1498;33;35;131.326;69.870
1498;35;33;131.326;70.960
1499;33;35;143.999;66.650
1499;35;33;143.999;67.740
1500;33;35;129.007;67.070
1500;35;33;129.007;68.160
1501;33;36;53.204;74.040
1501;36;33;53.204;75.380
1502;33;36;54.636;54.650
1502;36;33;54.636;55.990
1503;33;37;60.282;70.820
1503;37;33;60.282;72.280
1504;33;37;58.908;73.930
1504;37;33;58.908;75.390
1505;33;37;58.609;55.760
1505;37;33;58.609;57.220
1506;33;38;71.925;68.090
1506;38;33;71.925;69.910
1507;33;38;69.716;56.500
1507;38;33;69.716;58.320
1508;33;39;22.391;24.230
1508;39;33;67.391;75.180
1509;33;39;24.625;14.690
1509;39;33;69.625;65.640
1510;34;35;121.725;59.400
1510;35;34;121.725;59.600
1511;34;36;66.427;49.770
1511;36;34;66.427;50.220
1512;34;36;67.146;60.280
1512;36;34;67.146;60.730
1513;34;36;70.406;51.990
1513;36;34;70.406;52.440
1514;34;37;59.887;54.790
1514;37;34;59.887;55.360
1515;34;37;58.800;58.050
1515;37;34;58.800;58.620
1516;34;37;57.851;58.440
1516;37;34;57.851;59.010
1517;34;38;68.890;57.650
1517;38;34;68.890;58.580
1518;34;39;8.647;17.480
1518;39;34;53.647;67.540
1519;35;36;139.249;73.360
1519;36;35;139.249;73.610
1520;35;36;142.645;54.910
1520;36;35;142.645;55.160
1521;35;36;135.175;57.140
1521;36;35;135.175;57.390
1522;35;37;117.040;72.480
1522;37;35;117.040;72.850
1523;35;37;101.344;51.360
1523;37;35;101.344;51.730
1524;35;37;106.939;69.880
1524;37;35;106.939;70.250
1525;35;38;106.698;72.670
1525;38;35;106.698;73.400
1526;35;38;106.782;69.170
1526;38;35;106.782;69.900
1527;35;38;113.824;56.450
1527;38;35;113.824;57.180
1528;35;39;72.243;23.610
1528;39;35;117.243;73.470
1529;36;37;67.519;54.010
1529;37;36;67.519;54.130
1530;36;37;67.782;57.480
1530;37;36;67.782;57.600
1531;36;37;67.063;70.770
1531;37;36;67.063;70.890
1532;36;38;78.929;64.250
1532;38;36;78.929;64.730
1533;36;39;29.820;19.420
1533;39;36;74.820;69.030
1534;36;39;35.524;24.240
1534;39;36;80.524;73.850
1535;37;38;56.648;50.300
1535;38;37;56.648;50.660
1536;37;38;57.820;65.930
1536;38;37;57.820;66.290
1537;37;38;59.066;59.240
1537;38;37;59.066;59.600
1538;37;39;20.827;15.120
1538;39;37;65.827;64.610
1539;37;39;16.505;16.800
1539;39;37;61.505;66.290
1540;38;39;26.736;13.570
1540;39;38;71.736;62.700
