40
480.0
0;0;1;94.491;107.280
0;1;0;49.491;15.390
1;0;2;73.285;109.830
1;2;0;28.285;22.940
2;0;2;74.052;99.230
2;2;0;29.052;12.340
3;0;3;53.647;109.360
3;3;0;8.647;22.960
4;0;4;81.549;101.610
4;4;0;36.549;18.530
5;0;5;75.107;82.910
5;5;0;30.107;1.740
6;0;5;81.132;86.870
6;5;0;36.132;5.700
7;0;6;62.194;89.440
7;6;0;17.194;10.960
8;0;7;90.309;78.250
8;7;0;45.309;0.180
9;0;8;77.509;84.080
9;8;0;32.509;6.470
10;0;8;75.989;93.870
10;8;0;30.989;16.260
11;0;9;67.688;78.240
11;9;0;22.688;3.030
12;0;9;70.060;80.700
12;9;0;25.060;5.490
13;0;9;62.233;75.470
13;9;0;17.233;0.260
14;0;10;64.222;82.800
14;10;0;19.222;8.220
15;0;10;68.505;79.550
15;10;0;23.505;4.970
16;0;11;68.796;81.780
16;11;0;23.796;7.270
17;0;12;124.572;90.360
17;12;0;79.572;16.980
18;0;12;119.324;85.050
18;12;0;74.324;11.670
19;0;13;76.387;95.000
19;13;0;31.387;21.710
20;0;13;83.415;92.830
20;13;0;38.415;19.540
21;0;14;72.562;87.640
21;14;0;27.562;16.390
22;0;14;77.399;89.680
22;14;0;32.399;18.430
23;0;14;70.650;91.830
23;14;0;25.650;20.580
24;0;15;119.442;77.630
24;15;0;74.442;8.890
25;0;16;116.350;70.790
25;16;0;71.350;2.840
26;0;16;129.169;87.390
26;16;0;84.169;19.440
27;0;17;94.508;89.060
27;17;0;49.508;21.600
28;0;17;99.752;84.530
28;17;0;54.752;17.070
29;0;17;95.473;80.250
29;17;0;50.473;12.790
30;0;18;63.315;80.130
30;18;0;18.315;13.570
31;0;19;138.673;85.100
31;19;0;93.673;20.020
32;0;19;138.159;65.230
32;19;0;93.159;0.150
33;0;20;74.690;65.190
33;20;0;29.690;2.140
34;0;20;80.398;68.480
34;20;0;35.398;5.430
35;0;21;63.196;71.690
35;21;0;18.196;8.750
36;0;22;54.829;70.110
36;22;0;9.829;7.840
37;0;23;63.686;65.770
37;23;0;18.686;3.790
38;0;23;59.924;72.750
38;23;0;14.924;10.770
39;0;23;61.938;74.610
39;23;0;16.938;12.630
40;0;24;65.827;64.420
40;24;0;20.827;2.550
41;0;24;63.259;82.640
41;24;0;18.259;20.770
42;0;24;69.636;64.840
42;24;0;24.636;2.970
43;0;25;66.172;85.910
43;25;0;21.172;24.800
44;0;25;64.671;68.170
44;25;0;19.671;7.060
45;0;26;51.651;61.470
45;26;0;6.651;0.670
46;0;27;53.671;84.260
46;27;0;8.671;23.610
47;0;27;51.610;75.380
47;27;0;6.610;14.730
48;0;27;53.396;64.010
48;27;0;8.396;3.360
49;0;28;64.290;82.250
49;28;0;19.290;22.140
50;0;28;66.600;72.660
50;28;0;21.600;12.550
51;0;29;63.520;75.390
51;29;0;18.520;15.280
52;0;29;60.948;83.710
52;29;0;15.948;23.600
53;0;30;76.884;83.690
53;30;0;31.884;23.640
54;0;30;69.291;75.320
54;30;0;24.291;15.270
55;0;30;82.626;67.660
55;30;0;37.626;7.610
56;0;31;121.973;67.390
56;31;0;76.973;7.430
57;0;31;130.948;75.590
57;31;0;85.948;15.630
58;0;31;109.421;75.710
58;31;0;64.421;15.750
59;0;32;70.336;61.870
59;32;0;25.336;1.920
60;0;32;72.073;71.620
60;32;0;27.073;11.670
61;0;33;71.736;59.080
61;33;0;26.736;0.230
62;0;33;78.405;77.180
62;33;0;33.405;18.330
63;0;34;75.026;67.930
63;34;0;30.026;9.430
64;0;34;74.955;63.590
64;34;0;29.955;5.090
65;0;34;74.647;58.760
65;34;0;29.647;0.260
66;0;35;52.648;80.940
66;35;0;7.648;22.480
67;0;35;50.808;76.090
67;35;0;5.808;17.630
68;0;36;97.651;74.320
68;36;0;52.651;16.010
69;0;36;101.063;76.960
69;36;0;56.063;18.650
70;0;36;101.933;77.150
70;36;0;56.933;18.840
71;0;37;126.991;74.110
71;37;0;81.991;16.430
72;0;38;74.769;75.430
72;38;0;29.769;19.120
73;0;39;0.000;11.000
73;39;0;0.000;11.000
74;0;39;0.000;15.670
74;39;0;0.000;15.670
75;0;39;0.000;20.090
75;39;0;0.000;20.090
76;1;2;117.069;100.140
76;2;1;117.069;105.140
77;1;2;118.355;108.040
77;2;1;118.355;113.040
78;1;3;87.276;97.630
78;3;1;87.276;103.120
79;1;4;66.570;86.450
79;4;1;66.570;95.260
80;1;4;62.536;107.010
80;4;1;62.536;115.820
81;1;5;65.984;95.040
81;5;1;65.984;105.760
82;1;6;80.845;79.040
82;6;1;80.845;92.450
83;1;7;80.955;83.780
83;7;1;80.955;97.600
84;1;7;85.672;94.360
84;7;1;85.672;108.180
85;1;7;82.787;93.180
85;7;1;82.787;107.000
86;1;8;74.022;91.690
86;8;1;74.022;105.970
87;1;8;80.454;90.610
87;8;1;80.454;104.890
88;1;9;86.520;91.920
88;9;1;86.520;108.600
89;1;10;113.662;78.540
89;10;1;113.662;95.850
90;1;10;127.943;81.430
90;10;1;127.943;98.740
91;1;11;110.336;77.370
91;11;1;110.336;94.750
92;1;11;117.405;92.510
92;11;1;117.405;109.890
93;1;11;122.268;88.000
93;11;1;122.268;105.380
94;1;12;96.851;89.410
94;12;1;96.851;107.920
95;1;13;114.299;85.060
95;13;1;114.299;103.660
96;1;13;103.186;75.350
96;13;1;103.186;93.950
97;1;13;128.830;90.810
97;13;1;128.830;109.410
98;1;14;69.109;82.670
98;14;1;69.109;103.310
99;1;14;71.806;86.880
99;14;1;71.806;107.520
100;1;14;74.533;78.450
100;14;1;74.533;99.090
101;1;15;97.504;81.490
101;15;1;97.504;104.640
102;1;16;79.185;73.180
102;16;1;79.185;97.120
103;1;17;81.911;72.480
103;17;1;81.911;96.910
104;1;17;89.779;86.160
104;17;1;89.779;110.590
105;1;17;84.129;89.920
105;17;1;84.129;114.350
106;1;18;92.752;90.840
106;18;1;92.752;116.170
107;1;19;102.209;86.300
107;19;1;102.209;113.110
108;1;19;113.228;84.140
108;19;1;113.228;110.950
109;1;19;90.464;87.360
109;19;1;90.464;114.170
110;1;20;68.587;84.370
110;20;1;68.587;113.210
111;1;21;78.322;70.660
111;21;1;78.322;99.610
112;1;21;78.485;66.100
112;21;1;78.485;95.050
113;1;22;84.694;63.910
113;22;1;84.694;93.530
114;1;22;80.059;74.650
114;22;1;80.059;104.270
115;1;22;85.656;73.330
115;22;1;85.656;102.950
116;1;23;79.129;63.140
116;23;1;79.129;93.050
117;1;24;73.902;66.810
117;24;1;73.902;96.830
118;1;24;77.246;84.920
118;24;1;77.246;114.940
119;1;24;78.120;80.320
119;24;1;78.120;110.340
120;1;25;80.589;62.250
120;25;1;80.589;93.030
121;1;26;88.091;74.170
121;26;1;88.091;105.260
122;1;26;91.325;69.260
122;26;1;91.325;100.350
123;1;27;90.133;64.810
123;27;1;90.133;96.050
124;1;28;75.463;71.980
124;28;1;75.463;103.760
125;1;29;78.457;79.930
125;29;1;78.457;111.710
126;1;29;78.540;84.620
126;29;1;78.540;116.400
127;1;29;86.634;82.560
127;29;1;86.634;114.340
128;1;30;77.378;78.330
128;30;1;77.378;110.170
129;1;30;83.070;82.600
129;30;1;83.070;114.440
130;1;31;76.549;69.870
130;31;1;76.549;101.800
131;1;31;71.858;81.040
131;31;1;71.858;112.970
132;1;31;80.098;75.250
132;31;1;80.098;107.180
133;1;32;105.577;68.580
133;32;1;105.577;100.520
134;1;32;112.592;72.870
134;32;1;112.592;104.810
135;1;33;74.997;83.180
135;33;1;74.997;116.220
136;1;33;82.132;66.040
136;33;1;82.132;99.080
137;1;33;78.015;69.130
137;33;1;78.015;102.170
138;1;34;92.913;58.720
138;34;1;92.913;92.110
139;1;34;87.890;82.660
139;34;1;87.890;116.050
140;1;35;93.438;83.120
140;35;1;93.438;116.550
141;1;35;100.390;67.100
141;35;1;100.390;100.530
142;1;35;87.631;75.660
142;35;1;87.631;109.090
143;1;36;82.436;63.490
143;36;1;82.436;97.070
144;1;36;83.088;74.760
144;36;1;83.088;108.340
145;1;37;89.955;71.970
145;37;1;89.955;106.180
146;1;37;87.070;74.510
146;37;1;87.070;108.720
147;1;37;95.810;68.460
147;37;1;95.810;102.670
148;1;38;119.200;71.030
148;38;1;119.200;106.610
149;1;38;135.369;69.690
149;38;1;135.369;105.270
150;1;39;49.491;13.900
150;39;1;94.491;105.790
151;2;3;81.692;101.120
151;3;2;81.692;101.610
152;2;3;83.968;86.660
152;3;2;83.968;87.150
153;2;4;98.504;103.830
153;4;2;98.504;107.640
154;2;4;108.796;83.220
154;4;2;108.796;87.030
155;2;4;97.041;101.370
155;4;2;97.041;105.180
156;2;5;96.088;97.790
156;5;2;96.088;103.510
157;2;6;90.108;93.780
157;6;2;90.108;102.190
158;2;6;99.280;92.590
158;6;2;99.280;101.000
159;2;7;118.587;97.850
159;7;2;118.587;106.670
160;2;7;123.871;79.420
160;7;2;123.871;88.240
161;2;8;105.469;81.900
161;8;2;105.469;91.180
162;2;9;95.763;79.890
162;9;2;95.763;91.570
163;2;9;85.708;77.350
163;9;2;85.708;89.030
164;2;9;89.847;88.860
164;9;2;89.847;100.540
165;2;10;63.721;93.870
165;10;2;63.721;106.180
166;2;11;51.988;87.060
166;11;2;51.988;99.440
167;2;11;52.758;90.380
167;11;2;52.758;102.760
168;2;12;152.715;94.700
168;12;2;152.715;108.210
169;2;12;166.309;95.040
169;12;2;166.309;108.550
170;2;13;54.760;87.120
170;13;2;54.760;100.720
171;2;14;92.972;76.240
171;14;2;92.972;91.880
172;2;15;147.722;70.120
172;15;2;147.722;88.270
173;2;16;129.661;89.580
173;16;2;129.661;108.520
174;2;16;125.930;76.150
174;16;2;125.930;95.090
175;2;17;102.108;82.470
175;17;2;102.108;101.900
176;2;18;90.296;85.100
176;18;2;90.296;105.430
177;2;18;90.184;85.220
177;18;2;90.184;105.550
178;2;19;148.777;81.120
178;19;2;148.777;102.930
179;2;19;167.070;81.040
179;19;2;167.070;102.850
180;2;20;93.832;63.520
180;20;2;93.832;87.360
181;2;20;85.409;73.760
181;20;2;85.409;97.600
182;2;21;90.512;65.370
182;21;2;90.512;89.320
183;2;22;80.398;64.750
183;22;2;80.398;89.370
184;2;22;75.369;62.430
184;22;2;75.369;87.050
185;2;22;85.159;73.710
185;22;2;85.159;98.330
186;2;23;91.414;79.960
186;23;2;91.414;104.870
187;2;23;99.847;71.600
187;23;2;99.847;96.510
188;2;24;89.149;64.860
188;24;2;89.149;89.880
189;2;25;94.364;70.340
189;25;2;94.364;96.120
190;2;26;77.067;68.980
190;26;2;77.067;95.070
191;2;27;81.867;73.940
191;27;2;81.867;100.180
192;2;27;72.879;68.570
192;27;2;72.879;94.810
193;2;27;89.884;67.520
193;27;2;89.884;93.760
194;2;28;89.999;79.110
194;28;2;89.999;105.890
195;2;28;84.858;76.090
195;28;2;84.858;102.870
196;2;28;86.594;70.050
196;28;2;86.594;96.830
197;2;29;90.992;78.110
197;29;2;90.992;104.890
198;2;29;87.434;75.220
198;29;2;87.434;102.000
199;2;29;96.390;74.400
199;29;2;96.390;101.180
200;2;30;105.087;66.460
200;30;2;105.087;93.300
201;2;31;139.200;83.460
201;31;2;139.200;110.390
202;2;31;124.838;60.710
202;31;2;124.838;87.640
203;2;32;59.458;71.370
203;32;2;59.458;98.310
204;2;33;88.017;82.230
204;33;2;88.017;110.270
205;2;33;89.678;74.350
205;33;2;89.678;102.390
206;2;34;102.121;63.210
206;34;2;102.121;91.600
207;2;34;111.401;80.860
207;34;2;111.401;109.250
208;2;34;113.724;76.430
208;34;2;113.724;104.820
209;2;35;80.025;68.160
209;35;2;80.025;96.590
210;2;35;87.928;62.050
210;35;2;87.928;90.480
211;2;35;85.165;68.870
211;35;2;85.165;97.300
212;2;36;125.908;81.010
212;36;2;125.908;109.590
213;2;36;142.093;65.980
213;36;2;142.093;94.560
214;2;37;138.718;72.610
214;37;2;138.718;101.820
215;2;37;145.934;66.840
215;37;2;145.934;96.050
216;2;38;47.288;80.320
216;38;2;47.288;110.900
217;2;38;46.969;69.350
217;38;2;46.969;99.930
218;2;38;47.663;74.360
218;38;2;47.663;104.940
219;2;39;28.285;6.910
219;39;2;73.285;93.800
220;2;39;21.605;10.210
220;39;2;66.605;97.100
221;2;39;24.574;1.350
221;39;2;69.574;88.240
222;3;4;77.233;88.800
222;4;3;77.233;92.120
223;3;4;82.602;86.610
223;4;3;82.602;89.930
224;3;5;69.444;86.260
224;5;3;69.444;91.490
225;3;6;53.547;96.340
225;6;3;53.547;104.260
226;3;7;81.967;82.050
226;7;3;81.967;90.380
227;3;7;83.171;101.880
227;7;3;83.171;110.210
228;3;8;68.885;82.760
228;8;3;68.885;91.550
229;3;9;60.381;95.860
229;9;3;60.381;107.050
230;3;10;72.272;85.300
230;10;3;72.272;97.120
231;3;10;67.031;91.570
231;10;3;67.031;103.390
232;3;11;76.730;78.720
232;11;3;76.730;90.610
233;3;12;116.038;73.700
233;12;3;116.038;86.720
234;3;13;83.904;90.410
234;13;3;83.904;103.520
235;3;14;67.457;72.480
235;14;3;67.457;87.630
236;3;14;66.002;92.950
236;14;3;66.002;108.100
237;3;14;68.270;82.670
237;14;3;68.270;97.820
238;3;15;111.092;73.270
238;15;3;111.092;90.930
239;3;16;111.918;86.030
239;16;3;111.918;104.480
240;3;16;106.851;85.560
240;16;3;106.851;104.010
241;3;17;92.906;89.240
241;17;3;92.906;108.180
242;3;18;58.400;88.200
242;18;3;58.400;108.040
243;3;18;58.412;84.410
243;18;3;58.412;104.250
244;3;18;55.444;79.250
244;18;3;55.444;99.090
245;3;19;134.874;87.970
245;19;3;134.874;109.290
246;3;20;70.001;68.830
246;20;3;70.001;92.180
247;3;21;54.733;68.730
247;21;3;54.733;92.190
248;3;21;54.437;70.480
248;21;3;54.437;93.940
249;3;22;50.626;76.960
249;22;3;50.626;101.090
250;3;22;51.388;68.660
250;22;3;51.388;92.790
251;3;23;55.056;67.540
251;23;3;55.056;91.960
252;3;23;54.554;65.290
252;23;3;54.554;89.710
253;3;23;53.163;85.820
253;23;3;53.163;110.240
254;3;24;59.887;75.810
254;24;3;59.887;100.340
255;3;25;57.678;67.900
255;25;3;57.678;93.190
256;3;25;58.816;65.760
256;25;3;58.816;91.050
257;3;26;51.171;64.960
257;26;3;51.171;90.560
258;3;26;50.547;75.560
258;26;3;50.547;101.160
259;3;26;50.741;75.290
259;26;3;50.741;100.890
260;3;27;48.720;82.540
260;27;3;48.720;108.290
261;3;27;49.465;75.080
261;27;3;49.465;100.830
262;3;28;56.840;83.590
262;28;3;56.840;109.880
263;3;28;54.867;73.020
263;28;3;54.867;99.310
264;3;28;55.553;66.730
264;28;3;55.553;93.020
265;3;29;54.975;62.860
265;29;3;54.975;89.150
266;3;29;54.665;66.990
266;29;3;54.665;93.280
267;3;29;53.880;82.470
267;29;3;53.880;108.760
268;3;30;68.397;64.500
268;30;3;68.397;90.850
269;3;31;116.122;75.020
269;31;3;116.122;101.460
270;3;31;129.785;77.110
270;31;3;129.785;103.550
271;3;32;76.945;61.790
271;32;3;76.945;88.240
272;3;32;70.753;81.170
272;32;3;70.753;107.620
273;3;33;68.890;67.540
273;33;3;68.890;95.090
274;3;33;70.023;75.740
274;33;3;70.023;103.290
275;3;34;68.888;78.840
275;34;3;68.888;106.740
276;3;34;73.505;66.960
276;34;3;73.505;94.860
277;3;34;63.912;68.650
277;34;3;63.912;96.550
278;3;35;51.574;81.690
278;35;3;51.574;109.630
279;3;35;52.688;80.510
279;35;3;52.688;108.450
280;3;36;89.241;64.320
280;36;3;89.241;92.410
281;3;37;122.863;59.660
281;37;3;122.863;88.380
282;3;37;120.820;68.670
282;37;3;120.820;97.390
283;3;37;137.225;78.840
283;37;3;137.225;107.560
284;3;38;83.269;77.230
284;38;3;83.269;107.320
285;3;38;78.971;79.310
285;38;3;78.971;109.400
286;3;38;90.301;66.010
286;38;3;90.301;96.100
287;3;39;8.647;22.440
287;39;3;53.647;108.840
288;4;5;54.238;103.040
288;5;4;54.238;104.950
289;4;5;53.497;83.190
289;5;4;53.497;85.100
290;4;5;52.320;94.170
290;5;4;52.320;96.080
291;4;6;74.973;101.660
291;6;4;74.973;106.260
292;4;7;91.181;83.410
292;7;4;91.181;88.420
293;4;7;87.780;93.190
293;7;4;87.780;98.200
294;4;7;92.225;78.410
294;7;4;92.225;83.420
295;4;8;78.419;84.930
295;8;4;78.419;90.400
296;4;9;84.488;90.530
296;9;4;84.488;98.400
297;4;9;76.514;81.160
297;9;4;76.514;89.030
298;4;10;99.245;95.290
298;10;4;99.245;103.790
299;4;10;90.694;97.500
299;10;4;90.694;106.000
300;4;11;91.542;79.870
300;11;4;91.542;88.440
301;4;11;89.793;76.460
301;11;4;89.793;85.030
302;4;12;115.732;79.490
302;12;4;115.732;89.190
303;4;12;115.524;89.060
303;12;4;115.524;98.760
304;4;13;94.291;76.020
304;13;4;94.291;85.810
305;4;13;96.970;87.420
305;13;4;96.970;97.210
306;4;13;93.977;79.530
306;13;4;93.977;89.320
307;4;14;54.975;90.260
307;14;4;54.975;102.090
308;4;15;114.654;84.890
308;15;4;114.654;99.230
309;4;15;99.659;83.590
309;15;4;99.659;97.930
310;4;15;109.740;77.840
310;15;4;109.740;92.180
311;4;16;79.854;85.070
311;16;4;79.854;100.200
312;4;16;78.392;68.970
312;16;4;78.392;84.100
313;4;17;64.858;79.270
313;17;4;64.858;94.890
314;4;17;60.629;85.480
314;17;4;60.629;101.100
315;4;18;87.897;88.130
315;18;4;87.897;104.650
316;4;18;86.485;66.800
316;18;4;86.485;83.320
317;4;19;102.641;71.130
317;19;4;102.641;89.130
318;4;20;52.264;83.250
318;20;4;52.264;103.280
319;4;20;52.971;71.560
319;20;4;52.971;91.590
320;4;20;53.850;85.300
320;20;4;53.850;105.330
321;4;21;72.071;69.280
321;21;4;72.071;89.420
322;4;22;72.463;81.320
322;22;4;72.463;102.130
323;4;22;77.441;81.190
323;22;4;77.441;102.000
324;4;23;73.847;70.730
324;23;4;73.847;91.830
325;4;23;74.090;84.100
325;23;4;74.090;105.200
326;4;23;74.728;75.900
326;23;4;74.728;97.000
327;4;24;62.667;81.320
327;24;4;62.667;102.530
328;4;24;65.550;63.740
328;24;4;65.550;84.950
329;4;25;77.631;85.820
329;25;4;77.631;107.790
330;4;25;70.135;85.260
330;25;4;70.135;107.230
331;4;25;84.803;73.280
331;25;4;84.803;95.250
332;4;26;74.991;75.300
332;26;4;74.991;97.580
333;4;27;80.886;85.240
333;27;4;80.886;107.670
334;4;27;85.149;82.720
334;27;4;85.149;105.150
335;4;28;67.291;60.310
335;28;4;67.291;83.280
336;4;28;71.114;77.020
336;28;4;71.114;99.990
337;4;29;72.657;81.710
337;29;4;72.657;104.680
338;4;29;71.620;78.570
338;29;4;71.620;101.540
339;4;29;79.063;60.590
339;29;4;79.063;83.560
340;4;30;81.182;74.950
340;30;4;81.182;97.980
341;4;30;78.011;81.720
341;30;4;78.011;104.750
342;4;30;81.908;73.920
342;30;4;81.908;96.950
343;4;31;86.270;83.580
343;31;4;86.270;106.700
344;4;31;81.194;64.690
344;31;4;81.194;87.810
345;4;32;85.666;82.990
345;32;4;85.666;106.120
346;4;32;87.342;61.020
346;32;4;87.342;84.150
347;4;32;87.084;84.200
347;32;4;87.084;107.330
348;4;33;55.686;80.010
348;33;4;55.686;104.240
349;4;33;55.274;77.470
349;33;4;55.274;101.700
350;4;34;93.346;64.400
350;34;4;93.346;88.980
351;4;34;91.358;63.760
351;34;4;91.358;88.340
352;4;34;81.299;79.900
352;34;4;81.299;104.480
353;4;35;83.752;73.010
353;35;4;83.752;97.630
354;4;36;95.588;71.650
354;36;4;95.588;96.420
355;4;36;101.792;66.890
355;36;4;101.792;91.660
356;4;37;90.674;70.180
356;37;4;90.674;95.580
357;4;37;87.293;68.850
357;37;4;87.293;94.250
358;4;37;92.373;62.030
358;37;4;92.373;87.430
359;4;38;100.748;80.770
359;38;4;100.748;107.540
360;4;39;36.549;13.450
360;39;4;81.549;96.530
361;4;39;31.891;22.400
361;39;4;76.891;105.480
362;4;39;31.171;13.020
362;39;4;76.171;96.100
363;5;6;66.053;101.750
363;6;5;66.053;104.440
364;5;7;82.998;87.180
364;7;5;82.998;90.280
365;5;7;76.128;95.590
365;7;5;76.128;98.690
366;5;7;77.977;85.670
366;7;5;77.977;88.770
367;5;8;69.601;87.400
367;8;5;69.601;90.960
368;5;9;75.314;79.330
368;9;5;75.314;85.290
369;5;9;70.292;83.140
369;9;5;70.292;89.100
370;5;9;78.007;89.840
370;9;5;78.007;95.800
371;5;10;93.824;80.000
371;10;5;93.824;86.590
372;5;10;92.377;76.420
372;10;5;92.377;83.010
373;5;10;103.503;87.080
373;10;5;103.503;93.670
374;5;11;89.354;75.560
374;11;5;89.354;82.220
375;5;11;80.536;94.890
375;11;5;80.536;101.550
376;5;12;110.123;89.680
376;12;5;110.123;97.470
377;5;12;100.155;90.620
377;12;5;100.155;98.410
378;5;12;110.366;82.910
378;12;5;110.366;90.700
379;5;13;93.521;85.540
379;13;5;93.521;93.420
380;5;14;48.134;73.520
380;14;5;48.134;83.440
381;5;14;47.865;84.320
381;14;5;47.865;94.240
382;5;14;47.573;91.490
382;14;5;47.573;101.410
383;5;15;108.137;90.950
383;15;5;108.137;103.380
384;5;15;121.487;74.920
384;15;5;121.487;87.350
385;5;15;111.543;88.820
385;15;5;111.543;101.250
386;5;16;87.679;87.820
386;16;5;87.679;101.040
387;5;17;73.717;78.820
387;17;5;73.717;92.530
388;5;17;75.845;87.840
388;17;5;75.845;101.550
389;5;18;79.073;81.920
389;18;5;79.073;96.530
390;5;18;83.133;68.450
390;18;5;83.133;83.060
391;5;19;110.940;75.910
391;19;5;110.940;92.000
392;5;20;48.827;84.700
392;20;5;48.827;102.820
393;5;20;49.274;79.140
393;20;5;49.274;97.260
394;5;21;63.125;70.030
394;21;5;63.125;88.260
395;5;21;63.567;80.620
395;21;5;63.567;98.850
396;5;21;67.258;75.130
396;21;5;67.258;93.360
397;5;22;65.413;68.470
397;22;5;65.413;87.370
398;5;22;60.925;85.820
398;22;5;60.925;104.720
399;5;23;64.813;85.360
399;23;5;64.813;104.550
400;5;23;64.402;78.190
400;23;5;64.402;97.380
401;5;23;67.317;77.790
401;23;5;67.317;96.980
402;5;24;54.569;77.190
402;24;5;54.569;96.490
403;5;24;55.230;73.850
403;24;5;55.230;93.150
404;5;24;55.957;71.050
404;24;5;55.957;90.350
405;5;25;68.447;72.110
405;25;5;68.447;92.170
406;5;25;64.269;63.500
406;25;5;64.269;83.560
407;5;25;70.914;76.310
407;25;5;70.914;96.370
408;5;26;68.466;76.510
408;26;5;68.466;96.880
409;5;26;70.268;75.410
409;26;5;70.268;95.780
410;5;27;72.936;66.780
410;27;5;72.936;87.300
411;5;28;58.515;69.160
411;28;5;58.515;90.220
412;5;29;63.660;73.610
412;29;5;63.660;94.670
413;5;29;63.302;80.760
413;29;5;63.302;101.820
414;5;30;72.199;83.540
414;30;5;72.199;104.660
415;5;31;91.911;70.620
415;31;5;91.911;91.830
416;5;31;101.081;70.110
416;31;5;101.081;91.320
417;5;31;99.203;71.960
417;31;5;99.203;93.170
418;5;32;84.813;69.770
418;32;5;84.813;90.990
419;5;32;90.088;68.630
419;32;5;90.088;89.850
420;5;32;91.123;61.670
420;32;5;91.123;82.890
421;5;33;55.054;65.390
421;33;5;55.054;87.710
422;5;33;57.477;79.050
422;33;5;57.477;101.370
423;5;33;57.451;80.640
423;33;5;57.451;102.960
424;5;34;84.115;63.530
424;34;5;84.115;86.200
425;5;34;90.915;83.100
425;34;5;90.915;105.770
426;5;34;75.366;83.230
426;34;5;75.366;105.900
427;5;35;76.014;81.080
427;35;5;76.014;103.790
428;5;35;78.905;63.610
428;35;5;78.905;86.320
429;5;35;75.803;61.230
429;35;5;75.803;83.940
430;5;36;88.031;70.880
430;36;5;88.031;93.740
431;5;36;87.889;80.200
431;36;5;87.889;103.060
432;5;37;98.755;65.380
432;37;5;98.755;88.870
433;5;38;98.226;79.670
433;38;5;98.226;104.530
434;5;39;30.107;10.880
434;39;5;75.107;92.050
435;5;39;37.272;20.230
435;39;5;82.272;101.400
436;5;39;33.911;8.740
436;39;5;78.911;89.910
437;6;7;73.859;83.950
437;7;6;73.859;84.360
438;6;8;60.372;92.330
438;8;6;60.372;93.200
439;6;8;58.903;95.300
439;8;6;58.903;96.170
440;6;8;58.577;90.090
440;8;6;58.577;90.960
441;6;9;55.323;75.410
441;9;6;55.323;78.680
442;6;9;57.177;94.040
442;9;6;57.177;97.310
443;6;9;57.422;81.840
443;9;6;57.422;85.110
444;6;10;80.483;80.550
444;10;6;80.483;84.450
445;6;11;84.892;94.980
445;11;6;84.892;98.950
446;6;11;83.045;82.820
446;11;6;83.045;86.790
447;6;12;107.614;87.430
447;12;6;107.614;92.530
448;6;12;101.271;78.600
448;12;6;101.271;83.700
449;6;12;112.942;95.910
449;12;6;112.942;101.010
450;6;13;91.758;87.870
450;13;6;91.758;93.060
451;6;14;65.072;85.940
451;14;6;65.072;93.170
452;6;15;102.892;74.050
452;15;6;102.892;83.790
453;6;16;108.490;74.530
453;16;6;108.490;85.060
454;6;16;98.566;80.560
454;16;6;98.566;91.090
455;6;17;92.930;86.090
455;17;6;92.930;97.110
456;6;17;96.105;75.760
456;17;6;96.105;86.780
457;6;18;58.035;77.640
457;18;6;58.035;89.560
458;6;18;57.552;68.080
458;18;6;57.552;80.000
459;6;19;131.899;86.650
459;19;6;131.899;100.050
460;6;19;147.990;85.250
460;19;6;147.990;98.650
461;6;20;67.870;78.220
461;20;6;67.870;93.650
462;6;20;62.643;63.880
462;20;6;62.643;79.310
463;6;21;47.930;70.650
463;21;6;47.930;86.190
464;6;21;47.858;68.550
464;21;6;47.858;84.090
465;6;21;47.762;67.740
465;21;6;47.762;83.280
466;6;22;55.748;68.620
466;22;6;55.748;84.830
467;6;23;46.755;77.670
467;23;6;46.755;94.170
468;6;24;57.704;74.050
468;24;6;57.704;90.660
469;6;24;55.461;67.190
469;24;6;55.461;83.800
470;6;24;56.909;85.950
470;24;6;56.909;102.560
471;6;25;49.784;85.280
471;25;6;49.784;102.650
472;6;25;50.840;78.010
472;25;6;50.840;95.380
473;6;26;58.413;68.220
473;26;6;58.413;85.900
474;6;26;61.733;75.150
474;26;6;61.733;92.830
475;6;27;54.971;67.070
475;27;6;54.971;84.900
476;6;28;52.711;76.950
476;28;6;52.711;95.320
477;6;29;47.493;72.070
477;29;6;47.493;90.440
478;6;30;60.151;68.450
478;30;6;60.151;86.880
479;6;30;58.493;72.780
479;30;6;58.493;91.210
480;6;31;111.028;68.630
480;31;6;111.028;87.150
481;6;31;110.363;83.430
481;31;6;110.363;101.950
482;6;32;84.311;82.480
482;32;6;84.311;101.010
483;6;33;69.083;68.290
483;33;6;69.083;87.920
484;6;33;63.227;59.340
484;33;6;63.227;78.970
485;6;33;67.298;80.330
485;33;6;67.298;99.960
486;6;34;64.667;71.530
486;34;6;64.667;91.510
487;6;34;60.449;60.440
487;34;6;60.449;80.420
488;6;35;58.189;77.260
488;35;6;58.189;97.280
489;6;35;55.881;67.020
489;35;6;55.881;87.040
490;6;35;60.728;81.930
490;35;6;60.728;101.950
491;6;36;81.006;75.910
491;36;6;81.006;96.080
492;6;36;89.101;71.320
492;36;6;89.101;91.490
493;6;36;86.800;71.900
493;36;6;86.800;92.070
494;6;37;119.643;80.080
494;37;6;119.643;100.880
495;6;37;131.694;69.370
495;37;6;131.694;90.170
496;6;38;91.738;62.440
496;38;6;91.738;84.610
497;6;38;99.696;74.070
497;38;6;99.696;96.240
498;6;39;17.194;5.990
498;39;6;62.194;84.470
499;6;39;17.751;15.230
499;39;6;62.751;93.710
500;7;8;59.501;89.840
500;8;7;59.501;90.300
501;7;9;68.621;99.130
501;9;7;68.621;101.990
502;7;10;106.384;86.880
502;10;7;106.384;90.370
503;7;11;113.670;84.300
503;11;7;113.670;87.860
504;7;12;79.657;76.300
504;12;7;79.657;80.990
505;7;12;72.942;85.620
505;12;7;72.942;90.310
506;7;12;73.834;98.300
506;12;7;73.834;102.990
507;7;13;120.617;80.090
507;13;7;120.617;84.870
508;7;13;124.059;81.870
508;13;7;124.059;86.650
509;7;14;84.493;91.460
509;14;7;84.493;98.280
510;7;15;74.136;69.130
510;15;7;74.136;78.460
511;7;15;72.180;70.520
511;15;7;72.180;79.850
512;7;16;115.123;70.110
512;16;7;115.123;80.230
513;7;17;110.986;71.400
513;17;7;110.986;82.010
514;7;18;75.731;86.710
514;18;7;75.731;98.220
515;7;18;80.805;79.150
515;18;7;80.805;90.660
516;7;19;138.102;83.500
516;19;7;138.102;96.490
517;7;19;146.746;80.900
517;19;7;146.746;93.890
518;7;20;86.666;84.200
518;20;7;86.666;99.220
519;7;20;79.258;76.230
519;20;7;79.258;91.250
520;7;21;74.303;65.740
520;21;7;74.303;80.870
521;7;21;72.058;84.480
521;21;7;72.058;99.610
522;7;21;75.648;82.390
522;21;7;75.648;97.520
523;7;22;84.479;86.820
523;22;7;84.479;102.620
524;7;22;92.499;86.270
524;22;7;92.499;102.070
525;7;22;84.813;81.250
525;22;7;84.813;97.050
526;7;23;72.879;81.600
526;23;7;72.879;97.690
527;7;23;71.812;65.430
527;23;7;71.812;81.520
528;7;24;81.011;81.770
528;24;7;81.011;97.970
529;7;24;87.727;86.380
529;24;7;87.727;102.580
530;7;24;73.104;84.900
530;24;7;73.104;101.100
531;7;25;69.314;80.340
531;25;7;69.314;97.300
532;7;25;71.054;82.740
532;25;7;71.054;99.700
533;7;25;66.240;85.850
533;25;7;66.240;102.810
534;7;26;87.272;75.190
534;26;7;87.272;92.460
535;7;27;81.838;67.360
535;27;7;81.838;84.780
536;7;27;76.107;65.470
536;27;7;76.107;82.890
537;7;27;77.245;80.130
537;27;7;77.245;97.550
538;7;28;77.050;76.320
538;28;7;77.050;94.280
539;7;28;71.566;81.450
539;28;7;71.566;99.410
540;7;28;84.485;75.180
540;28;7;84.485;93.140
541;7;29;73.647;71.940
541;29;7;73.647;89.900
542;7;29;72.589;64.990
542;29;7;72.589;82.950
543;7;30;58.725;80.840
543;30;7;58.725;98.860
544;7;31;111.005;71.260
544;31;7;111.005;89.370
545;7;32;113.074;81.960
545;32;7;113.074;100.080
546;7;32;129.460;83.220
546;32;7;129.460;101.340
547;7;32;108.033;82.520
547;32;7;108.033;100.640
548;7;33;91.477;78.370
548;33;7;91.477;97.590
549;7;34;67.057;70.620
549;34;7;67.057;90.190
550;7;34;64.871;75.510
550;34;7;64.871;95.080
551;7;35;84.149;81.650
551;35;7;84.149;101.260
552;7;36;52.444;71.100
552;36;7;52.444;90.860
553;7;36;51.543;73.840
553;36;7;51.543;93.600
554;7;37;125.897;74.780
554;37;7;125.897;95.170
555;7;38;120.070;58.130
555;38;7;120.070;79.890
556;7;38;118.135;79.430
556;38;7;118.135;101.190
557;7;39;45.309;19.910
557;39;7;90.309;97.980
558;7;39;51.695;12.840
558;39;7;96.695;90.910
559;8;9;59.400;95.620
559;9;8;59.400;98.020
560;8;10;95.168;81.920
560;10;8;95.168;84.950
561;8;10;98.933;84.650
561;10;8;98.933;87.680
562;8;10;95.158;99.290
562;10;8;95.158;102.320
563;8;11;100.131;86.570
563;11;8;100.131;89.670
564;8;12;92.290;93.970
564;12;8;92.290;98.200
565;8;12;102.177;84.100
565;12;8;102.177;88.330
566;8;12;81.552;87.210
566;12;8;81.552;91.440
567;8;13;106.754;75.880
567;13;8;106.754;80.200
568;8;13;111.868;74.270
568;13;8;111.868;78.590
569;8;14;70.644;71.350
569;14;8;70.644;77.710
570;8;14;64.551;73.830
570;14;8;64.551;80.190
571;8;14;73.364;84.960
571;14;8;73.364;91.320
572;8;15;87.910;73.460
572;15;8;87.910;82.330
573;8;15;87.246;84.990
573;15;8;87.246;93.860
574;8;15;80.739;69.620
574;15;8;80.739;78.490
575;8;16;106.687;76.240
575;16;8;106.687;85.900
576;8;16;105.955;72.250
576;16;8;105.955;81.910
577;8;17;98.228;72.130
577;17;8;98.228;82.280
578;8;17;99.545;79.620
578;17;8;99.545;89.770
579;8;17;87.642;79.190
579;17;8;87.642;89.340
580;8;18;66.825;72.940
580;18;8;66.825;83.990
581;8;19;130.235;67.930
581;19;8;130.235;80.460
582;8;19;139.585;89.150
582;19;8;139.585;101.680
583;8;20;73.044;65.980
583;20;8;73.044;80.540
584;8;20;71.924;65.120
584;20;8;71.924;79.680
585;8;20;70.844;82.620
585;20;8;70.844;97.180
586;8;21;60.208;73.900
586;21;8;60.208;88.570
587;8;22;70.526;78.980
587;22;8;70.526;94.320
588;8;22;66.388;64.350
588;22;8;66.388;79.690
589;8;22;65.788;64.330
589;22;8;65.788;79.670
590;8;23;59.075;83.490
590;23;8;59.075;99.120
591;8;23;60.902;77.780
591;23;8;60.902;93.410
592;8;24;66.551;72.230
592;24;8;66.551;87.970
593;8;25;56.546;61.620
593;25;8;56.546;78.120
594;8;25;56.528;77.020
594;25;8;56.528;93.520
595;8;26;73.573;72.150
595;26;8;73.573;88.960
596;8;27;69.630;77.910
596;27;8;69.630;94.870
597;8;27;67.451;69.840
597;27;8;67.451;86.800
598;8;28;62.568;76.910
598;28;8;62.568;94.410
599;8;28;62.621;69.960
599;28;8;62.621;87.460
600;8;28;63.494;61.630
600;28;8;63.494;79.130
601;8;29;59.627;73.380
601;29;8;59.627;90.880
602;8;30;48.361;66.610
602;30;8;48.361;84.170
603;8;30;47.961;80.390
603;30;8;47.961;97.950
604;8;30;47.678;80.150
604;30;8;47.678;97.710
605;8;31;105.565;61.030
605;31;8;105.565;78.680
606;8;31;98.782;77.170
606;31;8;98.782;94.820
607;8;32;98.966;77.190
607;32;8;98.966;94.850
608;8;33;77.326;81.860
608;33;8;77.326;100.620
609;8;34;63.996;59.160
609;34;8;63.996;78.270
610;8;34;59.350;76.750
610;34;8;59.350;95.860
611;8;35;72.476;64.550
611;35;8;72.476;83.700
612;8;36;66.106;63.450
612;36;8;66.106;82.750
613;8;37;117.833;58.080
613;37;8;117.833;78.010
614;8;38;107.109;63.620
614;38;8;107.109;84.920
615;8;38;113.097;59.150
615;38;8;113.097;80.450
616;8;39;32.509;23.940
616;39;8;77.509;101.550
617;8;39;35.256;4.090
617;39;8;80.256;81.700
618;9;10;82.763;77.640
618;10;9;82.763;78.270
619;9;11;91.481;98.980
619;11;9;91.481;99.680
620;9;11;83.268;83.610
620;11;9;83.268;84.310
621;9;12;103.279;93.630
621;12;9;103.279;95.460
622;9;13;98.965;96.350
622;13;9;98.965;98.270
623;9;14;74.821;73.110
623;14;9;74.821;77.070
624;9;14;70.406;78.920
624;14;9;70.406;82.880
625;9;14;73.841;73.690
625;14;9;73.841;77.650
626;9;15;97.433;75.940
626;15;9;97.433;82.410
627;9;16;116.810;90.030
627;16;9;116.810;97.290
628;9;17;103.016;88.530
628;17;9;103.016;96.280
629;9;17;110.337;71.570
629;17;9;110.337;79.320
630;9;17;93.755;90.760
630;17;9;93.755;98.510
631;9;18;52.549;70.920
631;18;9;52.549;79.570
632;9;18;53.638;79.970
632;18;9;53.638;88.620
633;9;19;140.389;74.530
633;19;9;140.389;84.660
634;9;20;77.620;84.010
634;20;9;77.620;96.170
635;9;20;70.409;64.540
635;20;9;70.409;76.700
636;9;20;69.906;64.650
636;20;9;69.906;76.810
637;9;21;57.858;64.260
637;21;9;57.858;76.530
638;9;21;55.986;74.450
638;21;9;55.986;86.720
639;9;22;64.811;67.310
639;22;9;64.811;80.250
640;9;23;55.905;76.150
640;23;9;55.905;89.380
641;9;23;54.796;68.130
641;23;9;54.796;81.360
642;9;24;67.821;68.880
642;24;9;67.821;82.220
643;9;25;51.869;81.160
643;25;9;51.869;95.260
644;9;26;66.487;82.070
644;26;9;66.487;96.480
645;9;26;67.612;65.550
645;26;9;67.612;79.960
646;9;27;59.020;61.610
646;27;9;59.020;76.170
647;9;27;58.374;70.160
647;27;9;58.374;84.720
648;9;27;60.887;70.810
648;27;9;60.887;85.370
649;9;28;62.705;72.930
649;28;9;62.705;88.030
650;9;29;57.156;68.740
650;29;9;57.156;83.840
651;9;29;54.541;62.500
651;29;9;54.541;77.600
652;9;29;56.194;69.020
652;29;9;56.194;84.120
653;9;30;57.000;63.910
653;30;9;57.000;79.070
654;9;31;117.778;80.800
654;31;9;117.778;96.050
655;9;31;114.416;60.020
655;31;9;114.416;75.270
656;9;32;92.282;66.760
656;32;9;92.282;82.020
657;9;33;79.348;80.550
657;33;9;79.348;96.910
658;9;34;54.344;69.440
658;34;9;54.344;86.150
659;9;35;60.801;80.250
659;35;9;60.801;97.000
660;9;35;63.451;59.160
660;35;9;63.451;75.910
661;9;36;76.063;79.860
661;36;9;76.063;96.760
662;9;37;128.027;60.620
662;37;9;128.027;78.150
663;9;38;97.078;72.060
663;38;9;97.078;90.960
664;9;39;22.688;12.360
664;39;9;67.688;87.570
665;9;39;22.202;16.950
665;39;9;67.202;92.160
666;9;39;24.327;21.060
666;39;9;69.327;96.270
667;10;11;64.619;91.130
667;11;10;64.619;91.200
668;10;11;62.348;87.190
668;11;10;62.348;87.260
669;10;12;141.041;74.900
669;12;10;141.041;76.100
670;10;12;123.704;97.710
670;12;10;123.704;98.910
671;10;13;72.076;86.170
671;13;10;72.076;87.460
672;10;13;73.427;93.590
672;13;10;73.427;94.880
673;10;14;91.063;93.170
673;14;10;91.063;96.500
674;10;15;135.045;84.350
674;15;10;135.045;90.190
675;10;15;147.876;89.350
675;15;10;147.876;95.190
676;10;16;133.461;89.840
676;16;10;133.461;96.470
677;10;16;112.193;80.120
677;16;10;112.193;86.750
678;10;17;108.856;83.120
678;17;10;108.856;90.240
679;10;17;97.832;76.740
679;17;10;97.832;83.860
680;10;18;75.947;70.660
680;18;10;75.947;78.680
681;10;18;70.224;75.090
681;18;10;70.224;83.110
682;10;18;80.662;79.860
682;18;10;80.662;87.880
683;10;19;154.833;72.640
683;19;10;154.833;82.140
684;10;19;167.668;67.730
684;19;10;167.668;77.230
685;10;20;92.882;72.000
685;20;10;92.882;83.530
686;10;21;82.002;73.960
686;21;10;82.002;85.600
687;10;22;73.971;73.330
687;22;10;73.971;85.640
688;10;22;73.487;63.500
688;22;10;73.487;75.810
689;10;23;82.142;86.170
689;23;10;82.142;98.770
690;10;24;84.848;73.440
690;24;10;84.848;86.150
691;10;24;83.807;84.360
691;24;10;83.807;97.070
692;10;24;86.812;80.140
692;24;10;86.812;92.850
693;10;25;83.631;70.700
693;25;10;83.631;84.170
694;10;25;90.865;69.250
694;25;10;90.865;82.720
695;10;26;70.585;73.240
695;26;10;70.585;87.020
696;10;26;72.198;82.360
696;26;10;72.198;96.140
697;10;26;67.592;71.630
697;26;10;67.592;85.410
698;10;27;70.626;68.520
698;27;10;70.626;82.450
699;10;28;83.502;73.370
699;28;10;83.502;87.840
700;10;28;88.836;77.980
700;28;10;88.836;92.450
701;10;29;82.210;64.570
701;29;10;82.210;79.040
702;10;30;93.874;79.020
702;30;10;93.874;93.550
703;10;30;96.525;81.850
703;30;10;96.525;96.380
704;10;30;105.665;64.970
704;30;10;105.665;79.500
705;10;31;140.326;70.490
705;31;10;140.326;85.110
706;10;32;71.588;77.740
706;32;10;71.588;92.370
707;10;33;88.764;68.450
707;33;10;88.764;84.180
708;10;33;93.897;75.230
708;33;10;93.897;90.960
709;10;34;87.085;76.290
709;34;10;87.085;92.370
710;10;34;96.245;60.310
710;34;10;96.245;76.390
711;10;35;67.692;67.610
711;35;10;67.692;83.730
712;10;36;113.826;77.290
712;36;10;113.826;93.560
713;10;37;143.653;69.860
713;37;10;143.653;86.760
714;10;37;151.858;70.190
714;37;10;151.858;87.090
715;10;37;133.545;65.100
715;37;10;133.545;82.000
716;10;38;63.710;75.490
716;38;10;63.710;93.760
717;10;38;59.325;67.100
717;38;10;59.325;85.370
718;10;38;68.146;64.590
718;38;10;68.146;82.860
719;10;39;19.222;9.760
719;39;10;64.222;84.340
720;10;39;20.840;23.140
720;39;10;65.840;97.720
721;10;39;21.821;3.130
721;39;10;66.821;77.710
722;11;12;147.414;92.840
722;12;11;147.414;93.970
723;11;13;53.115;90.250
723;13;11;53.115;91.470
724;11;14;86.226;74.410
724;14;11;86.226;77.670
725;11;15;142.767;86.730
725;15;11;142.767;92.500
726;11;15;123.077;93.350
726;15;11;123.077;99.120
727;11;16;122.761;79.710
727;16;11;122.761;86.270
728;11;17;95.417;86.670
728;17;11;95.417;93.720
729;11;17;95.329;78.270
729;17;11;95.329;85.320
730;11;17;105.141;88.730
730;17;11;105.141;95.780
731;11;18;86.710;79.260
731;18;11;86.710;87.210
732;11;18;86.424;81.670
732;18;11;86.424;89.620
733;11;19;142.123;85.360
733;19;11;142.123;94.790
734;11;19;131.336;69.870
734;19;11;131.336;79.300
735;11;19;165.007;68.870
735;19;11;165.007;78.300
736;11;20;86.989;80.780
736;20;11;86.989;92.240
737;11;21;84.989;80.370
737;21;11;84.989;91.940
738;11;22;74.708;83.660
738;22;11;74.708;95.900
739;11;22;71.833;82.340
739;22;11;71.833;94.580
740;11;22;77.750;69.900
740;22;11;77.750;82.140
741;11;23;86.065;82.940
741;23;11;86.065;95.470
742;11;24;82.779;72.960
742;24;11;82.779;85.600
743;11;25;89.356;73.170
743;25;11;89.356;86.570
744;11;25;89.608;85.930
744;25;11;89.608;99.330
745;11;26;71.558;84.500
745;26;11;71.558;98.210
746;11;27;77.461;81.960
746;27;11;77.461;95.820
747;11;28;84.024;76.770
747;28;11;84.024;91.170
748;11;28;92.598;71.050
748;28;11;92.598;85.450
749;11;28;88.232;78.600
749;28;11;88.232;93.000
750;11;29;85.525;72.170
750;29;11;85.525;86.570
751;11;29;79.941;80.330
751;29;11;79.941;94.730
752;11;30;100.020;83.340
752;30;11;100.020;97.800
753;11;30;103.785;74.660
753;30;11;103.785;89.120
754;11;30;90.818;62.110
754;30;11;90.818;76.570
755;11;31;132.213;62.170
755;31;11;132.213;76.720
756;11;31;134.943;62.710
756;31;11;134.943;77.260
757;11;32;53.171;72.540
757;32;11;53.171;87.100
758;11;33;81.092;66.920
758;33;11;81.092;82.580
759;11;33;87.500;77.110
759;33;11;87.500;92.770
760;11;33;82.751;62.530
760;33;11;82.751;78.190
761;11;34;98.562;78.660
761;34;11;98.562;94.670
762;11;34;94.643;73.360
762;34;11;94.643;89.370
763;11;35;76.099;67.200
763;35;11;76.099;83.250
764;11;35;80.909;65.960
764;35;11;80.909;82.010
765;11;35;79.530;75.240
765;35;11;79.530;91.290
766;11;36;120.887;76.420
766;36;11;120.887;92.620
767;11;37;131.923;72.460
767;37;11;131.923;89.290
768;11;37;119.509;72.660
768;37;11;119.509;89.490
769;11;37;152.837;68.210
769;37;11;152.837;85.040
770;11;38;54.263;72.740
770;38;11;54.263;90.940
771;11;38;52.456;68.390
771;38;11;52.456;86.590
772;11;39;23.796;23.040
772;39;11;68.796;97.550
773;11;39;20.272;19.240
773;39;11;65.272;93.750
774;11;39;20.886;14.780
774;39;11;65.886;89.290
775;12;13;153.905;73.810
775;13;12;153.905;73.900
776;12;14;112.603;89.040
776;14;12;112.603;91.170
777;12;15;53.891;89.700
777;15;12;53.891;94.340
778;12;15;54.277;78.470
778;15;12;54.277;83.110
779;12;15;55.667;92.000
779;15;12;55.667;96.640
780;12;16;126.254;71.670
780;16;12;126.254;77.100
781;12;17;133.529;72.590
781;17;12;133.529;78.510
782;12;17;152.559;89.520
782;17;12;152.559;95.440
783;12;18;110.310;90.800
783;18;12;110.310;97.620
784;12;19;145.386;79.560
784;19;12;145.386;87.860
785;12;20;113.917;83.670
785;20;12;113.917;94.000
786;12;21;107.439;69.910
786;21;12;107.439;80.350
787;12;21;92.776;72.250
787;21;12;92.776;82.690
788;12;22;117.753;82.530
788;22;12;117.753;93.640
789;12;23;106.364;78.420
789;23;12;106.364;89.820
790;12;23;96.633;77.410
790;23;12;96.633;88.810
791;12;23;93.401;68.040
791;23;12;93.401;79.440
792;12;24;111.786;80.740
792;24;12;111.786;92.250
793;12;25;103.401;84.750
793;25;12;103.401;97.020
794;12;25;95.999;62.730
794;25;12;95.999;75.000
795;12;26;120.858;70.910
795;26;12;120.858;83.490
796;12;26;107.289;74.750
796;26;12;107.289;87.330
797;12;26;126.722;75.630
797;26;12;126.722;88.210
798;12;27;116.280;82.200
798;27;12;116.280;94.930
799;12;28;109.018;70.140
799;28;12;109.018;83.410
800;12;29;106.891;75.160
800;29;12;106.891;88.430
801;12;30;92.692;77.130
801;30;12;92.692;90.460
802;12;30;98.594;77.040
802;30;12;98.594;90.370
803;12;31;115.801;75.470
803;31;12;115.801;88.890
804;12;31;128.812;62.270
804;31;12;128.812;75.690
805;12;32;145.892;62.640
805;32;12;145.892;76.070
806;12;33;120.007;73.440
806;33;12;120.007;87.970
807;12;33;124.555;64.160
807;33;12;124.555;78.690
808;12;33;136.668;74.110
808;33;12;136.668;88.640
809;12;34;100.587;76.550
809;34;12;100.587;91.430
810;12;35;118.727;78.820
810;35;12;118.727;93.740
811;12;35;108.742;75.740
811;35;12;108.742;90.660
812;12;36;72.216;61.650
812;36;12;72.216;76.720
813;12;36;72.895;76.110
813;36;12;72.895;91.180
814;12;37;134.838;70.250
814;37;12;134.838;85.950
815;12;37;121.864;76.760
815;37;12;121.864;92.460
816;12;37;136.933;78.800
816;37;12;136.933;94.500
817;12;38;154.307;70.150
817;38;12;154.307;87.220
818;12;38;130.348;62.960
818;38;12;130.348;80.030
819;12;39;79.572;0.220
819;39;12;124.572;73.600
820;12;39;97.592;21.920
820;39;12;142.592;95.300
821;12;39;93.844;1.050
821;39;12;138.844;74.430
822;13;14;90.399;90.200
822;14;13;90.399;92.240
823;13;14;92.639;72.430
823;14;13;92.639;74.470
824;13;15;149.601;73.560
824;15;13;149.601;78.110
825;13;15;139.264;86.430
825;15;13;139.264;90.980
826;13;15;148.368;76.270
826;15;13;148.368;80.820
827;13;16;123.233;91.370
827;16;13;123.233;96.710
828;13;16;140.791;73.220
828;16;13;140.791;78.560
829;13;17;94.934;84.020
829;17;13;94.934;89.850
830;13;17;90.747;82.700
830;17;13;90.747;88.530
831;13;18;94.527;91.100
831;18;13;94.527;97.830
832;13;18;90.290;80.140
832;18;13;90.290;86.870
833;13;18;98.398;80.600
833;18;13;98.398;87.330
834;13;19;141.250;85.830
834;19;13;141.250;94.040
835;13;19;146.725;76.320
835;19;13;146.725;84.530
836;13;20;90.714;84.590
836;20;13;90.714;94.830
837;13;20;94.446;75.710
837;20;13;94.446;85.950
838;13;20;85.524;79.370
838;20;13;85.524;89.610
839;13;21;91.546;84.790
839;21;13;91.546;95.140
840;13;22;81.232;78.160
840;22;13;81.232;89.180
841;13;22;86.375;75.000
841;22;13;86.375;86.020
842;13;23;92.793;70.070
842;23;13;92.793;81.380
843;13;23;91.363;67.790
843;23;13;91.363;79.100
844;13;23;91.896;73.760
844;23;13;91.896;85.070
845;13;24;88.076;69.220
845;24;13;88.076;80.640
846;13;24;93.820;69.120
846;24;13;93.820;80.540
847;13;24;86.224;74.630
847;24;13;86.224;86.050
848;13;25;96.362;74.480
848;25;13;96.362;86.660
849;13;26;78.346;83.540
849;26;13;78.346;96.030
850;13;27;84.983;82.480
850;27;13;84.983;95.120
851;13;27;84.439;69.660
851;27;13;84.439;82.300
852;13;27;76.713;78.970
852;27;13;76.713;91.610
853;13;28;90.011;76.740
853;28;13;90.011;89.920
854;13;28;81.941;65.410
854;28;13;81.941;78.590
855;13;29;92.138;61.720
855;29;13;92.138;74.900
856;13;29;80.587;69.760
856;29;13;80.587;82.940
857;13;30;106.902;83.860
857;30;13;106.902;97.100
858;13;31;133.825;63.560
858;31;13;133.825;76.890
859;13;31;144.919;67.290
859;31;13;144.919;80.620
860;13;31;122.959;72.780
860;31;13;122.959;86.110
861;13;32;53.722;63.570
861;32;13;53.722;76.910
862;13;32;55.878;66.210
862;32;13;55.878;79.550
863;13;32;55.149;79.820
863;32;13;55.149;93.160
864;13;33;84.399;77.640
864;33;13;84.399;92.080
865;13;34;106.346;80.210
865;34;13;106.346;95.000
866;13;35;83.857;72.470
866;35;13;83.857;87.300
867;13;35;92.924;82.110
867;35;13;92.924;96.940
868;13;35;79.139;75.930
868;35;13;79.139;90.760
869;13;36;127.719;80.090
869;36;13;127.719;95.070
870;13;36;116.165;78.380
870;36;13;116.165;93.360
871;13;37;131.713;78.880
871;37;13;131.713;94.490
872;13;37;143.817;75.370
872;37;13;143.817;90.980
873;13;37;136.317;82.000
873;37;13;136.317;97.610
874;13;38;56.417;66.090
874;38;13;56.417;83.070
875;13;38;58.242;73.240
875;38;13;58.242;90.220
876;13;38;57.881;74.500
876;38;13;57.881;91.480
877;13;39;31.387;24.030
877;39;13;76.387;97.320
878;14;15;110.343;73.500
878;15;14;110.343;76.010
879;14;15;111.611;81.340
879;15;14;111.611;83.850
880;14;15;112.690;69.700
880;15;14;112.690;72.210
881;14;16;89.461;79.250
881;16;14;89.461;82.550
882;14;16;93.050;75.900
882;16;14;93.050;79.200
883;14;16;95.461;82.350
883;16;14;95.461;85.650
884;14;17;73.380;89.470
884;17;14;73.380;93.260
885;14;17;67.154;76.010
885;17;14;67.154;79.800
886;14;18;77.940;83.080
886;18;14;77.940;87.770
887;14;18;74.510;69.350
887;18;14;74.510;74.040
888;14;19;112.493;66.890
888;19;14;112.493;73.060
889;14;19;96.237;76.810
889;19;14;96.237;82.980
890;14;20;47.805;82.450
890;20;14;47.805;90.650
891;14;20;47.536;64.130
891;20;14;47.536;72.330
892;14;21;62.198;73.280
892;21;14;62.198;81.590
893;14;21;62.799;68.870
893;21;14;62.799;77.180
894;14;22;63.034;74.290
894;22;14;63.034;83.270
895;14;22;59.522;81.150
895;22;14;59.522;90.130
896;14;22;66.888;84.080
896;22;14;66.888;93.060
897;14;23;64.032;66.190
897;23;14;64.032;75.460
898;14;24;52.708;67.760
898;24;14;52.708;77.140
899;14;25;68.020;80.930
899;25;14;68.020;91.070
900;14;25;67.576;65.330
900;25;14;67.576;75.470
901;14;25;63.554;71.140
901;25;14;63.554;81.280
902;14;26;65.912;79.720
902;26;14;65.912;90.170
903;14;26;64.718;81.990
903;26;14;64.718;92.440
904;14;27;71.057;64.370
904;27;14;71.057;74.970
905;14;27;66.049;62.830
905;27;14;66.049;73.430
906;14;27;76.470;71.720
906;27;14;76.470;82.320
907;14;28;57.365;70.310
907;28;14;57.365;81.450
908;14;28;54.574;63.510
908;28;14;54.574;74.650
909;14;29;62.815;75.040
909;29;14;62.815;86.180
910;14;29;65.196;83.260
910;29;14;65.196;94.400
911;14;30;72.982;75.530
911;30;14;72.982;86.730
912;14;31;94.420;81.090
912;31;14;94.420;92.380
913;14;31;91.458;65.760
913;31;14;91.458;77.050
914;14;31;93.265;70.530
914;31;14;93.265;81.820
915;14;32;81.695;75.130
915;32;14;81.695;86.430
916;14;32;83.672;71.800
916;32;14;83.672;83.100
917;14;32;80.136;60.680
917;32;14;80.136;71.980
918;14;33;52.406;73.030
918;33;14;52.406;85.430
919;14;33;53.678;63.020
919;33;14;53.678;75.420
920;14;33;53.612;61.310
920;33;14;53.612;73.710
921;14;34;83.871;66.690
921;34;14;83.871;79.440
922;14;35;74.019;63.150
922;35;14;74.019;75.940
923;14;35;79.318;74.440
923;35;14;79.318;87.230
924;14;35;76.559;75.650
924;35;14;76.559;88.440
925;14;36;89.869;73.590
925;36;14;89.869;86.530
926;14;36;95.248;66.750
926;36;14;95.248;79.690
927;14;36;81.010;82.770
927;36;14;81.010;95.710
928;14;37;100.425;69.240
928;37;14;100.425;82.810
929;14;37;104.887;70.540
929;37;14;104.887;84.110
930;14;38;95.115;80.640
930;38;14;95.115;95.580
931;14;38;107.399;78.310
931;38;14;107.399;93.250
932;14;38;88.913;56.960
932;38;14;88.913;71.900
933;14;39;27.562;5.460
933;39;14;72.562;76.710
934;15;16;128.961;81.590
934;16;15;128.961;82.380
935;15;17;133.328;91.680
935;17;15;133.328;92.960
936;15;17;131.458;91.700
936;17;15;131.458;92.980
937;15;17;135.689;80.680
937;17;15;135.689;81.960
938;15;18;104.115;72.980
938;18;15;104.115;75.160
939;15;18;118.589;75.580
939;18;15;118.589;77.760
940;15;19;149.258;89.850
940;19;15;149.258;93.510
941;15;19;124.932;80.550
941;19;15;124.932;84.210
942;15;19;155.377;86.060
942;19;15;155.377;89.720
943;15;20;111.963;83.490
943;20;15;111.963;89.180
944;15;21;103.090;67.890
944;21;15;103.090;73.690
945;15;21;99.901;73.830
945;21;15;99.901;79.630
946;15;21;107.091;73.690
946;21;15;107.091;79.490
947;15;22;113.379;62.720
947;22;15;113.379;69.190
948;15;23;101.809;68.800
948;23;15;101.809;75.560
949;15;24;108.550;66.180
949;24;15;108.550;73.050
950;15;25;98.424;75.210
950;25;15;98.424;82.840
951;15;25;103.836;65.680
951;25;15;103.836;73.310
952;15;25;109.936;75.850
952;25;15;109.936;83.480
953;15;26;116.292;85.340
953;26;15;116.292;93.280
954;15;26;117.299;81.880
954;26;15;117.299;89.820
955;15;26;104.708;70.640
955;26;15;104.708;78.580
956;15;27;110.940;81.050
956;27;15;110.940;89.140
957;15;27;125.441;82.630
957;27;15;125.441;90.720
958;15;27;121.247;69.560
958;27;15;121.247;77.650
959;15;28;105.251;80.730
959;28;15;105.251;89.360
960;15;28;106.152;83.650
960;28;15;106.152;92.280
961;15;28;90.320;73.230
961;28;15;90.320;81.860
962;15;29;102.478;62.150
962;29;15;102.478;70.780
963;15;29;99.865;72.190
963;29;15;99.865;80.820
964;15;30;87.748;80.020
964;30;15;87.748;88.710
965;15;30;84.249;81.190
965;30;15;84.249;89.880
966;15;31;119.772;64.200
966;31;15;119.772;72.980
967;15;32;141.875;66.090
967;32;15;141.875;74.880
968;15;32;142.365;71.050
968;32;15;142.365;79.840
969;15;33;117.712;65.990
969;33;15;117.712;75.880
970;15;33;103.943;62.360
970;33;15;103.943;72.250
971;15;33;121.515;75.970
971;33;15;121.515;85.860
972;15;34;93.727;82.170
972;34;15;93.727;92.410
973;15;34;87.431;58.520
973;34;15;87.431;68.760
974;15;34;89.693;75.180
974;34;15;89.693;85.420
975;15;35;113.151;60.320
975;35;15;113.151;70.600
976;15;36;66.887;68.440
976;36;15;66.887;78.870
977;15;36;69.123;64.200
977;36;15;69.123;74.630
978;15;36;65.546;82.580
978;36;15;65.546;93.010
979;15;37;138.199;82.340
979;37;15;138.199;93.400
980;15;37;144.951;61.260
980;37;15;144.951;72.320
981;15;37;154.942;62.760
981;37;15;154.942;73.820
982;15;38;149.196;70.820
982;38;15;149.196;83.250
983;15;38;148.609;68.420
983;38;15;148.609;80.850
984;15;38;171.293;66.110
984;38;15;171.293;78.540
985;15;39;74.442;17.010
985;39;15;119.442;85.750
986;15;39;87.275;7.930
986;39;15;132.275;76.670
987;16;17;73.838;87.250
987;17;16;73.838;87.740
988;16;18;121.504;79.170
988;18;16;121.504;80.560
989;16;19;68.616;68.030
989;19;16;68.616;70.900
990;16;19;67.553;66.980
990;19;16;67.553;69.850
991;16;19;73.265;70.360
991;19;16;73.265;73.230
992;16;20;86.967;73.590
992;20;16;86.967;78.490
993;16;21;105.572;84.260
993;21;16;105.572;89.270
994;16;21;104.249;73.320
994;21;16;104.249;78.330
995;16;21;97.827;71.750
995;21;16;97.827;76.760
996;16;22;107.303;72.630
996;22;16;107.303;78.310
997;16;23;107.083;62.020
997;23;16;107.083;67.990
998;16;23;99.406;70.960
998;23;16;99.406;76.930
999;16;24;97.091;72.070
999;24;16;97.091;78.150
1000;16;24;100.552;69.720
1000;24;16;100.552;75.800
1001;16;25;110.084;63.140
1001;25;16;110.084;69.980
1002;16;26;109.830;75.250
1002;26;16;109.830;82.400
1003;16;26;95.816;66.880
1003;26;16;95.816;74.030
1004;16;27;115.506;67.090
1004;27;16;115.506;74.390
1005;16;27;122.958;69.210
1005;27;16;122.958;76.510
1006;16;27;127.936;75.300
1006;27;16;127.936;82.600
1007;16;28;101.153;62.400
1007;28;16;101.153;70.240
1008;16;29;106.024;66.020
1008;29;16;106.024;73.860
1009;16;30;109.996;62.530
1009;30;16;109.996;70.430
1010;16;30;96.471;63.840
1010;30;16;96.471;71.740
1011;16;31;60.436;71.370
1011;31;16;60.436;79.360
1012;16;31;58.403;77.910
1012;31;16;58.403;85.900
1013;16;31;58.822;63.100
1013;31;16;58.822;71.090
1014;16;32;115.480;80.530
1014;32;16;115.480;88.530
1015;16;33;89.819;70.060
1015;33;16;89.819;79.160
1016;16;33;98.809;71.450
1016;33;16;98.809;80.550
1017;16;34;124.672;83.340
1017;34;16;124.672;92.790
1018;16;34;118.617;70.830
1018;34;16;118.617;80.280
1019;16;35;118.478;77.770
1019;35;16;118.478;87.260
1020;16;35;124.732;81.530
1020;35;16;124.732;91.020
1021;16;35;129.370;81.270
1021;35;16;129.370;90.760
1022;16;36;116.407;69.990
1022;36;16;116.407;79.630
1023;16;36;124.541;58.870
1023;36;16;124.541;68.510
1024;16;37;56.221;59.310
1024;37;16;56.221;69.580
1025;16;37;54.148;79.260
1025;37;16;54.148;89.530
1026;16;38;131.948;79.590
1026;38;16;131.948;91.230
1027;16;38;116.032;78.010
1027;38;16;116.032;89.650
1028;16;39;71.350;19.820
1028;39;16;116.350;87.770
1029;16;39;84.505;11.480
1029;39;16;129.505;79.430
1030;17;18;105.227;90.230
1030;18;17;105.227;91.130
1031;17;18;109.860;88.700
1031;18;17;109.860;89.600
1032;17;18;99.797;71.710
1032;18;17;99.797;72.610
1033;17;19;91.711;86.640
1033;19;17;91.711;89.020
1034;17;19;88.753;85.450
1034;19;17;88.753;87.830
1035;17;19;98.955;88.480
1035;19;17;98.955;90.860
1036;17;20;70.655;87.790
1036;20;17;70.655;92.200
1037;17;20;73.442;88.020
1037;20;17;73.442;92.430
1038;17;20;68.805;78.910
1038;20;17;68.805;83.320
1039;17;21;90.195;86.700
1039;21;17;90.195;91.220
1040;17;22;87.406;77.140
1040;22;17;87.406;82.330
1041;17;22;86.315;82.100
1041;22;17;86.315;87.290
1042;17;22;97.795;78.930
1042;22;17;97.795;84.120
1043;17;23;92.122;85.700
1043;23;17;92.122;91.180
1044;17;23;91.278;65.780
1044;23;17;91.278;71.260
1045;17;23;97.639;67.440
1045;23;17;97.639;72.920
1046;17;24;80.236;81.790
1046;24;17;80.236;87.380
1047;17;24;74.847;85.380
1047;24;17;74.847;90.970
1048;17;25;96.304;68.140
1048;25;17;96.304;74.490
1049;17;25;83.633;70.290
1049;25;17;83.633;76.640
1050;17;26;88.814;68.680
1050;26;17;88.814;75.340
1051;17;26;84.137;64.610
1051;26;17;84.137;71.270
1052;17;26;91.073;76.570
1052;26;17;91.073;83.230
1053;17;27;96.604;62.570
1053;27;17;96.604;69.380
1054;17;28;85.323;81.360
1054;28;17;85.323;88.710
1055;17;28;81.228;67.320
1055;28;17;81.228;74.670
1056;17;28;94.569;81.780
1056;28;17;94.569;89.130
1057;17;29;90.875;65.150
1057;29;17;90.875;72.500
1058;17;29;91.133;61.670
1058;29;17;91.133;69.020
1059;17;29;95.984;65.300
1059;29;17;95.984;72.650
1060;17;30;100.908;83.690
1060;30;17;100.908;91.100
1061;17;30;108.621;63.690
1061;30;17;108.621;71.100
1062;17;30;100.317;65.720
1062;30;17;100.317;73.130
1063;17;31;86.633;62.980
1063;31;17;86.633;70.480
1064;17;31;77.979;81.880
1064;31;17;77.979;89.380
1065;17;32;87.680;71.440
1065;32;17;87.680;78.950
1066;17;33;69.134;77.410
1066;33;17;69.134;86.020
1067;17;33;70.939;72.210
1067;33;17;70.939;80.820
1068;17;33;74.602;64.030
1068;33;17;74.602;72.640
1069;17;34;112.183;76.760
1069;34;17;112.183;85.720
1070;17;35;98.895;80.330
1070;35;17;98.895;89.330
1071;17;36;115.128;71.650
1071;36;17;115.128;80.800
1072;17;36;128.212;75.240
1072;36;17;128.212;84.390
1073;17;36;121.163;74.440
1073;36;17;121.163;83.590
1074;17;37;81.779;75.620
1074;37;17;81.779;85.400
1075;17;37;83.327;66.900
1075;37;17;83.327;76.680
1076;17;37;87.358;79.290
1076;37;17;87.358;89.070
1077;17;38;104.369;71.370
1077;38;17;104.369;82.520
1078;17;38;89.767;56.530
1078;38;17;89.767;67.680
1079;17;39;49.508;8.420
1079;39;17;94.508;75.880
1080;18;19;144.932;84.120
1080;19;18;144.932;85.600
1081;18;19;151.062;76.150
1081;19;18;151.062;77.630
1082;18;19;161.143;72.150
1082;19;18;161.143;73.630
1083;18;20;80.714;77.620
1083;20;18;80.714;81.130
1084;18;20;88.320;85.050
1084;20;18;88.320;88.560
1085;18;20;81.646;86.700
1085;20;18;81.646;90.210
1086;18;21;60.964;76.220
1086;21;18;60.964;79.840
1087;18;22;63.896;65.870
1087;22;18;63.896;70.160
1088;18;22;61.420;66.920
1088;22;18;61.420;71.210
1089;18;22;65.180;63.370
1089;22;18;65.180;67.660
1090;18;23;59.427;65.210
1090;23;18;59.427;69.790
1091;18;24;70.351;86.110
1091;24;18;70.351;90.800
1092;18;25;57.165;72.050
1092;25;18;57.165;77.500
1093;18;26;64.327;67.610
1093;26;18;64.327;73.370
1094;18;26;60.221;76.930
1094;26;18;60.221;82.690
1095;18;27;55.457;64.340
1095;27;18;55.457;70.250
1096;18;28;65.617;64.670
1096;28;18;65.617;71.120
1097;18;28;64.898;81.600
1097;28;18;64.898;88.050
1098;18;29;60.483;83.630
1098;29;18;60.483;90.080
1099;18;30;64.544;66.730
1099;30;18;64.544;73.240
1100;18;30;66.280;77.860
1100;30;18;66.280;84.370
1101;18;31;123.579;84.220
1101;31;18;123.579;90.820
1102;18;31;140.087;83.160
1102;31;18;140.087;89.760
1103;18;32;88.638;70.190
1103;32;18;88.638;76.800
1104;18;32;82.879;82.800
1104;32;18;82.879;89.410
1105;18;32;85.830;72.470
1105;32;18;85.830;79.080
1106;18;33;81.110;83.490
1106;33;18;81.110;91.200
1107;18;33;78.903;79.350
1107;33;18;78.903;87.060
1108;18;33;78.092;68.970
1108;33;18;78.092;76.680
1109;18;34;56.863;66.550
1109;34;18;56.863;74.610
1110;18;34;57.547;62.350
1110;34;18;57.547;70.410
1111;18;35;55.697;75.270
1111;35;18;55.697;83.370
1112;18;35;53.685;62.440
1112;35;18;53.685;70.540
1113;18;36;83.132;70.480
1113;36;18;83.132;78.730
1114;18;37;132.667;72.770
1114;37;18;132.667;81.650
1115;18;37;125.615;72.380
1115;37;18;125.615;81.260
1116;18;37;149.068;63.410
1116;37;18;149.068;72.290
1117;18;38;91.408;79.150
1117;38;18;91.408;89.400
1118;18;39;18.315;0.520
1118;39;18;63.315;67.080
1119;19;20;109.881;68.580
1119;20;19;109.881;70.610
1120;19;20;96.205;84.860
1120;20;19;96.205;86.890
1121;19;21;128.972;67.640
1121;21;19;128.972;69.780
1122;19;22;130.017;82.870
1122;22;19;130.017;85.680
1123;19;22;125.129;71.930
1123;22;19;125.129;74.740
1124;19;22;143.479;68.930
1124;22;19;143.479;71.740
1125;19;23;130.535;76.690
1125;23;19;130.535;79.790
1126;19;23;118.045;65.640
1126;23;19;118.045;68.740
1127;19;24;120.189;66.310
1127;24;19;120.189;69.520
1128;19;24;114.878;84.300
1128;24;19;114.878;87.510
1129;19;24;122.160;67.130
1129;24;19;122.160;70.340
1130;19;25;133.638;77.540
1130;25;19;133.638;81.510
1131;19;26;132.307;81.280
1131;26;19;132.307;85.560
1132;19;26;148.155;68.880
1132;26;19;148.155;73.160
1133;19;27;138.521;64.500
1133;27;19;138.521;68.930
1134;19;28;124.454;75.860
1134;28;19;124.454;80.830
1135;19;28;111.150;76.510
1135;28;19;111.150;81.480
1136;19;28;115.485;79.820
1136;28;19;115.485;84.790
1137;19;29;129.450;81.180
1137;29;19;129.450;86.150
1138;19;29;126.418;68.710
1138;29;19;126.418;73.680
1139;19;30;133.556;60.100
1139;30;19;133.556;65.130
1140;19;31;74.586;73.900
1140;31;19;74.586;79.020
1141;19;31;79.916;75.110
1141;31;19;79.916;80.230
1142;19;31;69.714;80.960
1142;31;19;69.714;86.080
1143;19;32;134.327;79.170
1143;32;19;134.327;84.300
1144;19;32;126.837;75.320
1144;32;19;126.837;80.450
1145;19;32;155.315;64.370
1145;32;19;155.315;69.500
1146;19;33;111.937;81.170
1146;33;19;111.937;87.400
1147;19;33;101.243;62.790
1147;33;19;101.243;69.020
1148;19;34;148.288;66.910
1148;34;19;148.288;73.490
1149;19;34;172.834;68.150
1149;34;19;172.834;74.730
1150;19;35;141.388;81.140
1150;35;19;141.388;87.760
1151;19;36;138.798;62.590
1151;36;19;138.798;69.360
1152;19;36;147.428;68.870
1152;36;19;147.428;75.640
1153;19;36;129.611;75.410
1153;36;19;129.611;82.180
1154;19;37;57.409;80.950
1154;37;19;57.409;88.350
1155;19;37;55.913;58.070
1155;37;19;55.913;65.470
1156;19;37;55.243;78.160
1156;37;19;55.243;85.560
1157;19;38;151.029;66.800
1157;38;19;151.029;75.570
1158;19;38;154.944;76.830
1158;38;19;154.944;85.600
1159;19;38;132.242;65.030
1159;38;19;132.242;73.800
1160;19;39;93.673;13.920
1160;39;19;138.673;79.000
1161;19;39;110.447;7.990
1161;39;19;155.447;73.070
1162;20;21;65.000;85.880
1162;21;20;65.000;85.990
1163;20;22;65.363;63.220
1163;22;20;65.363;64.000
1164;20;22;67.786;74.920
1164;22;20;67.786;75.700
1165;20;23;66.837;76.470
1165;23;20;66.837;77.540
1166;20;23;71.277;75.100
1166;23;20;71.277;76.170
1167;20;24;55.416;73.500
1167;24;20;55.416;74.680
1168;20;24;55.712;80.070
1168;24;20;55.712;81.250
1169;20;24;56.339;84.850
1169;24;20;56.339;86.030
1170;20;25;70.811;69.040
1170;25;20;70.811;70.980
1171;20;26;68.066;73.450
1171;26;20;68.066;75.700
1172;20;26;72.291;72.460
1172;26;20;72.291;74.710
1173;20;26;72.119;61.390
1173;26;20;72.119;63.640
1174;20;27;73.640;80.470
1174;27;20;73.640;82.870
1175;20;27;76.749;62.600
1175;27;20;76.749;65.000
1176;20;28;60.161;84.980
1176;28;20;60.161;87.920
1177;20;29;65.620;78.290
1177;29;20;65.620;81.230
1178;20;29;64.396;65.890
1178;29;20;64.396;68.830
1179;20;30;75.495;76.460
1179;30;20;75.495;79.460
1180;20;30;75.987;69.670
1180;30;20;75.987;72.670
1181;20;30;68.922;68.100
1181;30;20;68.922;71.100
1182;20;31;92.454;75.360
1182;31;20;92.454;78.450
1183;20;32;81.992;67.250
1183;32;20;81.992;70.350
1184;20;32;78.646;73.700
1184;32;20;78.646;76.800
1185;20;33;51.556;69.220
1185;33;20;51.556;73.420
1186;20;33;50.934;81.980
1186;33;20;50.934;86.180
1187;20;33;52.682;61.110
1187;33;20;52.682;65.310
1188;20;34;86.651;77.810
1188;34;20;86.651;82.360
1189;20;35;76.539;78.100
1189;35;20;76.539;82.690
1190;20;35;82.156;59.660
1190;35;20;82.156;64.250
1191;20;35;77.184;79.330
1191;35;20;77.184;83.920
1192;20;36;91.809;70.010
1192;36;20;91.809;74.750
1193;20;37;97.867;59.530
1193;37;20;97.867;64.900
1194;20;38;96.015;63.650
1194;38;20;96.015;70.390
1195;20;38;83.564;74.430
1195;38;20;83.564;81.170
1196;20;39;29.690;15.900
1196;39;20;74.690;78.950
1197;20;39;29.287;6.020
1197;39;20;74.287;69.070
1198;21;22;55.322;75.970
1198;22;21;55.322;76.640
1199;21;23;46.983;72.000
1199;23;21;46.983;72.960
1200;21;24;54.969;82.820
1200;24;21;54.969;83.890
1201;21;24;55.804;65.110
1201;24;21;55.804;66.180
1202;21;24;53.954;74.360
1202;24;21;53.954;75.430
1203;21;25;51.494;82.060
1203;25;21;51.494;83.890
1204;21;25;51.115;67.720
1204;25;21;51.115;69.550
1205;21;26;58.464;81.760
1205;26;21;58.464;83.900
1206;21;26;61.509;71.490
1206;26;21;61.509;73.630
1207;21;26;61.711;81.350
1207;26;21;61.711;83.490
1208;21;27;56.952;75.020
1208;27;21;56.952;77.310
1209;21;27;59.451;82.040
1209;27;21;59.451;84.330
1210;21;27;54.743;75.430
1210;27;21;54.743;77.720
1211;21;28;49.879;82.160
1211;28;21;49.879;84.990
1212;21;28;49.512;78.340
1212;28;21;49.512;81.170
1213;21;28;48.733;83.690
1213;28;21;48.733;86.520
1214;21;29;45.760;64.120
1214;29;21;45.760;66.950
1215;21;29;45.587;84.160
1215;29;21;45.587;86.990
1216;21;29;45.860;80.110
1216;29;21;45.860;82.940
1217;21;30;60.628;77.880
1217;30;21;60.628;80.770
1218;21;30;62.662;73.620
1218;30;21;62.662;76.510
1219;21;30;63.335;62.200
1219;30;21;63.335;65.090
1220;21;31;108.257;70.770
1220;31;21;108.257;73.750
1221;21;31;96.787;69.930
1221;31;21;96.787;72.910
1222;21;32;83.807;62.530
1222;32;21;83.807;65.520
1223;21;32;82.431;63.240
1223;32;21;82.431;66.230
1224;21;32;78.181;77.630
1224;32;21;78.181;80.620
1225;21;33;66.505;58.970
1225;33;21;66.505;63.060
1226;21;34;67.147;82.760
1226;34;21;67.147;87.200
1227;21;34;64.258;82.380
1227;34;21;64.258;86.820
1228;21;35;60.254;72.620
1228;35;21;60.254;77.100
1229;21;35;63.797;71.620
1229;35;21;63.797;76.100
1230;21;36;81.234;61.270
1230;36;21;81.234;65.900
1231;21;36;76.547;63.290
1231;36;21;76.547;67.920
1232;21;36;86.976;68.480
1232;36;21;86.976;73.110
1233;21;37;116.720;64.870
1233;37;21;116.720;70.130
1234;21;37;108.221;63.050
1234;37;21;108.221;68.310
1235;21;37;106.435;79.370
1235;37;21;106.435;84.630
1236;21;38;92.239;73.420
1236;38;21;92.239;80.050
1237;21;38;83.497;67.370
1237;38;21;83.497;74.000
1238;21;38;88.718;71.010
1238;38;21;88.718;77.640
1239;21;39;18.196;19.320
1239;39;21;63.196;82.260
1240;21;39;15.363;2.600
1240;39;21;60.363;65.540
1241;22;23;56.600;76.890
1241;23;22;56.600;77.180
1242;22;23;54.019;70.280
1242;23;22;54.019;70.570
1243;22;24;56.015;79.110
1243;24;22;56.015;79.510
1244;22;25;60.512;69.760
1244;25;22;60.512;70.920
1245;22;25;59.153;68.800
1245;25;22;59.153;69.960
1246;22;25;57.829;70.460
1246;25;22;57.829;71.620
1247;22;26;48.511;82.890
1247;26;22;48.511;84.360
1248;22;27;54.237;74.410
1248;27;22;54.237;76.030
1249;22;28;54.857;61.090
1249;28;22;54.857;63.250
1250;22;29;55.906;64.800
1250;29;22;55.906;66.960
1251;22;29;57.684;60.180
1251;29;22;57.684;62.340
1252;22;30;70.756;74.910
1252;30;22;70.756;77.130
1253;22;31;112.324;78.730
1253;31;22;112.324;81.040
1254;22;31;112.329;60.410
1254;31;22;112.329;62.720
1255;22;31;97.997;74.810
1255;31;22;97.997;77.120
1256;22;32;73.603;66.830
1256;32;22;73.603;69.150
1257;22;32;75.653;61.570
1257;32;22;75.653;63.890
1258;22;32;79.102;68.990
1258;32;22;79.102;71.310
1259;22;33;63.528;83.010
1259;33;22;63.528;86.430
1260;22;34;73.791;77.360
1260;34;22;73.791;81.130
1261;22;34;73.187;66.980
1261;34;22;73.187;70.750
1262;22;34;80.323;66.780
1262;34;22;80.323;70.550
1263;22;35;56.562;71.800
1263;35;22;56.562;75.610
1264;22;35;56.304;60.520
1264;35;22;56.304;64.330
1265;22;35;57.528;70.230
1265;35;22;57.528;74.040
1266;22;36;91.506;81.820
1266;36;22;91.506;85.780
1267;22;36;82.450;58.360
1267;36;22;82.450;62.320
1268;22;36;85.945;68.910
1268;36;22;85.945;72.870
1269;22;37;118.127;78.180
1269;37;22;118.127;82.770
1270;22;37;135.604;69.450
1270;37;22;135.604;74.040
1271;22;37;101.329;66.130
1271;37;22;101.329;70.720
1272;22;38;82.204;75.730
1272;38;22;82.204;81.690
1273;22;38;81.922;70.990
1273;38;22;81.922;76.950
1274;22;38;90.106;58.270
1274;38;22;90.106;64.230
1275;22;39;9.829;13.780
1275;39;22;54.829;76.050
1276;22;39;9.751;20.980
1276;39;22;54.751;83.250
1277;23;24;56.916;68.910
1277;24;23;56.916;69.020
1278;23;24;57.044;77.650
1278;24;23;57.044;77.760
1279;23;24;55.901;82.280
1279;24;23;55.901;82.390
1280;23;25;49.534;73.750
1280;25;23;49.534;74.620
1281;23;26;59.514;81.820
1281;26;23;59.514;83.000
1282;23;26;57.051;83.820
1282;26;23;57.051;85.000
1283;23;26;60.910;61.330
1283;26;23;60.910;62.510
1284;23;27;56.693;75.980
1284;27;23;56.693;77.310
1285;23;27;54.882;71.790
1285;27;23;54.882;73.120
1286;23;27;54.894;71.960
1286;27;23;54.894;73.290
1287;23;28;51.801;62.400
1287;28;23;51.801;64.270
1288;23;28;51.181;82.960
1288;28;23;51.181;84.830
1289;23;29;46.253;84.400
1289;29;23;46.253;86.270
1290;23;30;59.157;67.350
1290;30;23;59.157;69.280
1291;23;30;62.138;67.260
1291;30;23;62.138;69.190
1292;23;30;62.473;71.840
1292;30;23;62.473;73.770
1293;23;31;109.413;84.380
1293;31;23;109.413;86.400
1294;23;31;118.381;77.160
1294;31;23;118.381;79.180
1295;23;32;85.197;84.740
1295;32;23;85.197;86.770
1296;23;32;91.870;62.940
1296;32;23;91.870;64.970
1297;23;33;68.479;68.840
1297;33;23;68.479;71.970
1298;23;33;69.042;60.360
1298;33;23;69.042;63.490
1299;23;34;65.174;64.460
1299;34;23;65.174;67.940
1300;23;35;59.928;68.780
1300;35;23;59.928;72.300
1301;23;36;79.926;78.520
1301;36;23;79.926;82.190
1302;23;37;118.254;64.340
1302;37;23;118.254;68.640
1303;23;38;93.082;56.610
1303;38;23;93.082;62.280
1304;23;38;92.665;58.050
1304;38;23;92.665;63.720
1305;23;38;83.700;70.760
1305;38;23;83.700;76.430
1306;23;39;18.686;4.690
1306;39;23;63.686;66.670
1307;24;25;61.247;78.220
1307;25;24;61.247;78.980
1308;24;25;57.832;71.020
1308;25;24;57.832;71.780
1309;24;25;63.005;77.510
1309;25;24;63.005;78.270
1310;24;26;59.274;61.340
1310;26;24;59.274;62.410
1311;24;27;63.422;67.810
1311;27;24;63.422;69.030
1312;24;27;61.304;68.180
1312;27;24;61.304;69.400
1313;24;27;67.691;80.580
1313;27;24;67.691;81.800
1314;24;28;50.126;66.160
1314;28;24;50.126;67.920
1315;24;29;55.664;62.110
1315;29;24;55.664;63.870
1316;24;29;56.507;84.860
1316;29;24;56.507;86.620
1317;24;29;54.742;61.040
1317;29;24;54.742;62.800
1318;24;30;68.195;82.690
1318;30;24;68.195;84.510
1319;24;30;66.009;68.030
1319;30;24;66.009;69.850
1320;24;31;101.410;79.400
1320;31;24;101.410;81.310
1321;24;31;93.313;80.630
1321;31;24;93.313;82.540
1322;24;32;79.629;63.270
1322;32;24;79.629;65.190
1323;24;33;56.648;72.130
1323;33;24;56.648;75.150
1324;24;33;58.469;82.990
1324;33;24;58.469;86.010
1325;24;33;57.501;71.430
1325;33;24;57.501;74.450
1326;24;34;77.075;81.100
1326;34;24;77.075;84.470
1327;24;35;66.460;61.360
1327;35;24;66.460;64.770
1328;24;36;87.199;60.830
1328;36;24;87.199;64.390
1329;24;36;85.676;59.350
1329;36;24;85.676;62.910
1330;24;37;108.095;75.810
1330;37;24;108.095;80.000
1331;24;37;121.224;73.680
1331;37;24;121.224;77.870
1332;24;38;91.158;68.420
1332;38;24;91.158;73.980
1333;24;39;20.827;6.110
1333;39;24;65.827;67.980
1334;24;39;21.724;20.600
1334;39;24;66.724;82.470
1335;24;39;25.650;16.280
1335;39;24;70.650;78.150
1336;25;26;63.039;85.010
1336;26;25;63.039;85.320
1337;25;26;59.313;84.510
1337;26;25;59.313;84.820
1338;25;26;67.035;68.400
1338;26;25;67.035;68.710
1339;25;27;58.091;85.110
1339;27;25;58.091;85.570
1340;25;27;61.025;82.190
1340;27;25;61.025;82.650
1341;25;27;60.281;80.730
1341;27;25;60.281;81.190
1342;25;28;56.129;63.560
1342;28;25;56.129;64.560
1343;25;28;58.457;66.480
1343;28;25;58.457;67.480
1344;25;29;50.739;63.090
1344;29;25;50.739;64.090
1345;25;29;51.151;63.090
1345;29;25;51.151;64.090
1346;25;30;55.724;64.120
1346;30;25;55.724;65.180
1347;25;30;54.675;83.380
1347;30;25;54.675;84.440
1348;25;30;54.593;71.480
1348;30;25;54.593;72.540
1349;25;31;111.528;71.130
1349;31;25;111.528;72.280
1350;25;31;98.814;66.510
1350;31;25;98.814;67.660
1351;25;31;109.359;62.610
1351;31;25;109.359;63.760
1352;25;32;89.025;76.970
1352;32;25;89.025;78.130
1353;25;32;81.217;64.730
1353;32;25;81.217;65.890
1354;25;33;72.876;66.700
1354;33;25;72.876;68.960
1355;25;33;73.903;83.490
1355;33;25;73.903;85.750
1356;25;34;60.879;82.920
1356;34;25;60.879;85.530
1357;25;34;59.788;76.280
1357;34;25;59.788;78.890
1358;25;35;60.946;82.730
1358;35;25;60.946;85.380
1359;25;35;58.423;70.910
1359;35;25;58.423;73.560
1360;25;36;76.563;66.810
1360;36;25;76.563;69.610
1361;25;36;70.046;59.150
1361;36;25;70.046;61.950
1362;25;37;121.293;82.380
1362;37;25;121.293;85.810
1363;25;37;109.704;71.230
1363;37;25;109.704;74.660
1364;25;38;95.916;65.550
1364;38;25;95.916;70.350
1365;25;38;86.157;66.290
1365;38;25;86.157;71.090
1366;25;38;84.745;75.250
1366;38;25;84.745;80.050
1367;25;39;21.172;24.750
1367;39;25;66.172;85.860
1368;26;27;53.953;71.140
1368;27;26;53.953;71.290
1369;26;27;54.294;76.870
1369;27;26;54.294;77.020
1370;26;28;58.365;61.800
1370;28;26;58.365;62.490
1371;26;28;59.944;80.430
1371;28;26;59.944;81.120
1372;26;29;58.977;81.060
1372;29;26;58.977;81.750
1373;26;29;59.305;73.790
1373;29;26;59.305;74.480
1374;26;30;73.563;66.340
1374;30;26;73.563;67.090
1375;26;31;115.322;76.030
1375;31;26;115.322;76.870
1376;26;31;98.045;69.540
1376;31;26;98.045;70.380
1377;26;32;71.038;70.310
1377;32;26;71.038;71.160
1378;26;32;77.448;77.130
1378;32;26;77.448;77.980
1379;26;33;65.445;67.620
1379;33;26;65.445;69.570
1380;26;33;64.590;63.170
1380;33;26;64.590;65.120
1381;26;34;75.057;77.890
1381;34;26;75.057;80.190
1382;26;34;78.612;80.610
1382;34;26;78.612;82.910
1383;26;35;55.342;70.580
1383;35;26;55.342;72.920
1384;26;36;94.405;66.220
1384;36;26;94.405;68.710
1385;26;37;120.540;79.580
1385;37;26;120.540;82.700
1386;26;38;78.830;80.100
1386;38;26;78.830;84.590
1387;26;38;81.265;60.150
1387;38;26;81.265;64.640
1388;26;39;6.651;24.500
1388;39;26;51.651;85.300
1389;27;28;59.945;77.510
1389;28;27;59.945;78.050
1390;27;29;56.984;63.750
1390;29;27;56.984;64.290
1391;27;29;55.813;70.320
1391;29;27;55.813;70.860
1392;27;29;56.760;82.320
1392;29;27;56.760;82.860
1393;27;30;68.636;76.900
1393;30;27;68.636;77.500
1394;27;30;64.757;82.710
1394;30;27;64.757;83.310
1395;27;31;119.426;72.790
1395;31;27;119.426;73.480
1396;27;31;109.192;61.380
1396;31;27;109.192;62.070
1397;27;31;119.948;79.030
1397;31;27;119.948;79.720
1398;27;32;78.563;72.780
1398;32;27;78.563;73.480
1399;27;33;72.607;69.060
1399;33;27;72.607;70.860
1400;27;33;68.535;80.210
1400;33;27;68.535;82.010
1401;27;33;68.056;61.700
1401;33;27;68.056;63.500
1402;27;34;66.705;62.540
1402;34;27;66.705;64.690
1403;27;34;64.138;78.820
1403;34;27;64.138;80.970
1404;27;35;48.310;69.550
1404;35;27;48.310;71.740
1405;27;36;89.226;64.560
1405;36;27;89.226;66.900
1406;27;37;126.482;69.700
1406;37;27;126.482;72.670
1407;27;37;128.847;72.060
1407;37;27;128.847;75.030
1408;27;37;143.251;59.040
1408;37;27;143.251;62.010
1409;27;38;83.272;76.590
1409;38;27;83.272;80.930
1410;27;38;89.735;74.740
1410;38;27;89.735;79.080
1411;27;38;76.028;78.570
1411;38;27;76.028;82.910
1412;27;39;8.671;18.800
1412;39;27;53.671;79.450
1413;27;39;9.082;6.720
1413;39;27;54.082;67.370
1414;28;29;50.552;75.680
1414;29;28;50.552;75.680
1415;28;29;50.256;84.900
1415;29;28;50.256;84.900
1416;28;29;50.425;76.970
1416;29;28;50.425;76.970
1417;28;30;63.772;63.960
1417;30;28;63.772;64.020
1418;28;30;63.093;79.390
1418;30;28;63.093;79.450
1419;28;30;62.803;80.070
1419;30;28;62.803;80.130
1420;28;31;104.499;78.760
1420;31;28;104.499;78.910
1421;28;31;114.741;84.920
1421;31;28;114.741;85.070
1422;28;31;110.642;67.370
1422;31;28;110.642;67.520
1423;28;32;81.879;61.870
1423;32;28;81.879;62.030
1424;28;33;61.748;60.770
1424;33;28;61.748;62.030
1425;28;33;58.924;79.560
1425;33;28;58.924;80.820
1426;28;33;64.899;59.520
1426;33;28;64.899;60.780
1427;28;34;71.949;76.010
1427;34;28;71.949;77.620
1428;28;34;76.593;66.530
1428;34;28;76.593;68.140
1429;28;35;63.193;74.280
1429;35;28;63.193;75.930
1430;28;35;61.937;70.100
1430;35;28;61.937;71.750
1431;28;35;61.547;66.510
1431;35;28;61.547;68.160
1432;28;36;83.597;72.590
1432;36;28;83.597;74.390
1433;28;36;86.162;62.960
1433;36;28;86.162;64.760
1434;28;36;80.207;63.460
1434;36;28;80.207;65.260
1435;28;37;112.256;65.440
1435;37;28;112.256;67.870
1436;28;38;91.874;69.030
1436;38;28;91.874;72.830
1437;28;38;93.420;71.870
1437;38;28;93.420;75.670
1438;28;38;100.167;72.070
1438;38;28;100.167;75.870
1439;28;39;19.290;20.500
1439;39;28;64.290;80.610
1440;28;39;16.854;0.330
1440;39;28;61.854;60.440
1441;29;30;59.954;77.990
1441;30;29;59.954;78.050
1442;29;31;108.546;61.190
1442;31;29;108.546;61.340
1443;29;32;84.442;61.940
1443;32;29;84.442;62.100
1444;29;33;67.227;64.920
1444;33;29;67.227;66.180
1445;29;33;68.557;70.700
1445;33;29;68.557;71.960
1446;29;34;66.427;60.350
1446;34;29;66.427;61.960
1447;29;34;66.310;60.590
1447;34;29;66.310;62.200
1448;29;34;68.006;67.340
1448;34;29;68.006;68.950
1449;29;35;60.269;68.710
1449;35;29;60.269;70.360
1450;29;36;80.612;72.030
1450;36;29;80.612;73.830
1451;29;36;72.107;75.670
1451;36;29;72.107;77.470
1452;29;37;117.184;69.650
1452;37;29;117.184;72.080
1453;29;38;92.699;81.070
1453;38;29;92.699;84.870
1454;29;38;89.823;63.170
1454;38;29;89.823;66.970
1455;29;39;18.520;14.300
1455;39;29;63.520;74.410
1456;29;39;15.251;3.060
1456;39;29;60.251;63.170
1457;29;39;19.828;13.880
1457;39;29;64.828;73.990
1458;30;31;108.918;73.150
1458;31;30;108.918;73.240
1459;30;31;93.418;73.340
1459;31;30;93.418;73.430
1460;30;32;99.354;69.790
1460;32;30;99.354;69.890
1461;30;32;102.741;72.090
1461;32;30;102.741;72.190
1462;30;32;93.651;62.830
1462;32;30;93.651;62.930
1463;30;33;79.368;72.000
1463;33;30;79.368;73.200
1464;30;34;60.711;72.280
1464;34;30;60.711;73.830
1465;30;34;62.042;68.550
1465;34;30;62.042;70.100
1466;30;35;71.250;64.140
1466;35;30;71.250;65.730
1467;30;35;76.146;71.730
1467;35;30;76.146;73.320
1468;30;36;65.867;80.720
1468;36;30;65.867;82.460
1469;30;37;121.152;63.860
1469;37;30;121.152;66.230
1470;30;37;132.743;64.260
1470;37;30;132.743;66.630
1471;30;37;110.920;73.410
1471;37;30;110.920;75.780
1472;30;38;106.638;61.800
1472;38;30;106.638;65.540
1473;30;39;31.884;8.710
1473;39;30;76.884;68.760
1474;30;39;37.669;22.030
1474;39;30;82.669;82.080
1475;31;32;125.577;82.040
1475;32;31;125.577;82.050
1476;31;32;126.075;72.520
1476;32;31;126.075;72.530
1477;31;32;128.637;75.500
1477;32;31;128.637;75.510
1478;31;33;96.946;71.570
1478;33;31;96.946;72.680
1479;31;33;87.314;63.270
1479;33;31;87.314;64.380
1480;31;34;124.455;59.140
1480;34;31;124.455;60.600
1481;31;35;122.629;77.540
1481;35;31;122.629;79.040
1482;31;36;110.697;82.440
1482;36;31;110.697;84.090
1483;31;37;64.736;70.810
1483;37;31;64.736;73.090
1484;31;37;67.862;67.400
1484;37;31;67.862;69.680
1485;31;37;69.239;74.240
1485;37;31;69.239;76.520
1486;31;38;141.476;59.630
1486;38;31;141.476;63.280
1487;31;39;76.973;10.870
1487;39;31;121.973;70.830
1488;31;39;66.370;17.740
1488;39;31;111.370;77.700
1489;31;39;91.939;0.350
1489;39;31;136.939;60.310
1490;32;33;75.687;68.510
1490;33;32;75.687;69.610
1491;32;33;81.454;61.320
1491;33;32;81.454;62.420
1492;32;34;100.244;59.860
1492;34;32;100.244;61.310
1493;32;34;105.726;83.230
1493;34;32;105.726;84.680
1494;32;34;94.245;67.560
1494;34;32;94.245;69.010
1495;32;35;77.982;73.200
1495;35;32;77.982;74.690
1496;32;35;84.662;68.160
1496;35;32;84.662;69.650
1497;32;35;74.664;81.560
1497;35;32;74.664;83.050
1498;32;36;120.039;80.200
1498;36;32;120.039;81.840
1499;32;36;133.541;80.160
1499;36;32;133.541;81.800
1500;32;37;124.353;82.050
1500;37;32;124.353;84.320
1501;32;37;122.542;78.230
1501;37;32;122.542;80.500
1502;32;37;112.398;75.290
1502;37;32;112.398;77.560
1503;32;38;61.702;70.320
1503;38;32;61.702;73.960
1504;32;38;62.176;60.840
1504;38;32;62.176;64.480
1505;32;38;60.419;60.470
1505;38;32;60.419;64.110
1506;32;39;25.336;19.990
1506;39;32;70.336;79.940
1507;32;39;27.433;23.860
1507;39;32;72.433;83.810
1508;32;39;24.404;4.880
1508;39;32;69.404;64.830
1509;33;34;88.651;74.180
1509;34;33;88.651;74.530
1510;33;34;85.274;80.140
1510;34;33;85.274;80.490
1511;33;34;93.661;80.400
1511;34;33;93.661;80.750
1512;33;35;75.089;62.660
1512;35;33;75.089;63.050
1513;33;35;69.564;63.380
1513;35;33;69.564;63.770
1514;33;35;80.962;77.510
1514;35;33;80.962;77.900
1515;33;36;97.081;68.710
1515;36;33;97.081;69.250
1516;33;36;100.767;65.250
1516;36;33;100.767;65.790
1517;33;36;88.587;65.050
1517;36;33;88.587;65.590
1518;33;37;100.307;73.430
1518;37;33;100.307;74.600
1519;33;37;110.578;69.340
1519;37;33;110.578;70.510
1520;33;38;90.240;81.060
1520;38;33;90.240;83.600
1521;33;38;87.514;80.760
1521;38;33;87.514;83.300
1522;33;39;26.736;24.370
1522;39;33;71.736;83.220
1523;33;39;26.378;21.770
1523;39;33;71.378;80.620
1524;33;39;28.417;21.040
1524;39;33;73.417;79.890
1525;34;35;67.490;61.300
1525;35;34;67.490;61.340
1526;34;35;65.431;74.770
1526;35;34;65.431;74.810
1527;34;36;73.986;78.830
1527;36;34;73.986;79.020
1528;34;36;79.444;64.360
1528;36;34;79.444;64.550
1529;34;36;69.094;68.850
1529;36;34;69.094;69.040
1530;34;37;135.886;77.770
1530;37;34;135.886;78.590
1531;34;38;103.187;72.690
1531;38;34;103.187;74.880
1532;34;38;98.032;66.470
1532;38;34;98.032;68.660
1533;34;39;30.026;17.160
1533;39;34;75.026;75.660
1534;34;39;24.109;6.960
1534;39;34;69.109;65.460
1535;35;36;91.577;70.380
1535;36;35;91.577;70.530
1536;35;37;129.406;76.580
1536;37;35;129.406;77.360
1537;35;38;81.293;80.720
1537;38;35;81.293;82.870
1538;35;38;82.054;69.740
1538;38;35;82.054;71.890
1539;35;38;87.302;79.690
1539;38;35;87.302;81.840
1540;35;39;7.648;5.980
1540;39;35;52.648;64.440
1541;35;39;5.764;17.920
1541;39;35;50.764;76.380
1542;36;37;126.826;76.100
1542;37;36;126.826;76.730
1543;36;37;141.268;74.820
1543;37;36;141.268;75.450
1544;36;37;144.195;80.290
1544;37;36;144.195;80.920
1545;36;38;127.420;78.570
1545;38;36;127.420;80.570
1546;36;39;52.651;7.600
1546;39;36;97.651;65.910
1547;36;39;47.526;9.120
1547;39;36;92.526;67.430
1548;36;39;43.687;16.730
1548;39;36;88.687;75.040
1549;37;38;140.994;67.570
1549;38;37;140.994;68.940
1550;37;38;162.573;65.310
1550;38;37;162.573;66.680
1551;37;38;157.297;60.760
1551;38;37;157.297;62.130
1552;37;39;81.991;15.840
1552;39;37;126.991;73.520
1553;38;39;29.769;11.050
1553;39;38;74.769;67.360
1554;38;39;23.971;11.950
1554;39;38;68.971;68.260
