40
300.0
0;0;1;73.285;107.000
0;1;0;28.285;22.170
1;0;1;72.278;97.710
1;1;0;27.278;12.880
2;0;2;53.647;93.330
2;2;0;8.647;11.370
3;0;3;94.491;103.340
3;3;0;49.491;23.160
4;0;4;81.549;83.790
4;4;0;36.549;5.000
5;0;4;72.773;80.090
5;4;0;27.773;1.300
6;0;4;79.057;98.640
6;4;0;34.057;19.850
7;0;5;62.194;100.630
7;5;0;17.194;24.480
8;0;6;68.796;91.530
8;6;0;23.796;16.210
9;0;6;70.988;78.010
9;6;0;25.988;2.690
10;0;6;66.870;78.060
10;6;0;21.870;2.740
11;0;7;77.509;89.140
11;7;0;32.509;14.110
12;0;7;79.366;89.690
12;7;0;34.366;14.660
13;0;7;70.631;79.250
13;7;0;25.631;4.220
14;0;8;67.688;85.290
14;8;0;22.688;10.280
15;0;8;69.982;100.010
15;8;0;24.982;25.000
16;0;8;67.064;93.290
16;8;0;22.064;18.280
17;0;9;90.309;76.160
17;9;0;45.309;1.190
18;0;9;82.113;99.350
18;9;0;37.113;24.380
19;0;10;124.572;93.220
19;10;0;79.572;19.140
20;0;11;75.107;89.300
20;11;0;30.107;17.030
21;0;11;70.552;72.830
21;11;0;25.552;0.560
22;0;11;70.628;84.850
22;11;0;25.628;12.580
23;0;12;64.222;91.120
23;12;0;19.222;19.440
24;0;12;66.935;82.110
24;12;0;21.935;10.430
25;0;12;64.726;79.390
25;12;0;19.726;7.710
26;0;13;63.315;73.580
26;13;0;18.315;2.850
27;0;14;119.442;74.500
27;14;0;74.442;5.010
28;0;15;76.387;90.690
28;15;0;31.387;21.650
29;0;15;77.395;88.570
29;15;0;32.395;19.530
30;0;16;72.562;77.890
30;16;0;27.562;9.730
31;0;16;77.533;75.060
31;16;0;32.533;6.900
32;0;16;79.150;74.430
32;16;0;34.150;6.270
33;0;17;116.350;70.200
33;17;0;71.350;4.640
34;0;17;123.349;80.500
34;17;0;78.349;14.940
35;0;17;105.237;85.590
35;17;0;60.237;20.030
36;0;18;138.673;77.640
36;18;0;93.673;14.330
37;0;18;127.971;78.210
37;18;0;82.971;14.900
38;0;19;75.026;84.500
38;19;0;30.026;23.480
39;0;20;74.690;82.170
39;20;0;29.690;21.850
40;0;21;66.172;69.130
40;21;0;21.172;10.150
41;0;21;64.160;72.020
41;21;0;19.160;13.040
42;0;21;64.450;82.690
42;21;0;19.450;23.710
43;0;22;51.651;82.690
43;22;0;6.651;24.220
44;0;22;51.733;60.320
44;22;0;6.733;1.850
45;0;22;51.180;79.680
45;22;0;6.180;21.210
46;0;23;63.196;80.480
46;23;0;18.196;22.140
47;0;24;121.973;80.600
47;24;0;76.973;22.290
48;0;25;63.686;82.450
48;25;0;18.686;24.810
49;0;26;70.336;73.320
49;26;0;25.336;15.720
50;0;26;65.351;78.600
50;26;0;20.351;21.000
51;0;26;74.257;58.360
51;26;0;29.257;0.760
52;0;27;54.829;72.880
52;27;0;9.829;15.330
53;0;27;54.063;65.820
53;27;0;9.063;8.270
54;0;28;65.827;78.590
54;28;0;20.827;21.280
55;0;28;68.338;75.210
55;28;0;23.338;17.900
56;0;29;52.648;59.000
56;29;0;7.648;1.820
57;0;29;54.116;78.030
57;29;0;9.116;20.850
58;0;30;63.520;57.050
58;30;0;18.520;0.050
59;0;30;66.953;72.460
59;30;0;21.953;15.460
60;0;30;63.400;59.370
60;30;0;18.400;2.370
61;0;31;102.583;66.170
61;31;0;57.583;9.470
62;0;32;97.651;66.180
62;32;0;52.651;9.960
63;0;32;99.419;68.410
63;32;0;54.419;12.190
64;0;32;103.700;61.160
64;32;0;58.700;4.940
65;0;33;64.290;62.540
65;33;0;19.290;7.250
66;0;34;126.991;65.740
66;34;0;81.991;11.050
67;0;34;118.788;60.750
67;34;0;73.788;6.060
68;0;34;133.218;77.200
68;34;0;88.218;22.510
69;0;35;74.769;78.640
69;35;0;29.769;24.320
70;0;35;75.680;56.970
70;35;0;30.680;2.650
71;0;36;99.909;55.290
71;36;0;54.909;1.940
72;0;37;67.496;56.450
72;37;0;22.496;4.740
73;0;37;70.616;62.620
73;37;0;25.616;10.910
74;0;38;60.608;57.770
74;38;0;15.608;6.790
75;0;38;56.938;70.070
75;38;0;11.938;19.090
76;0;38;58.067;55.080
76;38;0;13.067;4.100
77;0;39;0.000;23.540
77;39;0;0.000;23.540
78;0;39;0.000;18.550
78;39;0;0.000;18.550
79;1;2;81.692;95.860
79;2;1;81.692;98.730
80;1;3;117.069;97.540
80;3;1;117.069;102.190
81;1;3;105.166;90.930
81;3;1;105.166;95.580
82;1;4;98.504;102.200
82;4;1;98.504;108.240
83;1;5;90.108;76.290
83;5;1;90.108;84.970
84;1;6;51.988;95.410
84;6;1;51.988;104.920
85;1;7;105.469;91.200
85;7;1;105.469;101.000
86;1;8;95.763;98.240
86;8;1;95.763;108.060
87;1;8;84.788;82.960
87;8;1;84.788;92.780
88;1;9;118.587;95.510
88;9;1;118.587;105.370
89;1;10;152.715;96.150
89;10;1;152.715;106.900
90;1;10;139.977;82.830
90;10;1;139.977;93.580
91;1;11;96.088;91.660
91;11;1;96.088;104.220
92;1;12;63.721;82.370
92;12;1;63.721;95.520
93;1;12;60.004;94.320
93;12;1;60.004;107.470
94;1;12;65.778;79.030
94;12;1;65.778;92.180
95;1;13;90.296;83.530
95;13;1;90.296;97.630
96;1;13;93.802;76.440
96;13;1;93.802;90.540
97;1;13;79.401;83.330
97;13;1;79.401;97.430
98;1;14;147.722;89.150
98;14;1;147.722;104.490
99;1;14;129.174;77.060
99;14;1;129.174;92.400
100;1;14;141.542;75.420
100;14;1;141.542;90.760
101;1;15;54.760;69.320
101;15;1;54.760;85.110
102;1;15;55.364;81.750
102;15;1;55.364;97.540
103;1;16;92.972;84.530
103;16;1;92.972;101.200
104;1;17;129.661;82.130
104;17;1;129.661;101.400
105;1;18;148.777;65.200
105;18;1;148.777;86.720
106;1;19;102.121;61.910
106;19;1;102.121;85.720
107;1;19;112.474;84.180
107;19;1;112.474;107.990
108;1;20;93.832;69.580
108;20;1;93.832;94.090
109;1;20;104.382;66.980
109;20;1;104.382;91.490
110;1;21;94.364;60.730
110;21;1;94.364;86.580
111;1;21;102.868;74.340
111;21;1;102.868;100.190
112;1;22;77.067;76.910
112;22;1;77.067;103.270
113;1;22;74.272;82.350
113;22;1;74.272;108.710
114;1;22;84.833;69.110
114;22;1;84.833;95.470
115;1;23;90.512;67.560
115;23;1;90.512;94.050
116;1;24;139.200;77.360
116;24;1;139.200;103.880
117;1;24;122.002;73.670
117;24;1;122.002;100.190
118;1;24;124.842;64.220
118;24;1;124.842;90.740
119;1;25;91.414;69.180
119;25;1;91.414;96.370
120;1;26;59.458;69.930
120;26;1;59.458;97.160
121;1;26;59.342;64.370
121;26;1;59.342;91.600
122;1;27;80.398;58.750
122;27;1;80.398;86.030
123;1;28;89.149;68.590
123;28;1;89.149;96.110
124;1;28;95.609;60.460
124;28;1;95.609;87.980
125;1;29;80.025;66.820
125;29;1;80.025;94.470
126;1;29;75.821;76.460
126;29;1;75.821;104.110
127;1;30;90.992;73.300
127;30;1;90.992;101.130
128;1;30;96.692;66.000
128;30;1;96.692;93.830
129;1;30;101.467;72.390
129;30;1;101.467;100.220
130;1;31;130.857;79.660
130;31;1;130.857;107.790
131;1;32;125.908;68.630
131;32;1;125.908;97.240
132;1;33;89.999;69.700
132;33;1;89.999;99.240
133;1;34;138.718;71.720
133;34;1;138.718;101.860
134;1;35;47.288;65.900
134;35;1;47.288;96.410
135;1;36;111.208;63.550
135;36;1;111.208;95.030
136;1;36;125.539;67.500
136;36;1;125.539;98.980
137;1;37;95.384;66.230
137;37;1;95.384;99.350
138;1;37;95.422;70.410
138;37;1;95.422;103.530
139;1;38;87.419;65.400
139;38;1;87.419;99.250
140;1;38;97.805;69.780
140;38;1;97.805;103.630
141;1;38;87.885;59.040
141;38;1;87.885;92.890
142;1;39;28.285;0.590
142;39;1;73.285;85.420
143;1;39;27.549;20.250
143;39;1;72.549;105.080
144;1;39;23.011;16.170
144;39;1;68.011;101.000
145;2;3;87.276;95.240
145;3;2;87.276;97.020
146;2;4;77.233;80.570
146;4;2;77.233;83.740
147;2;5;53.547;84.910
147;5;2;53.547;90.720
148;2;6;76.730;87.980
148;6;2;76.730;94.620
149;2;7;68.885;86.060
149;7;2;68.885;92.990
150;2;7;70.760;85.380
150;7;2;70.760;92.310
151;2;7;73.183;77.480
151;7;2;73.183;84.410
152;2;8;60.381;90.810
152;8;2;60.381;97.760
153;2;8;63.870;87.530
153;8;2;63.870;94.480
154;2;8;57.634;90.730
154;8;2;57.634;97.680
155;2;9;81.967;76.720
155;9;2;81.967;83.710
156;2;9;79.308;99.160
156;9;2;79.308;106.150
157;2;10;116.038;86.460
157;10;2;116.038;94.340
158;2;10;100.632;93.010
158;10;2;100.632;100.890
159;2;11;69.444;95.980
159;11;2;69.444;105.670
160;2;11;71.795;81.270
160;11;2;71.795;90.960
161;2;12;72.272;94.530
161;12;2;72.272;104.810
162;2;12;70.597;84.740
162;12;2;70.597;95.020
163;2;12;77.525;74.750
163;12;2;77.525;85.030
164;2;13;58.400;92.830
164;13;2;58.400;104.060
165;2;13;60.143;84.100
165;13;2;60.143;95.330
166;2;13;55.085;88.420
166;13;2;55.085;99.650
167;2;14;111.092;78.360
167;14;2;111.092;90.830
168;2;14;122.542;74.330
168;14;2;122.542;86.800
169;2;14;120.744;86.270
169;14;2;120.744;98.740
170;2;15;83.904;75.170
170;15;2;83.904;88.090
171;2;16;67.457;68.510
171;16;2;67.457;82.310
172;2;16;68.116;75.310
172;16;2;68.116;89.110
173;2;16;65.033;74.120
173;16;2;65.033;87.920
174;2;17;111.918;75.470
174;17;2;111.918;91.870
175;2;17;103.263;83.110
175;17;2;103.263;99.510
176;2;18;134.874;64.940
176;18;2;134.874;83.590
177;2;19;68.888;63.470
177;19;2;68.888;84.410
178;2;19;72.186;78.410
178;19;2;72.186;99.350
179;2;19;63.463;61.140
179;19;2;63.463;82.080
180;2;20;70.001;83.880
180;20;2;70.001;105.520
181;2;20;72.348;84.050
181;20;2;72.348;105.690
182;2;21;57.678;66.790
182;21;2;57.678;89.770
183;2;22;51.171;60.820
183;22;2;51.171;84.310
184;2;22;52.048;59.730
184;22;2;52.048;83.220
185;2;23;54.733;70.150
185;23;2;54.733;93.770
186;2;24;116.122;64.290
186;24;2;116.122;87.940
187;2;25;55.056;66.350
187;25;2;55.056;90.670
188;2;25;53.331;62.520
188;25;2;53.331;86.840
189;2;25;52.756;78.710
189;25;2;52.756;103.030
190;2;26;76.945;72.160
190;26;2;76.945;96.520
191;2;26;80.131;63.610
191;26;2;80.131;87.970
192;2;26;72.676;81.260
192;26;2;72.676;105.620
193;2;27;50.626;76.940
193;27;2;50.626;101.350
194;2;27;49.644;78.960
194;27;2;49.644;103.370
195;2;27;50.469;60.500
195;27;2;50.469;84.910
196;2;28;59.887;59.340
196;28;2;59.887;83.990
197;2;28;62.228;73.680
197;28;2;62.228;98.330
198;2;29;51.574;76.340
198;29;2;51.574;101.120
199;2;29;52.991;60.210
199;29;2;52.991;84.990
200;2;29;53.123;58.690
200;29;2;53.123;83.470
201;2;30;54.975;77.530
201;30;2;54.975;102.490
202;2;31;94.403;70.430
202;31;2;94.403;95.690
203;2;31;106.354;62.180
203;31;2;106.354;87.440
204;2;31;103.560;56.720
204;31;2;103.560;81.980
205;2;32;89.241;58.130
205;32;2;89.241;83.870
206;2;33;56.840;71.790
206;33;2;56.840;98.460
207;2;33;56.079;64.460
207;33;2;56.079;91.130
208;2;33;54.850;67.050
208;33;2;54.850;93.720
209;2;34;122.863;70.230
209;34;2;122.863;97.500
210;2;34;128.461;78.760
210;34;2;128.461;106.030
211;2;35;83.269;63.820
211;35;2;83.269;91.460
212;2;36;96.710;71.490
212;36;2;96.710;100.100
213;2;36;106.594;71.340
213;36;2;106.594;99.950
214;2;37;58.852;56.500
214;37;2;58.852;86.750
215;2;37;57.251;52.920
215;37;2;57.251;83.170
216;2;38;52.652;62.730
216;38;2;52.652;93.710
217;2;39;8.647;13.660
217;39;2;53.647;95.620
218;2;39;6.883;9.160
218;39;2;51.883;91.120
219;3;4;66.570;85.920
219;4;3;66.570;87.310
220;3;4;68.898;89.980
220;4;3;68.898;91.370
221;3;5;80.845;90.250
221;5;3;80.845;94.280
222;3;5;75.639;85.980
222;5;3;75.639;90.010
223;3;6;110.336;97.100
223;6;3;110.336;101.960
224;3;6;103.213;77.940
224;6;3;103.213;82.800
225;3;6;126.370;96.040
225;6;3;126.370;100.900
226;3;7;74.022;94.660
226;7;3;74.022;99.810
227;3;8;86.520;98.710
227;8;3;86.520;103.880
228;3;8;87.920;79.590
228;8;3;87.920;84.760
229;3;9;80.955;92.950
229;9;3;80.955;98.160
230;3;9;85.470;89.320
230;9;3;85.470;94.530
231;3;9;85.985;85.400
231;9;3;85.985;90.610
232;3;10;96.851;92.820
232;10;3;96.851;98.920
233;3;11;65.984;88.340
233;11;3;65.984;96.250
234;3;12;113.662;84.340
234;12;3;113.662;92.840
235;3;12;112.343;87.270
235;12;3;112.343;95.770
236;3;12;106.326;71.870
236;12;3;106.326;80.370
237;3;13;92.752;92.970
237;13;3;92.752;102.420
238;3;13;103.687;89.200
238;13;3;103.687;98.650
239;3;13;90.913;86.740
239;13;3;90.913;96.190
240;3;14;97.504;78.640
240;14;3;97.504;89.330
241;3;14;102.247;82.740
241;14;3;102.247;93.430
242;3;14;89.363;94.420
242;14;3;89.363;105.110
243;3;15;114.299;79.490
243;15;3;114.299;90.630
244;3;16;69.109;74.220
244;16;3;69.109;86.240
245;3;16;69.763;89.780
245;16;3;69.763;101.800
246;3;17;79.185;66.500
246;17;3;79.185;81.120
247;3;17;79.050;79.690
247;17;3;79.050;94.310
248;3;17;86.465;65.850
248;17;3;86.465;80.470
249;3;18;102.209;73.440
249;18;3;102.209;90.310
250;3;18;92.173;78.180
250;18;3;92.173;95.050
251;3;18;96.638;85.990
251;18;3;96.638;102.860
252;3;19;92.913;69.200
252;19;3;92.913;88.360
253;3;19;97.746;85.340
253;19;3;97.746;104.500
254;3;20;68.587;82.760
254;20;3;68.587;102.620
255;3;20;70.357;83.190
255;20;3;70.357;103.050
256;3;20;64.652;83.000
256;20;3;64.652;102.860
257;3;21;80.589;71.570
257;21;3;80.589;92.770
258;3;22;88.091;82.650
258;22;3;88.091;104.360
259;3;22;91.474;72.280
259;22;3;91.474;93.990
260;3;22;94.384;71.050
260;22;3;94.384;92.760
261;3;23;78.322;68.270
261;23;3;78.322;90.110
262;3;24;76.549;69.650
262;24;3;76.549;91.520
263;3;24;73.489;82.600
263;24;3;73.489;104.470
264;3;24;74.353;65.740
264;24;3;74.353;87.610
265;3;25;79.129;79.030
265;25;3;79.129;101.570
266;3;25;80.404;59.030
266;25;3;80.404;81.570
267;3;25;82.446;70.470
267;25;3;82.446;93.010
268;3;26;105.577;61.170
268;26;3;105.577;83.750
269;3;26;114.286;67.940
269;26;3;114.286;90.520
270;3;26;116.904;60.430
270;26;3;116.904;83.010
271;3;27;84.694;80.500
271;27;3;84.694;103.130
272;3;27;85.529;60.810
272;27;3;85.529;83.440
273;3;27;87.556;58.690
273;27;3;87.556;81.320
274;3;28;73.902;77.240
274;28;3;73.902;100.110
275;3;28;79.598;63.450
275;28;3;79.598;86.320
276;3;28;79.332;60.080
276;28;3;79.332;82.950
277;3;29;93.438;69.490
277;29;3;93.438;92.490
278;3;30;78.457;62.130
278;30;3;78.457;85.310
279;3;31;89.204;79.000
279;31;3;89.204;102.480
280;3;32;82.436;80.990
280;32;3;82.436;104.950
281;3;32;83.236;80.700
281;32;3;83.236;104.660
282;3;32;80.936;63.110
282;32;3;80.936;87.070
283;3;33;75.463;57.110
283;33;3;75.463;82.000
284;3;33;71.727;60.820
284;33;3;71.727;85.710
285;3;34;89.955;75.120
285;34;3;89.955;100.610
286;3;35;119.200;63.280
286;35;3;119.200;89.140
287;3;36;75.486;67.980
287;36;3;75.486;94.810
288;3;36;70.501;54.830
288;36;3;70.501;81.660
289;3;37;77.528;52.670
289;37;3;77.528;81.140
290;3;38;79.637;74.440
290;38;3;79.637;103.640
291;3;38;87.155;65.230
291;38;3;87.155;94.430
292;3;38;73.782;61.590
292;38;3;73.782;90.790
293;3;39;49.491;2.290
293;39;3;94.491;82.470
294;4;5;74.973;97.550
294;5;4;74.973;100.190
295;4;5;67.957;97.100
295;5;4;67.957;99.740
296;4;6;91.542;96.990
296;6;4;91.542;100.460
297;4;6;91.647;92.070
297;6;4;91.647;95.540
298;4;6;82.367;81.870
298;6;4;82.367;85.340
299;4;7;78.419;88.010
299;7;4;78.419;91.770
300;4;7;73.985;75.260
300;7;4;73.985;79.020
301;4;7;77.137;76.800
301;7;4;77.137;80.560
302;4;8;84.488;92.750
302;8;4;84.488;96.530
303;4;8;75.264;75.510
303;8;4;75.264;79.290
304;4;9;91.181;79.540
304;9;4;91.181;83.360
305;4;9;93.701;95.070
305;9;4;93.701;98.890
306;4;10;115.732;81.290
306;10;4;115.732;86.000
307;4;11;54.238;92.500
307;11;4;54.238;99.020
308;4;12;99.245;91.610
308;12;4;99.245;98.720
309;4;12;86.689;74.560
309;12;4;86.689;81.670
310;4;12;89.747;94.760
310;12;4;89.747;101.870
311;4;13;87.897;85.600
311;13;4;87.897;93.660
312;4;14;114.654;92.160
312;14;4;114.654;101.460
313;4;14;105.106;91.990
313;14;4;105.106;101.290
314;4;14;119.352;89.060
314;14;4;119.352;98.360
315;4;15;94.291;76.320
315;15;4;94.291;86.070
316;4;16;54.975;81.140
316;16;4;54.975;91.770
317;4;16;54.298;83.090
317;16;4;54.298;93.720
318;4;17;79.854;82.190
318;17;4;79.854;95.420
319;4;17;76.341;90.390
319;17;4;76.341;103.620
320;4;18;102.641;69.690
320;18;4;102.641;85.170
321;4;18;113.221;67.940
321;18;4;113.221;83.420
322;4;19;93.346;84.800
322;19;4;93.346;102.570
323;4;19;100.687;84.500
323;19;4;100.687;102.270
324;4;20;52.264;63.910
324;20;4;52.264;82.380
325;4;21;77.631;69.590
325;21;4;77.631;89.400
326;4;22;74.991;75.320
326;22;4;74.991;95.640
327;4;22;68.819;64.180
327;22;4;68.819;84.500
328;4;22;79.501;63.570
328;22;4;79.501;83.890
329;4;23;72.071;81.600
329;23;4;72.071;102.050
330;4;23;73.979;65.610
330;23;4;73.979;86.060
331;4;23;69.477;66.230
331;23;4;69.477;86.680
332;4;24;86.270;74.420
332;24;4;86.270;94.900
333;4;24;76.159;78.080
333;24;4;76.159;98.560
334;4;24;88.885;82.810
334;24;4;88.885;103.290
335;4;25;73.847;61.700
335;25;4;73.847;82.850
336;4;25;79.599;64.380
336;25;4;79.599;85.530
337;4;25;78.520;67.490
337;25;4;78.520;88.640
338;4;26;85.666;72.600
338;26;4;85.666;93.790
339;4;26;93.379;76.190
339;26;4;93.379;97.380
340;4;27;72.463;58.680
340;27;4;72.463;79.920
341;4;28;62.667;78.770
341;28;4;62.667;100.250
342;4;28;63.308;59.370
342;28;4;63.308;80.850
343;4;29;83.752;65.000
343;29;4;83.752;86.610
344;4;29;76.409;65.870
344;29;4;76.409;87.480
345;4;30;72.657;73.580
345;30;4;72.657;95.370
346;4;31;102.552;63.350
346;31;4;102.552;85.440
347;4;31;103.947;80.260
347;31;4;103.947;102.350
348;4;31;115.628;60.490
348;31;4;115.628;82.580
349;4;32;95.588;67.940
349;32;4;95.588;90.510
350;4;32;97.366;70.850
350;32;4;97.366;93.420
351;4;32;87.237;68.660
351;32;4;87.237;91.230
352;4;33;67.291;62.170
352;33;4;67.291;85.670
353;4;34;90.674;70.570
353;34;4;90.674;94.670
354;4;34;90.181;73.990
354;34;4;90.181;98.090
355;4;35;100.748;58.860
355;35;4;100.748;83.330
356;4;35;90.208;75.960
356;35;4;90.208;100.430
357;4;35;101.578;75.230
357;35;4;101.578;99.700
358;4;36;64.964;70.750
358;36;4;64.964;96.190
359;4;36;62.737;72.440
359;36;4;62.737;97.880
360;4;37;74.967;60.820
360;37;4;74.967;87.900
361;4;37;78.971;53.890
361;37;4;78.971;80.970
362;4;37;77.806;65.040
362;37;4;77.806;92.120
363;4;38;71.148;66.470
363;38;4;71.148;94.280
364;4;39;36.549;18.460
364;39;4;81.549;97.250
365;5;6;84.892;82.580
365;6;5;84.892;83.410
366;5;7;60.372;82.760
366;7;5;60.372;83.880
367;5;7;58.843;97.070
367;7;5;58.843;98.190
368;5;8;55.323;94.310
368;8;5;55.323;95.450
369;5;9;73.859;98.560
369;9;5;73.859;99.740
370;5;9;71.249;98.980
370;9;5;71.249;100.160
371;5;9;78.610;79.570
371;9;5;78.610;80.750
372;5;10;107.614;89.870
372;10;5;107.614;91.940
373;5;11;66.053;94.290
373;11;5;66.053;98.170
374;5;11;64.051;83.250
374;11;5;64.051;87.130
375;5;11;65.937;81.650
375;11;5;65.937;85.530
376;5;12;80.483;86.360
376;12;5;80.483;90.830
377;5;12;85.516;73.750
377;12;5;85.516;78.220
378;5;13;58.035;78.960
378;13;5;58.035;84.380
379;5;14;102.892;87.480
379;14;5;102.892;94.140
380;5;14;97.290;70.080
380;14;5;97.290;76.740
381;5;15;91.758;90.490
381;15;5;91.758;97.600
382;5;15;80.893;73.510
382;15;5;80.893;80.620
383;5;15;90.798;87.170
383;15;5;90.798;94.280
384;5;16;65.072;75.140
384;16;5;65.072;83.130
385;5;16;63.033;84.970
385;16;5;63.033;92.960
386;5;17;108.490;68.500
386;17;5;108.490;79.090
387;5;17;120.344;66.380
387;17;5;120.344;76.970
388;5;17;98.078;82.090
388;17;5;98.078;92.680
389;5;18;131.899;86.400
389;18;5;131.899;99.240
390;5;19;64.667;79.270
390;19;5;64.667;94.400
391;5;20;67.870;60.640
391;20;5;67.870;76.470
392;5;21;49.784;77.560
392;21;5;49.784;94.730
393;5;21;50.887;59.900
393;21;5;50.887;77.070
394;5;21;48.695;65.580
394;21;5;48.695;82.750
395;5;22;58.413;65.890
395;22;5;58.413;83.570
396;5;22;58.167;73.160
396;22;5;58.167;90.840
397;5;23;47.930;65.480
397;23;5;47.930;83.290
398;5;24;111.028;81.670
398;24;5;111.028;99.510
399;5;25;46.755;61.560
399;25;5;46.755;80.070
400;5;25;46.864;79.920
400;25;5;46.864;98.430
401;5;25;47.183;66.650
401;25;5;47.183;85.160
402;5;26;84.311;74.690
402;26;5;84.311;93.240
403;5;27;55.748;75.140
403;27;5;55.748;93.740
404;5;28;57.704;66.550
404;28;5;57.704;85.390
405;5;28;59.255;69.090
405;28;5;59.255;87.930
406;5;29;58.189;76.180
406;29;5;58.189;95.150
407;5;29;59.307;70.960
407;29;5;59.307;89.930
408;5;30;47.493;57.570
408;30;5;47.493;76.720
409;5;30;47.461;62.670
409;30;5;47.461;81.820
410;5;31;86.462;71.320
410;31;5;86.462;90.770
411;5;31;78.677;81.350
411;31;5;78.677;100.800
412;5;32;81.006;68.940
412;32;5;81.006;88.870
413;5;32;79.784;74.670
413;32;5;79.784;94.600
414;5;33;52.711;63.360
414;33;5;52.711;84.220
415;5;34;119.643;62.890
415;34;5;119.643;84.350
416;5;34;102.674;56.950
416;34;5;102.674;78.410
417;5;35;91.738;63.330
417;35;5;91.738;85.160
418;5;35;96.565;67.470
418;35;5;96.565;89.300
419;5;35;80.465;66.360
419;35;5;80.465;88.190
420;5;36;94.936;63.380
420;36;5;94.936;86.180
421;5;37;50.307;67.280
421;37;5;50.307;91.720
422;5;37;50.532;51.810
422;37;5;50.532;76.250
423;5;37;49.472;52.410
423;37;5;49.472;76.850
424;5;38;49.840;75.450
424;38;5;49.840;100.620
425;5;38;48.794;53.240
425;38;5;48.794;78.410
426;5;38;50.303;70.210
426;38;5;50.303;95.380
427;5;39;17.194;16.270
427;39;5;62.194;92.420
428;5;39;15.486;20.970
428;39;5;60.486;97.120
429;5;39;13.007;14.320
429;39;5;58.007;90.470
430;6;7;100.131;77.410
430;7;6;100.131;77.700
431;6;7;106.844;75.070
431;7;6;106.844;75.360
432;6;7;99.308;89.220
432;7;6;99.308;89.510
433;6;8;91.481;98.530
433;8;6;91.481;98.840
434;6;8;83.814;92.070
434;8;6;83.814;92.380
435;6;9;113.670;88.500
435;9;6;113.670;88.850
436;6;9;125.641;96.780
436;9;6;125.641;97.130
437;6;10;147.414;78.910
437;10;6;147.414;80.150
438;6;10;136.479;85.020
438;10;6;136.479;86.260
439;6;11;89.354;86.550
439;11;6;89.354;89.600
440;6;11;80.560;94.580
440;11;6;80.560;97.630
441;6;12;64.619;78.340
441;12;6;64.619;81.980
442;6;12;62.433;95.350
442;12;6;62.433;98.990
443;6;13;86.710;74.980
443;13;6;86.710;79.570
444;6;13;92.397;87.630
444;13;6;92.397;92.220
445;6;14;142.767;82.880
445;14;6;142.767;88.710
446;6;14;161.272;79.390
446;14;6;161.272;85.220
447;6;14;128.616;69.820
447;14;6;128.616;75.650
448;6;15;53.115;79.400
448;15;6;53.115;85.680
449;6;15;53.685;73.220
449;15;6;53.685;79.500
450;6;15;51.416;85.850
450;15;6;51.416;92.130
451;6;16;86.226;72.260
451;16;6;86.226;79.420
452;6;16;81.277;75.130
452;16;6;81.277;82.290
453;6;17;122.761;75.040
453;17;6;122.761;84.800
454;6;17;139.654;76.940
454;17;6;139.654;86.700
455;6;17;110.797;72.870
455;17;6;110.797;82.630
456;6;18;142.123;78.220
456;18;6;142.123;90.230
457;6;19;98.562;68.820
457;19;6;98.562;83.120
458;6;19;105.235;76.900
458;19;6;105.235;91.200
459;6;19;85.987;69.730
459;19;6;85.987;84.030
460;6;20;86.989;76.580
460;20;6;86.989;91.580
461;6;20;88.111;77.290
461;20;6;88.111;92.290
462;6;20;77.589;79.410
462;20;6;77.589;94.410
463;6;21;89.356;76.790
463;21;6;89.356;93.130
464;6;21;99.417;73.280
464;21;6;99.417;89.620
465;6;22;71.558;66.970
465;22;6;71.558;83.820
466;6;22;70.061;62.990
466;22;6;70.061;79.840
467;6;22;70.098;68.870
467;22;6;70.098;85.720
468;6;23;84.989;64.570
468;23;6;84.989;81.550
469;6;23;92.773;58.560
469;23;6;92.773;75.540
470;6;24;132.213;77.860
470;24;6;132.213;94.870
471;6;25;86.065;80.060
471;25;6;86.065;97.740
472;6;25;86.739;74.060
472;25;6;86.739;91.740
473;6;25;93.997;60.530
473;25;6;93.997;78.210
474;6;26;53.171;65.390
474;26;6;53.171;83.110
475;6;26;53.174;62.320
475;26;6;53.174;80.040
476;6;26;53.509;76.330
476;26;6;53.509;94.050
477;6;27;74.708;76.950
477;27;6;74.708;94.720
478;6;27;70.906;62.350
478;27;6;70.906;80.120
479;6;27;77.865;72.430
479;27;6;77.865;90.200
480;6;28;82.779;75.870
480;28;6;82.779;93.880
481;6;28;80.396;73.490
481;28;6;80.396;91.500
482;6;29;76.099;78.570
482;29;6;76.099;96.710
483;6;29;77.486;65.790
483;29;6;77.486;83.930
484;6;30;85.525;66.210
484;30;6;85.525;84.530
485;6;31;126.132;74.170
485;31;6;126.132;92.790
486;6;31;128.883;68.750
486;31;6;128.883;87.370
487;6;31;143.452;72.280
487;31;6;143.452;90.900
488;6;32;120.887;64.740
488;32;6;120.887;83.840
489;6;32;113.212;75.890
489;32;6;113.212;94.990
490;6;33;84.024;78.940
490;33;6;84.024;98.970
491;6;34;131.923;63.150
491;34;6;131.923;83.780
492;6;34;124.966;76.460
492;34;6;124.966;97.090
493;6;34;118.807;68.170
493;34;6;118.807;88.800
494;6;35;54.263;68.600
494;35;6;54.263;89.600
495;6;36;104.345;60.790
495;36;6;104.345;82.760
496;6;36;101.896;55.390
496;36;6;101.896;77.360
497;6;37;90.080;57.130
497;37;6;90.080;80.740
498;6;38;81.786;58.120
498;38;6;81.786;82.460
499;6;38;83.544;55.980
499;38;6;83.544;80.320
500;6;39;23.796;4.240
500;39;6;68.796;79.560
501;7;8;59.400;93.650
501;8;7;59.400;93.670
502;7;8;59.148;80.830
502;8;7;59.148;80.850
503;7;8;62.594;85.730
503;8;7;62.594;85.750
504;7;9;59.501;97.590
504;9;7;59.501;97.650
505;7;10;92.290;78.910
505;10;7;92.290;79.860
506;7;10;89.756;91.080
506;10;7;89.756;92.030
507;7;11;69.601;77.430
507;11;7;69.601;80.190
508;7;11;66.768;95.160
508;11;7;66.768;97.920
509;7;12;95.168;95.950
509;12;7;95.168;99.300
510;7;12;85.487;89.960
510;12;7;85.487;93.310
511;7;12;90.778;92.870
511;12;7;90.778;96.220
512;7;13;66.825;95.530
512;13;7;66.825;99.830
513;7;13;70.795;71.020
513;13;7;70.795;75.320
514;7;13;71.553;86.800
514;13;7;71.553;91.100
515;7;14;87.910;89.200
515;14;7;87.910;94.740
516;7;14;91.909;93.720
516;14;7;91.909;99.260
517;7;14;95.019;79.230
517;14;7;95.019;84.770
518;7;15;106.754;69.390
518;15;7;106.754;75.380
519;7;15;104.885;85.690
519;15;7;104.885;91.680
520;7;16;70.644;81.370
520;16;7;70.644;88.240
521;7;17;106.687;72.960
521;17;7;106.687;82.430
522;7;17;95.650;67.800
522;17;7;95.650;77.270
523;7;17;113.165;73.910
523;17;7;113.165;83.380
524;7;18;130.235;66.240
524;18;7;130.235;77.960
525;7;18;112.001;66.280
525;18;7;112.001;78.000
526;7;19;63.996;82.570
526;19;7;63.996;96.580
527;7;19;64.606;72.220
527;19;7;64.606;86.230
528;7;19;61.568;73.100
528;19;7;61.568;87.110
529;7;20;73.044;75.290
529;20;7;73.044;90.000
530;7;20;66.318;82.890
530;20;7;66.318;97.600
531;7;20;78.302;73.480
531;20;7;78.302;88.190
532;7;21;56.546;72.960
532;21;7;56.546;89.010
533;7;21;59.062;60.030
533;21;7;59.062;76.080
534;7;21;56.291;78.560
534;21;7;56.291;94.610
535;7;22;73.573;70.040
535;22;7;73.573;86.600
536;7;22;75.792;74.310
536;22;7;75.792;90.870
537;7;22;70.643;71.210
537;22;7;70.643;87.770
538;7;23;60.208;70.030
538;23;7;60.208;86.720
539;7;23;63.034;83.080
539;23;7;63.034;99.770
540;7;23;61.087;79.850
540;23;7;61.087;96.540
541;7;24;105.565;65.810
541;24;7;105.565;82.530
542;7;24;91.465;63.670
542;24;7;91.465;80.390
543;7;24;96.768;73.120
543;24;7;96.768;89.840
544;7;25;59.075;76.530
544;25;7;59.075;93.920
545;7;26;98.966;82.500
545;26;7;98.966;99.930
546;7;27;70.526;71.720
546;27;7;70.526;89.200
547;7;28;66.551;68.700
547;28;7;66.551;86.420
548;7;28;66.139;62.750
548;28;7;66.139;80.470
549;7;28;64.506;66.310
549;28;7;64.506;84.030
550;7;29;72.476;73.320
550;29;7;72.476;91.170
551;7;29;68.833;61.020
551;29;7;68.833;78.870
552;7;30;59.627;80.570
552;30;7;59.627;98.600
553;7;30;58.989;73.380
553;30;7;58.989;91.410
554;7;31;72.178;62.020
554;31;7;72.178;80.350
555;7;32;66.106;61.170
555;32;7;66.106;79.980
556;7;32;71.095;65.600
556;32;7;71.095;84.410
557;7;32;62.671;77.680
557;32;7;62.671;96.490
558;7;33;62.568;61.120
558;33;7;62.568;80.860
559;7;33;66.852;76.970
559;33;7;66.852;96.710
560;7;33;63.129;70.780
560;33;7;63.129;90.520
561;7;34;117.833;75.710
561;34;7;117.833;96.050
562;7;34;112.282;58.210
562;34;7;112.282;78.550
563;7;34;107.278;66.540
563;34;7;107.278;86.880
564;7;35;107.109;70.950
564;35;7;107.109;91.660
565;7;36;97.053;70.360
565;36;7;97.053;92.040
566;7;36;103.700;70.660
566;36;7;103.700;92.340
567;7;36;94.097;62.020
567;36;7;94.097;83.700
568;7;37;55.085;69.490
568;37;7;55.085;92.810
569;7;37;54.254;62.650
569;37;7;54.254;85.970
570;7;38;63.504;60.290
570;38;7;63.504;84.340
571;7;38;66.327;66.240
571;38;7;66.327;90.290
572;7;38;62.983;72.620
572;38;7;62.983;96.670
573;7;39;32.509;17.770
573;39;7;77.509;92.800
574;7;39;34.587;7.660
574;39;7;79.587;82.690
575;7;39;37.340;20.700
575;39;7;82.340;95.730
576;8;9;68.621;80.620
576;9;8;68.621;80.660
577;8;9;65.715;85.710
577;9;8;65.715;85.750
578;8;9;69.177;77.430
578;9;8;69.177;77.470
579;8;10;103.279;96.160
579;10;8;103.279;97.090
580;8;10;113.143;85.170
580;10;8;113.143;86.100
581;8;10;107.490;93.530
581;10;8;107.490;94.460
582;8;11;75.314;76.090
582;11;8;75.314;78.830
583;8;12;82.763;79.900
583;12;8;82.763;83.230
584;8;12;92.186;80.460
584;12;8;92.186;83.790
585;8;13;52.549;94.790
585;13;8;52.549;99.070
586;8;14;97.433;83.750
586;14;8;97.433;89.270
587;8;14;86.979;92.020
587;14;8;86.979;97.540
588;8;14;102.832;81.800
588;14;8;102.832;87.320
589;8;15;98.965;72.750
589;15;8;98.965;78.720
590;8;15;88.126;75.940
590;15;8;88.126;81.910
591;8;15;103.490;93.760
591;15;8;103.490;99.730
592;8;16;74.821;86.740
592;16;8;74.821;93.590
593;8;17;116.810;84.050
593;17;8;116.810;93.500
594;8;17;102.361;78.070
594;17;8;102.361;87.520
595;8;17;104.005;67.940
595;17;8;104.005;77.390
596;8;18;140.389;68.540
596;18;8;140.389;80.240
597;8;19;54.344;62.950
597;19;8;54.344;76.940
598;8;19;54.155;66.210
598;19;8;54.155;80.200
599;8;19;53.239;81.880
599;19;8;53.239;95.870
600;8;20;77.620;77.450
600;20;8;77.620;92.140
601;8;21;51.869;64.190
601;21;8;51.869;80.220
602;8;21;52.653;75.720
602;21;8;52.653;91.750
603;8;22;66.487;78.120
603;22;8;66.487;94.660
604;8;23;57.858;67.980
604;23;8;57.858;84.650
605;8;23;54.768;71.240
605;23;8;54.768;87.910
606;8;23;59.180;73.570
606;23;8;59.180;90.240
607;8;24;117.778;70.930
607;24;8;117.778;87.630
608;8;25;55.905;63.860
608;25;8;55.905;81.230
609;8;26;92.282;76.580
609;26;8;92.282;93.990
610;8;26;92.970;59.200
610;26;8;92.970;76.610
611;8;26;98.312;80.150
611;26;8;98.312;97.560
612;8;27;64.811;69.870
612;27;8;64.811;87.330
613;8;28;67.821;67.530
613;28;8;67.821;85.230
614;8;29;60.801;73.720
614;29;8;60.801;91.550
615;8;30;57.156;63.250
615;30;8;57.156;81.260
616;8;30;55.268;80.060
616;30;8;55.268;98.070
617;8;30;56.779;70.340
617;30;8;56.779;88.350
618;8;31;80.299;79.130
618;31;8;80.299;97.440
619;8;31;71.846;60.240
619;31;8;71.846;78.550
620;8;32;76.063;61.450
620;32;8;76.063;80.240
621;8;33;62.705;59.670
621;33;8;62.705;79.390
622;8;33;61.613;66.290
622;33;8;61.613;86.010
623;8;34;128.027;69.630
623;34;8;128.027;89.950
624;8;34;140.918;73.180
624;34;8;140.918;93.500
625;8;35;97.078;78.600
625;35;8;97.078;99.290
626;8;35;88.243;70.580
626;35;8;88.243;91.270
627;8;36;104.384;58.100
627;36;8;104.384;79.760
628;8;36;106.802;62.360
628;36;8;106.802;84.020
629;8;37;54.749;54.430
629;37;8;54.749;77.730
630;8;37;55.674;67.330
630;37;8;55.674;90.630
631;8;38;60.128;72.300
631;38;8;60.128;96.330
632;8;39;22.688;17.020
632;39;8;67.688;92.030
633;8;39;26.732;17.820
633;39;8;71.732;92.830
634;8;39;17.172;19.490
634;39;8;62.172;94.500
635;9;10;79.657;79.710
635;10;9;79.657;80.600
636;9;11;82.998;87.220
636;11;9;82.998;89.920
637;9;12;106.384;85.460
637;12;9;106.384;88.750
638;9;13;75.731;94.980
638;13;9;75.731;99.220
639;9;13;75.885;76.030
639;13;9;75.885;80.270
640;9;13;80.070;84.960
640;13;9;80.070;89.200
641;9;14;74.136;93.450
641;14;9;74.136;98.930
642;9;15;120.617;79.020
642;15;9;120.617;84.950
643;9;15;131.274;70.690
643;15;9;131.274;76.620
644;9;15;123.827;90.720
644;15;9;123.827;96.650
645;9;16;84.493;92.180
645;16;9;84.493;98.990
646;9;16;91.787;81.280
646;16;9;91.787;88.090
647;9;16;93.103;87.500
647;16;9;93.103;94.310
648;9;17;115.123;78.040
648;17;9;115.123;87.450
649;9;17;100.574;72.680
649;17;9;100.574;82.090
650;9;17;101.311;79.850
650;17;9;101.311;89.260
651;9;18;138.102;66.150
651;18;9;138.102;77.810
652;9;18;160.201;72.090
652;18;9;160.201;83.750
653;9;19;67.057;67.620
653;19;9;67.057;81.570
654;9;19;65.839;84.990
654;19;9;65.839;98.940
655;9;19;65.628;69.470
655;19;9;65.628;83.420
656;9;20;86.666;68.830
656;20;9;86.666;83.480
657;9;20;96.568;83.240
657;20;9;96.568;97.890
658;9;21;69.314;66.460
658;21;9;69.314;82.450
659;9;21;66.004;69.440
659;21;9;66.004;85.430
660;9;22;87.272;79.100
660;22;9;87.272;95.600
661;9;23;74.303;76.370
661;23;9;74.303;93.000
662;9;24;111.005;63.970
662;24;9;111.005;80.630
663;9;25;72.879;73.760
663;25;9;72.879;91.090
664;9;25;70.898;81.210
664;25;9;70.898;98.540
665;9;25;76.807;75.350
665;25;9;76.807;92.680
666;9;26;113.074;79.270
666;26;9;113.074;96.640
667;9;26;124.531;74.680
667;26;9;124.531;92.050
668;9;27;84.479;81.100
668;27;9;84.479;98.520
669;9;27;85.368;66.770
669;27;9;85.368;84.190
670;9;27;88.134;57.880
670;27;9;88.134;75.300
671;9;28;81.011;75.580
671;28;9;81.011;93.240
672;9;28;80.140;71.980
672;28;9;80.140;89.640
673;9;28;78.317;76.690
673;28;9;78.317;94.350
674;9;29;84.149;64.930
674;29;9;84.149;82.720
675;9;30;73.647;61.900
675;30;9;73.647;79.870
676;9;30;68.656;65.540
676;30;9;68.656;83.510
677;9;30;77.709;78.600
677;30;9;77.709;96.570
678;9;31;57.717;61.910
678;31;9;57.717;80.180
679;9;31;55.830;72.120
679;31;9;55.830;90.390
680;9;31;56.458;65.260
680;31;9;56.458;83.530
681;9;32;52.444;60.310
681;32;9;52.444;79.060
682;9;32;53.174;72.990
682;32;9;53.174;91.740
683;9;32;54.058;60.950
683;32;9;54.058;79.700
684;9;33;77.050;59.250
684;33;9;77.050;78.930
685;9;33;81.560;62.820
685;33;9;81.560;82.500
686;9;33;73.394;59.220
686;33;9;73.394;78.900
687;9;34;125.897;67.310
687;34;9;125.897;87.590
688;9;34;109.787;69.490
688;34;9;109.787;89.770
689;9;34;127.026;60.020
689;34;9;127.026;80.300
690;9;35;120.070;61.620
690;35;9;120.070;82.270
691;9;35;114.814;55.240
691;35;9;114.814;75.890
692;9;35;103.210;70.830
692;35;9;103.210;91.480
693;9;36;108.342;65.750
693;36;9;108.342;87.370
694;9;36;117.825;64.080
694;36;9;117.825;85.700
695;9;36;119.628;56.290
695;36;9;119.628;77.910
696;9;37;68.888;73.300
696;37;9;68.888;96.560
697;9;37;65.287;70.580
697;37;9;65.287;93.840
698;9;38;77.631;73.650
698;38;9;77.631;97.640
699;9;39;45.309;4.130
699;39;9;90.309;79.100
700;10;11;110.123;89.840
700;11;10;110.123;91.650
701;10;12;141.041;93.480
701;12;10;141.041;95.880
702;10;13;110.310;91.190
702;13;10;110.310;94.540
703;10;13;99.279;84.110
703;13;10;99.279;87.460
704;10;13;111.581;79.360
704;13;10;111.581;82.710
705;10;14;53.891;80.500
705;14;10;53.891;85.090
706;10;14;55.932;91.380
706;14;10;55.932;95.970
707;10;14;55.891;73.850
707;14;10;55.891;78.440
708;10;15;153.905;73.110
708;15;10;153.905;78.150
709;10;16;112.603;84.020
709;16;10;112.603;89.940
710;10;16;103.901;79.570
710;16;10;103.901;85.490
711;10;16;112.028;79.410
711;16;10;112.028;85.330
712;10;17;126.254;66.370
712;17;10;126.254;74.890
713;10;17;115.398;81.400
713;17;10;115.398;89.920
714;10;17;142.608;80.820
714;17;10;142.608;89.340
715;10;18;145.386;87.880
715;18;10;145.386;98.650
716;10;18;152.050;76.020
716;18;10;152.050;86.790
717;10;18;134.131;65.990
717;18;10;134.131;76.760
718;10;19;100.587;79.060
718;19;10;100.587;92.120
719;10;20;113.917;64.830
719;20;10;113.917;78.590
720;10;21;103.401;69.430
720;21;10;103.401;84.530
721;10;22;120.858;71.170
721;22;10;120.858;86.780
722;10;23;107.439;74.830
722;23;10;107.439;90.570
723;10;24;115.801;70.340
723;24;10;115.801;86.110
724;10;24;120.464;72.300
724;24;10;120.464;88.070
725;10;24;128.867;65.910
725;24;10;128.867;81.680
726;10;25;106.364;73.590
726;25;10;106.364;90.030
727;10;26;145.892;63.490
727;26;10;145.892;79.970
728;10;27;117.753;59.490
728;27;10;117.753;76.020
729;10;27;107.063;61.880
729;27;10;107.063;78.410
730;10;28;111.786;77.370
730;28;10;111.786;94.140
731;10;28;125.143;77.760
731;28;10;125.143;94.530
732;10;28;100.238;61.400
732;28;10;100.238;78.170
733;10;29;118.727;59.520
733;29;10;118.727;76.420
734;10;29;130.533;66.240
734;29;10;130.533;83.140
735;10;29;107.827;74.110
735;29;10;107.827;91.010
736;10;30;106.891;70.340
736;30;10;106.891;87.420
737;10;30;99.139;66.820
737;30;10;99.139;83.900
738;10;30;92.059;62.210
738;30;10;92.059;79.290
739;10;31;69.273;65.590
739;31;10;69.273;82.970
740;10;32;72.216;76.550
740;32;10;72.216;94.410
741;10;32;71.709;77.760
741;32;10;71.709;95.620
742;10;32;78.668;80.750
742;32;10;78.668;98.610
743;10;33;109.018;79.570
743;33;10;109.018;98.360
744;10;33;105.188;80.090
744;33;10;105.188;98.880
745;10;33;97.163;67.860
745;33;10;97.163;86.650
746;10;34;134.838;71.160
746;34;10;134.838;90.550
747;10;34;125.914;76.130
747;34;10;125.914;95.520
748;10;34;139.075;65.760
748;34;10;139.075;85.150
749;10;35;154.307;75.890
749;35;10;154.307;95.650
750;10;35;166.814;69.450
750;35;10;166.814;89.210
751;10;35;167.875;74.570
751;35;10;167.875;94.330
752;10;36;127.212;62.230
752;36;10;127.212;82.960
753;10;36;111.755;72.420
753;36;10;111.755;93.150
754;10;37;102.363;70.920
754;37;10;102.363;93.290
755;10;38;110.684;64.830
755;38;10;110.684;87.930
756;10;38;110.225;62.860
756;38;10;110.225;85.960
757;10;38;102.612;54.470
757;38;10;102.612;77.570
758;10;39;79.572;5.660
758;39;10;124.572;79.740
759;10;39;86.109;11.680
759;39;10;131.109;85.760
760;11;12;93.824;77.110
760;12;11;93.824;77.700
761;11;12;103.012;73.260
761;12;11;103.012;73.850
762;11;12;95.039;91.500
762;12;11;95.039;92.090
763;11;13;79.073;76.450
763;13;11;79.073;77.990
764;11;14;108.137;75.530
764;14;11;108.137;78.310
765;11;14;114.259;90.620
765;14;11;114.259;93.400
766;11;15;93.521;72.460
766;15;11;93.521;75.690
767;11;15;101.925;82.690
767;15;11;101.925;85.920
768;11;15;94.808;93.520
768;15;11;94.808;96.750
769;11;16;48.134;71.540
769;16;11;48.134;75.650
770;11;16;48.574;91.890
770;16;11;48.574;96.000
771;11;16;47.587;74.940
771;16;11;47.587;79.050
772;11;17;87.679;80.830
772;17;11;87.679;87.540
773;11;18;110.940;71.630
773;18;11;110.940;80.590
774;11;18;103.666;75.800
774;18;11;103.666;84.760
775;11;19;84.115;79.870
775;19;11;84.115;91.120
776;11;19;87.586;85.180
776;19;11;87.586;96.430
777;11;19;83.589;83.190
777;19;11;83.589;94.440
778;11;20;48.827;60.500
778;20;11;48.827;72.450
779;11;20;48.227;74.920
779;20;11;48.227;86.870
780;11;21;68.447;70.240
780;21;11;68.447;83.530
781;11;22;68.466;72.840
781;22;11;68.466;86.640
782;11;22;63.431;59.770
782;22;11;63.431;73.570
783;11;23;63.125;67.760
783;23;11;63.125;81.690
784;11;23;60.489;78.040
784;23;11;60.489;91.970
785;11;24;91.911;75.820
785;24;11;91.911;89.780
786;11;25;64.813;68.410
786;25;11;64.813;83.040
787;11;25;63.564;73.320
787;25;11;63.564;87.950
788;11;25;67.864;66.560
788;25;11;67.864;81.190
789;11;26;84.813;68.050
789;26;11;84.813;82.720
790;11;26;79.851;75.520
790;26;11;79.851;90.190
791;11;27;65.413;68.660
791;27;11;65.413;83.380
792;11;28;54.569;68.530
792;28;11;54.569;83.490
793;11;28;53.413;74.630
793;28;11;53.413;89.590
794;11;28;55.751;57.670
794;28;11;55.751;72.630
795;11;29;76.014;62.690
795;29;11;76.014;77.780
796;11;29;73.219;58.830
796;29;11;73.219;73.920
797;11;29;77.037;69.480
797;29;11;77.037;84.570
798;11;30;63.660;72.580
798;30;11;63.660;87.850
799;11;31;94.880;78.030
799;31;11;94.880;93.600
800;11;32;88.031;62.250
800;32;11;88.031;78.300
801;11;33;58.515;62.460
801;33;11;58.515;79.440
802;11;33;58.214;67.640
802;33;11;58.214;84.620
803;11;33;60.633;63.400
803;33;11;60.633;80.380
804;11;34;98.755;56.860
804;34;11;98.755;74.440
805;11;34;91.909;56.290
805;34;11;91.909;73.870
806;11;35;98.226;58.880
806;35;11;98.226;76.830
807;11;35;99.099;64.470
807;35;11;99.099;82.420
808;11;36;74.071;56.600
808;36;11;74.071;75.520
809;11;37;65.740;61.610
809;37;11;65.740;82.170
810;11;37;67.121;60.640
810;37;11;67.121;81.200
811;11;38;62.643;54.910
811;38;11;62.643;76.200
812;11;39;30.107;10.510
812;39;11;75.107;82.780
813;11;39;37.601;14.520
813;39;11;82.601;86.790
814;11;39;23.070;22.350
814;39;11;68.070;94.620
815;12;13;75.947;86.230
815;13;12;75.947;87.180
816;12;14;135.045;70.670
816;14;12;135.045;72.860
817;12;15;72.076;80.510
817;15;12;72.076;83.150
818;12;15;67.760;79.070
818;15;12;67.760;81.710
819;12;16;91.063;88.360
819;16;12;91.063;91.880
820;12;16;91.169;77.850
820;16;12;91.169;81.370
821;12;16;98.218;92.180
821;16;12;98.218;95.700
822;12;17;133.461;87.510
822;17;12;133.461;93.630
823;12;17;149.260;86.730
823;17;12;149.260;92.850
824;12;18;154.833;83.790
824;18;12;154.833;92.160
825;12;18;134.570;63.850
825;18;12;134.570;72.220
826;12;19;87.085;65.250
826;19;12;87.085;75.910
827;12;20;92.882;79.560
827;20;12;92.882;90.920
828;12;20;99.163;84.820
828;20;12;99.163;96.180
829;12;20;97.416;73.390
829;20;12;97.416;84.750
830;12;21;83.631;63.600
830;21;12;83.631;76.300
831;12;21;87.987;66.630
831;21;12;87.987;79.330
832;12;21;81.330;79.140
832;21;12;81.330;91.840
833;12;22;70.585;81.940
833;22;12;70.585;95.150
834;12;22;75.918;59.820
834;22;12;75.918;73.030
835;12;23;82.002;65.950
835;23;12;82.002;79.290
836;12;23;87.777;82.250
836;23;12;87.777;95.590
837;12;24;140.326;62.960
837;24;12;140.326;76.330
838;12;24;126.859;77.230
838;24;12;126.859;90.600
839;12;24;149.482;64.640
839;24;12;149.482;78.010
840;12;25;82.142;69.120
840;25;12;82.142;83.160
841;12;26;71.588;69.590
841;26;12;71.588;83.670
842;12;27;73.971;73.060
842;27;12;73.971;87.190
843;12;27;74.757;70.760
843;27;12;74.757;84.890
844;12;28;84.848;69.760
844;28;12;84.848;84.130
845;12;28;81.877;65.220
845;28;12;81.877;79.590
846;12;28;80.556;63.440
846;28;12;80.556;77.810
847;12;29;67.692;78.610
847;29;12;67.692;93.110
848;12;29;67.434;80.230
848;29;12;67.434;94.730
849;12;30;82.210;58.810
849;30;12;82.210;73.490
850;12;30;79.578;80.330
850;30;12;79.578;95.010
851;12;31;117.802;75.810
851;31;12;117.802;90.790
852;12;31;103.526;65.890
852;31;12;103.526;80.870
853;12;32;113.826;64.390
853;32;12;113.826;79.850
854;12;32;129.426;74.540
854;32;12;129.426;90.000
855;12;32;112.545;68.000
855;32;12;112.545;83.460
856;12;33;83.502;65.340
856;33;12;83.502;81.730
857;12;34;143.653;65.790
857;34;12;143.653;82.780
858;12;34;165.426;69.810
858;34;12;165.426;86.800
859;12;35;63.710;73.440
859;35;12;63.710;90.800
860;12;35;60.310;67.910
860;35;12;60.310;85.270
861;12;36;115.996;66.950
861;36;12;115.996;85.280
862;12;36;130.522;59.540
862;36;12;130.522;77.870
863;12;36;124.057;66.620
863;36;12;124.057;84.950
864;12;37;85.599;55.460
864;37;12;85.599;75.430
865;12;37;81.689;75.730
865;37;12;81.689;95.700
866;12;38;79.699;56.940
866;38;12;79.699;77.640
867;12;38;77.039;75.780
867;38;12;77.039;96.480
868;12;38;87.966;55.130
868;38;12;87.966;75.830
869;12;39;19.222;10.190
869;39;12;64.222;81.870
870;13;14;104.115;93.550
870;14;13;104.115;94.790
871;13;14;96.350;93.330
871;14;13;96.350;94.570
872;13;15;94.527;70.030
872;15;13;94.527;71.720
873;13;15;105.078;73.560
873;15;13;105.078;75.250
874;13;15;97.551;76.090
874;15;13;97.551;77.780
875;13;16;77.940;87.890
875;16;13;77.940;90.460
876;13;16;80.889;73.160
876;16;13;80.889;75.730
877;13;17;121.504;73.690
877;17;13;121.504;78.860
878;13;17;105.563;72.880
878;17;13;105.563;78.050
879;13;17;118.248;85.410
879;17;13;118.248;90.580
880;13;18;144.932;74.460
880;18;13;144.932;81.880
881;13;18;157.911;72.180
881;18;13;157.911;79.600
882;13;19;56.863;74.750
882;19;13;56.863;84.460
883;13;19;59.081;80.310
883;19;13;59.081;90.020
884;13;19;57.313;62.420
884;19;13;57.313;72.130
885;13;20;80.714;69.210
885;20;13;80.714;79.620
886;13;20;82.745;73.240
886;20;13;82.745;83.650
887;13;20;76.718;71.480
887;20;13;76.718;81.890
888;13;21;57.165;74.050
888;21;13;57.165;85.800
889;13;21;56.053;60.860
889;21;13;56.053;72.610
890;13;21;58.666;67.110
890;21;13;58.666;78.860
891;13;22;64.327;72.240
891;22;13;64.327;84.500
892;13;22;65.202;68.870
892;22;13;65.202;81.130
893;13;23;60.964;82.610
893;23;13;60.964;95.000
894;13;24;123.579;59.600
894;24;13;123.579;72.020
895;13;24;129.500;74.310
895;24;13;129.500;86.730
896;13;25;59.427;68.860
896;25;13;59.427;81.950
897;13;25;57.848;64.640
897;25;13;57.848;77.730
898;13;25;57.479;72.290
898;25;13;57.479;85.380
899;13;26;88.638;70.560
899;26;13;88.638;83.690
900;13;26;93.289;64.250
900;26;13;93.289;77.380
901;13;26;84.301;60.010
901;26;13;84.301;73.140
902;13;27;63.896;73.460
902;27;13;63.896;86.640
903;13;27;68.495;65.380
903;27;13;68.495;78.560
904;13;28;70.351;74.330
904;28;13;70.351;87.750
905;13;29;55.697;78.410
905;29;13;55.697;91.960
906;13;29;56.455;59.640
906;29;13;56.455;73.190
907;13;30;60.483;59.030
907;30;13;60.483;72.760
908;13;30;59.196;59.700
908;30;13;59.196;73.430
909;13;30;63.037;60.280
909;30;13;63.037;74.010
910;13;31;86.861;73.880
910;31;13;86.861;87.910
911;13;31;96.599;79.480
911;31;13;96.599;93.510
912;13;31;91.641;72.800
912;31;13;91.641;86.830
913;13;32;83.132;67.580
913;32;13;83.132;82.090
914;13;32;87.098;64.390
914;32;13;87.098;78.900
915;13;32;74.031;70.270
915;32;13;74.031;84.780
916;13;33;65.617;64.860
916;33;13;65.617;80.300
917;13;33;60.570;78.280
917;33;13;60.570;93.720
918;13;34;132.667;62.500
918;34;13;132.667;78.540
919;13;34;135.960;77.030
919;34;13;135.960;93.070
920;13;35;91.408;67.140
920;35;13;91.408;83.550
921;13;35;84.244;77.870
921;35;13;84.244;94.280
922;13;36;107.834;68.320
922;36;13;107.834;85.700
923;13;37;60.226;66.190
923;37;13;60.226;85.210
924;13;37;63.949;57.340
924;37;13;63.949;76.360
925;13;38;61.864;53.220
925;38;13;61.864;72.970
926;13;38;62.476;55.150
926;38;13;62.476;74.900
927;13;39;18.315;17.820
927;39;13;63.315;88.550
928;13;39;15.742;6.550
928;39;13;60.742;77.280
929;13;39;20.336;23.510
929;39;13;65.336;94.240
930;14;15;149.601;93.360
930;15;14;149.601;93.810
931;14;15;144.807;92.060
931;15;14;144.807;92.510
932;14;15;141.975;74.970
932;15;14;141.975;75.420
933;14;16;110.343;72.970
933;16;14;110.343;74.300
934;14;16;114.841;81.470
934;16;14;114.841;82.800
935;14;16;98.336;90.490
935;16;14;98.336;91.820
936;14;17;128.961;76.510
936;17;14;128.961;80.440
937;14;18;149.258;81.100
937;18;14;149.258;87.280
938;14;19;93.727;80.660
938;19;14;93.727;89.130
939;14;19;98.806;61.540
939;19;14;98.806;70.010
940;14;20;111.963;67.250
940;20;14;111.963;76.420
941;14;21;98.424;73.820
941;21;14;98.424;84.330
942;14;21;86.521;63.850
942;21;14;86.521;74.360
943;14;22;116.292;65.080
943;22;14;116.292;76.100
944;14;23;103.090;76.100
944;23;14;103.090;87.250
945;14;23;104.996;71.370
945;23;14;104.996;82.520
946;14;23;101.145;77.030
946;23;14;101.145;88.180
947;14;24;119.772;72.790
947;24;14;119.772;83.970
948;14;25;101.809;65.990
948;25;14;101.809;77.840
949;14;25;110.119;60.050
949;25;14;110.119;71.900
950;14;25;110.818;65.040
950;25;14;110.818;76.890
951;14;26;141.875;81.740
951;26;14;141.875;93.630
952;14;27;113.379;75.100
952;27;14;113.379;87.040
953;14;27;107.884;60.330
953;27;14;107.884;72.270
954;14;27;124.121;70.450
954;27;14;124.121;82.390
955;14;28;108.550;80.430
955;28;14;108.550;92.610
956;14;29;113.151;69.800
956;29;14;113.151;82.110
957;14;30;102.478;73.030
957;30;14;102.478;85.520
958;14;31;62.276;75.930
958;31;14;62.276;88.720
959;14;31;62.270;79.290
959;31;14;62.270;92.080
960;14;31;63.383;68.500
960;31;14;63.383;81.290
961;14;32;66.887;80.290
961;32;14;66.887;93.560
962;14;33;105.251;59.330
962;33;14;105.251;73.530
963;14;33;118.291;63.250
963;33;14;118.291;77.450
964;14;34;138.199;78.630
964;34;14;138.199;93.430
965;14;34;144.697;68.040
965;34;14;144.697;82.840
966;14;35;149.196;64.860
966;35;14;149.196;80.030
967;14;35;159.867;69.950
967;35;14;159.867;85.120
968;14;35;171.527;59.120
968;35;14;171.527;74.290
969;14;36;127.960;74.790
969;36;14;127.960;90.930
970;14;37;97.787;63.740
970;37;14;97.787;81.520
971;14;38;106.402;64.190
971;38;14;106.402;82.700
972;14;39;74.442;9.240
972;39;14;119.442;78.730
973;14;39;83.390;17.070
973;39;14;128.390;86.560
974;15;16;90.399;89.900
974;16;15;90.399;90.780
975;15;16;81.323;79.030
975;16;15;81.323;79.910
976;15;17;123.233;84.790
976;17;15;123.233;88.270
977;15;17;115.320;71.770
977;17;15;115.320;75.250
978;15;17;110.822;69.410
978;17;15;110.822;72.890
979;15;18;141.250;66.180
979;18;15;141.250;71.910
980;15;18;134.443;65.720
980;18;15;134.443;71.450
981;15;18;159.791;63.780
981;18;15;159.791;69.510
982;15;19;106.346;70.660
982;19;15;106.346;78.680
983;15;20;90.714;70.700
983;20;15;90.714;79.420
984;15;20;93.599;77.040
984;20;15;93.599;85.760
985;15;20;93.288;69.910
985;20;15;93.288;78.630
986;15;21;96.362;69.700
986;21;15;96.362;79.760
987;15;22;78.346;77.180
987;22;15;78.346;87.750
988;15;23;91.546;73.350
988;23;15;91.546;84.050
989;15;23;91.371;70.060
989;23;15;91.371;80.760
990;15;23;101.394;71.410
990;23;15;101.394;82.110
991;15;24;133.825;76.600
991;24;15;133.825;87.330
992;15;25;92.793;71.830
992;25;15;92.793;83.230
993;15;26;53.722;67.120
993;26;15;53.722;78.560
994;15;26;55.665;81.120
994;26;15;55.665;92.560
995;15;26;52.933;60.350
995;26;15;52.933;71.790
996;15;27;81.232;82.130
996;27;15;81.232;93.620
997;15;27;82.429;73.980
997;27;15;82.429;85.470
998;15;27;79.560;74.300
998;27;15;79.560;85.790
999;15;28;88.076;74.360
999;28;15;88.076;86.090
1000;15;29;83.857;79.860
1000;29;15;83.857;91.720
1001;15;29;81.797;69.340
1001;29;15;81.797;81.200
1002;15;30;92.138;63.170
1002;30;15;92.138;75.210
1003;15;31;133.195;64.470
1003;31;15;133.195;76.810
1004;15;31;127.849;74.300
1004;31;15;127.849;86.640
1005;15;32;127.719;67.750
1005;32;15;127.719;80.570
1006;15;32;113.881;57.420
1006;32;15;113.881;70.240
1007;15;32;147.316;60.160
1007;32;15;147.316;72.980
1008;15;33;90.011;77.240
1008;33;15;90.011;90.990
1009;15;34;131.713;78.690
1009;34;15;131.713;93.040
1010;15;34;122.317;72.750
1010;34;15;122.317;87.100
1011;15;34;136.718;69.760
1011;34;15;136.718;84.110
1012;15;35;56.417;56.570
1012;35;15;56.417;71.290
1013;15;35;55.423;60.230
1013;35;15;55.423;74.950
1014;15;35;55.034;75.590
1014;35;15;55.034;90.310
1015;15;36;104.672;66.330
1015;36;15;104.672;82.020
1016;15;36;105.202;53.870
1016;36;15;105.202;69.560
1017;15;37;96.814;62.020
1017;37;15;96.814;79.350
1018;15;38;88.259;74.250
1018;38;15;88.259;92.310
1019;15;38;97.924;59.640
1019;38;15;97.924;77.700
1020;15;39;31.387;0.040
1020;39;15;76.387;69.080
1021;15;39;30.731;13.220
1021;39;15;75.731;82.260
1022;16;17;89.461;70.630
1022;17;16;89.461;73.230
1023;16;17;93.025;71.060
1023;17;16;93.025;73.660
1024;16;18;112.493;74.430
1024;18;16;112.493;79.280
1025;16;19;83.871;67.460
1025;19;16;83.871;74.600
1026;16;19;87.268;61.740
1026;19;16;87.268;68.880
1027;16;20;47.805;62.180
1027;20;16;47.805;70.020
1028;16;20;47.448;62.080
1028;20;16;47.448;69.920
1029;16;21;68.020;72.860
1029;21;16;68.020;82.040
1030;16;22;65.912;83.470
1030;22;16;65.912;93.160
1031;16;22;64.848;69.460
1031;22;16;64.848;79.150
1032;16;22;70.907;70.560
1032;22;16;70.907;80.250
1033;16;23;62.198;83.140
1033;23;16;62.198;92.960
1034;16;24;94.420;61.360
1034;24;16;94.420;71.210
1035;16;24;95.993;66.930
1035;24;16;95.993;76.780
1036;16;25;64.032;61.090
1036;25;16;64.032;71.610
1037;16;26;81.695;74.880
1037;26;16;81.695;85.440
1038;16;26;86.007;73.910
1038;26;16;86.007;84.470
1039;16;27;63.034;66.230
1039;27;16;63.034;76.840
1040;16;27;61.841;62.640
1040;27;16;61.841;73.250
1041;16;28;52.708;68.580
1041;28;16;52.708;79.430
1042;16;29;74.019;66.890
1042;29;16;74.019;77.870
1043;16;29;67.363;70.820
1043;29;16;67.363;81.800
1044;16;30;62.815;59.930
1044;30;16;62.815;71.090
1045;16;31;96.627;72.680
1045;31;16;96.627;84.140
1046;16;32;89.869;70.240
1046;32;16;89.869;82.180
1047;16;32;95.505;57.090
1047;32;16;95.505;69.030
1048;16;32;92.546;65.060
1048;32;16;92.546;77.000
1049;16;33;57.365;57.810
1049;33;16;57.365;70.680
1050;16;33;59.430;70.600
1050;33;16;59.430;83.470
1051;16;34;100.425;60.260
1051;34;16;100.425;73.730
1052;16;35;95.115;74.390
1052;35;16;95.115;88.230
1053;16;36;74.895;71.240
1053;36;16;74.895;86.050
1054;16;36;79.497;71.380
1054;36;16;79.497;86.190
1055;16;37;65.552;70.260
1055;37;16;65.552;86.710
1056;16;37;63.707;57.880
1056;37;16;63.707;74.330
1057;16;37;61.063;65.680
1057;37;16;61.063;82.130
1058;16;38;61.173;70.890
1058;38;16;61.173;88.070
1059;16;38;58.871;68.830
1059;38;16;58.871;86.010
1060;16;39;27.562;21.890
1060;39;16;72.562;90.050
1061;16;39;22.921;22.570
1061;39;16;67.921;90.730
1062;17;18;68.616;87.860
1062;18;17;68.616;90.110
1063;17;18;63.265;78.280
1063;18;17;63.265;80.530
1064;17;19;124.672;80.310
1064;19;17;124.672;84.850
1065;17;19;112.428;62.020
1065;19;17;112.428;66.560
1066;17;19;140.525;82.900
1066;19;17;140.525;87.440
1067;17;20;86.967;76.430
1067;20;17;86.967;81.670
1068;17;21;110.084;82.950
1068;21;17;110.084;89.530
1069;17;21;95.927;78.870
1069;21;17;95.927;85.450
1070;17;22;109.830;82.880
1070;22;17;109.830;89.970
1071;17;23;105.572;68.770
1071;23;17;105.572;75.990
1072;17;24;60.436;78.720
1072;24;17;60.436;85.970
1073;17;24;63.769;63.810
1073;24;17;63.769;71.060
1074;17;25;107.083;68.650
1074;25;17;107.083;76.570
1075;17;25;97.620;75.280
1075;25;17;97.620;83.200
1076;17;25;108.107;59.280
1076;25;17;108.107;67.200
1077;17;26;115.480;61.720
1077;26;17;115.480;69.680
1078;17;26;116.053;65.300
1078;26;17;116.053;73.260
1079;17;27;107.303;65.650
1079;27;17;107.303;73.660
1080;17;28;97.091;67.930
1080;28;17;97.091;76.180
1081;17;28;94.232;67.960
1081;28;17;94.232;76.210
1082;17;28;105.770;68.550
1082;28;17;105.770;76.800
1083;17;29;118.478;59.800
1083;29;17;118.478;68.180
1084;17;29;122.247;67.600
1084;29;17;122.247;75.980
1085;17;29;123.445;61.420
1085;29;17;123.445;69.800
1086;17;30;106.024;60.830
1086;30;17;106.024;69.390
1087;17;30;112.974;60.340
1087;30;17;112.974;68.900
1088;17;30;108.566;81.260
1088;30;17;108.566;89.820
1089;17;31;123.008;77.480
1089;31;17;123.008;86.340
1090;17;32;116.407;75.930
1090;32;17;116.407;85.270
1091;17;32;115.691;80.870
1091;32;17;115.691;90.210
1092;17;32;127.792;74.180
1092;32;17;127.792;83.520
1093;17;33;101.153;67.530
1093;33;17;101.153;77.800
1094;17;33;95.177;73.480
1094;33;17;95.177;83.750
1095;17;33;105.982;62.680
1095;33;17;105.982;72.950
1096;17;34;56.221;59.440
1096;34;17;56.221;70.310
1097;17;34;54.877;72.380
1097;34;17;54.877;83.250
1098;17;34;58.968;74.220
1098;34;17;58.968;85.090
1099;17;35;131.948;54.700
1099;35;17;131.948;65.940
1100;17;36;63.562;66.840
1100;36;17;63.562;79.050
1101;17;36;66.672;73.190
1101;36;17;66.672;85.400
1102;17;36;59.818;76.660
1102;36;17;59.818;88.870
1103;17;37;107.080;71.680
1103;37;17;107.080;85.530
1104;17;37;117.046;61.990
1104;37;17;117.046;75.840
1105;17;37;110.280;56.610
1105;37;17;110.280;70.460
1106;17;38;105.322;56.190
1106;38;17;105.322;70.770
1107;17;39;71.350;18.890
1107;39;17;116.350;84.450
1108;18;19;148.288;67.100
1108;19;18;148.288;69.390
1109;18;19;130.954;63.790
1109;19;18;130.954;66.080
1110;18;20;109.881;84.450
1110;20;18;109.881;87.440
1111;18;20;116.690;63.140
1111;20;18;116.690;66.130
1112;18;21;133.638;78.850
1112;21;18;133.638;83.180
1113;18;22;132.307;69.540
1113;22;18;132.307;74.380
1114;18;22;145.974;79.420
1114;22;18;145.974;84.260
1115;18;22;114.035;80.190
1115;22;18;114.035;85.030
1116;18;23;128.972;74.450
1116;23;18;128.972;79.420
1117;18;24;74.586;63.750
1117;24;18;74.586;68.750
1118;18;24;69.838;61.500
1118;24;18;69.838;66.500
1119;18;25;130.535;63.060
1119;25;18;130.535;68.730
1120;18;25;122.267;79.620
1120;25;18;122.267;85.290
1121;18;26;134.327;77.190
1121;26;18;134.327;82.900
1122;18;26;114.226;58.810
1122;26;18;114.226;64.520
1123;18;26;143.710;74.290
1123;26;18;143.710;80.000
1124;18;27;130.017;70.110
1124;27;18;130.017;75.870
1125;18;27;133.157;75.030
1125;27;18;133.157;80.790
1126;18;27;121.641;68.090
1126;27;18;121.641;73.850
1127;18;28;120.189;60.310
1127;28;18;120.189;66.310
1128;18;28;114.293;68.370
1128;28;18;114.293;74.370
1129;18;29;141.388;67.730
1129;29;18;141.388;73.860
1130;18;29;128.322;59.480
1130;29;18;128.322;65.610
1131;18;30;129.450;69.150
1131;30;18;129.450;75.460
1132;18;31;145.154;78.840
1132;31;18;145.154;85.450
1133;18;31;155.353;75.300
1133;31;18;155.353;81.910
1134;18;31;145.429;56.970
1134;31;18;145.429;63.580
1135;18;32;138.798;58.860
1135;32;18;138.798;65.950
1136;18;32;157.533;80.250
1136;32;18;157.533;87.340
1137;18;32;125.491;76.040
1137;32;18;125.491;83.130
1138;18;33;124.454;62.970
1138;33;18;124.454;70.990
1139;18;33;129.327;64.820
1139;33;18;129.327;72.840
1140;18;33;109.850;61.100
1140;33;18;109.850;69.120
1141;18;34;57.409;78.260
1141;34;18;57.409;86.880
1142;18;34;60.231;74.470
1142;34;18;60.231;83.090
1143;18;35;151.029;64.540
1143;35;18;151.029;73.530
1144;18;36;83.888;59.350
1144;36;18;83.888;69.310
1145;18;36;85.991;53.760
1145;36;18;85.991;63.720
1146;18;37;130.650;76.390
1146;37;18;130.650;87.990
1147;18;37;128.970;61.610
1147;37;18;128.970;73.210
1148;18;37;113.244;69.610
1148;37;18;113.244;81.210
1149;18;38;128.549;69.270
1149;38;18;128.549;81.600
1150;18;39;93.673;6.380
1150;39;18;138.673;69.690
1151;19;20;86.651;67.370
1151;20;19;86.651;68.070
1152;19;21;60.879;78.820
1152;21;19;60.879;80.860
1153;19;21;63.143;64.720
1153;21;19;63.143;66.760
1154;19;22;75.057;65.060
1154;22;19;75.057;67.610
1155;19;22;70.592;70.320
1155;22;19;70.592;72.870
1156;19;22;70.942;80.320
1156;22;19;70.942;82.870
1157;19;23;67.147;69.400
1157;23;19;67.147;72.080
1158;19;24;124.455;76.040
1158;24;19;124.455;78.750
1159;19;24;108.970;74.570
1159;24;19;108.970;77.280
1160;19;25;65.174;79.680
1160;25;19;65.174;83.060
1161;19;26;100.244;82.070
1161;26;19;100.244;85.490
1162;19;26;102.586;68.330
1162;26;19;102.586;71.750
1163;19;26;113.353;63.430
1163;26;19;113.353;66.850
1164;19;27;73.791;62.190
1164;27;19;73.791;65.660
1165;19;27;67.506;78.440
1165;27;19;67.506;81.910
1166;19;28;77.075;58.830
1166;28;19;77.075;62.540
1167;19;28;74.827;70.810
1167;28;19;74.827;74.520
1168;19;28;76.209;65.390
1168;28;19;76.209;69.100
1169;19;29;67.490;59.170
1169;29;19;67.490;63.010
1170;19;30;66.427;65.810
1170;30;19;66.427;69.830
1171;19;30;70.164;72.070
1171;30;19;70.164;76.090
1172;19;31;76.508;67.740
1172;31;19;76.508;72.060
1173;19;31;76.295;56.790
1173;31;19;76.295;61.110
1174;19;32;73.986;62.940
1174;32;19;73.986;67.740
1175;19;32;79.370;57.130
1175;32;19;79.370;61.930
1176;19;33;71.949;63.390
1176;33;19;71.949;69.120
1177;19;34;135.886;63.370
1177;34;19;135.886;69.700
1178;19;35;103.187;59.140
1178;35;19;103.187;65.840
1179;19;35;91.413;66.690
1179;35;19;91.413;73.390
1180;19;35;106.937;65.920
1180;35;19;106.937;72.620
1181;19;36;113.108;71.940
1181;36;19;113.108;79.610
1182;19;36;128.109;56.740
1182;36;19;128.109;64.410
1183;19;37;63.382;54.540
1183;37;19;63.382;63.850
1184;19;37;67.621;54.660
1184;37;19;67.621;63.970
1185;19;37;60.179;69.160
1185;37;19;60.179;78.470
1186;19;38;69.469;66.600
1186;38;19;69.469;76.640
1187;19;38;73.440;63.800
1187;38;19;73.440;73.840
1188;19;39;30.026;22.260
1188;39;19;75.026;83.280
1189;20;21;70.811;71.960
1189;21;20;70.811;73.300
1190;20;22;68.066;80.910
1190;22;20;68.066;82.760
1191;20;22;69.637;61.860
1191;22;20;69.637;63.710
1192;20;23;65.000;78.240
1192;23;20;65.000;80.220
1193;20;23;63.048;79.400
1193;23;20;63.048;81.380
1194;20;23;63.904;69.600
1194;23;20;63.904;71.580
1195;20;24;92.454;81.130
1195;24;20;92.454;83.140
1196;20;24;96.411;62.140
1196;24;20;96.411;64.150
1197;20;25;66.837;59.630
1197;25;20;66.837;62.310
1198;20;26;81.992;64.360
1198;26;20;81.992;67.080
1199;20;26;83.534;78.210
1199;26;20;83.534;80.930
1200;20;26;85.822;70.530
1200;26;20;85.822;73.250
1201;20;27;65.363;74.190
1201;27;20;65.363;76.960
1202;20;27;61.528;67.130
1202;27;20;61.528;69.900
1203;20;27;61.071;57.820
1203;27;20;61.071;60.590
1204;20;28;55.416;60.400
1204;28;20;55.416;63.410
1205;20;29;76.539;76.850
1205;29;20;76.539;79.990
1206;20;30;65.620;80.010
1206;30;20;65.620;83.330
1207;20;30;65.438;64.550
1207;30;20;65.438;67.870
1208;20;30;64.168;75.950
1208;30;20;64.168;79.270
1209;20;31;98.636;69.980
1209;31;20;98.636;73.600
1210;20;31;109.207;80.890
1210;31;20;109.207;84.510
1211;20;32;91.809;79.930
1211;32;20;91.809;84.030
1212;20;32;87.140;81.040
1212;32;20;87.140;85.140
1213;20;33;60.161;73.150
1213;33;20;60.161;78.180
1214;20;33;59.689;63.040
1214;33;20;59.689;68.070
1215;20;34;97.867;68.670
1215;34;20;97.867;74.300
1216;20;34;106.559;70.300
1216;34;20;106.559;75.930
1217;20;34;97.796;61.970
1217;34;20;97.796;67.600
1218;20;35;96.015;67.200
1218;35;20;96.015;73.200
1219;20;36;72.123;56.620
1219;36;20;72.123;63.590
1220;20;37;68.312;76.570
1220;37;20;68.312;85.180
1221;20;38;63.914;54.260
1221;38;20;63.914;63.600
1222;20;39;29.690;0.330
1222;39;20;74.690;60.650
1223;20;39;25.617;0.630
1223;39;20;70.617;60.950
1224;21;22;63.039;82.980
1224;22;21;63.039;83.490
1225;21;22;58.891;60.710
1225;22;21;58.891;61.220
1226;21;22;63.529;76.710
1226;22;21;63.529;77.220
1227;21;23;51.494;75.310
1227;23;21;51.494;75.950
1228;21;24;111.528;64.160
1228;24;21;111.528;64.830
1229;21;24;98.340;64.820
1229;24;21;98.340;65.490
1230;21;25;49.534;78.170
1230;25;21;49.534;79.510
1231;21;26;89.025;65.460
1231;26;21;89.025;66.840
1232;21;26;99.166;69.180
1232;26;21;99.166;70.560
1233;21;27;60.512;63.030
1233;27;21;60.512;64.460
1234;21;28;61.247;64.960
1234;28;21;61.247;66.630
1235;21;29;60.946;77.700
1235;29;21;60.946;79.500
1236;21;30;50.739;77.940
1236;30;21;50.739;79.920
1237;21;30;49.320;60.780
1237;30;21;49.320;62.760
1238;21;30;50.496;74.520
1238;30;21;50.496;76.500
1239;21;31;81.834;76.020
1239;31;21;81.834;78.300
1240;21;31;81.590;62.070
1240;31;21;81.590;64.350
1241;21;31;75.263;62.240
1241;31;21;75.263;64.520
1242;21;32;76.563;77.810
1242;32;21;76.563;80.570
1243;21;32;77.273;59.320
1243;32;21;77.273;62.080
1244;21;32;70.676;78.350
1244;32;21;70.676;81.110
1245;21;33;56.129;55.770
1245;33;21;56.129;59.460
1246;21;34;121.293;66.390
1246;34;21;121.293;70.680
1247;21;34;130.409;60.030
1247;34;21;130.409;64.320
1248;21;34;126.878;73.940
1248;34;21;126.878;78.230
1249;21;35;95.916;62.160
1249;35;21;95.916;66.820
1250;21;35;96.319;77.510
1250;35;21;96.319;82.170
1251;21;35;99.874;70.070
1251;35;21;99.874;74.730
1252;21;36;97.517;74.680
1252;36;21;97.517;80.310
1253;21;36;92.538;70.590
1253;36;21;92.538;76.220
1254;21;37;48.090;72.200
1254;37;21;48.090;79.470
1255;21;37;47.674;54.500
1255;37;21;47.674;61.770
1256;21;37;47.758;52.400
1256;37;21;47.758;59.670
1257;21;38;54.394;71.010
1257;38;21;54.394;79.010
1258;21;38;56.549;71.120
1258;38;21;56.549;79.120
1259;21;39;21.172;23.170
1259;39;21;66.172;82.150
1260;21;39;18.577;8.130
1260;39;21;63.577;67.110
1261;22;23;58.464;58.540
1261;23;22;58.464;58.670
1262;22;24;115.322;81.110
1262;24;22;115.322;81.270
1263;22;24;127.021;75.860
1263;24;22;127.021;76.020
1264;22;24;119.691;60.060
1264;24;22;119.691;60.220
1265;22;25;59.514;63.990
1265;25;22;59.514;64.820
1266;22;25;59.771;60.160
1266;25;22;59.771;60.990
1267;22;26;71.038;71.480
1267;26;22;71.038;72.350
1268;22;26;76.494;73.870
1268;26;22;76.494;74.740
1269;22;26;71.576;63.390
1269;26;22;71.576;64.260
1270;22;27;48.511;64.260
1270;27;22;48.511;65.180
1271;22;27;48.914;71.550
1271;27;22;48.914;72.470
1272;22;28;59.274;57.830
1272;28;22;59.274;58.990
1273;22;29;55.342;73.220
1273;29;22;55.342;74.510
1274;22;29;54.625;75.520
1274;29;22;54.625;76.810
1275;22;29;57.432;69.170
1275;29;22;57.432;70.460
1276;22;30;58.977;81.760
1276;30;22;58.977;83.230
1277;22;30;57.928;60.040
1277;30;22;57.928;61.510
1278;22;30;57.025;59.130
1278;30;22;57.025;60.600
1279;22;31;99.858;62.950
1279;31;22;99.858;64.720
1280;22;32;94.405;57.560
1280;32;22;94.405;59.810
1281;22;33;58.365;59.350
1281;33;22;58.365;62.530
1282;22;33;59.179;66.910
1282;33;22;59.179;70.090
1283;22;33;57.424;64.430
1283;33;22;57.424;67.610
1284;22;34;120.540;69.880
1284;34;22;120.540;73.660
1285;22;34;134.337;59.240
1285;34;22;134.337;63.020
1286;22;34;132.238;71.220
1286;34;22;132.238;75.000
1287;22;35;78.830;68.800
1287;35;22;78.830;72.950
1288;22;35;82.835;71.840
1288;35;22;82.835;75.990
1289;22;35;78.392;60.470
1289;35;22;78.392;64.620
1290;22;36;93.658;77.060
1290;36;22;93.658;82.180
1291;22;36;84.034;67.850
1291;36;22;84.034;72.970
1292;22;37;63.534;72.020
1292;37;22;63.534;78.780
1293;22;37;60.996;71.580
1293;37;22;60.996;78.340
1294;22;37;67.871;61.270
1294;37;22;67.871;68.030
1295;22;38;55.358;58.990
1295;38;22;55.358;66.480
1296;22;38;55.898;57.910
1296;38;22;55.898;65.400
1297;22;38;55.571;71.570
1297;38;22;55.571;79.060
1298;22;39;6.651;11.000
1298;39;22;51.651;69.470
1299;22;39;5.762;9.460
1299;39;22;50.762;67.930
1300;23;24;108.257;63.930
1300;24;23;108.257;63.960
1301;23;25;46.983;65.750
1301;25;23;46.983;66.450
1302;23;26;83.807;81.240
1302;26;23;83.807;81.980
1303;23;26;82.387;61.180
1303;26;23;82.387;61.920
1304;23;26;89.836;69.110
1304;26;23;89.836;69.850
1305;23;27;55.322;68.360
1305;27;23;55.322;69.150
1306;23;27;57.718;74.620
1306;27;23;57.718;75.410
1307;23;27;53.272;74.710
1307;27;23;53.272;75.500
1308;23;28;54.969;77.610
1308;28;23;54.969;78.640
1309;23;28;53.990;63.600
1309;28;23;53.990;64.630
1310;23;28;56.329;69.940
1310;28;23;56.329;70.970
1311;23;29;60.254;63.090
1311;29;23;60.254;64.250
1312;23;29;56.697;79.800
1312;29;23;56.697;80.960
1313;23;29;58.707;63.940
1313;29;23;58.707;65.100
1314;23;30;45.760;78.880
1314;30;23;45.760;80.220
1315;23;31;87.003;76.910
1315;31;23;87.003;78.550
1316;23;32;81.234;64.490
1316;32;23;81.234;66.610
1317;23;33;49.879;65.490
1317;33;23;49.879;68.540
1318;23;33;48.843;72.900
1318;33;23;48.843;75.950
1319;23;34;116.720;79.080
1319;34;23;116.720;82.730
1320;23;34;111.916;73.140
1320;34;23;111.916;76.790
1321;23;35;92.239;54.600
1321;35;23;92.239;58.620
1322;23;35;93.645;54.320
1322;35;23;93.645;58.340
1323;23;36;92.035;77.850
1323;36;23;92.035;82.840
1324;23;36;91.214;54.380
1324;36;23;91.214;59.370
1325;23;36;93.018;55.680
1325;36;23;93.018;60.670
1326;23;37;50.468;69.200
1326;37;23;50.468;75.830
1327;23;37;51.091;55.540
1327;37;23;51.091;62.170
1328;23;38;48.328;62.840
1328;38;23;48.328;70.200
1329;23;38;47.943;54.780
1329;38;23;47.943;62.140
1330;23;39;18.196;11.140
1330;39;23;63.196;69.480
1331;23;39;17.034;21.390
1331;39;23;62.034;79.730
1332;23;39;20.171;2.700
1332;39;23;65.171;61.040
1333;24;25;109.413;69.790
1333;25;24;109.413;70.460
1334;24;25;98.681;63.860
1334;25;24;98.681;64.530
1335;24;26;125.577;60.620
1335;26;24;125.577;61.330
1336;24;27;112.324;71.100
1336;27;24;112.324;71.860
1337;24;27;107.690;59.580
1337;27;24;107.690;60.340
1338;24;27;127.123;71.380
1338;27;24;127.123;72.140
1339;24;28;101.410;71.800
1339;28;24;101.410;72.800
1340;24;28;103.332;64.820
1340;28;24;103.332;65.820
1341;24;28;105.975;74.040
1341;28;24;105.975;75.040
1342;24;29;122.629;75.460
1342;29;24;122.629;76.590
1343;24;30;108.546;79.410
1343;30;24;108.546;80.720
1344;24;30;113.785;68.380
1344;30;24;113.785;69.690
1345;24;30;99.538;58.230
1345;30;24;99.538;59.540
1346;24;31;116.704;80.300
1346;31;24;116.704;81.910
1347;24;31;102.051;60.190
1347;31;24;102.051;61.800
1348;24;31;131.392;68.750
1348;31;24;131.392;70.360
1349;24;32;110.697;77.280
1349;32;24;110.697;79.370
1350;24;32;118.241;75.040
1350;32;24;118.241;77.130
1351;24;32;124.546;79.260
1351;32;24;124.546;81.350
1352;24;33;104.499;59.350
1352;33;24;104.499;62.370
1353;24;33;106.159;65.920
1353;33;24;106.159;68.940
1354;24;34;64.736;76.560
1354;34;24;64.736;80.180
1355;24;34;61.779;67.240
1355;34;24;61.779;70.860
1356;24;34;64.818;71.180
1356;34;24;64.818;74.800
1357;24;35;141.476;58.950
1357;35;24;141.476;62.940
1358;24;35;120.782;71.740
1358;35;24;120.782;75.730
1359;24;36;75.799;54.540
1359;36;24;75.799;59.500
1360;24;36;80.393;60.830
1360;36;24;80.393;65.790
1361;24;36;83.252;77.770
1361;36;24;83.252;82.730
1362;24;37;108.438;63.850
1362;37;24;108.438;70.450
1363;24;37;97.306;66.850
1363;37;24;97.306;73.450
1364;24;37;107.450;56.420
1364;37;24;107.450;63.020
1365;24;38;108.818;51.590
1365;38;24;108.818;58.920
1366;24;39;76.973;8.860
1366;39;24;121.973;67.170
1367;25;26;85.197;59.370
1367;26;25;85.197;59.410
1368;25;26;87.803;66.680
1368;26;25;87.803;66.720
1369;25;26;75.296;58.610
1369;26;25;75.296;58.650
1370;25;27;56.600;69.050
1370;27;25;56.600;69.140
1371;25;27;56.081;71.740
1371;27;25;56.081;71.830
1372;25;27;59.036;82.550
1372;27;25;59.036;82.640
1373;25;28;56.916;71.010
1373;28;25;56.916;71.340
1374;25;28;58.022;75.950
1374;28;25;58.022;76.280
1375;25;28;59.832;81.570
1375;28;25;59.832;81.900
1376;25;29;59.928;79.600
1376;29;25;59.928;80.060
1377;25;29;57.348;68.410
1377;29;25;57.348;68.870
1378;25;29;61.278;67.350
1378;29;25;61.278;67.810
1379;25;30;46.253;58.250
1379;30;25;46.253;58.890
1380;25;31;85.544;81.500
1380;31;25;85.544;82.440
1381;25;32;79.926;62.900
1381;32;25;79.926;64.320
1382;25;32;73.092;71.170
1382;32;25;73.092;72.590
1383;25;32;76.254;69.750
1383;32;25;76.254;71.170
1384;25;33;51.801;75.190
1384;33;25;51.801;77.540
1385;25;34;118.254;78.500
1385;34;25;118.254;81.450
1386;25;34;122.938;60.040
1386;34;25;122.938;62.990
1387;25;34;101.040;69.920
1387;34;25;101.040;72.870
1388;25;35;93.082;66.500
1388;35;25;93.082;69.820
1389;25;35;94.497;77.380
1389;35;25;94.497;80.700
1390;25;36;93.806;63.890
1390;36;25;93.806;68.180
1391;25;37;49.023;64.610
1391;37;25;49.023;70.540
1392;25;38;49.963;65.750
1392;38;25;49.963;72.410
1393;25;38;49.246;56.400
1393;38;25;49.246;63.060
1394;25;39;18.686;2.330
1394;39;25;63.686;59.970
1395;25;39;19.776;18.070
1395;39;25;64.776;75.710
1396;25;39;20.936;1.200
1396;39;25;65.936;58.840
1397;26;27;73.603;64.180
1397;27;26;73.603;64.230
1398;26;28;79.629;62.020
1398;28;26;79.629;62.310
1399;26;28;77.648;64.220
1399;28;26;77.648;64.510
1400;26;28;72.810;57.600
1400;28;26;72.810;57.890
1401;26;29;77.982;65.550
1401;29;26;77.982;65.970
1402;26;29;81.629;67.370
1402;29;26;81.629;67.790
1403;26;29;85.859;64.840
1403;29;26;85.859;65.260
1404;26;30;84.442;68.610
1404;30;26;84.442;69.210
1405;26;30;78.359;57.930
1405;30;26;78.359;58.530
1406;26;31;125.739;74.340
1406;31;26;125.739;75.240
1407;26;31;141.917;73.560
1407;31;26;141.917;74.460
1408;26;31;109.604;74.260
1408;31;26;109.604;75.160
1409;26;32;120.039;80.650
1409;32;26;120.039;82.030
1410;26;33;81.879;66.010
1410;33;26;81.879;68.320
1411;26;33;75.029;60.190
1411;33;26;75.029;62.500
1412;26;34;124.353;65.280
1412;34;26;124.353;68.190
1413;26;34;132.888;65.910
1413;34;26;132.888;68.820
1414;26;35;61.702;66.510
1414;35;26;61.702;69.790
1415;26;36;96.963;53.770
1415;36;26;96.963;58.020
1416;26;37;89.188;60.900
1416;37;26;89.188;66.790
1417;26;38;80.485;67.930
1417;38;26;80.485;74.550
1418;26;38;86.275;73.210
1418;38;26;86.275;79.830
1419;26;39;25.336;14.050
1419;39;26;70.336;71.650
1420;26;39;21.602;17.110
1420;39;26;66.602;74.710
1421;26;39;19.820;0.500
1421;39;26;64.820;58.100
1422;27;28;56.015;67.400
1422;28;27;56.015;67.640
1423;27;28;54.031;71.710
1423;28;27;54.031;71.950
1424;27;28;57.893;77.540
1424;28;27;57.893;77.780
1425;27;29;56.562;60.400
1425;29;27;56.562;60.770
1426;27;29;57.153;57.770
1426;29;27;57.153;58.140
1427;27;30;55.906;64.120
1427;30;27;55.906;64.670
1428;27;30;53.888;73.620
1428;30;27;53.888;74.170
1429;27;31;97.136;66.390
1429;31;27;97.136;67.240
1430;27;31;95.906;76.330
1430;31;27;95.906;77.180
1431;27;31;105.809;75.310
1431;31;27;105.809;76.160
1432;27;32;91.506;64.650
1432;32;27;91.506;65.980
1433;27;32;88.205;56.870
1433;32;27;88.205;58.200
1434;27;33;54.857;64.410
1434;33;27;54.857;66.670
1435;27;33;54.737;57.130
1435;33;27;54.737;59.390
1436;27;34;118.127;71.680
1436;34;27;118.127;74.540
1437;27;35;82.204;66.000
1437;35;27;82.204;69.230
1438;27;36;91.588;77.610
1438;36;27;91.588;81.810
1439;27;36;81.083;56.170
1439;36;27;81.083;60.370
1440;27;37;60.606;69.970
1440;37;27;60.606;75.810
1441;27;37;58.881;60.860
1441;37;27;58.881;66.700
1442;27;38;52.079;51.700
1442;38;27;52.079;58.270
1443;27;39;9.829;22.890
1443;39;27;54.829;80.440
1444;28;29;66.460;78.300
1444;29;28;66.460;78.430
1445;28;30;55.664;65.730
1445;30;28;55.664;66.040
1446;28;30;54.960;62.860
1446;30;28;54.960;63.170
1447;28;31;93.598;78.420
1447;31;28;93.598;79.030
1448;28;32;87.199;68.830
1448;32;28;87.199;69.920
1449;28;33;50.126;74.700
1449;33;28;50.126;76.720
1450;28;33;51.179;58.500
1450;33;28;51.179;60.520
1451;28;33;49.861;76.890
1451;33;28;49.861;78.910
1452;28;34;108.095;65.940
1452;34;28;108.095;68.560
1453;28;35;91.158;70.840
1453;35;28;91.158;73.830
1454;28;35;89.530;63.380
1454;35;28;89.530;66.370
1455;28;35;95.174;56.600
1455;35;28;95.174;59.590
1456;28;36;82.522;64.780
1456;36;28;82.522;68.740
1457;28;36;76.043;63.010
1457;36;28;76.043;66.970
1458;28;36;81.334;73.800
1458;36;28;81.334;77.760
1459;28;37;59.254;64.640
1459;37;28;59.254;70.240
1460;28;37;59.633;67.840
1460;37;28;59.633;73.440
1461;28;37;61.758;66.720
1461;37;28;61.758;72.320
1462;28;38;53.507;69.130
1462;38;28;53.507;75.460
1463;28;38;52.667;56.470
1463;38;28;52.667;62.800
1464;28;39;20.827;23.900
1464;39;28;65.827;81.210
1465;29;30;60.269;79.790
1465;30;29;60.269;79.970
1466;29;31;96.076;73.230
1466;31;29;96.076;73.710
1467;29;31;99.749;65.750
1467;31;29;99.749;66.230
1468;29;32;91.577;62.490
1468;32;29;91.577;63.450
1469;29;32;83.762;79.740
1469;32;29;83.762;80.700
1470;29;32;103.172;78.290
1470;32;29;103.172;79.250
1471;29;33;63.193;59.730
1471;33;29;63.193;61.620
1472;29;33;65.576;70.480
1472;33;29;65.576;72.370
1473;29;33;64.117;65.430
1473;33;29;64.117;67.320
1474;29;34;129.406;70.910
1474;34;29;129.406;73.400
1475;29;35;81.293;76.840
1475;35;29;81.293;79.700
1476;29;35;78.786;55.640
1476;35;29;78.786;58.500
1477;29;35;84.787;73.360
1477;35;29;84.787;76.220
1478;29;36;103.104;75.980
1478;36;29;103.104;79.810
1479;29;36;114.836;66.320
1479;36;29;114.836;70.150
1480;29;36;103.454;65.610
1480;36;29;103.454;69.440
1481;29;37;63.056;63.060
1481;37;29;63.056;68.530
1482;29;38;58.893;57.530
1482;38;29;58.893;63.730
1483;29;38;59.668;66.570
1483;38;29;59.668;72.770
1484;29;39;7.648;19.610
1484;39;29;52.648;76.790
1485;29;39;7.636;4.670
1485;39;29;52.636;61.850
1486;30;31;86.339;74.540
1486;31;30;86.339;74.840
1487;30;31;81.811;56.970
1487;31;30;81.811;57.270
1488;30;31;91.170;59.140
1488;31;30;91.170;59.440
1489;30;32;80.612;69.430
1489;32;30;80.612;70.210
1490;30;32;73.387;77.120
1490;32;30;73.387;77.900
1491;30;32;83.199;64.010
1491;32;30;83.199;64.790
1492;30;33;50.552;59.040
1492;33;30;50.552;60.750
1493;30;34;117.184;63.260
1493;34;30;117.184;65.570
1494;30;35;92.699;57.540
1494;35;30;92.699;60.220
1495;30;35;84.656;73.450
1495;35;30;84.656;76.130
1496;30;35;102.865;69.270
1496;35;30;102.865;71.950
1497;30;36;92.619;69.100
1497;36;30;92.619;72.750
1498;30;36;95.979;71.390
1498;36;30;95.979;75.040
1499;30;36;103.649;66.730
1499;36;30;103.649;70.380
1500;30;37;49.777;57.970
1500;37;30;49.777;63.260
1501;30;37;49.534;73.220
1501;37;30;49.534;78.510
1502;30;37;49.002;67.290
1502;37;30;49.002;72.580
1503;30;38;49.002;61.890
1503;38;30;49.002;67.910
1504;30;38;48.587;65.490
1504;38;30;48.587;71.510
1505;30;38;48.335;55.810
1505;38;30;48.335;61.830
1506;30;39;18.520;0.980
1506;39;30;63.520;57.980
1507;30;39;22.243;0.730
1507;39;30;67.243;57.730
1508;31;32;52.003;62.640
1508;32;31;52.003;63.120
1509;31;32;50.914;75.300
1509;32;31;50.914;75.780
1510;31;33;89.744;65.570
1510;33;31;89.744;66.980
1511;31;33;91.976;65.330
1511;33;31;91.976;66.740
1512;31;33;79.853;55.690
1512;33;31;79.853;57.100
1513;31;34;133.290;72.880
1513;34;31;133.290;74.890
1514;31;35;132.263;76.230
1514;35;31;132.263;78.610
1515;31;35;114.710;79.190
1515;35;31;114.710;81.570
1516;31;36;118.446;60.730
1516;36;31;118.446;64.080
1517;31;36;113.942;54.800
1517;36;31;113.942;58.150
1518;31;36;116.271;64.160
1518;36;31;116.271;67.510
1519;31;37;81.571;66.450
1519;37;31;81.571;71.440
1520;31;37;76.788;57.760
1520;37;31;76.788;62.750
1521;31;38;90.330;66.800
1521;38;31;90.330;72.520
1522;31;39;57.583;19.000
1522;39;31;102.583;75.700
1523;31;39;43.264;12.180
1523;39;31;88.264;68.880
1524;31;39;65.848;11.000
1524;39;31;110.848;67.700
1525;32;33;83.597;70.480
1525;33;32;83.597;71.410
1526;32;33;83.382;65.060
1526;33;32;83.382;65.990
1527;32;34;126.826;79.420
1527;34;32;126.826;80.950
1528;32;35;127.420;75.210
1528;35;32;127.420;77.110
1529;32;35;134.658;64.820
1529;35;32;134.658;66.720
1530;32;36;111.473;66.000
1530;36;32;111.473;68.870
1531;32;36;99.988;77.190
1531;36;32;99.988;80.060
1532;32;37;75.906;68.820
1532;37;32;75.906;73.330
1533;32;37;68.330;70.130
1533;37;32;68.330;74.640
1534;32;38;84.554;67.140
1534;38;32;84.554;72.380
1535;32;38;81.311;52.840
1535;38;32;81.311;58.080
1536;32;38;85.508;66.330
1536;38;32;85.508;71.570
1537;32;39;52.651;5.790
1537;39;32;97.651;62.010
1538;32;39;56.941;10.060
1538;39;32;101.941;66.280
1539;33;34;112.256;64.860
1539;34;33;112.256;65.460
1540;33;34;114.092;56.710
1540;34;33;114.092;57.310
1541;33;35;91.874;69.160
1541;35;33;91.874;70.130
1542;33;36;87.246;54.900
1542;36;33;87.246;56.840
1543;33;36;91.801;71.870
1543;36;33;91.801;73.810
1544;33;37;54.290;59.660
1544;37;33;54.290;63.240
1545;33;37;56.359;67.140
1545;37;33;56.359;70.720
1546;33;38;49.319;71.510
1546;38;33;49.319;75.820
1547;33;38;49.194;63.410
1547;38;33;49.194;67.720
1548;33;39;19.290;13.150
1548;39;33;64.290;68.440
1549;33;39;19.073;16.930
1549;39;33;64.073;72.220
1550;34;35;140.994;65.510
1550;35;34;140.994;65.880
1551;34;35;150.469;67.930
1551;35;34;150.469;68.300
1552;34;36;72.764;53.640
1552;36;34;72.764;54.980
1553;34;37;118.294;60.850
1553;37;34;118.294;63.830
1554;34;37;131.064;62.020
1554;37;34;131.064;65.000
1555;34;38;116.392;56.440
1555;38;34;116.392;60.150
1556;34;39;81.991;19.780
1556;39;34;126.991;74.470
1557;35;36;113.492;59.000
1557;36;35;113.492;59.970
1558;35;36;108.662;57.130
1558;36;35;108.662;58.100
1559;35;37;97.029;61.650
1559;37;35;97.029;64.260
1560;35;37;102.259;66.050
1560;37;35;102.259;68.660
1561;35;38;89.188;64.060
1561;38;35;89.188;67.400
1562;35;38;90.478;57.290
1562;38;35;90.478;60.630
1563;35;38;90.124;59.600
1563;38;35;90.124;62.940
1564;35;39;29.769;21.720
1564;39;35;74.769;76.040
1565;35;39;24.717;5.920
1565;39;35;69.717;60.240
1566;35;39;31.314;2.460
1566;39;35;76.314;56.780
1567;36;37;94.773;58.880
1567;37;36;94.773;60.520
1568;36;37;87.806;59.500
1568;37;36;87.806;61.140
1569;36;37;96.653;61.400
1569;37;36;96.653;63.040
1570;36;38;91.029;61.410
1570;38;36;91.029;63.780
1571;36;38;80.758;52.970
1571;38;36;80.758;55.340
1572;36;39;54.909;24.460
1572;39;36;99.909;77.810
1573;37;38;53.778;58.420
1573;38;37;53.778;59.150
1574;37;39;22.496;2.900
1574;39;37;67.496;54.610
1575;37;39;19.857;12.070
1575;39;37;64.857;63.780
1576;37;39;17.618;18.810
1576;39;37;62.618;70.520
1577;38;39;15.608;4.790
1577;39;38;60.608;55.770
1578;38;39;11.966;24.060
1578;39;38;56.966;75.040
