40
420.0
0;0;1;94.491;124.660
0;1;0;49.491;24.680
1;0;1;92.270;109.150
1;1;0;47.270;9.170
2;0;1;102.079;122.220
2;1;0;57.079;22.240
3;0;2;68.796;98.730
3;2;0;23.796;8.150
4;0;2;64.447;94.050
4;2;0;19.447;3.470
5;0;2;63.887;112.060
5;2;0;18.887;21.480
6;0;3;75.107;93.250
6;3;0;30.107;3.010
7;0;4;73.285;104.790
7;4;0;28.285;19.530
8;0;4;72.136;101.780
8;4;0;27.136;16.520
9;0;5;53.647;98.490
9;5;0;8.647;13.320
10;0;5;54.836;91.370
10;5;0;9.836;6.200
11;0;5;51.748;109.830
11;5;0;6.748;24.660
12;0;6;67.688;101.130
12;6;0;22.688;18.010
13;0;6;70.728;84.350
13;6;0;25.728;1.230
14;0;7;94.508;107.470
14;7;0;49.508;24.600
15;0;7;86.068;98.600
15;7;0;41.068;15.730
16;0;8;81.549;103.650
16;8;0;36.549;22.660
17;0;8;80.232;98.820
17;8;0;35.232;17.830
18;0;8;80.018;100.710
18;8;0;35.018;19.720
19;0;9;77.509;99.490
19;9;0;32.509;19.150
20;0;10;90.309;98.060
20;10;0;45.309;18.180
21;0;11;62.194;88.170
21;11;0;17.194;8.670
22;0;11;65.607;91.330
22;11;0;20.607;11.830
23;0;12;71.736;77.680
23;12;0;26.736;0.070
24;0;12;72.384;81.090
24;12;0;27.384;3.480
25;0;12;67.236;92.700
25;12;0;22.236;15.090
26;0;13;78.232;94.540
26;13;0;33.232;18.050
27;0;14;53.671;90.230
27;14;0;8.671;14.430
28;0;15;76.387;82.520
28;15;0;31.387;7.080
29;0;16;64.222;78.890
29;16;0;19.222;4.590
30;0;17;72.562;78.280
30;17;0;27.562;4.500
31;0;17;77.128;88.050
31;17;0;32.128;14.270
32;0;17;75.000;86.080
32;17;0;30.000;12.300
33;0;18;63.196;94.880
33;18;0;18.196;23.050
34;0;18;63.223;87.900
34;18;0;18.223;16.070
35;0;18;61.460;83.020
35;18;0;16.460;11.190
36;0;19;103.284;91.540
36;19;0;58.284;19.800
37;0;20;76.884;83.840
37;20;0;31.884;13.210
38;0;20;77.704;71.330
38;20;0;32.704;0.700
39;0;21;124.572;83.550
39;21;0;79.572;13.050
40;0;22;138.673;89.580
40;22;0;93.673;19.810
41;0;23;67.496;90.670
41;23;0;22.496;21.320
42;0;23;62.493;73.190
42;23;0;17.493;3.840
43;0;23;72.467;89.850
43;23;0;27.467;20.500
44;0;24;69.972;81.110
44;24;0;24.972;11.850
45;0;24;74.351;81.810
45;24;0;29.351;12.550
46;0;25;54.829;92.920
46;25;0;9.829;24.400
47;0;25;52.401;83.760
47;25;0;7.401;15.240
48;0;25;55.122;92.420
48;25;0;10.122;23.900
49;0;26;71.770;86.920
49;26;0;26.770;19.830
50;0;27;63.686;67.460
50;27;0;18.686;1.140
51;0;27;60.849;68.690
51;27;0;15.849;2.370
52;0;28;119.442;82.720
52;28;0;74.442;16.490
53;0;29;71.416;66.560
53;29;0;26.416;0.560
54;0;30;65.827;77.590
54;30;0;20.827;12.100
55;0;31;116.350;78.570
55;31;0;71.350;13.790
56;0;32;63.520;83.450
56;32;0;18.520;18.730
57;0;32;67.254;72.160
57;32;0;22.254;7.440
58;0;32;65.081;70.570
58;32;0;20.081;5.850
59;0;33;64.290;86.260
59;33;0;19.290;21.740
60;0;33;63.345;85.230
60;33;0;18.345;20.710
61;0;34;80.108;80.200
61;34;0;35.108;16.250
62;0;34;81.883;74.560
62;34;0;36.883;10.610
63;0;34;82.098;77.220
63;34;0;37.098;13.270
64;0;35;141.367;64.550
64;35;0;96.367;0.750
65;0;35;144.730;75.910
65;35;0;99.730;12.110
66;0;36;70.336;86.130
66;36;0;25.336;23.050
67;0;37;51.651;72.550
67;37;0;6.651;9.830
68;0;38;121.973;77.480
68;38;0;76.973;16.480
69;0;38;112.806;74.550
69;38;0;67.806;13.550
70;0;38;124.504;64.210
70;38;0;79.504;3.210
71;0;39;0.000;21.070
71;39;0;0.000;21.070
72;0;39;0.000;15.040
72;39;0;0.000;15.040
73;1;2;110.336;94.300
73;2;1;110.336;103.700
74;1;2;125.360;92.460
74;2;1;125.360;101.860
75;1;3;65.984;97.830
75;3;1;65.984;107.570
76;1;3;64.044;113.310
76;3;1;64.044;123.050
77;1;3;65.115;99.270
77;3;1;65.115;109.010
78;1;4;117.069;105.310
78;4;1;117.069;120.030
79;1;5;87.276;85.290
79;5;1;87.276;100.100
80;1;5;89.416;90.950
80;5;1;89.416;105.760
81;1;6;86.520;100.170
81;6;1;86.520;117.030
82;1;6;87.108;95.570
82;6;1;87.108;112.430
83;1;6;91.983;94.550
83;6;1;91.983;111.410
84;1;7;81.911;101.220
84;7;1;81.911;118.330
85;1;7;79.255;102.090
85;7;1;79.255;119.200
86;1;8;66.570;105.410
86;8;1;66.570;124.400
87;1;9;74.022;87.160
87;9;1;74.022;106.800
88;1;9;71.152;96.960
88;9;1;71.152;116.600
89;1;10;80.955;89.830
89;10;1;80.955;109.930
90;1;10;77.512;85.730
90;10;1;77.512;105.830
91;1;11;80.845;99.630
91;11;1;80.845;120.110
92;1;11;81.625;99.580
92;11;1;81.625;120.060
93;1;12;74.997;82.460
93;12;1;74.997;104.830
94;1;12;74.357;100.020
94;12;1;74.357;122.390
95;1;12;71.753;88.210
95;12;1;71.753;110.580
96;1;13;65.896;92.930
96;13;1;65.896;116.420
97;1;13;69.896;100.590
97;13;1;69.896;124.080
98;1;13;66.095;85.230
98;13;1;66.095;108.720
99;1;14;90.133;85.820
99;14;1;90.133;110.000
100;1;14;94.107;93.690
100;14;1;94.107;117.870
101;1;15;114.299;99.470
101;15;1;114.299;124.010
102;1;15;97.167;83.480
102;15;1;97.167;108.020
103;1;16;113.662;84.990
103;16;1;113.662;110.670
104;1;16;105.713;94.940
104;16;1;105.713;120.620
105;1;17;69.109;77.860
105;17;1;69.109;104.060
106;1;18;78.322;93.750
106;18;1;78.322;121.900
107;1;18;74.980;78.900
107;18;1;74.980;107.050
108;1;19;66.975;90.610
108;19;1;66.975;118.850
109;1;19;62.851;92.350
109;19;1;62.851;120.590
110;1;19;62.378;79.500
110;19;1;62.378;107.740
111;1;20;77.378;79.200
111;20;1;77.378;108.550
112;1;21;96.851;85.840
112;21;1;96.851;115.320
113;1;22;102.209;88.430
113;22;1;102.209;118.640
114;1;22;88.557;84.580
114;22;1;88.557;114.790
115;1;22;106.166;81.070
115;22;1;106.166;111.280
116;1;23;77.528;82.680
116;23;1;77.528;113.310
117;1;23;85.240;74.830
117;23;1;85.240;105.460
118;1;24;76.517;77.670
118;24;1;76.517;108.390
119;1;24;76.887;83.910
119;24;1;76.887;114.630
120;1;25;84.694;76.930
120;25;1;84.694;108.390
121;1;26;71.892;85.230
121;26;1;71.892;118.120
122;1;26;77.155;82.820
122;26;1;77.155;115.710
123;1;26;75.506;79.360
123;26;1;75.506;112.250
124;1;27;79.129;88.170
124;27;1;79.129;121.830
125;1;27;82.718;90.980
125;27;1;82.718;124.640
126;1;28;97.504;68.000
126;28;1;97.504;101.750
127;1;28;101.077;90.160
127;28;1;101.077;123.910
128;1;28;94.697;75.900
128;28;1;94.697;109.650
129;1;29;72.608;70.870
129;29;1;72.608;104.850
130;1;30;73.902;67.860
130;30;1;73.902;102.350
131;1;30;75.091;69.700
131;30;1;75.091;104.190
132;1;30;72.115;80.260
132;30;1;72.115;114.750
133;1;31;79.185;74.620
133;31;1;79.185;109.820
134;1;31;75.634;88.810
134;31;1;75.634;124.010
135;1;32;78.457;73.720
135;32;1;78.457;108.980
136;1;33;75.463;80.990
136;33;1;75.463;116.450
137;1;34;59.867;70.590
137;34;1;59.867;106.620
138;1;34;62.120;80.800
138;34;1;62.120;116.830
139;1;34;61.491;86.620
139;34;1;61.491;122.650
140;1;35;100.850;77.340
140;35;1;100.850;113.520
141;1;35;106.463;63.970
141;35;1;106.463;100.150
142;1;36;105.577;78.550
142;36;1;105.577;115.450
143;1;37;88.091;81.610
143;37;1;88.091;118.870
144;1;37;78.068;80.130
144;37;1;78.068;117.390
145;1;37;81.005;85.210
145;37;1;81.005;122.470
146;1;38;76.549;71.010
146;38;1;76.549;109.990
147;1;39;49.491;10.550
147;39;1;94.491;110.530
148;1;39;50.169;19.860
148;39;1;95.169;119.840
149;2;3;89.354;97.470
149;3;2;89.354;97.810
150;2;3;93.989;110.970
150;3;2;93.989;111.310
151;2;3;83.121;104.000
151;3;2;83.121;104.340
152;2;4;51.988;109.820
152;4;2;51.988;115.140
153;2;4;51.750;94.800
153;4;2;51.750;100.120
154;2;5;76.730;98.750
154;5;2;76.730;104.160
155;2;5;76.459;87.910
155;5;2;76.459;93.320
156;2;6;91.481;100.970
156;6;2;91.481;108.430
157;2;6;80.443;98.580
157;6;2;80.443;106.040
158;2;7;95.417;90.110
158;7;2;95.417;97.820
159;2;8;91.542;85.560
159;8;2;91.542;95.150
160;2;8;102.256;86.940
160;8;2;102.256;96.530
161;2;8;95.244;100.130
161;8;2;95.244;109.720
162;2;9;100.131;80.980
162;9;2;100.131;91.220
163;2;9;92.754;90.040
163;9;2;92.754;100.280
164;2;9;102.636;83.250
164;9;2;102.636;93.490
165;2;10;113.670;98.920
165;10;2;113.670;109.620
166;2;10;121.798;82.350
166;10;2;121.798;93.050
167;2;10;119.843;96.820
167;10;2;119.843;107.520
168;2;11;84.892;95.780
168;11;2;84.892;106.860
169;2;11;94.252;86.430
169;11;2;94.252;97.510
170;2;11;80.346;100.110
170;11;2;80.346;111.190
171;2;12;81.092;96.100
171;12;2;81.092;109.070
172;2;12;82.213;97.910
172;12;2;82.213;110.880
173;2;12;77.296;101.440
173;12;2;77.296;114.410
174;2;13;90.169;83.570
174;13;2;90.169;97.660
175;2;13;95.394;80.190
175;13;2;95.394;94.280
176;2;14;77.461;89.800
176;14;2;77.461;104.580
177;2;14;80.864;97.140
177;14;2;80.864;111.920
178;2;14;84.357;80.350
178;14;2;84.357;95.130
179;2;15;53.115;95.010
179;15;2;53.115;110.150
180;2;15;52.645;95.160
180;15;2;52.645;110.300
181;2;16;64.619;84.590
181;16;2;64.619;100.870
182;2;16;61.161;88.660
182;16;2;61.161;104.940
183;2;16;68.835;81.130
183;16;2;68.835;97.410
184;2;17;86.226;80.530
184;17;2;86.226;97.330
185;2;18;84.989;86.520
185;18;2;84.989;105.270
186;2;18;76.078;75.280
186;18;2;76.078;94.030
187;2;19;111.860;75.770
187;19;2;111.860;94.610
188;2;19;107.883;88.530
188;19;2;107.883;107.370
189;2;20;100.020;87.930
189;20;2;100.020;107.880
190;2;21;147.414;91.830
190;21;2;147.414;111.910
191;2;21;136.302;89.720
191;21;2;136.302;109.800
192;2;21;138.152;72.710
192;21;2;138.152;92.790
193;2;22;142.123;94.180
193;22;2;142.123;114.990
194;2;22;145.556;90.710
194;22;2;145.556;111.520
195;2;23;90.080;83.590
195;23;2;90.080;104.820
196;2;23;85.438;94.320
196;23;2;85.438;115.550
197;2;23;95.492;81.780
197;23;2;95.492;103.010
198;2;24;79.321;75.980
198;24;2;79.321;97.300
199;2;24;77.108;89.930
199;24;2;77.108;111.250
200;2;25;74.708;91.770
200;25;2;74.708;113.830
201;2;26;83.599;81.600
201;26;2;83.599;105.090
202;2;26;87.487;87.350
202;26;2;87.487;110.840
203;2;26;83.484;84.590
203;26;2;83.484;108.080
204;2;27;86.065;66.680
204;27;2;86.065;90.940
205;2;27;77.074;69.620
205;27;2;77.074;93.880
206;2;28;142.767;78.710
206;28;2;142.767;103.060
207;2;28;156.080;73.470
207;28;2;156.080;97.820
208;2;29;82.919;69.280
208;29;2;82.919;93.860
209;2;30;82.779;74.210
209;30;2;82.779;99.300
210;2;31;122.761;71.090
210;31;2;122.761;96.890
211;2;31;133.746;77.380
211;31;2;133.746;103.180
212;2;32;85.525;75.300
212;32;2;85.525;101.160
213;2;33;84.024;66.460
213;33;2;84.024;92.520
214;2;33;81.405;69.560
214;33;2;81.405;95.620
215;2;33;93.391;75.170
215;33;2;93.391;101.230
216;2;34;98.025;66.750
216;34;2;98.025;93.380
217;2;35;162.144;64.860
217;35;2;162.144;91.640
218;2;35;152.560;72.610
218;35;2;152.560;99.390
219;2;36;53.171;66.780
219;36;2;53.171;94.280
220;2;37;71.558;76.490
220;37;2;71.558;104.350
221;2;37;72.789;83.730
221;37;2;72.789;111.590
222;2;38;132.213;77.530
222;38;2;132.213;107.110
223;2;39;23.796;11.620
223;39;2;68.796;102.200
224;2;39;27.782;4.780
224;39;2;72.782;95.360
225;2;39;25.934;7.470
225;39;2;70.934;98.050
226;3;4;96.088;104.960
226;4;3;96.088;109.940
227;3;4;92.629;99.350
227;4;3;92.629;104.330
228;3;5;69.444;103.640
228;5;3;69.444;108.710
229;3;6;75.314;101.030
229;6;3;75.314;108.150
230;3;6;76.887;86.130
230;6;3;76.887;93.250
231;3;7;73.717;90.830
231;7;3;73.717;98.200
232;3;7;71.441;99.310
232;7;3;71.441;106.680
233;3;8;54.238;98.320
233;8;3;54.238;107.570
234;3;8;56.272;82.360
234;8;3;56.272;91.610
235;3;8;55.029;103.670
235;8;3;55.029;112.920
236;3;9;69.601;99.600
236;9;3;69.601;109.500
237;3;9;65.144;84.510
237;9;3;65.144;94.410
238;3;10;82.998;90.820
238;10;3;82.998;101.180
239;3;11;66.053;95.780
239;11;3;66.053;106.520
240;3;11;70.821;86.780
240;11;3;70.821;97.520
241;3;12;55.054;81.150
241;12;3;55.054;93.780
242;3;13;49.830;97.140
242;13;3;49.830;110.890
243;3;13;48.741;98.220
243;13;3;48.741;111.970
244;3;13;49.949;101.080
244;13;3;49.949;114.830
245;3;14;72.936;92.430
245;14;3;72.936;106.870
246;3;14;74.644;93.490
246;14;3;74.644;107.930
247;3;14;74.092;82.700
247;14;3;74.092;97.140
248;3;15;93.521;89.740
248;15;3;93.521;104.540
249;3;16;93.824;90.010
249;16;3;93.824;105.950
250;3;16;95.601;89.770
250;16;3;95.601;105.710
251;3;16;102.019;78.500
251;16;3;102.019;94.440
252;3;17;48.134;89.190
252;17;3;48.134;105.650
253;3;18;63.125;75.330
253;18;3;63.125;93.740
254;3;18;58.622;76.830
254;18;3;58.622;95.240
255;3;19;74.047;76.200
255;19;3;74.047;94.700
256;3;19;80.313;93.220
256;19;3;80.313;111.720
257;3;20;72.199;85.710
257;20;3;72.199;105.320
258;3;20;76.984;86.610
258;20;3;76.984;106.220
259;3;20;77.266;91.970
259;20;3;77.266;111.580
260;3;21;110.123;74.110
260;21;3;110.123;93.850
261;3;22;110.940;71.560
261;22;3;110.940;92.030
262;3;22;116.506;91.340
262;22;3;116.506;111.810
263;3;22;113.639;89.340
263;22;3;113.639;109.810
264;3;23;65.740;85.100
264;23;3;65.740;105.990
265;3;23;66.559;78.900
265;23;3;66.559;99.790
266;3;23;61.676;77.030
266;23;3;61.676;97.920
267;3;24;56.138;73.590
267;24;3;56.138;94.570
268;3;25;65.413;71.200
268;25;3;65.413;92.920
269;3;25;62.331;86.970
269;25;3;62.331;108.690
270;3;26;51.317;85.220
270;26;3;51.317;108.370
271;3;26;52.533;79.850
271;26;3;52.533;103.000
272;3;26;50.384;89.770
272;26;3;50.384;112.920
273;3;27;64.813;82.330
273;27;3;64.813;106.250
274;3;27;61.551;68.390
274;27;3;61.551;92.310
275;3;28;108.137;88.220
275;28;3;108.137;112.230
276;3;28;123.595;82.410
276;28;3;123.595;106.420
277;3;28;119.900;79.730
277;28;3;119.900;103.740
278;3;29;52.058;77.410
278;29;3;52.058;101.650
279;3;29;51.488;80.540
279;29;3;51.488;104.780
280;3;30;54.569;83.050
280;30;3;54.569;107.800
281;3;30;52.627;79.610
281;30;3;52.627;104.360
282;3;31;87.679;73.940
282;31;3;87.679;99.400
283;3;31;95.186;73.590
283;31;3;95.186;99.050
284;3;32;63.660;70.240
284;32;3;63.660;95.760
285;3;32;59.734;75.260
285;32;3;59.734;100.780
286;3;33;58.515;83.250
286;33;3;58.515;108.970
287;3;33;56.207;76.770
287;33;3;56.207;102.490
288;3;34;55.896;70.500
288;34;3;55.896;96.790
289;3;34;56.238;64.330
289;34;3;56.238;90.620
290;3;34;57.797;85.770
290;34;3;57.797;112.060
291;3;35;119.701;85.630
291;35;3;119.701;112.070
292;3;35;127.909;68.220
292;35;3;127.909;94.660
293;3;36;84.813;85.850
293;36;3;84.813;113.010
294;3;36;85.855;76.200
294;36;3;85.855;103.360
295;3;36;87.380;66.160
295;36;3;87.380;93.320
296;3;37;68.466;74.330
296;37;3;68.466;101.850
297;3;37;71.487;72.980
297;37;3;71.487;100.500
298;3;37;72.731;80.090
298;37;3;72.731;107.610
299;3;38;91.911;77.460
299;38;3;91.911;106.700
300;3;39;30.107;15.060
300;39;3;75.107;105.300
301;3;39;29.474;18.070
301;39;3;74.474;108.310
302;3;39;31.975;22.730
302;39;3;76.975;112.970
303;4;5;81.692;102.590
303;5;4;81.692;102.680
304;4;6;95.763;87.430
304;6;4;95.763;89.570
305;4;7;102.108;86.970
305;7;4;102.108;89.360
306;4;7;114.654;90.990
306;7;4;114.654;93.380
307;4;8;98.504;85.590
307;8;4;98.504;89.860
308;4;8;106.783;91.720
308;8;4;106.783;95.990
309;4;9;105.469;91.250
309;9;4;105.469;96.170
310;4;9;93.962;97.630
310;9;4;93.962;102.550
311;4;9;107.357;83.210
311;9;4;107.357;88.130
312;4;10;118.587;83.470
312;10;4;118.587;88.850
313;4;11;90.108;101.880
313;11;4;90.108;107.640
314;4;12;88.017;97.310
314;12;4;88.017;104.960
315;4;12;83.049;95.080
315;12;4;83.049;102.730
316;4;13;97.055;83.240
316;13;4;97.055;92.010
317;4;13;90.756;86.210
317;13;4;90.756;94.980
318;4;14;81.867;88.350
318;14;4;81.867;97.810
319;4;14;72.854;83.560
319;14;4;72.854;93.020
320;4;14;73.991;100.150
320;14;4;73.991;109.610
321;4;15;54.760;88.890
321;15;4;54.760;98.710
322;4;15;53.035;93.120
322;15;4;53.035;102.940
323;4;15;53.997;77.570
323;15;4;53.997;87.390
324;4;16;63.721;84.830
324;16;4;63.721;95.790
325;4;17;92.972;77.630
325;17;4;92.972;89.110
326;4;17;81.206;78.690
326;17;4;81.206;90.170
327;4;17;101.416;93.140
327;17;4;101.416;104.620
328;4;18;90.512;79.830
328;18;4;90.512;93.260
329;4;18;90.737;87.630
329;18;4;90.737;101.060
330;4;18;100.266;95.330
330;18;4;100.266;108.760
331;4;19;118.841;82.410
331;19;4;118.841;95.930
332;4;19;114.206;72.610
332;19;4;114.206;86.130
333;4;19;108.577;95.140
333;19;4;108.577;108.660
334;4;20;105.087;84.620
334;20;4;105.087;99.250
335;4;21;152.715;88.870
335;21;4;152.715;103.630
336;4;21;132.708;88.290
336;21;4;132.708;103.050
337;4;22;148.777;80.810
337;22;4;148.777;96.300
338;4;22;139.532;78.200
338;22;4;139.532;93.690
339;4;22;131.238;89.820
339;22;4;131.238;105.310
340;4;23;95.384;75.200
340;23;4;95.384;91.110
341;4;24;86.229;88.590
341;24;4;86.229;104.590
342;4;25;80.398;72.730
342;25;4;80.398;89.470
343;4;25;71.688;72.860
343;25;4;71.688;89.600
344;4;25;84.825;76.970
344;25;4;84.825;93.710
345;4;26;90.434;90.340
345;26;4;90.434;108.510
346;4;26;79.478;68.260
346;26;4;79.478;86.430
347;4;27;91.414;85.390
347;27;4;91.414;104.330
348;4;28;147.722;89.880
348;28;4;147.722;108.910
349;4;29;89.765;90.100
349;29;4;89.765;109.360
350;4;30;89.149;82.040
350;30;4;89.149;101.810
351;4;31;129.661;89.120
351;31;4;129.661;109.600
352;4;32;90.992;83.660
352;32;4;90.992;104.200
353;4;32;92.266;82.860
353;32;4;92.266;103.400
354;4;32;87.583;69.860
354;32;4;87.583;90.400
355;4;33;89.999;87.810
355;33;4;89.999;108.550
356;4;33;86.347;71.860
356;33;4;86.347;92.600
357;4;34;104.458;69.460
357;34;4;104.458;90.770
358;4;34;98.218;78.230
358;34;4;98.218;99.540
359;4;34;98.760;72.630
359;34;4;98.760;93.940
360;4;35;168.244;64.270
360;35;4;168.244;85.730
361;4;35;161.157;73.970
361;35;4;161.157;95.430
362;4;35;181.310;79.310
362;35;4;181.310;100.770
363;4;36;59.458;84.650
363;36;4;59.458;106.830
364;4;36;63.030;83.880
364;36;4;63.030;106.060
365;4;36;60.558;84.650
365;36;4;60.558;106.830
366;4;37;77.067;74.440
366;37;4;77.067;96.980
367;4;37;72.043;72.790
367;37;4;72.043;95.330
368;4;38;139.200;81.670
368;38;4;139.200;105.930
369;4;39;28.285;24.920
369;39;4;73.285;110.180
370;5;6;60.381;106.900
370;6;5;60.381;108.950
371;5;7;92.906;87.800
371;7;5;92.906;90.100
372;5;8;77.233;98.530
372;8;5;77.233;102.710
373;5;8;79.731;100.490
373;8;5;79.731;104.670
374;5;9;68.885;99.510
374;9;5;68.885;104.340
375;5;9;63.655;102.400
375;9;5;63.655;107.230
376;5;10;81.967;85.740
376;10;5;81.967;91.030
377;5;10;75.472;97.580
377;10;5;75.472;102.870
378;5;10;80.331;100.930
378;10;5;80.331;106.220
379;5;11;53.547;96.160
379;11;5;53.547;101.830
380;5;11;55.256;85.290
380;11;5;55.256;90.960
381;5;11;53.461;80.750
381;11;5;53.461;86.420
382;5;12;68.890;79.870
382;12;5;68.890;87.430
383;5;12;73.897;86.580
383;12;5;73.897;94.140
384;5;12;68.938;80.070
384;12;5;68.938;87.630
385;5;13;73.348;86.700
385;13;5;73.348;95.380
386;5;13;66.382;89.960
386;13;5;66.382;98.640
387;5;14;48.720;99.250
387;14;5;48.720;108.620
388;5;15;83.904;88.100
388;15;5;83.904;97.830
389;5;16;72.272;91.520
389;16;5;72.272;102.390
390;5;16;73.819;98.160
390;16;5;73.819;109.030
391;5;16;69.346;90.420
391;16;5;69.346;101.290
392;5;17;67.457;81.770
392;17;5;67.457;93.160
393;5;17;72.163;90.530
393;17;5;72.163;101.920
394;5;18;54.733;92.610
394;18;5;54.733;105.950
395;5;18;56.345;86.470
395;18;5;56.345;99.810
396;5;19;98.422;93.290
396;19;5;98.422;106.720
397;5;19;107.277;75.980
397;19;5;107.277;89.410
398;5;20;68.397;92.720
398;20;5;68.397;107.260
399;5;20;72.248;90.930
399;20;5;72.248;105.470
400;5;21;116.038;92.630
400;21;5;116.038;107.300
401;5;21;100.373;90.070
401;21;5;100.373;104.740
402;5;21;106.368;77.510
402;21;5;106.368;92.180
403;5;22;134.874;93.010
403;22;5;134.874;108.410
404;5;22;131.448;85.510
404;22;5;131.448;100.910
405;5;23;58.852;83.200
405;23;5;58.852;99.020
406;5;24;67.456;69.480
406;24;5;67.456;85.390
407;5;24;69.163;93.510
407;24;5;69.163;109.420
408;5;24;69.355;84.850
408;24;5;69.355;100.760
409;5;25;50.626;80.050
409;25;5;50.626;96.700
410;5;25;51.192;87.100
410;25;5;51.192;103.750
411;5;26;67.698;69.330
411;26;5;67.698;87.410
412;5;27;55.056;78.310
412;27;5;55.056;97.160
413;5;27;55.045;69.010
413;27;5;55.045;87.860
414;5;27;53.452;73.520
414;27;5;53.452;92.370
415;5;28;111.092;73.660
415;28;5;111.092;92.600
416;5;29;67.563;70.320
416;29;5;67.563;89.490
417;5;29;63.946;72.020
417;29;5;63.946;91.190
418;5;30;59.887;83.490
418;30;5;59.887;103.170
419;5;30;57.154;72.510
419;30;5;57.154;92.190
420;5;31;111.918;66.950
420;31;5;111.918;87.340
421;5;31;111.585;75.370
421;31;5;111.585;95.760
422;5;32;54.975;74.100
422;32;5;54.975;94.550
423;5;32;53.321;66.380
423;32;5;53.321;86.830
424;5;33;56.840;88.150
424;33;5;56.840;108.800
425;5;34;72.548;64.430
425;34;5;72.548;85.650
426;5;35;132.759;66.430
426;35;5;132.759;87.800
427;5;35;135.465;71.360
427;35;5;135.465;92.730
428;5;36;76.945;71.940
428;36;5;76.945;94.030
429;5;36;77.355;64.540
429;36;5;77.355;86.630
430;5;36;73.885;66.700
430;36;5;73.885;88.790
431;5;37;51.171;84.550
431;37;5;51.171;107.000
432;5;37;52.021;63.710
432;37;5;52.021;86.160
433;5;38;116.122;84.030
433;38;5;116.122;108.200
434;5;39;8.647;3.990
434;39;5;53.647;89.160
435;5;39;10.726;12.810
435;39;5;55.726;97.980
436;6;7;103.016;90.290
436;7;6;103.016;90.540
437;6;7;92.958;97.410
437;7;6;92.958;97.660
438;6;7;93.527;94.630
438;7;6;93.527;94.880
439;6;8;84.488;97.740
439;8;6;84.488;99.870
440;6;8;91.190;89.210
440;8;6;91.190;91.340
441;6;9;59.400;98.860
441;9;6;59.400;101.640
442;6;9;62.179;92.410
442;9;6;62.179;95.190
443;6;9;59.710;102.910
443;9;6;59.710;105.690
444;6;10;68.621;100.190
444;10;6;68.621;103.430
445;6;11;55.323;97.630
445;11;6;55.323;101.250
446;6;11;56.320;81.220
446;11;6;56.320;84.840
447;6;11;54.052;96.470
447;11;6;54.052;100.090
448;6;12;79.348;79.700
448;12;6;79.348;85.210
449;6;12;77.158;79.310
449;12;6;77.158;84.820
450;6;13;80.092;85.190
450;13;6;80.092;91.820
451;6;13;77.707;94.050
451;13;6;77.707;100.680
452;6;13;79.850;92.720
452;13;6;79.850;99.350
453;6;14;59.020;90.620
453;14;6;59.020;97.940
454;6;14;56.840;98.680
454;14;6;56.840;106.000
455;6;15;98.965;87.690
455;15;6;98.965;95.370
456;6;16;82.763;92.480
456;16;6;82.763;101.300
457;6;16;91.620;78.060
457;16;6;91.620;86.880
458;6;17;74.821;75.830
458;17;6;74.821;85.170
459;6;18;57.858;77.100
459;18;6;57.858;88.390
460;6;18;55.845;72.240
460;18;6;55.845;83.530
461;6;18;55.474;81.480
461;18;6;55.474;92.770
462;6;19;103.017;95.830
462;19;6;103.017;107.210
463;6;20;57.000;78.030
463;20;6;57.000;90.520
464;6;20;58.852;76.780
464;20;6;58.852;89.270
465;6;20;55.624;75.390
465;20;6;55.624;87.880
466;6;21;103.279;82.860
466;21;6;103.279;95.480
467;6;21;103.016;84.080
467;21;6;103.016;96.700
468;6;21;94.864;90.190
468;21;6;94.864;102.810
469;6;22;140.389;90.200
469;22;6;140.389;103.550
470;6;22;125.734;76.960
470;22;6;125.734;90.310
471;6;22;147.620;76.060
471;22;6;147.620;89.410
472;6;23;54.749;92.070
472;23;6;54.749;105.840
473;6;23;54.674;69.690
473;23;6;54.674;83.460
474;6;23;52.585;77.650
474;23;6;52.585;91.420
475;6;24;78.502;87.690
475;24;6;78.502;101.550
476;6;24;76.114;86.250
476;24;6;76.114;100.110
477;6;24;71.365;69.720
477;24;6;71.365;83.580
478;6;25;64.811;74.460
478;25;6;64.811;89.060
479;6;26;76.705;76.400
479;26;6;76.705;92.430
480;6;26;80.289;81.940
480;26;6;80.289;97.970
481;6;27;55.905;79.400
481;27;6;55.905;96.200
482;6;27;57.567;76.190
482;27;6;57.567;92.990
483;6;28;97.433;67.310
483;28;6;97.433;84.200
484;6;29;76.911;80.270
484;29;6;76.911;97.390
485;6;29;84.476;68.180
485;29;6;84.476;85.300
486;6;29;79.230;66.960
486;29;6;79.230;84.080
487;6;30;67.821;77.130
487;30;6;67.821;94.760
488;6;31;116.810;66.150
488;31;6;116.810;84.490
489;6;31;106.321;70.940
489;31;6;106.321;89.280
490;6;32;57.156;83.730
490;32;6;57.156;102.130
491;6;33;62.705;67.400
491;33;6;62.705;86.000
492;6;34;72.411;81.150
492;34;6;72.411;100.320
493;6;34;65.944;88.260
493;34;6;65.944;107.430
494;6;34;70.421;66.100
494;34;6;70.421;85.270
495;6;35;122.822;79.780
495;35;6;122.822;99.100
496;6;36;92.282;66.420
496;36;6;92.282;86.460
497;6;37;66.487;74.540
497;37;6;66.487;94.940
498;6;38;117.778;77.150
498;38;6;117.778;99.270
499;6;38;103.206;64.200
499;38;6;103.206;86.320
500;6;38;103.037;82.890
500;38;6;103.037;105.010
501;6;39;22.688;1.430
501;39;6;67.688;84.550
502;7;8;64.858;97.060
502;8;7;64.858;98.940
503;7;8;64.399;88.320
503;8;7;64.399;90.200
504;7;8;68.376;95.550
504;8;7;68.376;97.430
505;7;9;98.228;102.200
505;9;7;98.228;104.730
506;7;9;99.735;86.770
506;9;7;99.735;89.300
507;7;9;108.122;85.240
507;9;7;108.122;87.770
508;7;10;110.986;89.920
508;10;7;110.986;92.910
509;7;11;92.930;99.590
509;11;7;92.930;102.960
510;7;11;100.882;91.890
510;11;7;100.882;95.260
511;7;11;89.143;86.580
511;11;7;89.143;89.950
512;7;12;69.134;83.090
512;12;7;69.134;88.350
513;7;12;63.317;79.980
513;12;7;63.317;85.240
514;7;13;69.021;77.340
514;13;7;69.021;83.720
515;7;14;96.604;85.620
515;14;7;96.604;92.690
516;7;14;101.575;80.670
516;14;7;101.575;87.740
517;7;15;94.934;98.830
517;15;7;94.934;106.260
518;7;16;108.856;85.420
518;16;7;108.856;93.990
519;7;17;73.380;84.060
519;17;7;73.380;93.150
520;7;17;77.215;77.290
520;17;7;77.215;86.380
521;7;17;77.822;86.870
521;17;7;77.822;95.960
522;7;18;90.195;89.560
522;18;7;90.195;100.600
523;7;18;82.365;76.280
523;18;7;82.365;87.320
524;7;19;67.443;83.730
524;19;7;67.443;94.860
525;7;20;100.908;92.300
525;20;7;100.908;104.540
526;7;20;103.447;79.950
526;20;7;103.447;92.190
527;7;21;133.529;87.930
527;21;7;133.529;100.300
528;7;21;124.721;72.180
528;21;7;124.721;84.550
529;7;21;135.446;89.680
529;21;7;135.446;102.050
530;7;22;91.711;86.170
530;22;7;91.711;99.270
531;7;22;84.661;86.040
531;22;7;84.661;99.140
532;7;22;83.793;76.650
532;22;7;83.793;89.750
533;7;23;93.924;79.950
533;23;7;93.924;93.470
534;7;23;83.899;78.390
534;23;7;83.899;91.910
535;7;24;70.455;71.340
535;24;7;70.455;84.950
536;7;24;69.300;86.490
536;24;7;69.300;100.100
537;7;25;87.406;85.230
537;25;7;87.406;99.580
538;7;26;71.323;80.490
538;26;7;71.323;96.270
539;7;26;74.026;71.660
539;26;7;74.026;87.440
540;7;26;65.913;84.310
540;26;7;65.913;100.090
541;7;27;92.122;86.380
541;27;7;92.122;102.930
542;7;28;133.328;83.360
542;28;7;133.328;100.000
543;7;28;124.523;80.230
543;28;7;124.523;96.870
544;7;29;71.164;72.480
544;29;7;71.164;89.350
545;7;29;70.975;84.650
545;29;7;70.975;101.520
546;7;30;80.236;87.120
546;30;7;80.236;104.500
547;7;31;73.838;73.820
547;31;7;73.838;91.910
548;7;31;71.260;87.990
548;31;7;71.260;106.080
549;7;31;73.482;84.110
549;31;7;73.482;102.200
550;7;32;90.875;71.850
550;32;7;90.875;90.000
551;7;32;100.905;85.280
551;32;7;100.905;103.430
552;7;32;82.761;79.260
552;32;7;82.761;97.410
553;7;33;85.323;73.760
553;33;7;85.323;92.110
554;7;33;75.635;69.200
554;33;7;75.635;87.550
555;7;34;82.429;78.410
555;34;7;82.429;97.330
556;7;34;84.129;78.270
556;34;7;84.129;97.190
557;7;34;79.488;88.500
557;34;7;79.488;107.420
558;7;35;136.357;85.480
558;35;7;136.357;104.550
559;7;35;118.510;88.610
559;35;7;118.510;107.680
560;7;35;125.169;81.480
560;35;7;125.169;100.550
561;7;36;87.680;70.250
561;36;7;87.680;90.040
562;7;37;88.814;86.170
562;37;7;88.814;106.320
563;7;37;80.850;70.800
563;37;7;80.850;90.950
564;7;38;86.633;76.370
564;38;7;86.633;98.240
565;7;38;83.089;78.800
565;38;7;83.089;100.670
566;7;38;92.552;70.380
566;38;7;92.552;92.250
567;7;39;49.508;17.550
567;39;7;94.508;100.420
568;7;39;51.769;10.090
568;39;7;96.769;92.960
569;7;39;47.681;20.440
569;39;7;92.681;103.310
570;8;9;78.419;85.860
570;9;8;78.419;86.510
571;8;10;91.181;100.670
571;10;8;91.181;101.780
572;8;10;98.513;103.610
572;10;8;98.513;104.720
573;8;11;74.973;81.600
573;11;8;74.973;83.090
574;8;11;71.515;89.530
574;11;8;71.515;91.020
575;8;12;55.686;97.610
575;12;8;55.686;100.990
576;8;13;49.411;93.600
576;13;8;49.411;98.100
577;8;14;80.886;96.800
577;14;8;80.886;101.990
578;8;14;77.370;80.380
578;14;8;77.370;85.570
579;8;15;94.291;88.950
579;15;8;94.291;94.500
580;8;16;99.245;79.160
580;16;8;99.245;85.850
581;8;17;54.975;82.530
581;17;8;54.975;89.740
582;8;17;53.764;77.290
582;17;8;53.764;84.500
583;8;18;72.071;79.510
583;18;8;72.071;88.670
584;8;18;72.539;90.400
584;18;8;72.539;99.560
585;8;18;67.801;74.060
585;18;8;67.801;83.220
586;8;19;66.784;85.370
586;19;8;66.784;94.620
587;8;20;81.182;82.980
587;20;8;81.182;93.340
588;8;21;115.732;93.630
588;21;8;115.732;104.120
589;8;21;110.768;78.210
589;21;8;110.768;88.700
590;8;22;102.641;74.600
590;22;8;102.641;85.820
591;8;22;96.123;79.250
591;22;8;96.123;90.470
592;8;22;107.128;85.240
592;22;8;107.128;96.460
593;8;23;74.967;88.360
593;23;8;74.967;100.000
594;8;23;70.967;93.250
594;23;8;70.967;104.890
595;8;23;77.026;84.000
595;23;8;77.026;95.640
596;8;24;57.572;75.870
596;24;8;57.572;87.600
597;8;24;57.885;89.630
597;24;8;57.885;101.360
598;8;24;59.031;88.610
598;24;8;59.031;100.340
599;8;25;72.463;68.660
599;25;8;72.463;81.130
600;8;25;77.829;83.230
600;25;8;77.829;95.700
601;8;25;73.533;80.090
601;25;8;73.533;92.560
602;8;26;54.785;74.830
602;26;8;54.785;88.730
603;8;26;56.870;74.370
603;26;8;56.870;88.270
604;8;26;52.574;70.540
604;26;8;52.574;84.440
605;8;27;73.847;79.590
605;27;8;73.847;94.260
606;8;28;114.654;88.660
606;28;8;114.654;103.420
607;8;28;105.627;86.110
607;28;8;105.627;100.870
608;8;28;98.238;84.650
608;28;8;98.238;99.410
609;8;29;55.142;90.840
609;29;8;55.142;105.830
610;8;29;54.140;76.170
610;29;8;54.140;91.160
611;8;29;54.693;74.420
611;29;8;54.693;89.410
612;8;30;62.667;71.050
612;30;8;62.667;86.550
613;8;31;79.854;75.350
613;31;8;79.854;91.560
614;8;32;72.657;74.400
614;32;8;72.657;90.670
615;8;32;69.830;74.100
615;32;8;69.830;90.370
616;8;33;67.291;81.610
616;33;8;67.291;98.080
617;8;33;64.696;79.470
617;33;8;64.696;95.940
618;8;33;70.421;86.770
618;33;8;70.421;103.240
619;8;34;62.743;84.990
619;34;8;62.743;102.030
620;8;35;122.350;64.940
620;35;8;122.350;82.130
621;8;35;114.835;82.150
621;35;8;114.835;99.340
622;8;36;85.666;87.360
622;36;8;85.666;105.270
623;8;36;82.823;65.240
623;36;8;82.823;83.150
624;8;36;90.363;75.160
624;36;8;90.363;93.070
625;8;37;74.991;86.030
625;37;8;74.991;104.300
626;8;38;86.270;85.970
626;38;8;86.270;105.960
627;8;39;36.549;22.490
627;39;8;81.549;103.480
628;8;39;28.658;2.590
628;39;8;73.658;83.580
629;8;39;31.266;14.900
629;39;8;76.266;95.890
630;9;10;59.501;93.550
630;10;9;59.501;94.010
631;9;10;56.374;104.680
631;10;9;56.374;105.140
632;9;11;60.372;92.860
632;11;9;60.372;93.700
633;9;11;58.754;81.740
633;11;9;58.754;82.580
634;9;11;60.609;100.090
634;11;9;60.609;100.930
635;9;12;77.326;78.790
635;12;9;77.326;81.520
636;9;12;74.808;96.980
636;12;9;74.808;99.710
637;9;13;74.210;92.520
637;13;9;74.210;96.370
638;9;14;69.630;92.260
638;14;9;69.630;96.800
639;9;14;75.076;88.400
639;14;9;75.076;92.940
640;9;15;106.754;90.480
640;15;9;106.754;95.380
641;9;15;110.590;89.200
641;15;9;110.590;94.100
642;9;16;95.168;88.390
642;16;9;95.168;94.430
643;9;16;92.150;84.870
643;16;9;92.150;90.910
644;9;17;70.644;81.210
644;17;9;70.644;87.770
645;9;17;75.147;92.230
645;17;9;75.147;98.790
646;9;17;68.316;75.400
646;17;9;68.316;81.960
647;9;18;60.208;78.590
647;18;9;60.208;87.100
648;9;18;56.939;84.120
648;18;9;56.939;92.630
649;9;19;93.168;75.640
649;19;9;93.168;84.240
650;9;20;48.361;82.500
650;20;9;48.361;92.210
651;9;20;49.123;89.770
651;20;9;49.123;99.480
652;9;21;92.290;87.360
652;21;9;92.290;97.200
653;9;22;130.235;87.000
653;22;9;130.235;97.570
654;9;22;135.055;72.490
654;22;9;135.055;83.060
655;9;23;55.085;88.960
655;23;9;55.085;99.950
656;9;24;77.276;81.190
656;24;9;77.276;92.270
657;9;24;85.294;71.800
657;24;9;85.294;82.880
658;9;24;72.751;69.360
658;24;9;72.751;80.440
659;9;25;70.526;86.870
659;25;9;70.526;98.690
660;9;25;65.471;85.180
660;25;9;65.471;97.000
661;9;26;73.693;82.610
661;26;9;73.693;95.860
662;9;26;80.430;74.820
662;26;9;80.430;88.070
663;9;26;70.700;90.520
663;26;9;70.700;103.770
664;9;27;59.075;82.370
664;27;9;59.075;96.390
665;9;28;87.910;84.130
665;28;9;87.910;98.240
666;9;29;74.198;67.840
666;29;9;74.198;82.180
667;9;29;74.242;89.180
667;29;9;74.242;103.520
668;9;29;75.875;81.290
668;29;9;75.875;95.630
669;9;30;66.551;69.080
669;30;9;66.551;83.930
670;9;30;64.588;79.540
670;30;9;64.588;94.390
671;9;31;106.687;70.810
671;31;9;106.687;86.370
672;9;31;117.281;80.450
672;31;9;117.281;96.010
673;9;32;59.627;83.260
673;32;9;59.627;98.880
674;9;32;59.822;69.470
674;32;9;59.822;85.090
675;9;33;62.568;84.420
675;33;9;62.568;100.240
676;9;34;62.085;69.780
676;34;9;62.085;86.170
677;9;34;58.502;78.070
677;34;9;58.502;94.460
678;9;34;63.860;75.380
678;34;9;63.860;91.770
679;9;35;109.423;80.670
679;35;9;109.423;97.210
680;9;35;119.466;69.930
680;35;9;119.466;86.470
681;9;36;98.966;73.940
681;36;9;98.966;91.200
682;9;37;73.573;86.620
682;37;9;73.573;104.240
683;9;38;105.565;84.380
683;38;9;105.565;103.720
684;9;38;119.000;63.190
684;38;9;119.000;82.530
685;9;39;32.509;8.460
685;39;9;77.509;88.800
686;9;39;36.522;24.110
686;39;9;81.522;104.450
687;10;11;73.859;92.360
687;11;10;73.859;92.740
688;10;11;67.050;92.840
688;11;10;67.050;93.220
689;10;12;91.477;101.630
689;12;10;91.477;103.900
690;10;12;91.507;100.900
690;12;10;91.507;103.170
691;10;12;83.172;93.500
691;12;10;83.172;95.770
692;10;13;87.271;95.620
692;13;10;87.271;99.010
693;10;13;93.778;97.490
693;13;10;93.778;100.880
694;10;14;81.838;80.760
694;14;10;81.838;84.840
695;10;14;85.853;95.150
695;14;10;85.853;99.230
696;10;15;120.617;77.000
696;15;10;120.617;81.440
697;10;16;106.384;89.940
697;16;10;106.384;95.520
698;10;16;106.659;92.870
698;16;10;106.659;98.450
699;10;16;111.630;96.450
699;16;10;111.630;102.030
700;10;17;84.493;90.520
700;17;10;84.493;96.620
701;10;17;85.658;98.610
701;17;10;85.658;104.710
702;10;17;78.601;83.100
702;17;10;78.601;89.200
703;10;18;74.303;81.230
703;18;10;74.303;89.280
704;10;18;77.814;92.060
704;18;10;77.814;100.110
705;10;19;102.399;92.910
705;19;10;102.399;101.050
706;10;19;104.060;73.770
706;19;10;104.060;81.910
707;10;19;110.898;75.870
707;19;10;110.898;84.010
708;10;20;58.725;79.320
708;20;10;58.725;88.570
709;10;20;61.248;74.640
709;20;10;61.248;83.890
710;10;20;61.718;76.240
710;20;10;61.718;85.490
711;10;21;79.657;73.200
711;21;10;79.657;82.580
712;10;22;138.102;72.210
712;22;10;138.102;82.320
713;10;22;124.558;71.880
713;22;10;124.558;81.990
714;10;22;147.500;93.620
714;22;10;147.500;103.730
715;10;23;68.888;69.760
715;23;10;68.888;80.290
716;10;23;71.508;69.650
716;23;10;71.508;80.180
717;10;23;70.629;89.770
717;23;10;70.629;100.300
718;10;24;91.565;83.750
718;24;10;91.565;94.370
719;10;25;84.479;85.340
719;25;10;84.479;96.700
720;10;26;87.726;73.520
720;26;10;87.726;86.310
721;10;27;72.879;70.640
721;27;10;72.879;84.200
722;10;27;69.462;88.620
722;27;10;69.462;102.180
723;10;28;74.136;71.580
723;28;10;74.136;85.230
724;10;28;81.128;72.080
724;28;10;81.128;85.730
725;10;28;68.770;78.420
725;28;10;68.770;92.070
726;10;29;88.283;74.170
726;29;10;88.283;88.050
727;10;30;81.011;65.710
727;30;10;81.011;80.100
728;10;30;89.435;82.550
728;30;10;89.435;96.940
729;10;31;115.123;69.650
729;31;10;115.123;84.750
730;10;32;73.647;71.740
730;32;10;73.647;86.900
731;10;33;77.050;67.160
731;33;10;77.050;82.520
732;10;33;71.596;70.240
732;33;10;71.596;85.600
733;10;34;73.594;86.620
733;34;10;73.594;102.550
734;10;35;100.480;88.370
734;35;10;100.480;104.450
735;10;36;113.074;78.730
735;36;10;113.074;95.530
736;10;37;87.272;74.590
736;37;10;87.272;91.750
737;10;38;111.005;72.160
737;38;10;111.005;91.040
738;10;39;45.309;19.460
738;39;10;90.309;99.340
739;10;39;45.216;6.380
739;39;10;90.216;86.260
740;11;12;69.083;90.680
740;12;11;69.083;92.570
741;11;12;72.832;90.370
741;12;11;72.832;92.260
742;11;13;70.659;88.370
742;13;11;70.659;91.380
743;11;14;54.971;96.140
743;14;11;54.971;99.840
744;11;14;53.605;96.360
744;14;11;53.605;100.060
745;11;14;56.907;82.340
745;14;11;56.907;86.040
746;11;15;91.758;84.010
746;15;11;91.758;88.070
747;11;15;91.969;83.160
747;15;11;91.969;87.220
748;11;15;101.719;83.600
748;15;11;101.719;87.660
749;11;16;80.483;83.080
749;16;11;80.483;88.280
750;11;16;76.560;90.960
750;16;11;76.560;96.160
751;11;16;84.119;96.590
751;16;11;84.119;101.790
752;11;17;65.072;89.600
752;17;11;65.072;95.320
753;11;17;61.661;90.100
753;17;11;61.661;95.820
754;11;18;47.930;90.710
754;18;11;47.930;98.380
755;11;18;47.872;80.490
755;18;11;47.872;88.160
756;11;19;94.732;89.070
756;19;11;94.732;96.830
757;11;19;82.393;85.490
757;19;11;82.393;93.250
758;11;20;60.151;75.810
758;20;11;60.151;84.680
759;11;20;60.617;71.690
759;20;11;60.617;80.560
760;11;21;107.614;90.420
760;21;11;107.614;99.420
761;11;22;131.899;92.270
761;22;11;131.899;102.000
762;11;22;142.368;85.410
762;22;11;142.368;95.140
763;11;22;138.931;85.520
763;22;11;138.931;95.250
764;11;23;50.307;92.240
764;23;11;50.307;102.390
765;11;24;68.190;84.610
765;24;11;68.190;94.850
766;11;24;71.788;82.270
766;24;11;71.788;92.510
767;11;24;69.262;72.770
767;24;11;69.262;83.010
768;11;25;55.748;72.060
768;25;11;55.748;83.040
769;11;25;55.679;88.860
769;25;11;55.679;99.840
770;11;26;66.618;71.100
770;26;11;66.618;83.510
771;11;26;70.722;87.420
771;26;11;70.722;99.830
772;11;26;71.737;71.410
772;26;11;71.737;83.820
773;11;27;46.755;88.310
773;27;11;46.755;101.490
774;11;27;46.538;73.730
774;27;11;46.538;86.910
775;11;28;102.892;72.030
775;28;11;102.892;85.300
776;11;28;114.931;83.290
776;28;11;114.931;96.560
777;11;29;66.767;75.340
777;29;11;66.767;88.840
778;11;29;63.145;70.130
778;29;11;63.145;83.630
779;11;29;61.946;79.860
779;29;11;61.946;93.360
780;11;30;57.704;67.330
780;30;11;57.704;81.340
781;11;31;108.490;66.970
781;31;11;108.490;81.690
782;11;32;47.493;78.590
782;32;11;47.493;93.370
783;11;32;47.316;80.560
783;32;11;47.316;95.340
784;11;33;52.711;69.940
784;33;11;52.711;84.920
785;11;33;52.850;67.550
785;33;11;52.850;82.530
786;11;34;65.993;77.090
786;34;11;65.993;92.640
787;11;35;124.270;84.080
787;35;11;124.270;99.780
788;11;35;106.948;71.390
788;35;11;106.948;87.090
789;11;35;130.488;73.520
789;35;11;130.488;89.220
790;11;36;84.311;69.270
790;36;11;84.311;85.690
791;11;36;87.534;76.820
791;36;11;87.534;93.240
792;11;36;89.450;82.680
792;36;11;89.450;99.100
793;11;37;58.413;83.310
793;37;11;58.413;100.090
794;11;38;111.028;76.780
794;38;11;111.028;95.280
795;11;38;119.795;78.730
795;38;11;119.795;97.230
796;11;38;119.213;69.830
796;38;11;119.213;88.330
797;11;39;17.194;19.670
797;39;11;62.194;99.170
798;12;13;54.199;92.940
798;13;12;54.199;94.060
799;12;13;53.477;90.580
799;13;12;53.477;91.700
800;12;14;72.607;80.540
800;14;12;72.607;82.350
801;12;14;73.994;89.370
801;14;12;73.994;91.180
802;12;15;84.399;83.050
802;15;12;84.399;85.220
803;12;15;78.839;93.630
803;15;12;78.839;95.800
804;12;16;88.764;75.430
804;16;12;88.764;78.740
805;12;16;98.062;89.090
805;16;12;98.062;92.400
806;12;16;82.947;80.590
806;16;12;82.947;83.900
807;12;17;52.406;79.320
807;17;12;52.406;83.150
808;12;17;51.807;75.030
808;17;12;51.807;78.860
809;12;18;66.505;96.760
809;18;12;66.505;102.540
810;12;18;70.852;82.480
810;18;12;70.852;88.260
811;12;18;63.159;93.520
811;18;12;63.159;99.300
812;12;19;77.227;75.080
812;19;12;77.227;80.950
813;12;19;76.814;85.830
813;19;12;76.814;91.700
814;12;19;69.524;94.560
814;19;12;69.524;100.430
815;12;20;79.368;77.200
815;20;12;79.368;84.180
816;12;21;120.007;74.690
816;21;12;120.007;81.800
817;12;21;136.763;76.220
817;21;12;136.763;83.330
818;12;22;111.937;85.510
818;22;12;111.937;93.350
819;12;22;99.520;72.110
819;22;12;99.520;79.950
820;12;23;70.880;80.560
820;23;12;70.880;88.820
821;12;23;68.726;77.600
821;23;12;68.726;85.860
822;12;23;68.619;90.390
822;23;12;68.619;98.650
823;12;24;46.897;74.720
823;24;12;46.897;83.070
824;12;24;47.246;76.430
824;24;12;47.246;84.780
825;12;25;63.528;79.770
825;25;12;63.528;88.860
826;12;25;67.615;71.380
826;25;12;67.615;80.470
827;12;26;48.909;69.800
827;26;12;48.909;80.320
828;12;27;68.479;82.010
828;27;12;68.479;93.300
829;12;27;70.355;83.570
829;27;12;70.355;94.860
830;12;27;66.174;81.160
830;27;12;66.174;92.450
831;12;28;117.712;85.290
831;28;12;117.712;96.670
832;12;29;48.248;73.800
832;29;12;48.248;85.410
833;12;29;47.514;75.910
833;29;12;47.514;87.520
834;12;30;56.648;86.200
834;30;12;56.648;98.320
835;12;30;54.436;72.900
835;30;12;54.436;85.020
836;12;30;57.065;77.300
836;30;12;57.065;89.420
837;12;31;89.819;75.960
837;31;12;89.819;88.790
838;12;32;67.227;77.340
838;32;12;67.227;90.230
839;12;33;61.748;76.870
839;33;12;61.748;89.960
840;12;33;63.355;88.550
840;33;12;63.355;101.640
841;12;33;58.639;72.060
841;33;12;58.639;85.150
842;12;34;65.863;88.800
842;34;12;65.863;102.460
843;12;34;64.999;88.590
843;34;12;64.999;102.250
844;12;35;129.631;81.790
844;35;12;129.631;95.600
845;12;35;130.900;69.900
845;35;12;130.900;83.710
846;12;36;75.687;75.460
846;36;12;75.687;89.990
847;12;36;82.434;87.200
847;36;12;82.434;101.730
848;12;37;65.445;81.350
848;37;12;65.445;96.240
849;12;37;69.790;75.700
849;37;12;69.790;90.590
850;12;37;61.416;75.220
850;37;12;61.416;90.110
851;12;38;96.946;66.490
851;38;12;96.946;83.100
852;12;38;98.834;76.580
852;38;12;98.834;93.190
853;12;39;26.736;13.180
853;39;12;71.736;90.790
854;13;14;76.950;98.940
854;14;13;76.950;99.630
855;13;15;93.597;99.300
855;15;13;93.597;100.350
856;13;16;96.433;94.720
856;16;13;96.433;96.910
857;13;17;50.893;92.360
857;17;13;50.893;95.070
858;13;17;51.564;98.290
858;17;13;51.564;101.000
859;13;17;50.374;97.640
859;17;13;50.374;100.350
860;13;18;67.745;87.720
860;18;13;67.745;92.380
861;13;19;70.157;96.160
861;19;13;70.157;100.910
862;13;20;76.901;92.340
862;20;13;76.901;98.200
863;13;21;113.043;91.310
863;21;13;113.043;97.300
864;13;21;105.587;72.970
864;21;13;105.587;78.960
865;13;22;106.618;92.190
865;22;13;106.618;98.910
866;13;23;70.556;78.000
866;23;13;70.556;85.140
867;13;23;64.360;73.660
867;23;13;64.360;80.800
868;13;23;76.832;87.430
868;23;13;76.832;94.570
869;13;24;55.870;71.650
869;24;13;55.870;78.880
870;13;25;68.842;79.910
870;25;13;68.842;87.880
871;13;25;65.093;91.690
871;25;13;65.093;99.660
872;13;26;51.816;88.590
872;26;13;51.816;97.990
873;13;26;52.708;67.980
873;26;13;52.708;77.380
874;13;26;50.387;68.940
874;26;13;50.387;78.340
875;13;27;69.494;88.450
875;27;13;69.494;98.620
876;13;27;75.514;85.440
876;27;13;75.514;95.610
877;13;27;71.635;80.590
877;27;13;71.635;90.760
878;13;28;111.540;75.470
878;28;13;111.540;85.730
879;13;28;126.216;71.060
879;28;13;126.216;81.320
880;13;28;95.569;75.820
880;28;13;95.569;86.080
881;13;29;52.399;89.770
881;29;13;52.399;100.260
882;13;29;53.620;82.620
882;29;13;53.620;93.110
883;13;30;58.572;85.900
883;30;13;58.572;96.900
884;13;31;83.570;72.620
884;31;13;83.570;84.330
885;13;31;86.174;79.490
885;31;13;86.174;91.200
886;13;31;82.357;72.330
886;31;13;82.357;84.040
887;13;32;68.314;69.520
887;32;13;68.314;81.290
888;13;33;63.012;86.990
888;33;13;63.012;98.960
889;13;34;59.211;84.810
889;34;13;59.211;97.350
890;13;34;61.475;81.820
890;34;13;61.475;94.360
891;13;35;121.063;69.200
891;35;13;121.063;81.890
892;13;35;106.749;79.680
892;35;13;106.749;92.370
893;13;35;108.277;82.430
893;35;13;108.277;95.120
894;13;36;84.886;75.450
894;36;13;84.886;88.860
895;13;36;92.250;83.450
895;36;13;92.250;96.860
896;13;36;78.245;67.360
896;36;13;78.245;80.770
897;13;37;71.600;74.510
897;37;13;71.600;88.280
898;13;37;77.600;75.280
898;37;13;77.600;89.050
899;13;38;88.898;69.990
899;38;13;88.898;85.480
900;13;39;33.232;13.920
900;39;13;78.232;90.410
901;13;39;35.766;18.930
901;39;13;80.766;95.420
902;14;15;84.983;83.630
902;15;14;84.983;83.990
903;14;15;90.282;89.850
903;15;14;90.282;90.210
904;14;16;70.626;88.550
904;16;14;70.626;90.050
905;14;17;71.057;82.890
905;17;14;71.057;84.910
906;14;17;73.359;89.640
906;17;14;73.359;91.660
907;14;17;70.219;91.970
907;17;14;70.219;93.990
908;14;18;56.952;75.570
908;18;14;56.952;79.540
909;14;18;57.962;84.220
909;18;14;57.962;88.190
910;14;18;57.140;74.010
910;18;14;57.140;77.980
911;14;19;101.963;79.310
911;19;14;101.963;83.370
912;14;19;102.629;77.440
912;19;14;102.629;81.500
913;14;19;109.031;75.710
913;19;14;109.031;79.770
914;14;20;68.636;86.710
914;20;14;68.636;91.880
915;14;20;64.003;76.780
915;20;14;64.003;81.950
916;14;20;65.283;83.900
916;20;14;65.283;89.070
917;14;21;116.280;80.870
917;21;14;116.280;86.170
918;14;21;131.277;72.560
918;21;14;131.277;77.860
919;14;21;131.275;81.960
919;21;14;131.275;87.260
920;14;22;138.521;90.720
920;22;14;138.521;96.750
921;14;22;145.673;80.220
921;22;14;145.673;86.250
922;14;22;127.993;71.860
922;22;14;127.993;77.890
923;14;23;59.979;71.610
923;23;14;59.979;78.060
924;14;23;59.905;84.530
924;23;14;59.905;90.980
925;14;24;71.162;74.490
925;24;14;71.162;81.030
926;14;24;69.465;89.390
926;24;14;69.465;95.930
927;14;25;54.237;70.780
927;25;14;54.237;78.060
928;14;25;53.557;85.700
928;25;14;53.557;92.980
929;14;26;71.395;88.570
929;26;14;71.395;97.280
930;14;27;56.693;86.350
930;27;14;56.693;95.830
931;14;27;55.464;78.040
931;27;14;55.464;87.520
932;14;27;55.569;91.040
932;27;14;55.569;100.520
933;14;28;110.940;90.400
933;28;14;110.940;99.970
934;14;28;117.875;83.050
934;28;14;117.875;92.620
935;14;28;125.893;75.520
935;28;14;125.893;85.090
936;14;29;71.270;68.490
936;29;14;71.270;78.290
937;14;30;63.422;68.260
937;30;14;63.422;78.570
938;14;30;63.817;76.300
938;30;14;63.817;86.610
939;14;30;59.119;80.950
939;30;14;59.119;91.260
940;14;31;115.506;71.920
940;31;14;115.506;82.940
941;14;31;107.458;74.380
941;31;14;107.458;85.400
942;14;32;56.984;74.540
942;32;14;56.984;85.620
943;14;33;59.945;79.470
943;33;14;59.945;90.750
944;14;34;75.300;83.840
944;34;14;75.300;95.690
945;14;34;78.252;86.270
945;34;14;78.252;98.120
946;14;34;67.851;64.990
946;34;14;67.851;76.840
947;14;35;133.962;84.770
947;35;14;133.962;96.770
948;14;36;78.563;74.110
948;36;14;78.563;86.830
949;14;37;53.953;85.690
949;37;14;53.953;98.770
950;14;38;119.426;66.880
950;38;14;119.426;81.680
951;14;39;8.671;6.250
951;39;14;53.671;82.050
952;15;16;72.076;83.540
952;16;15;72.076;84.680
953;15;16;74.544;81.350
953;16;15;74.544;82.490
954;15;16;66.683;90.230
954;16;15;66.683;91.370
955;15;17;90.399;85.110
955;17;15;90.399;86.770
956;15;18;91.546;87.840
956;18;15;91.546;91.450
957;15;18;92.765;92.370
957;18;15;92.765;95.980
958;15;18;86.907;83.620
958;18;15;86.907;87.230
959;15;19;113.337;82.480
959;19;15;113.337;86.180
960;15;19;111.797;89.380
960;19;15;111.797;93.080
961;15;19;109.748;79.540
961;19;15;109.748;83.240
962;15;20;106.902;88.410
962;20;15;106.902;93.220
963;15;21;153.905;95.000
963;21;15;153.905;99.940
964;15;21;158.165;80.710
964;21;15;158.165;85.650
965;15;21;142.775;71.320
965;21;15;142.775;76.260
966;15;22;141.250;79.370
966;22;15;141.250;85.040
967;15;22;140.969;74.870
967;22;15;140.969;80.540
968;15;23;96.814;84.430
968;23;15;96.814;90.520
969;15;24;82.798;78.950
969;24;15;82.798;85.130
970;15;25;81.232;76.390
970;25;15;81.232;83.310
971;15;25;79.657;71.570
971;25;15;79.657;78.490
972;15;25;75.494;80.730
972;25;15;75.494;87.650
973;15;26;87.419;77.160
973;26;15;87.419;85.510
974;15;26;86.882;82.110
974;26;15;86.882;90.460
975;15;27;92.793;81.600
975;27;15;92.793;90.720
976;15;27;81.787;75.080
976;27;15;81.787;84.200
977;15;27;86.633;81.200
977;27;15;86.633;90.320
978;15;28;149.601;86.040
978;28;15;149.601;95.250
979;15;29;86.697;73.540
979;29;15;86.697;82.980
980;15;30;88.076;84.090
980;30;15;88.076;94.040
981;15;31;123.233;74.230
981;31;15;123.233;84.890
982;15;31;128.036;89.630
982;31;15;128.036;100.290
983;15;32;92.138;76.930
983;32;15;92.138;87.650
984;15;32;93.230;84.110
984;32;15;93.230;94.830
985;15;32;98.211;89.060
985;32;15;98.211;99.780
986;15;33;90.011;71.880
986;33;15;90.011;82.800
987;15;33;87.745;67.150
987;33;15;87.745;78.070
988;15;34;102.987;66.860
988;34;15;102.987;78.350
989;15;34;100.749;81.030
989;34;15;100.749;92.520
990;15;35;167.504;87.460
990;35;15;167.504;99.100
991;15;35;181.752;81.160
991;35;15;181.752;92.800
992;15;36;53.722;64.520
992;36;15;53.722;76.880
993;15;37;78.346;86.090
993;37;15;78.346;98.810
994;15;38;133.825;78.040
994;38;15;133.825;92.480
995;15;38;151.550;74.510
995;38;15;151.550;88.950
996;15;38;151.431;79.230
996;38;15;151.431;93.670
997;15;39;31.387;7.230
997;39;15;76.387;82.670
998;15;39;25.634;3.070
998;39;15;70.634;78.510
999;16;17;91.063;83.520
999;17;16;91.063;84.040
1000;16;18;82.002;72.130
1000;18;16;82.002;74.600
1001;16;18;73.347;78.540
1001;18;16;73.347;81.010
1002;16;19;120.973;80.810
1002;19;16;120.973;83.370
1003;16;19;139.561;81.190
1003;19;16;139.561;83.750
1004;16;19;131.091;78.620
1004;19;16;131.091;81.180
1005;16;20;93.874;82.750
1005;20;16;93.874;86.420
1006;16;20;102.741;77.310
1006;20;16;102.741;80.980
1007;16;21;141.041;81.060
1007;21;16;141.041;84.860
1008;16;21;152.336;76.380
1008;21;16;152.336;80.180
1009;16;21;123.491;80.480
1009;21;16;123.491;84.280
1010;16;22;154.833;91.860
1010;22;16;154.833;96.390
1011;16;22;163.751;91.040
1011;22;16;163.751;95.570
1012;16;22;174.514;85.840
1012;22;16;174.514;90.370
1013;16;23;85.599;84.300
1013;23;16;85.599;89.250
1014;16;23;76.822;82.210
1014;23;16;76.822;87.160
1015;16;24;86.877;78.800
1015;24;16;86.877;83.840
1016;16;24;84.190;73.930
1016;24;16;84.190;78.970
1017;16;24;86.751;70.370
1017;24;16;86.751;75.410
1018;16;25;73.971;73.300
1018;25;16;73.971;79.080
1019;16;25;72.187;89.710
1019;25;16;72.187;95.490
1020;16;26;89.693;74.030
1020;26;16;89.693;81.240
1021;16;26;96.326;81.360
1021;26;16;96.326;88.570
1022;16;26;87.574;73.590
1022;26;16;87.574;80.800
1023;16;27;82.142;69.960
1023;27;16;82.142;77.940
1024;16;27;75.228;87.460
1024;27;16;75.228;95.440
1025;16;28;135.045;78.420
1025;28;16;135.045;86.490
1026;16;29;89.213;78.710
1026;29;16;89.213;87.010
1027;16;30;84.848;70.220
1027;30;16;84.848;79.030
1028;16;31;133.461;82.000
1028;31;16;133.461;91.520
1029;16;31;147.482;67.100
1029;31;16;147.482;76.620
1030;16;31;112.050;66.110
1030;31;16;112.050;75.630
1031;16;32;82.210;86.770
1031;32;16;82.210;96.350
1032;16;32;87.766;70.250
1032;32;16;87.766;79.830
1033;16;33;83.502;72.280
1033;33;16;83.502;82.060
1034;16;34;99.329;68.110
1034;34;16;99.329;78.460
1035;16;34;93.881;64.080
1035;34;16;93.881;74.430
1036;16;34;102.568;66.530
1036;34;16;102.568;76.880
1037;16;35;159.568;74.100
1037;35;16;159.568;84.600
1038;16;36;71.588;83.780
1038;36;16;71.588;95.000
1039;16;36;65.407;63.080
1039;36;16;65.407;74.300
1040;16;37;70.585;79.980
1040;37;16;70.585;91.560
1041;16;37;67.843;85.430
1041;37;16;67.843;97.010
1042;16;37;68.662;74.380
1042;37;16;68.662;85.960
1043;16;38;140.326;83.910
1043;38;16;140.326;97.210
1044;16;38;143.200;84.540
1044;38;16;143.200;97.840
1045;16;39;19.222;15.520
1045;39;16;64.222;89.820
1046;16;39;22.941;1.610
1046;39;16;67.941;75.910
1047;16;39;19.244;13.180
1047;39;16;64.244;87.480
1048;17;18;62.198;85.060
1048;18;17;62.198;87.010
1049;17;18;62.793;80.360
1049;18;17;62.793;82.310
1050;17;18;59.929;80.800
1050;18;17;59.929;82.750
1051;17;19;76.010;72.110
1051;19;17;76.010;74.150
1052;17;19;79.953;75.760
1052;19;17;79.953;77.800
1053;17;20;72.982;92.400
1053;20;17;72.982;95.550
1054;17;20;70.050;78.460
1054;20;17;70.050;81.610
1055;17;21;112.603;86.800
1055;21;17;112.603;90.080
1056;17;21;125.478;95.100
1056;21;17;125.478;98.380
1057;17;22;112.493;74.920
1057;22;17;112.493;78.930
1058;17;22;107.679;73.540
1058;22;17;107.679;77.550
1059;17;23;65.552;81.090
1059;23;17;65.552;85.520
1060;17;23;64.113;87.730
1060;23;17;64.113;92.160
1061;17;23;63.435;71.640
1061;23;17;63.435;76.070
1062;17;24;53.231;83.720
1062;24;17;53.231;88.240
1063;17;24;54.357;79.740
1063;24;17;54.357;84.260
1064;17;24;53.562;74.100
1064;24;17;53.562;78.620
1065;17;25;63.034;88.300
1065;25;17;63.034;93.560
1066;17;25;62.176;85.530
1066;25;17;62.176;90.790
1067;17;25;66.323;91.950
1067;25;17;66.323;97.210
1068;17;26;48.504;75.620
1068;26;17;48.504;82.310
1069;17;27;64.032;85.200
1069;27;17;64.032;92.660
1070;17;27;67.930;84.510
1070;27;17;67.930;91.970
1071;17;28;110.343;76.350
1071;28;17;110.343;83.900
1072;17;28;112.039;75.460
1072;28;17;112.039;83.010
1073;17;28;115.206;79.120
1073;28;17;115.206;86.670
1074;17;29;49.209;78.910
1074;29;17;49.209;86.690
1075;17;29;48.193;75.470
1075;29;17;48.193;83.250
1076;17;30;52.708;67.140
1076;30;17;52.708;75.430
1077;17;30;50.812;75.860
1077;30;17;50.812;84.150
1078;17;30;51.176;73.150
1078;30;17;51.176;81.440
1079;17;31;89.461;81.610
1079;31;17;89.461;90.610
1080;17;31;81.201;74.300
1080;31;17;81.201;83.300
1081;17;32;62.815;71.580
1081;32;17;62.815;80.640
1082;17;32;61.956;80.740
1082;32;17;61.956;89.800
1083;17;32;66.320;73.500
1083;32;17;66.320;82.560
1084;17;33;57.365;85.500
1084;33;17;57.365;94.760
1085;17;33;56.188;78.470
1085;33;17;56.188;87.730
1086;17;33;54.872;68.190
1086;33;17;54.872;77.450
1087;17;34;58.514;87.240
1087;34;17;58.514;97.070
1088;17;35;122.694;78.020
1088;35;17;122.694;88.000
1089;17;35;109.062;77.840
1089;35;17;109.062;87.820
1090;17;36;81.695;87.710
1090;36;17;81.695;98.410
1091;17;36;85.207;84.000
1091;36;17;85.207;94.700
1092;17;36;83.282;83.360
1092;36;17;83.282;94.060
1093;17;37;65.912;64.010
1093;37;17;65.912;75.070
1094;17;38;94.420;62.370
1094;38;17;94.420;75.150
1095;17;39;27.562;13.480
1095;39;17;72.562;87.260
1096;17;39;34.244;19.370
1096;39;17;79.244;93.150
1097;17;39;30.981;15.040
1097;39;17;75.981;88.820
1098;18;19;91.819;73.600
1098;19;18;91.819;73.690
1099;18;20;60.628;95.400
1099;20;18;60.628;96.600
1100;18;21;107.439;81.780
1100;21;18;107.439;83.110
1101;18;21;96.867;80.180
1101;21;18;96.867;81.510
1102;18;21;93.728;78.220
1102;21;18;93.728;79.550
1103;18;22;128.972;90.080
1103;22;18;128.972;92.140
1104;18;22;134.690;70.360
1104;22;18;134.690;72.420
1105;18;23;50.468;80.570
1105;23;18;50.468;83.050
1106;18;23;51.417;90.130
1106;23;18;51.417;92.610
1107;18;23;51.166;91.500
1107;23;18;51.166;93.980
1108;18;24;65.726;92.630
1108;24;18;65.726;95.200
1109;18;24;69.505;84.150
1109;24;18;69.505;86.720
1110;18;25;55.322;84.230
1110;25;18;55.322;87.540
1111;18;26;63.873;83.320
1111;26;18;63.873;88.060
1112;18;26;66.911;85.840
1112;26;18;66.911;90.580
1113;18;27;46.983;75.260
1113;27;18;46.983;80.770
1114;18;27;47.014;80.370
1114;27;18;47.014;85.880
1115;18;27;47.304;80.380
1115;27;18;47.304;85.890
1116;18;28;103.090;79.740
1116;28;18;103.090;85.340
1117;18;28;113.704;73.040
1117;28;18;113.704;78.640
1118;18;29;64.060;85.870
1118;29;18;64.060;91.700
1119;18;29;65.264;72.610
1119;29;18;65.264;78.440
1120;18;30;54.969;84.760
1120;30;18;54.969;91.100
1121;18;30;54.713;65.970
1121;30;18;54.713;72.310
1122;18;30;55.210;68.340
1122;30;18;55.210;74.680
1123;18;31;105.572;88.360
1123;31;18;105.572;95.410
1124;18;32;45.760;84.750
1124;32;18;45.760;91.860
1125;18;32;45.658;65.180
1125;32;18;45.658;72.290
1126;18;32;45.624;75.160
1126;32;18;45.624;82.270
1127;18;33;49.879;80.160
1127;33;18;49.879;87.470
1128;18;33;49.586;75.910
1128;33;18;49.586;83.220
1129;18;33;49.024;66.250
1129;33;18;49.024;73.560
1130;18;34;63.455;80.320
1130;34;18;63.455;88.200
1131;18;34;59.507;88.720
1131;34;18;59.507;96.600
1132;18;34;62.048;75.170
1132;34;18;62.048;83.050
1133;18;35;123.211;77.540
1133;35;18;123.211;85.570
1134;18;35;111.497;67.350
1134;35;18;111.497;75.380
1135;18;35;108.543;66.330
1135;35;18;108.543;74.360
1136;18;36;83.807;66.800
1136;36;18;83.807;75.550
1137;18;37;58.464;75.940
1137;37;18;58.464;85.050
1138;18;37;56.985;64.170
1138;37;18;56.985;73.280
1139;18;38;108.257;68.080
1139;38;18;108.257;78.910
1140;18;38;123.652;61.580
1140;38;18;123.652;72.410
1141;18;39;18.196;21.350
1141;39;18;63.196;93.180
1142;18;39;19.237;19.850
1142;39;18;64.237;91.680
1143;18;39;18.604;1.700
1143;39;18;63.604;73.530
1144;19;20;96.445;73.010
1144;20;19;96.445;74.120
1145;19;21;117.272;94.890
1145;21;19;117.272;96.130
1146;19;21;113.879;75.880
1146;21;19;113.879;77.120
1147;19;21;119.537;83.400
1147;21;19;119.537;84.640
1148;19;22;82.380;79.190
1148;22;19;82.380;81.160
1149;19;23;93.284;75.370
1149;23;19;93.284;77.760
1150;19;23;82.548;75.440
1150;23;19;82.548;77.830
1151;19;23;84.483;75.220
1151;23;19;84.483;77.610
1152;19;24;79.121;85.360
1152;24;19;79.121;87.840
1153;19;24;71.123;79.800
1153;24;19;71.123;82.280
1154;19;24;77.092;83.770
1154;24;19;77.092;86.250
1155;19;25;93.998;75.130
1155;25;19;93.998;78.350
1156;19;25;87.326;88.470
1156;25;19;87.326;91.690
1157;19;26;76.525;74.490
1157;26;19;76.525;79.140
1158;19;27;93.307;73.120
1158;27;19;93.307;78.540
1159;19;27;103.030;75.080
1159;27;19;103.030;80.500
1160;19;28;118.873;84.660
1160;28;19;118.873;90.170
1161;19;28;137.245;90.170
1161;28;19;137.245;95.680
1162;19;29;76.918;86.580
1162;29;19;76.918;92.320
1163;19;29;79.855;90.870
1163;29;19;79.855;96.610
1164;19;29;75.271;86.190
1164;29;19;75.271;91.930
1165;19;30;83.546;67.830
1165;30;19;83.546;74.080
1166;19;30;76.637;67.100
1166;30;19;76.637;73.350
1167;19;31;58.798;73.100
1167;31;19;58.798;80.060
1168;19;31;61.301;84.710
1168;31;19;61.301;91.670
1169;19;31;57.746;76.270
1169;31;19;57.746;83.230
1170;19;32;92.259;69.230
1170;32;19;92.259;76.250
1171;19;32;100.581;72.230
1171;32;19;100.581;79.250
1172;19;33;87.459;69.560
1172;33;19;87.459;76.780
1173;19;33;77.630;70.240
1173;33;19;77.630;77.460
1174;19;34;76.245;82.770
1174;34;19;76.245;90.560
1175;19;34;82.501;76.660
1175;34;19;82.501;84.450
1176;19;34;79.346;85.570
1176;34;19;79.346;93.360
1177;19;35;115.880;87.840
1177;35;19;115.880;95.780
1178;19;35;108.708;77.530
1178;35;19;108.708;85.470
1179;19;35;126.429;73.600
1179;35;19;126.429;81.540
1180;19;36;105.114;84.090
1180;36;19;105.114;92.750
1181;19;36;103.354;68.310
1181;36;19;103.354;76.970
1182;19;37;96.688;63.600
1182;37;19;96.688;72.620
1183;19;37;86.196;78.530
1183;37;19;86.196;87.550
1184;19;38;65.490;77.940
1184;38;19;65.490;88.680
1185;19;39;58.284;13.100
1185;39;19;103.284;84.840
1186;20;21;92.692;81.090
1186;21;20;92.692;81.220
1187;20;22;133.556;93.550
1187;22;20;133.556;94.410
1188;20;22;138.035;75.950
1188;22;20;138.035;76.810
1189;20;22;150.541;94.630
1189;22;20;150.541;95.490
1190;20;23;55.181;70.720
1190;23;20;55.181;72.000
1191;20;23;52.812;85.800
1191;23;20;52.812;87.080
1192;20;24;79.163;78.490
1192;24;20;79.163;79.860
1193;20;25;70.756;74.940
1193;25;20;70.756;77.050
1194;20;26;75.866;90.790
1194;26;20;75.866;94.330
1195;20;26;74.974;79.970
1195;26;20;74.974;83.510
1196;20;27;59.157;82.680
1196;27;20;59.157;86.990
1197;20;27;61.629;87.680
1197;27;20;61.629;91.990
1198;20;28;87.748;81.080
1198;28;20;87.748;85.480
1199;20;28;90.089;85.640
1199;28;20;90.089;90.040
1200;20;29;76.323;73.390
1200;29;20;76.323;78.020
1201;20;30;68.195;87.080
1201;30;20;68.195;92.220
1202;20;30;73.202;87.570
1202;30;20;73.202;92.710
1203;20;31;109.996;87.870
1203;31;20;109.996;93.720
1204;20;31;119.594;65.870
1204;31;20;119.594;71.720
1205;20;31;122.450;68.020
1205;31;20;122.450;73.870
1206;20;32;59.954;87.740
1206;32;20;59.954;93.650
1207;20;33;63.772;77.570
1207;33;20;63.772;83.680
1208;20;33;60.631;68.030
1208;33;20;60.631;74.140
1209;20;33;62.155;65.450
1209;33;20;62.155;71.560
1210;20;34;65.283;78.820
1210;34;20;65.283;85.500
1211;20;35;111.004;63.810
1211;35;20;111.004;70.640
1212;20;35;105.773;87.570
1212;35;20;105.773;94.400
1213;20;35;101.606;87.040
1213;35;20;101.606;93.870
1214;20;36;99.354;79.680
1214;36;20;99.354;87.230
1215;20;36;102.535;71.370
1215;36;20;102.535;78.920
1216;20;36;92.131;79.240
1216;36;20;92.131;86.790
1217;20;37;73.563;76.700
1217;37;20;73.563;84.610
1218;20;37;79.848;79.570
1218;37;20;79.848;87.480
1219;20;37;72.090;66.590
1219;37;20;72.090;74.500
1220;20;38;108.918;67.780
1220;38;20;108.918;77.410
1221;20;38;93.832;69.490
1221;38;20;93.832;79.120
1222;20;38;124.098;63.220
1222;38;20;124.098;72.850
1223;20;39;31.884;6.910
1223;39;20;76.884;77.540
1224;20;39;24.178;1.150
1224;39;20;69.178;71.780
1225;21;22;145.386;92.520
1225;22;21;145.386;93.250
1226;21;22;159.894;82.860
1226;22;21;159.894;83.590
1227;21;23;102.363;84.630
1227;23;21;102.363;85.780
1228;21;24;120.698;82.260
1228;24;21;120.698;83.500
1229;21;25;117.753;76.260
1229;25;21;117.753;78.240
1230;21;25;116.044;78.460
1230;25;21;116.044;80.440
1231;21;25;111.870;72.620
1231;25;21;111.870;74.600
1232;21;26;116.106;71.460
1232;26;21;116.106;74.870
1233;21;26;132.580;68.230
1233;26;21;132.580;71.640
1234;21;26;123.068;78.570
1234;26;21;123.068;81.980
1235;21;27;106.364;76.460
1235;27;21;106.364;80.640
1236;21;28;53.891;89.950
1236;28;21;53.891;94.220
1237;21;29;116.800;71.480
1237;29;21;116.800;75.980
1238;21;30;111.786;73.260
1238;30;21;111.786;78.270
1239;21;30;122.322;66.160
1239;30;21;122.322;71.170
1240;21;30;98.752;88.880
1240;30;21;98.752;93.890
1241;21;31;126.254;82.050
1241;31;21;126.254;87.770
1242;21;31;138.742;70.980
1242;31;21;138.742;76.700
1243;21;32;106.891;65.840
1243;32;21;106.891;71.620
1244;21;32;99.433;76.210
1244;32;21;99.433;81.990
1245;21;33;109.018;85.730
1245;33;21;109.018;91.710
1246;21;33;105.269;81.850
1246;33;21;105.269;87.830
1247;21;34;99.228;64.380
1247;34;21;99.228;70.930
1248;21;34;101.604;86.670
1248;34;21;101.604;93.220
1249;21;35;72.074;74.050
1249;35;21;72.074;80.750
1250;21;35;71.821;65.350
1250;35;21;71.821;72.050
1251;21;36;145.892;66.150
1251;36;21;145.892;73.570
1252;21;37;120.858;70.670
1252;37;21;120.858;78.450
1253;21;37;136.730;65.760
1253;37;21;136.730;73.540
1254;21;38;115.801;65.280
1254;38;21;115.801;74.780
1255;21;38;133.135;73.010
1255;38;21;133.135;82.510
1256;21;39;79.572;7.010
1256;39;21;124.572;77.510
1257;21;39;92.387;5.760
1257;39;21;137.387;76.260
1258;22;23;130.650;82.940
1258;23;22;130.650;83.360
1259;22;24;113.717;69.600
1259;24;22;113.717;70.110
1260;22;24;126.798;78.780
1260;24;22;126.798;79.290
1261;22;24;114.045;87.340
1261;24;22;114.045;87.850
1262;22;25;130.017;91.620
1262;25;22;130.017;92.870
1263;22;25;120.927;84.010
1263;25;22;120.927;85.260
1264;22;26;112.282;86.720
1264;26;22;112.282;89.400
1265;22;26;111.633;79.230
1265;26;22;111.633;81.910
1266;22;27;130.535;73.040
1266;27;22;130.535;76.490
1267;22;27;130.047;78.750
1267;27;22;130.047;82.200
1268;22;27;128.312;74.360
1268;27;22;128.312;77.810
1269;22;28;149.258;71.090
1269;28;22;149.258;74.630
1270;22;28;125.232;83.220
1270;28;22;125.232;86.760
1271;22;28;145.779;76.250
1271;28;22;145.779;79.790
1272;22;29;112.512;67.890
1272;29;22;112.512;71.660
1273;22;30;120.189;75.870
1273;30;22;120.189;80.150
1274;22;30;107.950;74.990
1274;30;22;107.950;79.270
1275;22;31;68.616;67.670
1275;31;22;68.616;72.660
1276;22;32;129.450;65.000
1276;32;22;129.450;70.050
1277;22;32;150.408;88.380
1277;32;22;150.408;93.430
1278;22;33;124.454;74.480
1278;33;22;124.454;79.730
1279;22;33;136.082;65.830
1279;33;22;136.082;71.080
1280;22;34;113.519;65.120
1280;34;22;113.519;70.940
1281;22;35;134.770;70.690
1281;35;22;134.770;76.660
1282;22;36;134.327;86.780
1282;36;22;134.327;93.470
1283;22;36;124.032;79.530
1283;36;22;124.032;86.220
1284;22;37;132.307;79.550
1284;37;22;132.307;86.600
1285;22;37;150.140;72.050
1285;37;22;150.140;79.100
1286;22;37;116.903;72.000
1286;37;22;116.903;79.050
1287;22;38;74.586;71.850
1287;38;22;74.586;80.620
1288;22;39;93.673;12.040
1288;39;22;138.673;81.810
1289;23;24;70.339;72.530
1289;24;23;70.339;72.620
1290;23;24;72.404;78.760
1290;24;23;72.404;78.850
1291;23;24;70.212;75.170
1291;24;23;70.212;75.260
1292;23;25;60.606;90.810
1292;25;23;60.606;91.640
1293;23;25;58.022;79.450
1293;25;23;58.022;80.280
1294;23;25;59.646;80.630
1294;25;23;59.646;81.460
1295;23;26;67.821;82.080
1295;26;23;67.821;84.340
1296;23;26;65.706;86.360
1296;26;23;65.706;88.620
1297;23;26;67.627;69.960
1297;26;23;67.627;72.220
1298;23;27;49.023;80.610
1298;27;23;49.023;83.640
1299;23;27;48.509;85.570
1299;27;23;48.509;88.600
1300;23;28;97.787;78.160
1300;28;23;97.787;81.280
1301;23;28;86.998;87.060
1301;28;23;86.998;90.180
1302;23;29;68.133;89.940
1302;29;23;68.133;93.290
1303;23;29;70.123;68.130
1303;29;23;70.123;71.480
1304;23;30;59.254;89.260
1304;30;23;59.254;93.120
1305;23;31;107.080;84.920
1305;31;23;107.080;89.490
1306;23;31;104.937;74.120
1306;31;23;104.937;78.690
1307;23;32;49.777;73.840
1307;32;23;49.777;78.470
1308;23;32;49.122;75.840
1308;32;23;49.122;80.470
1309;23;32;48.614;75.240
1309;32;23;48.614;79.870
1310;23;33;54.290;82.330
1310;33;23;54.290;87.160
1311;23;33;55.643;84.960
1311;33;23;55.643;89.790
1312;23;34;62.990;77.620
1312;34;23;62.990;83.020
1313;23;34;63.750;79.860
1313;34;23;63.750;85.260
1314;23;34;60.866;84.280
1314;34;23;60.866;89.680
1315;23;35;119.040;66.480
1315;35;23;119.040;72.030
1316;23;36;89.188;76.990
1316;36;23;89.188;83.260
1317;23;36;99.451;64.830
1317;36;23;99.451;71.100
1318;23;36;93.189;72.230
1318;36;23;93.189;78.500
1319;23;37;63.534;75.240
1319;37;23;63.534;81.870
1320;23;37;61.639;79.200
1320;37;23;61.639;85.830
1321;23;38;108.438;81.990
1321;38;23;108.438;90.340
1322;23;38;101.398;74.450
1322;38;23;101.398;82.800
1323;23;39;22.496;23.500
1323;39;23;67.496;92.850
1324;23;39;26.880;15.570
1324;39;23;71.880;84.920
1325;24;25;62.004;69.520
1325;25;24;62.004;70.260
1326;24;26;49.821;88.160
1326;26;24;49.821;90.330
1327;24;26;50.804;73.520
1327;26;24;50.804;75.690
1328;24;26;49.609;80.760
1328;26;24;49.609;82.930
1329;24;27;67.709;85.560
1329;27;24;67.709;88.500
1330;24;27;65.629;77.750
1330;27;24;65.629;80.690
1331;24;27;71.672;89.700
1331;27;24;71.672;92.640
1332;24;28;118.195;84.570
1332;28;24;118.195;87.600
1333;24;29;49.080;88.380
1333;29;24;49.080;91.640
1334;24;29;48.473;90.310
1334;29;24;48.473;93.570
1335;24;30;56.104;67.930
1335;30;24;56.104;71.700
1336;24;30;53.548;89.540
1336;30;24;53.548;93.310
1337;24;30;55.985;68.600
1337;30;24;55.985;72.370
1338;24;31;91.677;88.450
1338;31;24;91.677;92.930
1339;24;32;66.465;78.850
1339;32;24;66.465;83.390
1340;24;33;61.093;80.720
1340;33;24;61.093;85.460
1341;24;33;57.522;81.310
1341;33;24;57.522;86.050
1342;24;34;66.734;86.160
1342;34;24;66.734;91.470
1343;24;34;69.233;76.410
1343;34;24;69.233;81.720
1344;24;35;130.837;74.880
1344;35;24;130.837;80.340
1345;24;36;74.078;68.230
1345;36;24;74.078;74.410
1346;24;37;63.760;85.430
1346;37;24;63.760;91.970
1347;24;38;98.837;81.430
1347;38;24;98.837;89.690
1348;24;38;108.257;80.290
1348;38;24;108.257;88.550
1349;24;39;24.972;12.650
1349;39;24;69.972;81.910
1350;24;39;20.038;8.090
1350;39;24;65.038;77.350
1351;24;39;23.146;9.060
1351;39;24;68.146;78.320
1352;25;26;62.738;76.610
1352;26;25;62.738;78.040
1353;25;26;63.967;73.800
1353;26;25;63.967;75.230
1354;25;27;56.600;73.790
1354;27;25;56.600;75.990
1355;25;27;53.998;66.800
1355;27;25;53.998;69.000
1356;25;28;113.379;87.610
1356;28;25;113.379;89.900
1357;25;28;117.578;77.510
1357;28;25;117.578;79.800
1358;25;29;62.511;87.470
1358;29;25;62.511;89.990
1359;25;29;59.915;68.400
1359;29;25;59.915;70.920
1360;25;29;62.888;68.630
1360;29;25;62.888;71.150
1361;25;30;56.015;66.970
1361;30;25;56.015;70.000
1362;25;30;56.969;77.730
1362;30;25;56.969;80.760
1363;25;31;107.303;86.590
1363;31;25;107.303;90.330
1364;25;31;99.352;80.230
1364;31;25;99.352;83.970
1365;25;32;55.906;81.150
1365;32;25;55.906;84.950
1366;25;32;55.392;76.290
1366;32;25;55.392;80.090
1367;25;33;54.857;79.190
1367;33;25;54.857;83.190
1368;25;33;53.112;70.110
1368;33;25;53.112;74.110
1369;25;34;70.458;81.620
1369;34;25;70.458;86.190
1370;25;35;132.948;74.320
1370;35;25;132.948;79.040
1371;25;36;73.603;76.100
1371;36;25;73.603;81.540
1372;25;36;73.521;74.020
1372;36;25;73.521;79.460
1373;25;37;48.511;64.140
1373;37;25;48.511;69.940
1374;25;37;48.114;77.630
1374;37;25;48.114;83.430
1375;25;37;48.386;77.680
1375;37;25;48.386;83.480
1376;25;38;112.324;73.470
1376;38;25;112.324;80.990
1377;25;38;125.188;81.910
1377;38;25;125.188;89.430
1378;25;38;126.878;63.070
1378;38;25;126.878;70.590
1379;25;39;9.829;11.360
1379;39;25;54.829;79.880
1380;26;27;65.804;82.510
1380;27;26;65.804;83.280
1381;26;28;113.810;88.410
1381;28;26;113.810;89.270
1382;26;28;128.803;81.150
1382;28;26;128.803;82.010
1383;26;28;112.813;81.940
1383;28;26;112.813;82.800
1384;26;29;45.742;74.570
1384;29;26;45.742;75.660
1385;26;30;53.916;86.170
1385;30;26;53.916;87.770
1386;26;31;89.630;68.650
1386;31;26;89.630;70.960
1387;26;32;64.555;66.490
1387;32;26;64.555;68.860
1388;26;32;62.543;73.170
1388;32;26;62.543;75.540
1389;26;32;67.896;82.470
1389;32;26;67.896;84.840
1390;26;33;59.003;66.390
1390;33;26;59.003;68.960
1391;26;33;57.933;88.530
1391;33;26;57.933;91.100
1392;26;33;55.503;77.360
1392;33;26;55.503;79.930
1393;26;34;62.000;70.120
1393;34;26;62.000;73.260
1394;26;34;57.812;69.280
1394;34;26;57.812;72.420
1395;26;35;126.016;81.660
1395;35;26;126.016;84.950
1396;26;35;137.499;71.560
1396;35;26;137.499;74.850
1397;26;36;78.698;77.840
1397;36;26;78.698;81.850
1398;26;36;77.109;77.310
1398;36;26;77.109;81.320
1399;26;36;72.323;82.380
1399;36;26;72.323;86.390
1400;26;37;65.207;64.820
1400;37;26;65.207;69.190
1401;26;38;95.638;71.040
1401;38;26;95.638;77.130
1402;26;39;26.770;1.700
1402;39;26;71.770;68.790
1403;26;39;27.434;16.980
1403;39;26;72.434;84.070
1404;27;28;101.809;77.760
1404;28;27;101.809;77.850
1405;27;29;66.006;76.470
1405;29;27;66.006;76.790
1406;27;30;56.916;76.320
1406;30;27;56.916;77.150
1407;27;31;107.083;79.980
1407;31;27;107.083;81.520
1408;27;31;118.883;80.480
1408;31;27;118.883;82.020
1409;27;31;106.490;77.970
1409;31;27;106.490;79.510
1410;27;32;46.253;70.900
1410;32;27;46.253;72.500
1411;27;33;51.801;82.750
1411;33;27;51.801;84.550
1412;27;33;52.734;71.250
1412;33;27;52.734;73.050
1413;27;34;64.289;69.440
1413;34;27;64.289;71.810
1414;27;34;68.014;83.540
1414;34;27;68.014;85.910
1415;27;35;122.704;79.450
1415;35;27;122.704;81.970
1416;27;35;140.268;78.670
1416;35;27;140.268;81.190
1417;27;35;136.694;69.610
1417;35;27;136.694;72.130
1418;27;36;85.197;82.890
1418;36;27;85.197;86.130
1419;27;36;75.854;67.380
1419;36;27;75.854;70.620
1420;27;37;59.514;71.050
1420;37;27;59.514;74.650
1421;27;37;56.334;86.480
1421;37;27;56.334;90.080
1422;27;38;109.413;65.260
1422;38;27;109.413;70.580
1423;27;39;18.686;11.190
1423;39;27;63.686;77.510
1424;27;39;22.959;5.560
1424;39;27;67.959;71.880
1425;27;39;14.702;10.310
1425;39;27;59.702;76.630
1426;28;29;114.467;80.070
1426;29;28;114.467;80.300
1427;28;30;108.550;70.430
1427;30;28;108.550;71.170
1428;28;30;124.374;89.230
1428;30;28;124.374;89.970
1429;28;31;128.961;69.260
1429;31;28;128.961;70.710
1430;28;32;102.478;89.310
1430;32;28;102.478;90.820
1431;28;33;105.251;87.370
1431;33;28;105.251;89.080
1432;28;33;90.536;66.480
1432;33;28;90.536;68.190
1433;28;34;97.388;87.940
1433;34;28;97.388;90.220
1434;28;35;80.917;86.130
1434;35;28;80.917;88.560
1435;28;36;141.875;68.170
1435;36;28;141.875;71.320
1436;28;36;158.591;85.790
1436;36;28;158.591;88.940
1437;28;36;123.554;87.120
1437;36;28;123.554;90.270
1438;28;37;116.292;84.250
1438;37;28;116.292;87.760
1439;28;38;119.772;72.730
1439;38;28;119.772;77.960
1440;28;38;111.743;80.990
1440;38;28;111.743;86.220
1441;28;38;133.325;66.810
1441;38;28;133.325;72.040
1442;28;39;74.442;9.650
1442;39;28;119.442;75.880
1443;28;39;66.302;5.940
1443;39;28;111.302;72.170
1444;28;39;80.401;20.460
1444;39;28;125.401;86.690
1445;29;30;54.092;73.500
1445;30;29;54.092;74.010
1446;29;30;55.440;69.750
1446;30;29;55.440;70.260
1447;29;30;54.397;70.880
1447;30;29;54.397;71.390
1448;29;31;89.946;87.710
1448;31;29;89.946;88.930
1449;29;31;86.989;86.740
1449;31;29;86.989;87.960
1450;29;32;64.755;72.170
1450;32;29;64.755;73.450
1451;29;32;60.596;81.700
1451;32;29;60.596;82.980
1452;29;33;59.209;89.470
1452;33;29;59.209;90.950
1453;29;34;62.719;73.100
1453;34;29;62.719;75.150
1454;29;34;59.184;70.330
1454;34;29;59.184;72.380
1455;29;35;126.758;83.970
1455;35;29;126.758;86.170
1456;29;35;114.222;88.750
1456;35;29;114.222;90.950
1457;29;35;107.344;68.270
1457;35;29;107.344;70.470
1458;29;36;77.976;72.440
1458;36;29;77.976;75.360
1459;29;36;85.310;83.930
1459;36;29;85.310;86.850
1460;29;37;64.886;84.500
1460;37;29;64.886;87.780
1461;29;37;68.522;85.780
1461;37;29;68.522;89.060
1462;29;38;96.138;65.860
1462;38;29;96.138;70.860
1463;29;38;88.782;72.820
1463;38;29;88.782;77.820
1464;29;39;26.416;6.620
1464;39;29;71.416;72.620
1465;29;39;31.392;20.610
1465;39;29;76.392;86.610
1466;30;31;97.091;76.860
1466;31;30;97.091;77.570
1467;30;32;55.664;87.740
1467;32;30;55.664;88.510
1468;30;33;50.126;79.750
1468;33;30;50.126;80.720
1469;30;33;49.934;74.070
1469;33;30;49.934;75.040
1470;30;33;49.409;87.320
1470;33;30;49.409;88.290
1471;30;34;60.322;67.230
1471;34;30;60.322;68.770
1472;30;34;57.750;67.240
1472;34;30;57.750;68.780
1473;30;35;124.476;80.680
1473;35;30;124.476;82.370
1474;30;36;79.629;87.620
1474;36;30;79.629;90.030
1475;30;37;59.274;74.280
1475;37;30;59.274;77.050
1476;30;37;60.150;85.290
1476;37;30;60.150;88.060
1477;30;37;62.644;81.180
1477;37;30;62.644;83.950
1478;30;38;101.410;63.450
1478;38;30;101.410;67.940
1479;30;38;94.913;82.880
1479;38;30;94.913;87.370
1480;30;39;20.827;6.020
1480;39;30;65.827;71.510
1481;31;32;106.024;86.860
1481;32;31;106.024;86.920
1482;31;32;99.885;64.810
1482;32;31;99.885;64.870
1483;31;33;101.153;75.210
1483;33;31;101.153;75.470
1484;31;33;97.366;82.200
1484;33;31;97.366;82.460
1485;31;34;89.909;67.840
1485;34;31;89.909;68.670
1486;31;34;93.252;84.500
1486;34;31;93.252;85.330
1487;31;34;84.437;82.630
1487;34;31;84.437;83.460
1488;31;35;120.592;76.620
1488;35;31;120.592;77.600
1489;31;36;115.480;68.820
1489;36;31;115.480;70.520
1490;31;37;109.830;65.550
1490;37;31;109.830;67.610
1491;31;37;105.045;77.940
1491;37;31;105.045;80.000
1492;31;38;60.436;84.800
1492;38;31;60.436;88.580
1493;31;38;59.148;61.840
1493;38;31;59.148;65.620
1494;31;39;71.350;0.690
1494;39;31;116.350;65.470
1495;31;39;71.440;23.700
1495;39;31;116.440;88.480
1496;32;33;50.552;66.960
1496;33;32;50.552;67.160
1497;32;34;63.593;68.710
1497;34;32;63.593;69.480
1498;32;34;62.364;77.500
1498;34;32;62.364;78.270
1499;32;35;122.853;87.220
1499;35;32;122.853;88.140
1500;32;35;117.646;64.870
1500;35;32;117.646;65.790
1501;32;36;84.442;69.250
1501;36;32;84.442;70.890
1502;32;36;88.305;71.100
1502;36;32;88.305;72.740
1503;32;37;58.977;71.840
1503;37;32;58.977;73.840
1504;32;38;108.546;77.530
1504;38;32;108.546;81.250
1505;32;39;18.520;2.610
1505;39;32;63.520;67.330
1506;33;34;60.850;76.300
1506;34;33;60.850;76.870
1507;33;34;61.095;79.460
1507;34;33;61.095;80.030
1508;33;35;123.248;69.640
1508;35;33;123.248;70.360
1509;33;36;81.879;78.540
1509;36;33;81.879;79.980
1510;33;36;73.160;83.410
1510;36;33;73.160;84.850
1511;33;37;58.365;86.030
1511;37;33;58.365;87.830
1512;33;37;60.985;74.070
1512;37;33;60.985;75.870
1513;33;38;104.499;61.520
1513;38;33;104.499;65.040
1514;33;39;19.290;16.680
1514;39;33;64.290;81.200
1515;33;39;16.148;17.240
1515;39;33;61.148;81.760
1516;33;39;20.192;24.530
1516;39;33;65.192;89.050
1517;34;35;109.575;86.710
1517;35;34;109.575;86.860
1518;34;35;120.501;64.590
1518;35;34;120.501;64.740
1519;34;35;94.265;78.520
1519;35;34;94.265;78.670
1520;34;36;94.387;68.940
1520;36;34;94.387;69.810
1521;34;37;73.942;65.240
1521;37;34;73.942;66.470
1522;34;37;66.881;63.760
1522;37;34;66.881;64.990
1523;34;37;68.444;71.030
1523;37;34;68.444;72.260
1524;34;38;90.450;67.180
1524;38;34;90.450;70.130
1525;34;39;35.108;19.320
1525;39;34;80.108;83.270
1526;34;39;33.603;20.760
1526;39;34;78.603;84.710
1527;35;36;158.946;80.070
1527;36;35;158.946;80.790
1528;35;36;171.808;63.290
1528;36;35;171.808;64.010
1529;35;37;136.381;70.970
1529;37;35;136.381;72.050
1530;35;37;126.047;82.840
1530;37;35;126.047;83.920
1531;35;37;153.820;80.040
1531;37;35;153.820;81.120
1532;35;38;106.781;63.000
1532;38;35;106.781;65.800
1533;35;38;103.518;67.990
1533;38;35;103.518;70.790
1534;35;38;119.844;80.030
1534;38;35;119.844;82.830
1535;35;39;96.367;4.170
1535;39;35;141.367;67.970
1536;35;39;117.343;24.990
1536;39;35;162.343;88.790
1537;35;39;77.209;0.590
1537;39;35;122.209;64.390
1538;36;37;71.038;86.160
1538;37;36;71.038;86.520
1539;36;37;64.669;68.090
1539;37;36;64.669;68.450
1540;36;38;125.577;83.200
1540;38;36;125.577;85.280
1541;36;39;25.336;1.300
1541;39;36;70.336;64.380
1542;36;39;27.973;22.000
1542;39;36;72.973;85.080
1543;36;39;19.036;23.580
1543;39;36;64.036;86.660
1544;37;38;115.322;72.530
1544;38;37;115.322;74.250
1545;37;38;112.102;65.780
1545;38;37;112.102;67.500
1546;37;39;6.651;9.690
1546;39;37;51.651;72.410
1547;37;39;7.339;9.010
1547;39;37;52.339;71.730
1548;38;39;76.973;22.680
1548;39;38;121.973;83.680
1549;38;39;79.160;3.780
1549;39;38;124.160;64.780
1550;38;39;80.513;18.020
1550;39;38;125.513;79.020
