40
300.0
0;0;1;68.796;114.040
0;1;0;23.796;14.040
1;0;2;94.491;93.740
1;2;0;49.491;2.210
2;0;2;100.369;105.460
2;2;0;55.369;13.930
3;0;3;67.688;92.860
3;3;0;22.688;10.880
4;0;4;75.107;81.720
4;4;0;30.107;0.850
5;0;5;67.496;80.520
5;5;0;22.496;1.790
6;0;5;64.752;102.080
6;5;0;19.752;23.350
7;0;6;73.285;89.810
7;6;0;28.285;15.650
8;0;6;67.621;75.170
8;6;0;22.621;1.010
9;0;6;67.938;79.370
9;6;0;22.938;5.210
10;0;7;53.647;92.550
10;7;0;8.647;18.700
11;0;7;54.737;82.660
11;7;0;9.737;8.810
12;0;7;52.839;79.960
12;7;0;7.839;6.110
13;0;8;77.509;89.770
13;8;0;32.509;17.010
14;0;8;76.829;75.790
14;8;0;31.829;3.030
15;0;9;62.194;77.130
15;9;0;17.194;6.680
16;0;9;63.516;74.730
16;9;0;18.516;4.280
17;0;9;59.197;71.150
17;9;0;14.197;0.700
18;0;10;90.309;87.010
18;10;0;45.309;16.630
19;0;10;95.601;82.220
19;10;0;50.601;11.840
20;0;10;92.072;87.390
20;10;0;47.072;17.010
21;0;11;81.549;91.650
21;11;0;36.549;21.850
22;0;11;83.786;79.420
22;11;0;38.786;9.620
23;0;12;63.196;89.290
23;12;0;18.196;19.900
24;0;12;64.287;83.610
24;12;0;19.287;14.220
25;0;12;62.661;77.220
25;12;0;17.661;7.830
26;0;13;76.387;88.590
26;13;0;31.387;19.850
27;0;13;76.981;81.740
27;13;0;31.981;13.000
28;0;13;82.562;79.740
28;13;0;37.562;11.000
29;0;14;72.562;84.170
29;14;0;27.562;16.550
30;0;15;94.508;85.930
30;15;0;49.508;19.210
31;0;15;103.036;77.370
31;15;0;58.036;10.650
32;0;15;95.624;72.300
32;15;0;50.624;5.580
33;0;16;64.222;73.200
33;16;0;19.222;7.150
34;0;17;54.829;70.340
34;17;0;9.829;4.320
35;0;17;55.878;86.950
35;17;0;10.878;20.930
36;0;18;138.673;86.230
36;18;0;93.673;21.460
37;0;19;76.884;74.010
37;19;0;31.884;11.350
38;0;19;78.452;84.150
38;19;0;33.452;21.490
39;0;19;77.142;67.600
39;19;0;32.142;4.940
40;0;20;63.520;68.550
40;20;0;18.520;7.760
41;0;21;71.736;80.630
41;21;0;26.736;19.870
42;0;21;74.688;78.710
42;21;0;29.688;17.950
43;0;22;65.827;73.900
43;22;0;20.827;15.170
44;0;22;68.966;71.910
44;22;0;23.966;13.180
45;0;23;63.520;80.860
45;23;0;18.520;22.600
46;0;24;63.686;79.620
46;24;0;18.686;21.440
47;0;24;60.237;79.790
47;24;0;15.237;21.610
48;0;24;62.679;78.930
48;24;0;17.679;20.750
49;0;25;64.290;58.000
49;25;0;19.290;0.190
50;0;25;67.230;59.150
50;25;0;22.230;1.340
51;0;25;60.677;68.230
51;25;0;15.677;10.420
52;0;26;78.232;76.000
52;26;0;33.232;18.840
53;0;27;124.572;56.810
53;27;0;79.572;0.760
54;0;27;143.574;61.620
54;27;0;98.574;5.570
55;0;28;70.336;77.370
55;28;0;25.336;21.370
56;0;28;75.497;76.480
56;28;0;30.497;20.480
57;0;28;69.585;61.150
57;28;0;24.585;5.150
58;0;29;53.671;66.070
58;29;0;8.671;10.120
59;0;30;51.651;76.180
59;30;0;6.651;20.460
60;0;31;116.350;70.960
60;31;0;71.350;15.740
61;0;31;118.495;72.210
61;31;0;73.495;16.990
62;0;31;133.148;76.720
62;31;0;88.148;21.500
63;0;32;80.108;66.840
63;32;0;35.108;12.030
64;0;33;103.284;56.460
64;33;0;58.284;1.770
65;0;33;106.537;63.800
65;33;0;61.537;9.110
66;0;33;92.550;63.460
66;33;0;47.550;8.770
67;0;34;52.648;66.320
67;34;0;7.648;12.130
68;0;35;60.608;61.190
68;35;0;15.608;7.190
69;0;35;63.146;72.440
69;35;0;18.146;18.440
70;0;35;60.696;67.680
70;35;0;15.696;13.680
71;0;36;121.973;59.730
71;36;0;76.973;6.100
72;0;37;119.442;53.560
72;37;0;74.442;0.510
73;0;37;132.490;59.210
73;37;0;87.490;6.160
74;0;37;134.031;62.570
74;37;0;89.031;9.520
75;0;38;97.651;53.470
75;38;0;52.651;0.590
76;0;38;100.200;72.780
76;38;0;55.200;19.900
77;0;38;93.554;56.300
77;38;0;48.554;3.420
78;0;39;0.000;3.740
78;39;0;0.000;3.740
79;0;39;0.000;10.800
79;39;0;0.000;10.800
80;1;2;110.336;113.190
80;2;1;110.336;121.660
81;1;2;109.584;102.580
81;2;1;109.584;111.050
82;1;3;91.481;99.660
82;3;1;91.481;117.680
83;1;3;102.261;104.010
83;3;1;102.261;122.030
84;1;3;85.042;90.210
84;3;1;85.042;108.230
85;1;4;89.354;94.390
85;4;1;89.354;113.520
86;1;4;79.072;97.170
86;4;1;79.072;116.300
87;1;4;94.866;97.840
87;4;1;94.866;116.970
88;1;5;90.080;91.860
88;5;1;90.080;113.130
89;1;5;85.873;90.220
89;5;1;85.873;111.490
90;1;6;51.988;94.380
90;6;1;51.988;120.220
91;1;6;52.739;96.420
91;6;1;52.739;122.260
92;1;6;50.749;79.670
92;6;1;50.749;105.510
93;1;7;76.730;82.310
93;7;1;76.730;108.460
94;1;7;73.858;88.560
94;7;1;73.858;114.710
95;1;7;68.904;87.590
95;7;1;68.904;113.740
96;1;8;100.131;79.810
96;8;1;100.131;107.050
97;1;8;108.453;76.270
97;8;1;108.453;103.510
98;1;9;84.892;85.890
98;9;1;84.892;115.440
99;1;9;79.643;83.260
99;9;1;79.643;112.810
100;1;9;80.846;80.660
100;9;1;80.846;110.210
101;1;10;113.670;77.640
101;10;1;113.670;107.260
102;1;10;115.644;77.890
102;10;1;115.644;107.510
103;1;10;125.104;88.370
103;10;1;125.104;117.990
104;1;11;91.542;93.640
104;11;1;91.542;123.840
105;1;11;91.572;75.130
105;11;1;91.572;105.330
106;1;11;88.830;87.710
106;11;1;88.830;117.910
107;1;12;84.989;81.060
107;12;1;84.989;111.670
108;1;12;76.872;90.370
108;12;1;76.872;120.980
109;1;13;53.115;84.050
109;13;1;53.115;115.310
110;1;13;52.029;84.440
110;13;1;52.029;115.700
111;1;13;55.039;81.410
111;13;1;55.039;112.670
112;1;14;86.226;76.210
112;14;1;86.226;108.590
113;1;14;85.298;77.340
113;14;1;85.298;109.720
114;1;15;95.417;74.320
114;15;1;95.417;107.600
115;1;15;102.247;69.670
115;15;1;102.247;102.950
116;1;15;106.100;89.260
116;15;1;106.100;122.540
117;1;16;64.619;84.860
117;16;1;64.619;118.810
118;1;17;74.708;79.010
118;17;1;74.708;112.990
119;1;18;142.123;69.990
119;18;1;142.123;105.220
120;1;19;100.020;71.750
120;19;1;100.020;109.090
121;1;19;100.498;71.700
121;19;1;100.498;109.040
122;1;20;85.525;75.770
122;20;1;85.525;114.980
123;1;20;89.708;72.380
123;20;1;89.708;111.590
124;1;21;81.092;69.770
124;21;1;81.092;109.010
125;1;21;87.553;65.310
125;21;1;87.553;104.550
126;1;21;80.780;61.480
126;21;1;80.780;100.720
127;1;22;82.779;67.110
127;22;1;82.779;108.380
128;1;23;85.525;82.610
128;23;1;85.525;124.350
129;1;23;92.084;69.440
129;23;1;92.084;111.180
130;1;23;78.403;80.410
130;23;1;78.403;122.150
131;1;24;86.065;63.890
131;24;1;86.065;105.710
132;1;24;85.295;70.530
132;24;1;85.295;112.350
133;1;25;84.024;72.300
133;25;1;84.024;114.490
134;1;25;91.841;59.730
134;25;1;91.841;101.920
135;1;25;82.953;82.340
135;25;1;82.953;124.530
136;1;26;90.169;73.130
136;26;1;90.169;115.970
137;1;26;98.147;71.230
137;26;1;98.147;114.070
138;1;26;100.738;75.700
138;26;1;100.738;118.540
139;1;27;147.414;71.420
139;27;1;147.414;115.370
140;1;27;124.357;77.150
140;27;1;124.357;121.100
141;1;28;53.171;60.990
141;28;1;53.171;104.990
142;1;29;77.461;56.280
142;29;1;77.461;100.330
143;1;29;82.436;59.760
143;29;1;82.436;103.810
144;1;30;71.558;71.170
144;30;1;71.558;115.450
145;1;31;122.761;70.870
145;31;1;122.761;115.650
146;1;31;121.167;67.800
146;31;1;121.167;112.580
147;1;32;98.025;61.000
147;32;1;98.025;106.190
148;1;32;99.132;64.550
148;32;1;99.132;109.740
149;1;32;98.742;63.960
149;32;1;98.742;109.150
150;1;33;111.860;75.230
150;33;1;111.860;120.540
151;1;34;76.099;66.360
151;34;1;76.099;112.170
152;1;35;81.786;76.440
152;35;1;81.786;122.440
153;1;36;132.213;61.260
153;36;1;132.213;107.630
154;1;36;140.184;69.480
154;36;1;140.184;115.850
155;1;36;148.987;55.890
155;36;1;148.987;102.260
156;1;37;142.767;69.970
156;37;1;142.767;116.920
157;1;38;120.887;70.210
157;38;1;120.887;117.330
158;1;38;118.393;73.840
158;38;1;118.393;120.960
159;1;39;23.796;11.540
159;39;1;68.796;111.540
160;2;3;86.520;104.640
160;3;2;86.520;114.190
161;2;3;87.332;93.430
161;3;2;87.332;102.980
162;2;4;65.984;99.770
162;4;2;65.984;110.430
163;2;5;77.528;80.350
163;5;2;77.528;93.150
164;2;5;81.842;83.270
164;5;2;81.842;96.070
165;2;5;84.316;102.630
165;5;2;84.316;115.430
166;2;6;117.069;82.960
166;6;2;117.069;100.330
167;2;6;124.084;91.300
167;6;2;124.084;108.670
168;2;7;87.276;93.130
168;7;2;87.276;110.810
169;2;8;74.022;76.580
169;8;2;74.022;95.350
170;2;8;70.968;85.940
170;8;2;70.968;104.710
171;2;8;67.171;95.390
171;8;2;67.171;114.160
172;2;9;80.845;94.420
172;9;2;80.845;115.500
173;2;10;80.955;77.600
173;10;2;80.955;98.750
174;2;10;84.325;84.060
174;10;2;84.325;105.210
175;2;10;83.398;80.060
175;10;2;83.398;101.210
176;2;11;66.570;90.150
176;11;2;66.570;111.880
177;2;12;78.322;90.980
177;12;2;78.322;113.120
178;2;13;114.299;88.500
178;13;2;114.299;111.290
179;2;14;69.109;84.730
179;14;2;69.109;108.640
180;2;14;67.713;74.810
180;14;2;67.713;98.720
181;2;14;65.634;74.090
181;14;2;65.634;98.000
182;2;15;81.911;91.080
182;15;2;81.911;115.890
183;2;15;78.896;82.030
183;15;2;78.896;106.840
184;2;16;113.662;66.870
184;16;2;113.662;92.350
185;2;16;114.745;87.050
185;16;2;114.745;112.530
186;2;17;84.694;80.250
186;17;2;84.694;105.760
187;2;17;88.646;66.860
187;17;2;88.646;92.370
188;2;17;79.269;70.540
188;17;2;79.269;96.050
189;2;18;102.209;73.830
189;18;2;102.209;100.590
190;2;19;77.378;80.950
190;19;2;77.378;109.820
191;2;20;78.457;83.140
191;20;2;78.457;113.880
192;2;21;74.997;76.780
192;21;2;74.997;107.550
193;2;21;75.561;85.340
193;21;2;75.561;116.110
194;2;21;78.806;76.210
194;21;2;78.806;106.980
195;2;22;73.902;65.560
195;22;2;73.902;98.360
196;2;22;73.197;64.060
196;22;2;73.197;96.860
197;2;23;78.457;65.370
197;23;2;78.457;98.640
198;2;23;78.876;69.860
198;23;2;78.876;103.130
199;2;24;79.129;59.110
199;24;2;79.129;92.460
200;2;25;75.463;73.850
200;25;2;75.463;107.570
201;2;25;71.996;76.810
201;25;2;71.996;110.530
202;2;26;65.896;74.610
202;26;2;65.896;108.980
203;2;27;96.851;68.810
203;27;2;96.851;104.290
204;2;27;91.729;70.000
204;27;2;91.729;105.480
205;2;28;105.577;58.490
205;28;2;105.577;94.020
206;2;28;111.180;64.790
206;28;2;111.180;100.320
207;2;29;90.133;59.370
207;29;2;90.133;94.950
208;2;29;93.257;60.920
208;29;2;93.257;96.500
209;2;30;88.091;58.400
209;30;2;88.091;94.210
210;2;31;79.185;73.590
210;31;2;79.185;109.900
211;2;32;59.867;65.620
211;32;2;59.867;102.340
212;2;32;62.555;63.490
212;32;2;62.555;100.210
213;2;33;66.975;58.150
213;33;2;66.975;94.990
214;2;34;93.438;61.990
214;34;2;93.438;99.330
215;2;34;84.158;58.630
215;34;2;84.158;95.970
216;2;35;79.637;75.020
216;35;2;79.637;112.550
217;2;35;81.245;54.270
217;35;2;81.245;91.800
218;2;36;76.549;65.150
218;36;2;76.549;103.050
219;2;36;84.393;53.690
219;36;2;84.393;91.590
220;2;36;75.179;59.720
220;36;2;75.179;97.620
221;2;37;97.504;72.930
221;37;2;97.504;111.410
222;2;38;82.436;53.230
222;38;2;82.436;91.880
223;2;38;73.385;72.400
223;38;2;73.385;111.050
224;2;38;85.964;53.220
224;38;2;85.964;91.870
225;2;39;49.491;7.110
225;39;2;94.491;98.640
226;3;4;75.314;96.100
226;4;3;75.314;97.210
227;3;5;54.749;84.720
227;5;3;54.749;87.970
228;3;5;52.913;91.880
228;5;3;52.913;95.130
229;3;5;54.691;83.410
229;5;3;54.691;86.660
230;3;6;95.763;94.050
230;6;3;95.763;101.870
231;3;6;107.845;92.070
231;6;3;107.845;99.890
232;3;6;97.813;76.860
232;6;3;97.813;84.680
233;3;7;60.381;84.720
233;7;3;60.381;92.850
234;3;7;58.908;84.740
234;7;3;58.908;92.870
235;3;8;59.400;82.040
235;8;3;59.400;91.260
236;3;9;55.323;84.020
236;9;3;55.323;95.550
237;3;9;55.470;72.550
237;9;3;55.470;84.080
238;3;9;54.191;81.280
238;9;3;54.191;92.810
239;3;10;68.621;70.980
239;10;3;68.621;82.580
240;3;11;84.488;72.050
240;11;3;84.488;84.230
241;3;11;90.404;83.910
241;11;3;90.404;96.090
242;3;12;57.858;77.080
242;12;3;57.858;89.670
243;3;12;55.946;92.050
243;12;3;55.946;104.640
244;3;12;57.451;74.160
244;12;3;57.451;86.750
245;3;13;98.965;89.500
245;13;3;98.965;102.740
246;3;14;74.821;91.730
246;14;3;74.821;106.090
247;3;14;70.008;83.930
247;14;3;70.008;98.290
248;3;14;78.909;88.630
248;14;3;78.909;102.990
249;3;15;103.016;87.270
249;15;3;103.016;102.530
250;3;15;92.921;74.870
250;15;3;92.921;90.130
251;3;15;115.974;67.670
251;15;3;115.974;82.930
252;3;16;82.763;70.190
252;16;3;82.763;86.120
253;3;17;64.811;66.590
253;17;3;64.811;82.550
254;3;17;69.548;72.320
254;17;3;69.548;88.280
255;3;17;62.049;71.630
255;17;3;62.049;87.590
256;3;18;140.389;70.590
256;18;3;140.389;87.800
257;3;18;131.752;65.550
257;18;3;131.752;82.760
258;3;19;57.000;86.180
258;19;3;57.000;105.500
259;3;20;57.156;60.920
259;20;3;57.156;82.110
260;3;20;57.591;77.100
260;20;3;57.591;98.290
261;3;21;79.348;79.430
261;21;3;79.348;100.650
262;3;21;81.656;71.080
262;21;3;81.656;92.300
263;3;21;77.366;70.210
263;21;3;77.366;91.430
264;3;22;67.821;69.300
264;22;3;67.821;92.550
265;3;23;57.156;74.450
265;23;3;57.156;98.170
266;3;23;55.340;67.360
266;23;3;55.340;91.080
267;3;23;56.039;64.140
267;23;3;56.039;87.860
268;3;24;55.905;65.250
268;24;3;55.905;89.050
269;3;24;55.466;76.380
269;24;3;55.466;100.180
270;3;24;55.037;81.880
270;24;3;55.037;105.680
271;3;25;62.705;75.860
271;25;3;62.705;100.030
272;3;26;80.092;64.340
272;26;3;80.092;89.160
273;3;26;87.971;64.840
273;26;3;87.971;89.660
274;3;27;103.279;64.520
274;27;3;103.279;90.450
275;3;27;109.378;65.490
275;27;3;109.378;91.420
276;3;27;105.569;71.650
276;27;3;105.569;97.580
277;3;28;92.282;63.040
277;28;3;92.282;89.020
278;3;28;84.887;79.720
278;28;3;84.887;105.700
279;3;29;59.020;67.980
279;29;3;59.020;94.010
280;3;30;66.487;63.700
280;30;3;66.487;89.960
281;3;30;66.837;58.730
281;30;3;66.837;84.990
282;3;30;64.320;72.650
282;30;3;64.320;98.910
283;3;31;116.810;62.640
283;31;3;116.810;89.400
284;3;31;99.368;64.670
284;31;3;99.368;91.430
285;3;31;119.754;72.720
285;31;3;119.754;99.480
286;3;32;72.411;64.080
286;32;3;72.411;91.250
287;3;33;103.017;67.210
287;33;3;103.017;94.500
288;3;33;115.253;62.730
288;33;3;115.253;90.020
289;3;34;60.801;56.010
289;34;3;60.801;83.800
290;3;35;60.128;59.300
290;35;3;60.128;87.280
291;3;36;117.778;71.600
291;36;3;117.778;99.950
292;3;36;107.499;60.820
292;36;3;107.499;89.170
293;3;36;116.704;72.510
293;36;3;116.704;100.860
294;3;37;97.433;69.600
294;37;3;97.433;98.530
295;3;37;92.989;72.620
295;37;3;92.989;101.550
296;3;37;86.462;74.960
296;37;3;86.462;103.890
297;3;38;76.063;57.570
297;38;3;76.063;86.670
298;3;38;80.277;65.940
298;38;3;80.277;95.040
299;3;38;82.857;74.350
299;38;3;82.857;103.450
300;3;39;22.688;3.480
300;39;3;67.688;85.460
301;3;39;27.137;9.880
301;39;3;72.137;91.860
302;3;39;24.113;20.780
302;39;3;69.113;102.760
303;4;5;65.740;100.320
303;5;4;65.740;102.460
304;4;5;70.657;100.240
304;5;4;70.657;102.380
305;4;5;70.360;88.200
305;5;4;70.360;90.340
306;4;6;96.088;89.090
306;6;4;96.088;95.800
307;4;6;101.904;79.840
307;6;4;101.904;86.550
308;4;7;69.444;97.500
308;7;4;69.444;104.520
309;4;8;69.601;91.130
309;8;4;69.601;99.240
310;4;8;63.668;80.620
310;8;4;63.668;88.730
311;4;9;66.053;90.460
311;9;4;66.053;100.880
312;4;10;82.998;80.860
312;10;4;82.998;91.350
313;4;10;88.607;92.570
313;10;4;88.607;103.060
314;4;10;82.830;88.250
314;10;4;82.830;98.740
315;4;11;54.238;78.470
315;11;4;54.238;89.540
316;4;11;56.241;91.990
316;11;4;56.241;103.060
317;4;12;63.125;75.060
317;12;4;63.125;86.540
318;4;12;64.436;86.680
318;12;4;64.436;98.160
319;4;13;93.521;87.840
319;13;4;93.521;99.970
320;4;14;48.134;79.930
320;14;4;48.134;93.180
321;4;14;48.631;76.870
321;14;4;48.631;90.120
322;4;15;73.717;87.360
322;15;4;73.717;101.510
323;4;15;79.874;73.220
323;15;4;79.874;87.370
324;4;15;68.688;75.920
324;15;4;68.688;90.070
325;4;16;93.824;68.660
325;16;4;93.824;83.480
326;4;17;65.413;67.070
326;17;4;65.413;81.920
327;4;18;110.940;75.940
327;18;4;110.940;92.040
328;4;18;110.289;76.540
328;18;4;110.289;92.640
329;4;18;94.927;67.530
329;18;4;94.927;83.630
330;4;19;72.199;72.430
330;19;4;72.199;90.640
331;4;20;63.660;72.300
331;20;4;63.660;92.380
332;4;21;55.054;85.720
332;21;4;55.054;105.830
333;4;21;52.977;69.570
333;21;4;52.977;89.680
334;4;21;55.512;66.670
334;21;4;55.512;86.780
335;4;22;54.569;72.680
335;22;4;54.569;94.820
336;4;22;55.145;78.700
336;22;4;55.145;100.840
337;4;22;55.251;64.130
337;22;4;55.251;86.270
338;4;23;63.660;75.950
338;23;4;63.660;98.560
339;4;23;66.729;62.150
339;23;4;66.729;84.760
340;4;23;60.211;77.670
340;23;4;60.211;100.280
341;4;24;64.813;68.960
341;24;4;64.813;91.650
342;4;25;58.515;79.170
342;25;4;58.515;102.230
343;4;25;58.257;77.560
343;25;4;58.257;100.620
344;4;26;49.830;65.930
344;26;4;49.830;89.640
345;4;27;110.123;58.170
345;27;4;110.123;82.990
346;4;27;101.239;63.050
346;27;4;101.239;87.870
347;4;28;84.813;62.760
347;28;4;84.813;87.630
348;4;28;92.698;76.720
348;28;4;92.698;101.590
349;4;28;85.577;79.350
349;28;4;85.577;104.220
350;4;29;72.936;65.550
350;29;4;72.936;90.470
351;4;29;72.098;74.990
351;29;4;72.098;99.910
352;4;30;68.466;80.380
352;30;4;68.466;105.530
353;4;30;72.231;59.830
353;30;4;72.231;84.980
354;4;30;73.331;59.290
354;30;4;73.331;84.440
355;4;31;87.679;61.440
355;31;4;87.679;87.090
356;4;32;55.896;78.420
356;32;4;55.896;104.480
357;4;32;54.660;70.280
357;32;4;54.660;96.340
358;4;32;55.741;79.720
358;32;4;55.741;105.780
359;4;33;74.047;71.050
359;33;4;74.047;97.230
360;4;33;74.820;70.870
360;33;4;74.820;97.050
361;4;34;76.014;61.020
361;34;4;76.014;87.700
362;4;34;80.367;63.960
362;34;4;80.367;90.640
363;4;34;71.276;64.130
363;34;4;71.276;90.810
364;4;35;62.643;77.450
364;35;4;62.643;104.320
365;4;36;91.911;61.480
365;36;4;91.911;88.720
366;4;37;108.137;70.570
366;37;4;108.137;98.390
367;4;37;97.713;67.610
367;37;4;97.713;95.430
368;4;38;88.031;70.960
368;38;4;88.031;98.950
369;4;38;87.510;66.230
369;38;4;87.510;94.220
370;4;39;30.107;0.820
370;39;4;75.107;81.690
371;5;6;95.384;89.920
371;6;5;95.384;94.490
372;5;7;58.852;75.780
372;7;5;58.852;80.660
373;5;7;55.478;85.300
373;7;5;55.478;90.180
374;5;7;60.434;88.380
374;7;5;60.434;93.260
375;5;8;55.085;96.610
375;8;5;55.085;102.580
376;5;9;50.307;81.730
376;9;5;50.307;90.010
377;5;9;49.492;79.560
377;9;5;49.492;87.840
378;5;10;68.888;77.990
378;10;5;68.888;86.340
379;5;10;64.668;70.510
379;10;5;64.668;78.860
380;5;11;74.967;76.780
380;11;5;74.967;85.710
381;5;12;50.468;81.720
381;12;5;50.468;91.060
382;5;13;96.814;69.440
382;13;5;96.814;79.430
383;5;13;98.308;91.850
383;13;5;98.308;101.840
384;5;13;100.454;81.940
384;13;5;100.454;91.930
385;5;14;65.552;87.650
385;14;5;65.552;98.760
386;5;15;93.924;70.460
386;15;5;93.924;82.470
387;5;15;96.372;78.780
387;15;5;96.372;90.790
388;5;16;85.599;84.930
388;16;5;85.599;97.610
389;5;16;80.151;75.110
389;16;5;80.151;87.790
390;5;16;90.360;71.130
390;16;5;90.360;83.810
391;5;17;60.606;89.820
391;17;5;60.606;102.530
392;5;17;59.385;80.980
392;17;5;59.385;93.690
393;5;18;130.650;69.970
393;18;5;130.650;83.930
394;5;18;118.029;70.080
394;18;5;118.029;84.040
395;5;19;55.181;74.010
395;19;5;55.181;90.080
396;5;19;56.289;82.440
396;19;5;56.289;98.510
397;5;20;49.777;61.380
397;20;5;49.777;79.320
398;5;21;70.880;74.070
398;21;5;70.880;92.040
399;5;22;59.254;61.840
399;22;5;59.254;81.840
400;5;22;62.533;81.530
400;22;5;62.533;101.530
401;5;22;56.492;63.070
401;22;5;56.492;83.070
402;5;23;49.777;72.380
402;23;5;49.777;92.850
403;5;23;49.114;67.350
403;23;5;49.114;87.820
404;5;23;50.068;65.600
404;23;5;50.068;86.070
405;5;24;49.023;69.030
405;24;5;49.023;89.580
406;5;24;49.029;71.120
406;24;5;49.029;91.670
407;5;25;54.290;73.370
407;25;5;54.290;94.290
408;5;25;56.242;70.730
408;25;5;56.242;91.650
409;5;26;70.556;66.150
409;26;5;70.556;87.720
410;5;26;64.229;60.880
410;26;5;64.229;82.450
411;5;26;75.530;69.120
411;26;5;75.530;90.690
412;5;27;102.363;57.970
412;27;5;102.363;80.650
413;5;27;92.033;62.910
413;27;5;92.033;85.590
414;5;28;89.188;57.070
414;28;5;89.188;79.800
415;5;28;97.818;69.740
415;28;5;97.818;92.470
416;5;29;59.979;57.710
416;29;5;59.979;80.490
417;5;29;62.551;56.550
417;29;5;62.551;79.330
418;5;29;61.035;64.510
418;29;5;61.035;87.290
419;5;30;63.534;75.720
419;30;5;63.534;98.730
420;5;30;66.846;64.590
420;30;5;66.846;87.600
421;5;31;107.080;67.800
421;31;5;107.080;91.310
422;5;31;107.035;77.890
422;31;5;107.035;101.400
423;5;32;62.990;71.730
423;32;5;62.990;95.650
424;5;32;59.752;68.580
424;32;5;59.752;92.500
425;5;33;93.284;62.350
425;33;5;93.284;86.390
426;5;33;99.438;67.700
426;33;5;99.438;91.740
427;5;33;95.592;61.220
427;33;5;95.592;85.260
428;5;34;63.056;64.710
428;34;5;63.056;89.250
429;5;34;65.037;64.240
429;34;5;65.037;88.780
430;5;34;63.161;71.750
430;34;5;63.161;96.290
431;5;35;53.778;61.880
431;35;5;53.778;86.610
432;5;35;55.873;69.040
432;35;5;55.873;93.770
433;5;35;52.927;71.390
433;35;5;52.927;96.120
434;5;36;108.438;75.150
434;36;5;108.438;100.250
435;5;36;121.178;67.280
435;36;5;121.178;92.380
436;5;37;97.787;54.560
436;37;5;97.787;80.240
437;5;38;75.906;72.550
437;38;5;75.906;98.400
438;5;39;22.496;8.870
438;39;5;67.496;87.600
439;5;39;19.850;4.350
439;39;5;64.850;83.080
440;5;39;19.555;7.030
440;39;5;64.555;85.760
441;6;7;81.692;76.440
441;7;6;81.692;76.750
442;6;7;73.514;94.050
442;7;6;73.514;94.360
443;6;8;105.469;89.020
443;8;6;105.469;90.420
444;6;8;92.597;80.070
444;8;6;92.597;81.470
445;6;8;117.083;78.890
445;8;6;117.083;80.290
446;6;9;90.108;77.330
446;9;6;90.108;81.040
447;6;9;99.313;77.220
447;9;6;99.313;80.930
448;6;9;86.461;85.170
448;9;6;86.461;88.880
449;6;10;118.587;77.180
449;10;6;118.587;80.960
450;6;11;98.504;86.680
450;11;6;98.504;91.040
451;6;11;95.651;93.400
451;11;6;95.651;97.760
452;6;12;90.512;79.020
452;12;6;90.512;83.790
453;6;13;54.760;71.340
453;13;6;54.760;76.760
454;6;13;54.165;91.780
454;13;6;54.165;97.200
455;6;14;92.972;78.410
455;14;6;92.972;84.950
456;6;14;98.330;91.550
456;14;6;98.330;98.090
457;6;15;102.108;77.800
457;15;6;102.108;85.240
458;6;15;88.818;70.120
458;15;6;88.818;77.560
459;6;16;63.721;85.080
459;16;6;63.721;93.190
460;6;16;63.350;83.940
460;16;6;63.350;92.050
461;6;17;80.398;87.420
461;17;6;80.398;95.560
462;6;17;74.427;82.850
462;17;6;74.427;90.990
463;6;17;86.589;82.010
463;17;6;86.589;90.150
464;6;18;148.777;66.380
464;18;6;148.777;75.770
465;6;18;160.519;75.890
465;18;6;160.519;85.280
466;6;18;134.424;72.580
466;18;6;134.424;81.970
467;6;19;105.087;86.730
467;19;6;105.087;98.230
468;6;19;99.154;69.480
468;19;6;99.154;80.980
469;6;20;90.992;72.210
469;20;6;90.992;85.580
470;6;21;88.017;83.450
470;21;6;88.017;96.850
471;6;21;85.740;77.680
471;21;6;85.740;91.080
472;6;22;89.149;59.920
472;22;6;89.149;75.350
473;6;22;87.063;75.450
473;22;6;87.063;90.880
474;6;22;79.710;69.330
474;22;6;79.710;84.760
475;6;23;90.992;61.170
475;23;6;90.992;77.070
476;6;24;91.414;69.720
476;24;6;91.414;85.700
477;6;25;89.999;68.290
477;25;6;89.999;84.640
478;6;26;97.055;63.150
478;26;6;97.055;80.150
479;6;27;152.715;68.860
479;27;6;152.715;86.970
480;6;28;59.458;62.020
480;28;6;59.458;80.180
481;6;29;81.867;56.450
481;29;6;81.867;74.660
482;6;29;90.728;60.900
482;29;6;90.728;79.110
483;6;30;77.067;74.590
483;30;6;77.067;93.030
484;6;30;69.996;78.350
484;30;6;69.996;96.790
485;6;30;83.340;63.750
485;30;6;83.340;82.190
486;6;31;129.661;67.380
486;31;6;129.661;86.320
487;6;32;104.458;74.560
487;32;6;104.458;93.910
488;6;33;118.841;71.620
488;33;6;118.841;91.090
489;6;34;80.025;66.660
489;34;6;80.025;86.630
490;6;35;87.419;66.460
490;35;6;87.419;86.620
491;6;35;87.660;67.340
491;35;6;87.660;87.500
492;6;35;83.390;71.760
492;35;6;83.390;91.920
493;6;36;139.200;56.710
493;36;6;139.200;77.240
494;6;36;150.874;73.600
494;36;6;150.874;94.130
495;6;36;139.174;74.680
495;36;6;139.174;95.210
496;6;37;147.722;58.520
496;37;6;147.722;79.630
497;6;37;164.258;65.300
497;37;6;164.258;86.410
498;6;38;125.908;67.170
498;38;6;125.908;88.450
499;6;38;125.025;66.410
499;38;6;125.025;87.690
500;6;38;139.255;68.330
500;38;6;139.255;89.610
501;6;39;28.285;12.200
501;39;6;73.285;86.360
502;7;8;68.885;79.630
502;8;7;68.885;80.720
503;7;9;53.547;77.560
503;9;7;53.547;80.960
504;7;9;51.643;77.450
504;9;7;51.643;80.850
505;7;9;54.320;80.700
505;9;7;54.320;84.100
506;7;10;81.967;81.640
506;10;7;81.967;85.110
507;7;11;77.233;75.330
507;11;7;77.233;79.380
508;7;11;78.703;71.400
508;11;7;78.703;75.450
509;7;12;54.733;90.950
509;12;7;54.733;95.410
510;7;13;83.904;88.810
510;13;7;83.904;93.920
511;7;14;67.457;74.460
511;14;7;67.457;80.690
512;7;14;67.201;71.860
512;14;7;67.201;78.090
513;7;15;92.906;89.060
513;15;7;92.906;96.190
514;7;15;88.586;67.010
514;15;7;88.586;74.140
515;7;15;103.267;88.560
515;15;7;103.267;95.690
516;7;16;72.272;78.080
516;16;7;72.272;85.880
517;7;16;76.233;75.710
517;16;7;76.233;83.510
518;7;17;50.626;76.840
518;17;7;50.626;84.670
519;7;17;51.030;86.260
519;17;7;51.030;94.090
520;7;18;134.874;77.520
520;18;7;134.874;86.600
521;7;18;127.851;85.190
521;18;7;127.851;94.270
522;7;19;68.397;70.730
522;19;7;68.397;81.920
523;7;20;54.975;74.160
523;20;7;54.975;87.220
524;7;21;68.890;62.810
524;21;7;68.890;75.900
525;7;22;59.887;80.680
525;22;7;59.887;95.800
526;7;22;57.698;79.530
526;22;7;57.698;94.650
527;7;22;63.030;76.440
527;22;7;63.030;91.560
528;7;23;54.975;70.150
528;23;7;54.975;85.740
529;7;24;55.056;72.470
529;24;7;55.056;88.140
530;7;24;54.778;59.490
530;24;7;54.778;75.160
531;7;24;56.163;69.860
531;24;7;56.163;85.530
532;7;25;56.840;60.200
532;25;7;56.840;76.240
533;7;26;73.348;61.370
533;26;7;73.348;78.060
534;7;26;71.956;72.040
534;26;7;71.956;88.730
535;7;26;66.614;76.550
535;26;7;66.614;93.240
536;7;27;116.038;79.930
536;27;7;116.038;97.730
537;7;27;123.755;60.590
537;27;7;123.755;78.390
538;7;28;76.945;66.220
538;28;7;76.945;84.070
539;7;28;71.978;66.140
539;28;7;71.978;83.990
540;7;28;83.212;76.230
540;28;7;83.212;94.080
541;7;29;48.720;71.580
541;29;7;48.720;89.480
542;7;29;48.813;76.200
542;29;7;48.813;94.100
543;7;29;48.732;75.120
543;29;7;48.732;93.020
544;7;30;51.171;69.730
544;30;7;51.171;87.860
545;7;31;111.918;69.660
545;31;7;111.918;88.290
546;7;31;100.064;64.860
546;31;7;100.064;83.490
547;7;31;125.657;56.280
547;31;7;125.657;74.910
548;7;32;72.548;77.960
548;32;7;72.548;97.000
549;7;33;98.422;55.150
549;33;7;98.422;74.310
550;7;33;93.064;56.660
550;33;7;93.064;75.820
551;7;34;51.574;75.240
551;34;7;51.574;94.900
552;7;34;52.141;77.880
552;34;7;52.141;97.540
553;7;34;51.828;75.600
553;34;7;51.828;95.260
554;7;35;52.652;59.950
554;35;7;52.652;79.800
555;7;35;53.456;73.910
555;35;7;53.456;93.760
556;7;35;53.753;57.880
556;35;7;53.753;77.730
557;7;36;116.122;73.700
557;36;7;116.122;93.920
558;7;36;124.566;73.850
558;36;7;124.566;94.070
559;7;37;111.092;77.520
559;37;7;111.092;98.320
560;7;37;127.047;68.800
560;37;7;127.047;89.600
561;7;38;89.241;61.390
561;38;7;89.241;82.360
562;7;39;8.647;2.370
562;39;7;53.647;76.220
563;7;39;8.078;18.230
563;39;7;53.078;92.080
564;8;9;60.372;81.140
564;9;8;60.372;83.450
565;8;10;59.501;85.600
565;10;8;59.501;87.980
566;8;11;78.419;79.050
566;11;8;78.419;82.010
567;8;12;60.208;72.430
567;12;8;60.208;75.800
568;8;12;63.691;90.440
568;12;8;63.691;93.810
569;8;13;106.754;79.630
569;13;8;106.754;83.650
570;8;13;93.077;85.470
570;13;8;93.077;89.490
571;8;13;93.832;88.820
571;13;8;93.832;92.840
572;8;14;70.644;73.050
572;14;8;70.644;78.190
573;8;14;64.273;77.370
573;14;8;64.273;82.510
574;8;14;70.646;85.550
574;14;8;70.646;90.690
575;8;15;98.228;78.290
575;15;8;98.228;84.330
576;8;15;94.302;81.820
576;15;8;94.302;87.860
577;8;16;95.168;84.150
577;16;8;95.168;90.860
578;8;16;106.279;81.770
578;16;8;106.279;88.480
579;8;16;104.547;67.000
579;16;8;104.547;73.710
580;8;17;70.526;76.330
580;17;8;70.526;83.070
581;8;17;64.637;83.600
581;17;8;64.637;90.340
582;8;17;73.688;89.030
582;17;8;73.688;95.770
583;8;18;130.235;76.970
583;18;8;130.235;84.960
584;8;18;121.743;83.800
584;18;8;121.743;91.790
585;8;18;127.333;65.720
585;18;8;127.333;73.710
586;8;19;48.361;82.320
586;19;8;48.361;92.420
587;8;19;48.184;87.370
587;19;8;48.184;97.470
588;8;19;47.827;67.700
588;19;8;47.827;77.800
589;8;20;59.627;73.850
589;20;8;59.627;85.820
590;8;21;77.326;63.020
590;21;8;77.326;75.020
591;8;22;66.551;68.330
591;22;8;66.551;82.360
592;8;22;67.750;75.940
592;22;8;67.750;89.970
593;8;23;59.627;58.700
593;23;8;59.627;73.200
594;8;24;59.075;73.700
594;24;8;59.075;88.280
595;8;24;62.360;60.230
595;24;8;62.360;74.810
596;8;24;58.101;77.200
596;24;8;58.101;91.780
597;8;25;62.568;59.480
597;25;8;62.568;74.430
598;8;26;74.210;58.800
598;26;8;74.210;74.400
599;8;26;79.966;74.220
599;26;8;79.966;89.820
600;8;26;71.123;69.460
600;26;8;71.123;85.060
601;8;27;92.290;72.840
601;27;8;92.290;89.550
602;8;27;81.790;80.350
602;27;8;81.790;97.060
603;8;28;98.966;71.160
603;28;8;98.966;87.920
604;8;28;92.684;58.500
604;28;8;92.684;75.260
605;8;29;69.630;70.190
605;29;8;69.630;87.000
606;8;30;73.573;74.100
606;30;8;73.573;91.140
607;8;30;77.892;76.800
607;30;8;77.892;93.840
608;8;31;106.687;71.870
608;31;8;106.687;89.410
609;8;31;95.946;68.340
609;31;8;95.946;85.880
610;8;32;62.085;57.830
610;32;8;62.085;75.780
611;8;32;60.594;61.870
611;32;8;60.594;79.820
612;8;33;93.168;56.290
612;33;8;93.168;74.360
613;8;33;87.041;55.920
613;33;8;87.041;73.990
614;8;33;83.946;56.900
614;33;8;83.946;74.970
615;8;34;72.476;55.810
615;34;8;72.476;74.380
616;8;34;77.840;68.370
616;34;8;77.840;86.940
617;8;34;74.840;72.140
617;34;8;74.840;90.710
618;8;35;63.504;65.960
618;35;8;63.504;84.720
619;8;35;62.477;61.730
619;35;8;62.477;80.490
620;8;36;105.565;65.810
620;36;8;105.565;84.940
621;8;37;87.910;72.280
621;37;8;87.910;91.990
622;8;37;94.656;70.520
622;37;8;94.656;90.230
623;8;38;66.106;58.330
623;38;8;66.106;78.210
624;8;39;32.509;24.640
624;39;8;77.509;97.400
625;8;39;29.514;4.090
625;39;8;74.514;76.850
626;9;10;73.859;75.970
626;10;9;73.859;76.040
627;9;10;71.318;76.760
627;10;9;71.318;76.830
628;9;10;80.146;78.370
628;10;9;80.146;78.440
629;9;11;74.973;75.940
629;11;9;74.973;76.590
630;9;11;78.704;86.610
630;11;9;78.704;87.260
631;9;12;47.930;69.400
631;12;9;47.930;70.460
632;9;12;47.383;74.300
632;12;9;47.383;75.360
633;9;12;47.795;77.420
633;12;9;47.795;78.480
634;9;13;91.758;69.430
634;13;9;91.758;71.140
635;9;13;83.906;93.660
635;13;9;83.906;95.370
636;9;14;65.072;70.460
636;14;9;65.072;73.290
637;9;14;64.422;86.870
637;14;9;64.422;89.700
638;9;14;60.673;69.160
638;14;9;60.673;71.990
639;9;15;92.930;80.910
639;15;9;92.930;84.640
640;9;15;103.422;84.640
640;15;9;103.422;88.370
641;9;15;95.151;71.030
641;15;9;95.151;74.760
642;9;16;80.483;84.550
642;16;9;80.483;88.950
643;9;16;75.413;84.450
643;16;9;75.413;88.850
644;9;17;55.748;70.210
644;17;9;55.748;74.640
645;9;17;54.344;67.760
645;17;9;54.344;72.190
646;9;18;131.899;86.980
646;18;9;131.899;92.660
647;9;18;117.338;69.820
647;18;9;117.338;75.500
648;9;18;136.629;86.500
648;18;9;136.629;92.180
649;9;19;60.151;84.230
649;19;9;60.151;92.020
650;9;19;57.465;86.180
650;19;9;57.465;93.970
651;9;19;58.761;77.250
651;19;9;58.761;85.040
652;9;20;47.493;65.210
652;20;9;47.493;74.870
653;9;20;47.147;83.240
653;20;9;47.147;92.900
654;9;21;69.083;73.440
654;21;9;69.083;83.130
655;9;22;57.704;74.600
655;22;9;57.704;86.320
656;9;23;47.493;66.680
656;23;9;47.493;78.870
657;9;23;47.354;77.730
657;23;9;47.354;89.920
658;9;23;46.955;61.440
658;23;9;46.955;73.630
659;9;24;46.755;68.960
659;24;9;46.755;81.230
660;9;24;46.607;82.950
660;24;9;46.607;95.220
661;9;25;52.711;79.470
661;25;9;52.711;92.110
662;9;26;70.659;76.730
662;26;9;70.659;90.020
663;9;26;64.590;80.210
663;26;9;64.590;93.500
664;9;27;107.614;68.170
664;27;9;107.614;82.570
665;9;28;84.311;58.110
665;28;9;84.311;72.560
666;9;29;54.971;76.960
666;29;9;54.971;91.460
667;9;29;55.166;56.790
667;29;9;55.166;71.290
668;9;30;58.413;70.780
668;30;9;58.413;85.510
669;9;31;108.490;73.620
669;31;9;108.490;88.850
670;9;32;65.993;57.130
670;32;9;65.993;72.770
671;9;32;63.723;62.270
671;32;9;63.723;77.910
672;9;32;66.497;62.290
672;32;9;66.497;77.930
673;9;33;94.732;77.430
673;33;9;94.732;93.190
674;9;33;86.169;79.030
674;33;9;86.169;94.790
675;9;33;82.391;67.500
675;33;9;82.391;83.260
676;9;34;58.189;73.120
676;34;9;58.189;89.380
677;9;35;49.840;76.350
677;35;9;49.840;92.800
678;9;36;111.028;56.890
678;36;9;111.028;73.710
679;9;37;102.892;69.150
679;37;9;102.892;86.550
680;9;38;81.006;75.000
680;38;9;81.006;92.570
681;9;38;82.029;69.750
681;38;9;82.029;87.320
682;9;38;76.155;75.290
682;38;9;76.155;92.860
683;9;39;17.194;6.120
683;39;9;62.194;76.570
684;10;11;91.181;78.360
684;11;10;91.181;78.940
685;10;12;74.303;77.520
685;12;10;74.303;78.510
686;10;12;76.415;91.680
686;12;10;76.415;92.670
687;10;13;120.617;84.510
687;13;10;120.617;86.150
688;10;13;107.111;81.110
688;13;10;107.111;82.750
689;10;13;138.985;92.830
689;13;10;138.985;94.470
690;10;14;84.493;70.420
690;14;10;84.493;73.180
691;10;14;76.679;81.440
691;14;10;76.679;84.200
692;10;14;91.008;86.670
692;14;10;91.008;89.430
693;10;15;110.986;72.830
693;15;10;110.986;76.490
694;10;15;100.345;75.610
694;15;10;100.345;79.270
695;10;15;108.104;70.790
695;15;10;108.104;74.450
696;10;16;106.384;70.900
696;16;10;106.384;75.230
697;10;17;84.479;85.060
697;17;10;84.479;89.420
698;10;17;89.047;71.380
698;17;10;89.047;75.740
699;10;18;138.102;66.570
699;18;10;138.102;72.180
700;10;18;143.745;70.560
700;18;10;143.745;76.170
701;10;19;58.725;73.670
701;19;10;58.725;81.390
702;10;19;58.922;84.930
702;19;10;58.922;92.650
703;10;20;73.647;69.230
703;20;10;73.647;78.820
704;10;20;79.287;84.880
704;20;10;79.287;94.470
705;10;21;91.477;82.440
705;21;10;91.477;92.060
706;10;21;95.199;73.060
706;21;10;95.199;82.680
707;10;21;90.062;72.770
707;21;10;90.062;82.390
708;10;22;81.011;73.900
708;22;10;81.011;85.550
709;10;22;80.035;61.240
709;22;10;80.035;72.890
710;10;22;73.612;65.550
710;22;10;73.612;77.200
711;10;23;73.647;62.770
711;23;10;73.647;74.890
712;10;24;72.879;77.390
712;24;10;72.879;89.590
713;10;24;66.418;70.830
713;24;10;66.418;83.030
714;10;25;77.050;73.480
714;25;10;77.050;86.050
715;10;25;77.248;61.570
715;25;10;77.248;74.140
716;10;25;77.640;70.080
716;25;10;77.640;82.650
717;10;26;87.271;74.390
717;26;10;87.271;87.610
718;10;26;96.321;79.170
718;26;10;96.321;92.390
719;10;27;79.657;58.120
719;27;10;79.657;72.450
720;10;27;82.304;78.640
720;27;10;82.304;92.970
721;10;28;113.074;60.010
721;28;10;113.074;74.390
722;10;28;104.581;73.200
722;28;10;104.581;87.580
723;10;29;81.838;66.020
723;29;10;81.838;80.450
724;10;29;89.425;73.430
724;29;10;89.425;87.860
725;10;29;74.539;65.820
725;29;10;74.539;80.250
726;10;30;87.272;79.290
726;30;10;87.272;93.950
727;10;30;81.995;65.180
727;30;10;81.995;79.840
728;10;30;89.991;75.900
728;30;10;89.991;90.560
729;10;31;115.123;65.140
729;31;10;115.123;80.300
730;10;32;73.594;61.390
730;32;10;73.594;76.960
731;10;33;102.399;74.580
731;33;10;102.399;90.270
732;10;34;84.149;63.540
732;34;10;84.149;79.730
733;10;34;82.059;59.200
733;34;10;82.059;75.390
734;10;34;88.811;56.140
734;34;10;88.811;72.330
735;10;35;77.631;62.930
735;35;10;77.631;79.310
736;10;36;111.005;56.400
736;36;10;111.005;73.150
737;10;37;74.136;77.370
737;37;10;74.136;94.700
738;10;37;75.713;60.840
738;37;10;75.713;78.170
739;10;37;77.461;55.800
739;37;10;77.461;73.130
740;10;38;52.444;57.340
740;38;10;52.444;74.840
741;10;38;52.230;74.220
741;38;10;52.230;91.720
742;10;38;52.141;59.930
742;38;10;52.141;77.430
743;10;39;45.309;10.450
743;39;10;90.309;80.830
744;10;39;48.837;16.480
744;39;10;93.837;86.860
745;10;39;43.348;18.920
745;39;10;88.348;89.300
746;11;12;72.071;72.490
746;12;11;72.071;72.900
747;11;13;94.291;72.690
747;13;11;94.291;73.750
748;11;13;90.722;90.800
748;13;11;90.722;91.860
749;11;13;87.947;75.220
749;13;11;87.947;76.280
750;11;14;54.975;89.700
750;14;11;54.975;91.880
751;11;14;53.542;88.640
751;14;11;53.542;90.820
752;11;15;64.858;67.440
752;15;11;64.858;70.520
753;11;15;68.233;67.260
753;15;11;68.233;70.340
754;11;16;99.245;80.280
754;16;11;99.245;84.030
755;11;16;100.156;66.080
755;16;11;100.156;69.830
756;11;16;105.648;81.880
756;16;11;105.648;85.630
757;11;17;72.463;84.630
757;17;11;72.463;88.410
758;11;17;74.371;81.810
758;17;11;74.371;85.590
759;11;18;102.641;82.860
759;18;11;102.641;87.890
760;11;19;81.182;74.830
760;19;11;81.182;81.970
761;11;19;81.807;79.360
761;19;11;81.807;86.500
762;11;20;72.657;64.630
762;20;11;72.657;73.640
763;11;20;69.713;63.420
763;20;11;69.713;72.430
764;11;21;55.686;83.900
764;21;11;55.686;92.940
765;11;21;57.393;72.620
765;21;11;57.393;81.660
766;11;21;57.927;69.480
766;21;11;57.927;78.520
767;11;22;62.667;65.200
767;22;11;62.667;76.270
768;11;22;65.080;67.430
768;22;11;65.080;78.500
769;11;23;72.657;63.680
769;23;11;72.657;75.220
770;11;24;73.847;73.820
770;24;11;73.847;85.440
771;11;24;73.129;71.800
771;24;11;73.129;83.420
772;11;25;67.291;66.600
772;25;11;67.291;78.590
773;11;25;62.008;62.790
773;25;11;62.008;74.780
774;11;26;49.411;61.570
774;26;11;49.411;74.210
775;11;26;48.418;76.280
775;26;11;48.418;88.920
776;11;26;49.733;74.610
776;26;11;49.733;87.250
777;11;27;115.732;75.910
777;27;11;115.732;89.660
778;11;28;85.666;61.650
778;28;11;85.666;75.450
779;11;28;92.766;56.810
779;28;11;92.766;70.610
780;11;29;80.886;72.070
780;29;11;80.886;85.920
781;11;30;74.991;58.910
781;30;11;74.991;72.990
782;11;31;79.854;61.600
782;31;11;79.854;76.180
783;11;31;87.312;64.310
783;31;11;87.312;78.890
784;11;31;73.594;59.600
784;31;11;73.594;74.180
785;11;32;62.743;73.600
785;32;11;62.743;88.590
786;11;32;58.345;70.580
786;32;11;58.345;85.570
787;11;33;66.784;73.140
787;33;11;66.784;88.250
788;11;34;83.752;58.850
788;34;11;83.752;74.460
789;11;34;90.085;70.500
789;34;11;90.085;86.110
790;11;34;93.252;73.890
790;34;11;93.252;89.500
791;11;35;71.148;55.570
791;35;11;71.148;71.370
792;11;36;86.270;56.870
792;36;11;86.270;73.040
793;11;37;114.654;64.810
793;37;11;114.654;81.560
794;11;37;98.442;62.040
794;37;11;98.442;78.790
795;11;37;97.466;58.010
795;37;11;97.466;74.760
796;11;38;95.588;77.870
796;38;11;95.588;94.790
797;11;38;106.802;76.530
797;38;11;106.802;93.450
798;11;39;36.549;3.680
798;39;11;81.549;73.480
799;11;39;31.873;4.250
799;39;11;76.873;74.050
800;12;13;91.546;78.480
800;13;12;91.546;79.130
801;12;13;94.151;76.000
801;13;12;94.151;76.650
802;12;13;101.025;77.740
802;13;12;101.025;78.390
803;12;14;62.198;79.990
803;14;12;62.198;81.760
804;12;15;90.195;77.100
804;15;12;90.195;79.770
805;12;15;91.758;91.630
805;15;12;91.758;94.300
806;12;15;90.443;70.540
806;15;12;90.443;73.210
807;12;16;82.002;79.890
807;16;12;82.002;83.230
808;12;16;84.508;88.230
808;16;12;84.508;91.570
809;12;17;55.322;88.370
809;17;12;55.322;91.740
810;12;17;55.240;84.910
810;17;12;55.240;88.280
811;12;18;128.972;85.680
811;18;12;128.972;90.300
812;12;18;142.457;68.180
812;18;12;142.457;72.800
813;12;18;109.942;81.110
813;18;12;109.942;85.730
814;12;19;60.628;85.790
814;19;12;60.628;92.520
815;12;19;63.055;66.240
815;19;12;63.055;72.970
816;12;20;45.760;70.570
816;20;12;45.760;79.170
817;12;21;66.505;67.640
817;21;12;66.505;76.270
818;12;21;63.105;85.090
818;21;12;63.105;93.720
819;12;22;54.969;80.800
819;22;12;54.969;91.460
820;12;22;52.916;62.010
820;22;12;52.916;72.670
821;12;22;52.716;70.660
821;22;12;52.716;81.320
822;12;23;45.760;81.080
822;23;12;45.760;92.210
823;12;24;46.983;76.180
823;24;12;46.983;87.390
824;12;25;49.879;81.050
824;25;12;49.879;92.630
825;12;26;67.745;81.220
825;26;12;67.745;93.450
826;12;26;69.304;64.060
826;26;12;69.304;76.290
827;12;27;107.439;67.900
827;27;12;107.439;81.240
828;12;28;83.807;66.450
828;28;12;83.807;79.840
829;12;28;83.307;71.600
829;28;12;83.307;84.990
830;12;29;56.952;75.020
830;29;12;56.952;88.460
831;12;29;57.693;72.510
831;29;12;57.693;85.950
832;12;29;56.054;76.610
832;29;12;56.054;90.050
833;12;30;58.464;71.860
833;30;12;58.464;85.530
834;12;30;58.826;62.340
834;30;12;58.826;76.010
835;12;31;105.572;67.270
835;31;12;105.572;81.440
836;12;32;63.455;59.210
836;32;12;63.455;73.790
837;12;32;60.844;61.560
837;32;12;60.844;76.140
838;12;33;91.819;64.160
838;33;12;91.819;78.860
839;12;34;60.254;54.920
839;34;12;60.254;70.120
840;12;34;63.224;77.750
840;34;12;63.224;92.950
841;12;35;48.328;65.440
841;35;12;48.328;80.830
842;12;35;47.636;73.440
842;35;12;47.636;88.830
843;12;36;108.257;68.470
843;36;12;108.257;84.230
844;12;36;118.988;54.410
844;36;12;118.988;70.170
845;12;37;103.090;71.040
845;37;12;103.090;87.380
846;12;37;98.020;56.590
846;37;12;98.020;72.930
847;12;37;91.111;64.700
847;37;12;91.111;81.040
848;12;38;81.234;66.790
848;38;12;81.234;83.300
849;12;38;79.593;68.970
849;38;12;79.593;85.480
850;12;38;78.216;55.090
850;38;12;78.216;71.600
851;12;39;18.196;3.800
851;39;12;63.196;73.190
852;12;39;22.047;23.240
852;39;12;67.047;92.630
853;13;14;90.399;75.910
853;14;13;90.399;77.030
854;13;14;90.120;74.720
854;14;13;90.120;75.840
855;13;14;90.118;72.570
855;14;13;90.118;73.690
856;13;15;94.934;69.480
856;15;13;94.934;71.500
857;13;16;72.076;70.690
857;16;13;72.076;73.380
858;13;16;69.479;87.680
858;16;13;69.479;90.370
859;13;16;73.199;69.470
859;16;13;73.199;72.160
860;13;17;81.232;70.200
860;17;13;81.232;72.920
861;13;17;87.953;73.760
861;17;13;87.953;76.480
862;13;18;141.250;83.880
862;18;13;141.250;87.850
863;13;18;140.038;75.890
863;18;13;140.038;79.860
864;13;18;128.512;68.160
864;18;13;128.512;72.130
865;13;19;106.902;74.120
865;19;13;106.902;80.200
866;13;19;121.590;64.370
866;19;13;121.590;70.450
867;13;19;97.427;84.440
867;19;13;97.427;90.520
868;13;20;92.138;75.800
868;20;13;92.138;83.750
869;13;21;84.399;84.480
869;21;13;84.399;92.460
870;13;21;76.214;65.430
870;21;13;76.214;73.410
871;13;22;88.076;83.000
871;22;13;88.076;93.010
872;13;23;92.138;77.060
872;23;13;92.138;87.540
873;13;23;93.227;66.770
873;23;13;93.227;77.250
874;13;23;100.426;80.050
874;23;13;100.426;90.530
875;13;24;92.793;79.260
875;24;13;92.793;89.820
876;13;25;90.011;68.580
876;25;13;90.011;79.510
877;13;25;82.837;63.950
877;25;13;82.837;74.880
878;13;26;93.597;66.950
878;26;13;93.597;78.530
879;13;27;153.905;75.690
879;27;13;153.905;88.380
880;13;27;138.750;71.440
880;27;13;138.750;84.130
881;13;28;53.722;58.170
881;28;13;53.722;70.910
882;13;29;84.983;74.090
882;29;13;84.983;86.880
883;13;29;93.314;69.900
883;29;13;93.314;82.690
884;13;29;89.498;72.850
884;29;13;89.498;85.640
885;13;30;78.346;74.770
885;30;13;78.346;87.790
886;13;31;123.233;60.390
886;31;13;123.233;73.910
887;13;31;108.836;78.210
887;31;13;108.836;91.730
888;13;31;108.885;71.750
888;31;13;108.885;85.270
889;13;32;102.987;61.180
889;32;13;102.987;75.110
890;13;32;101.674;55.280
890;32;13;101.674;69.210
891;13;33;113.337;67.750
891;33;13;113.337;81.800
892;13;33;120.127;65.040
892;33;13;120.127;79.090
893;13;34;83.857;73.030
893;34;13;83.857;87.580
894;13;34;87.068;68.220
894;34;13;87.068;82.770
895;13;34;85.766;75.210
895;34;13;85.766;89.760
896;13;35;88.259;59.070
896;35;13;88.259;73.810
897;13;36;133.825;64.330
897;36;13;133.825;79.440
898;13;37;149.601;75.790
898;37;13;149.601;91.480
899;13;37;162.118;54.790
899;37;13;162.118;70.480
900;13;38;127.719;55.450
900;38;13;127.719;71.310
901;13;38;134.840;75.400
901;38;13;134.840;91.260
902;13;39;31.387;14.940
902;39;13;76.387;83.680
903;13;39;29.509;13.380
903;39;13;74.509;82.120
904;14;15;73.380;74.510
904;15;14;73.380;75.410
905;14;15;75.595;88.750
905;15;14;75.595;89.650
906;14;16;91.063;69.380
906;16;14;91.063;70.950
907;14;16;83.600;84.380
907;16;14;83.600;85.950
908;14;17;63.034;87.610
908;17;14;63.034;89.210
909;14;17;62.241;84.440
909;17;14;62.241;86.040
910;14;17;66.937;72.490
910;17;14;66.937;74.090
911;14;18;112.493;81.610
911;18;14;112.493;84.460
912;14;18;128.507;80.030
912;18;14;128.507;82.880
913;14;18;122.856;83.930
913;18;14;122.856;86.780
914;14;19;72.982;87.530
914;19;14;72.982;92.490
915;14;20;62.815;82.920
915;20;14;62.815;89.750
916;14;20;66.194;78.350
916;20;14;66.194;85.180
917;14;21;52.406;71.400
917;21;14;52.406;78.260
918;14;22;52.708;70.130
918;22;14;52.708;79.020
919;14;22;54.488;70.400
919;22;14;54.488;79.290
920;14;22;52.825;62.390
920;22;14;52.825;71.280
921;14;23;62.815;60.350
921;23;14;62.815;69.710
922;14;23;64.014;70.410
922;23;14;64.014;79.770
923;14;24;64.032;68.800
923;24;14;64.032;78.240
924;14;24;60.428;71.860
924;24;14;60.428;81.300
925;14;25;57.365;59.180
925;25;14;57.365;68.990
926;14;25;57.330;79.120
926;25;14;57.330;88.930
927;14;25;58.661;75.320
927;25;14;58.661;85.130
928;14;26;50.893;60.650
928;26;14;50.893;71.110
929;14;27;112.603;72.300
929;27;14;112.603;83.870
930;14;27;100.118;73.010
930;27;14;100.118;84.580
931;14;28;81.695;69.380
931;28;14;81.695;81.000
932;14;28;86.426;79.810
932;28;14;86.426;91.430
933;14;29;71.057;56.290
933;29;14;71.057;67.960
934;14;29;64.679;69.670
934;29;14;64.679;81.340
935;14;30;65.912;76.680
935;30;14;65.912;88.580
936;14;31;89.461;73.590
936;31;14;89.461;85.990
937;14;31;80.740;60.960
937;31;14;80.740;73.360
938;14;31;81.833;65.470
938;31;14;81.833;77.870
939;14;32;58.514;66.540
939;32;14;58.514;79.350
940;14;32;61.114;60.830
940;32;14;61.114;73.640
941;14;32;58.018;66.160
941;32;14;58.018;78.970
942;14;33;76.010;78.000
942;33;14;76.010;90.930
943;14;33;75.085;75.890
943;33;14;75.085;88.820
944;14;34;74.019;66.310
944;34;14;74.019;79.740
945;14;34;81.223;60.720
945;34;14;81.223;74.150
946;14;34;76.480;66.210
946;34;14;76.480;79.640
947;14;35;61.173;56.230
947;35;14;61.173;69.850
948;14;35;61.596;77.760
948;35;14;61.596;91.380
949;14;36;94.420;76.860
949;36;14;94.420;90.850
950;14;37;110.343;75.910
950;37;14;110.343;90.480
951;14;37;114.211;64.890
951;37;14;114.211;79.460
952;14;38;89.869;53.790
952;38;14;89.869;68.530
953;14;38;79.559;56.920
953;38;14;79.559;71.660
954;14;38;82.320;69.930
954;38;14;82.320;84.670
955;14;39;27.562;9.120
955;39;14;72.562;76.740
956;14;39;22.045;14.230
956;39;14;67.045;81.850
957;14;39;30.548;14.930
957;39;14;75.548;82.550
958;15;16;108.856;76.730
958;16;15;108.856;77.400
959;15;16;101.063;89.500
959;16;15;101.063;90.170
960;15;16;101.794;71.730
960;16;15;101.794;72.400
961;15;17;87.406;82.140
961;17;15;87.406;82.840
962;15;17;83.814;81.430
962;17;15;83.814;82.130
963;15;17;85.420;66.120
963;17;15;85.420;66.820
964;15;18;91.711;66.810
964;18;15;91.711;68.760
965;15;19;100.908;77.400
965;19;15;100.908;81.460
966;15;19;102.706;86.040
966;19;15;102.706;90.100
967;15;19;100.569;79.090
967;19;15;100.569;83.150
968;15;20;90.875;72.300
968;20;15;90.875;78.230
969;15;20;83.515;64.040
969;20;15;83.515;69.970
970;15;21;69.134;65.500
970;21;15;69.134;71.460
971;15;22;80.236;70.920
971;22;15;80.236;78.910
972;15;22;77.548;71.530
972;22;15;77.548;79.520
973;15;23;90.875;75.360
973;23;15;90.875;83.820
974;15;24;92.122;71.550
974;24;15;92.122;80.090
975;15;24;95.733;66.560
975;24;15;95.733;75.100
976;15;25;85.323;79.780
976;25;15;85.323;88.690
977;15;26;69.021;69.430
977;26;15;69.021;78.990
978;15;26;74.938;65.680
978;26;15;74.938;75.240
979;15;26;73.954;71.260
979;26;15;73.954;80.820
980;15;27;133.529;76.770
980;27;15;133.529;87.440
981;15;28;87.680;73.460
981;28;15;87.680;84.180
982;15;28;93.624;71.520
982;28;15;93.624;82.240
983;15;29;96.604;78.730
983;29;15;96.604;89.500
984;15;29;98.737;58.440
984;29;15;98.737;69.210
985;15;30;88.814;73.750
985;30;15;88.814;84.750
986;15;31;73.838;68.870
986;31;15;73.838;80.370
987;15;31;76.559;63.890
987;31;15;76.559;75.390
988;15;31;69.091;76.220
988;31;15;69.091;87.720
989;15;32;82.429;68.950
989;32;15;82.429;80.860
990;15;33;67.443;63.720
990;33;15;67.443;75.750
991;15;34;98.895;63.250
991;34;15;98.895;75.780
992;15;34;111.702;68.000
992;34;15;111.702;80.530
993;15;34;111.689;65.840
993;34;15;111.689;78.370
994;15;35;88.480;63.420
994;35;15;88.480;76.140
995;15;35;88.330;63.690
995;35;15;88.330;76.410
996;15;36;86.633;74.220
996;36;15;86.633;87.310
997;15;37;133.328;65.860
997;37;15;133.328;79.530
998;15;37;130.014;60.760
998;37;15;130.014;74.430
999;15;38;115.128;76.900
999;38;15;115.128;90.740
1000;15;39;49.508;24.640
1000;39;15;94.508;91.360
1001;15;39;38.645;11.300
1001;39;15;83.645;78.020
1002;16;17;73.971;79.030
1002;17;16;73.971;79.060
1003;16;17;79.312;84.050
1003;17;16;79.312;84.080
1004;16;18;154.833;69.560
1004;18;16;154.833;70.840
1005;16;19;93.874;86.110
1005;19;16;93.874;89.500
1006;16;19;98.782;76.900
1006;19;16;98.782;80.290
1007;16;19;100.972;82.270
1007;19;16;100.972;85.660
1008;16;20;82.210;63.300
1008;20;16;82.210;68.560
1009;16;21;88.764;79.100
1009;21;16;88.764;84.390
1010;16;22;84.848;76.120
1010;22;16;84.848;83.440
1011;16;22;90.565;67.040
1011;22;16;90.565;74.360
1012;16;22;84.300;75.930
1012;22;16;84.300;83.250
1013;16;23;82.210;72.830
1013;23;16;82.210;80.620
1014;16;24;82.142;64.060
1014;24;16;82.142;71.930
1015;16;24;89.938;81.480
1015;24;16;89.938;89.350
1016;16;24;90.118;75.840
1016;24;16;90.118;83.710
1017;16;25;83.502;80.120
1017;25;16;83.502;88.360
1018;16;25;92.873;82.460
1018;25;16;92.873;90.700
1019;16;26;96.433;57.580
1019;26;16;96.433;66.470
1020;16;26;91.801;77.340
1020;26;16;91.801;86.230
1021;16;27;141.041;79.120
1021;27;16;141.041;89.120
1022;16;27;146.362;67.540
1022;27;16;146.362;77.540
1023;16;27;156.493;61.570
1023;27;16;156.493;71.570
1024;16;28;71.588;74.300
1024;28;16;71.588;84.350
1025;16;28;77.646;69.760
1025;28;16;77.646;79.810
1026;16;29;70.626;79.010
1026;29;16;70.626;89.110
1027;16;29;72.949;78.450
1027;29;16;72.949;88.550
1028;16;30;70.585;69.310
1028;30;16;70.585;79.640
1029;16;31;133.461;75.880
1029;31;16;133.461;86.710
1030;16;31;133.031;78.350
1030;31;16;133.031;89.180
1031;16;32;99.329;69.240
1031;32;16;99.329;80.480
1032;16;32;100.895;78.200
1032;32;16;100.895;89.440
1033;16;32;91.815;60.480
1033;32;16;91.815;71.720
1034;16;33;120.973;57.610
1034;33;16;120.973;68.970
1035;16;33;120.781;70.640
1035;33;16;120.781;82.000
1036;16;34;67.692;78.730
1036;34;16;67.692;90.590
1037;16;35;79.699;69.270
1037;35;16;79.699;81.320
1038;16;35;71.809;74.830
1038;35;16;71.809;86.880
1039;16;36;140.326;71.240
1039;36;16;140.326;83.660
1040;16;36;152.259;58.780
1040;36;16;152.259;71.200
1041;16;36;147.708;57.980
1041;36;16;147.708;70.400
1042;16;37;135.045;53.110
1042;37;16;135.045;66.110
1043;16;37;133.184;77.470
1043;37;16;133.184;90.470
1044;16;38;113.826;59.220
1044;38;16;113.826;72.390
1045;16;39;19.222;6.150
1045;39;16;64.222;72.200
1046;16;39;19.664;10.380
1046;39;16;64.664;76.430
1047;17;18;130.017;84.850
1047;18;17;130.017;86.100
1048;17;19;70.756;72.680
1048;19;17;70.756;76.040
1049;17;19;66.144;67.630
1049;19;17;66.144;70.990
1050;17;20;55.906;66.570
1050;20;17;55.906;71.800
1051;17;21;63.528;64.540
1051;21;17;63.528;69.800
1052;17;22;56.015;66.660
1052;22;17;56.015;73.950
1053;17;23;55.906;78.040
1053;23;17;55.906;85.800
1054;17;24;56.600;82.100
1054;24;17;56.600;89.940
1055;17;24;54.523;72.050
1055;24;17;54.523;79.890
1056;17;24;54.500;58.780
1056;24;17;54.500;66.620
1057;17;25;54.857;67.150
1057;25;17;54.857;75.360
1058;17;25;54.252;76.770
1058;25;17;54.252;84.980
1059;17;26;68.842;77.210
1059;26;17;68.842;86.070
1060;17;26;64.130;63.310
1060;26;17;64.130;72.170
1061;17;27;117.753;77.500
1061;27;17;117.753;87.470
1062;17;27;131.138;73.680
1062;27;17;131.138;83.650
1063;17;27;122.390;67.480
1063;27;17;122.390;77.450
1064;17;28;73.603;75.160
1064;28;17;73.603;85.180
1065;17;28;80.513;63.070
1065;28;17;80.513;73.090
1066;17;28;75.470;62.140
1066;28;17;75.470;72.160
1067;17;29;54.237;67.080
1067;29;17;54.237;77.150
1068;17;30;48.511;58.840
1068;30;17;48.511;69.140
1069;17;30;48.530;67.230
1069;30;17;48.530;77.530
1070;17;30;48.983;78.290
1070;30;17;48.983;88.590
1071;17;31;107.303;60.710
1071;31;17;107.303;71.510
1072;17;31;105.813;79.540
1072;31;17;105.813;90.340
1073;17;32;70.458;66.150
1073;32;17;70.458;77.360
1074;17;32;74.571;61.220
1074;32;17;74.571;72.430
1075;17;33;93.998;78.700
1075;33;17;93.998;90.030
1076;17;33;82.574;68.770
1076;33;17;82.574;80.100
1077;17;34;56.562;75.580
1077;34;17;56.562;87.410
1078;17;35;52.079;72.560
1078;35;17;52.079;84.580
1079;17;35;52.428;54.780
1079;35;17;52.428;66.800
1080;17;36;112.324;74.470
1080;36;17;112.324;86.860
1081;17;37;113.379;62.770
1081;37;17;113.379;75.740
1082;17;38;91.506;68.100
1082;38;17;91.506;81.240
1083;17;38;99.569;69.760
1083;38;17;99.569;82.900
1084;17;38;93.572;64.660
1084;38;17;93.572;77.800
1085;17;39;9.829;3.340
1085;39;17;54.829;69.360
1086;17;39;11.912;18.580
1086;39;17;56.912;84.600
1087;17;39;7.470;21.670
1087;39;17;52.470;87.690
1088;18;19;133.556;72.680
1088;19;18;133.556;74.790
1089;18;19;134.927;71.360
1089;19;18;134.927;73.470
1090;18;20;129.450;78.990
1090;20;18;129.450;82.970
1091;18;20;119.271;83.270
1091;20;18;119.271;87.250
1092;18;21;111.937;76.370
1092;21;18;111.937;80.380
1093;18;22;120.189;83.170
1093;22;18;120.189;89.210
1094;18;23;129.450;64.240
1094;23;18;129.450;70.750
1095;18;23;118.414;69.410
1095;23;18;118.414;75.920
1096;18;24;130.535;76.590
1096;24;18;130.535;83.180
1097;18;24;131.353;65.800
1097;24;18;131.353;72.390
1098;18;25;124.454;76.650
1098;25;18;124.454;83.610
1099;18;25;129.289;71.820
1099;25;18;129.289;78.780
1100;18;26;106.618;70.660
1100;26;18;106.618;78.270
1101;18;26;100.045;72.770
1101;26;18;100.045;80.380
1102;18;26;119.635;57.770
1102;26;18;119.635;65.380
1103;18;27;145.386;74.400
1103;27;18;145.386;83.120
1104;18;27;151.402;71.120
1104;27;18;151.402;79.840
1105;18;28;134.327;72.410
1105;28;18;134.327;81.180
1106;18;29;138.521;57.410
1106;29;18;138.521;66.230
1107;18;29;118.684;60.650
1107;29;18;118.684;69.470
1108;18;30;132.307;58.200
1108;30;18;132.307;67.250
1109;18;31;68.616;76.930
1109;31;18;68.616;86.480
1110;18;31;72.307;63.850
1110;31;18;72.307;73.400
1111;18;31;73.397;65.310
1111;31;18;73.397;74.860
1112;18;32;113.519;72.700
1112;32;18;113.519;82.660
1113;18;33;82.380;63.280
1113;33;18;82.380;73.360
1114;18;33;86.942;65.020
1114;33;18;86.942;75.100
1115;18;34;141.388;62.870
1115;34;18;141.388;73.450
1116;18;34;146.115;71.110
1116;34;18;146.115;81.690
1117;18;34;153.880;65.890
1117;34;18;153.880;76.470
1118;18;35;128.549;61.300
1118;35;18;128.549;72.070
1119;18;35;108.739;74.010
1119;35;18;108.739;84.780
1120;18;36;74.586;55.790
1120;36;18;74.586;66.930
1121;18;36;80.196;72.060
1121;36;18;80.196;83.200
1122;18;37;149.258;74.300
1122;37;18;149.258;86.020
1123;18;37;162.254;77.720
1123;37;18;162.254;89.440
1124;18;38;138.798;77.200
1124;38;18;138.798;89.090
1125;18;39;93.673;9.030
1125;39;18;138.673;73.800
1126;19;20;59.954;61.420
1126;20;19;59.954;63.290
1127;19;21;79.368;77.090
1127;21;19;79.368;78.990
1128;19;21;75.444;77.410
1128;21;19;75.444;79.310
1129;19;21;78.328;61.460
1129;21;19;78.328;63.360
1130;19;22;68.195;70.360
1130;22;19;68.195;74.290
1131;19;23;59.954;80.150
1131;23;19;59.954;84.550
1132;19;23;63.558;75.880
1132;23;19;63.558;80.280
1133;19;23;61.009;70.320
1133;23;19;61.009;74.720
1134;19;24;59.157;72.400
1134;24;19;59.157;76.880
1135;19;24;61.482;80.410
1135;24;19;61.482;84.890
1136;19;24;57.488;60.420
1136;24;19;57.488;64.900
1137;19;25;63.772;81.390
1137;25;19;63.772;86.240
1138;19;25;63.700;76.300
1138;25;19;63.700;81.150
1139;19;26;76.901;82.140
1139;26;19;76.901;87.640
1140;19;27;92.692;64.830
1140;27;19;92.692;71.440
1141;19;27;102.438;57.030
1141;27;19;102.438;63.640
1142;19;27;95.195;64.150
1142;27;19;95.195;70.760
1143;19;28;99.354;57.350
1143;28;19;99.354;64.010
1144;19;29;68.636;63.320
1144;29;19;68.636;70.030
1145;19;29;71.932;56.740
1145;29;19;71.932;63.450
1146;19;29;73.491;67.690
1146;29;19;73.491;74.400
1147;19;30;73.563;70.760
1147;30;19;73.563;77.700
1148;19;30;74.032;65.860
1148;30;19;74.032;72.800
1149;19;31;109.996;72.130
1149;31;19;109.996;79.570
1150;19;31;111.728;76.250
1150;31;19;111.728;83.690
1151;19;31;120.772;69.850
1151;31;19;120.772;77.290
1152;19;32;65.283;67.940
1152;32;19;65.283;75.790
1153;19;32;63.707;69.210
1153;32;19;63.707;77.060
1154;19;33;96.445;62.050
1154;33;19;96.445;70.020
1155;19;33;103.462;57.620
1155;33;19;103.462;65.590
1156;19;33;85.768;60.210
1156;33;19;85.768;68.180
1157;19;34;71.250;62.250
1157;34;19;71.250;70.720
1158;19;34;72.162;63.290
1158;34;19;72.162;71.760
1159;19;34;71.427;71.390
1159;34;19;71.427;79.860
1160;19;35;63.951;74.340
1160;35;19;63.951;83.000
1161;19;35;64.602;60.060
1161;35;19;64.602;68.720
1162;19;35;64.525;64.770
1162;35;19;64.525;73.430
1163;19;36;108.918;60.410
1163;36;19;108.918;69.440
1164;19;37;87.748;77.260
1164;37;19;87.748;86.870
1165;19;37;78.742;57.640
1165;37;19;78.742;67.250
1166;19;38;65.867;58.240
1166;38;19;65.867;68.020
1167;19;39;31.884;12.180
1167;39;19;76.884;74.840
1168;19;39;34.095;0.960
1168;39;19;79.095;63.620
1169;19;39;27.106;24.970
1169;39;19;72.106;87.630
1170;20;21;67.227;68.860
1170;21;20;67.227;68.890
1171;20;21;72.731;79.090
1171;21;20;72.731;79.120
1172;20;22;55.664;66.420
1172;22;20;55.664;68.480
1173;20;22;53.570;75.990
1173;22;20;53.570;78.050
1174;20;23;45.000;60.800
1174;23;20;45.000;63.330
1175;20;24;46.253;67.200
1175;24;20;46.253;69.810
1176;20;24;46.358;76.910
1176;24;20;46.358;79.520
1177;20;24;46.204;67.930
1177;24;20;46.204;70.540
1178;20;25;50.552;68.330
1178;25;20;50.552;71.310
1179;20;26;68.314;75.390
1179;26;20;68.314;79.020
1180;20;26;66.111;71.450
1180;26;20;66.111;75.080
1181;20;27;106.891;72.120
1181;27;20;106.891;76.860
1182;20;28;84.442;62.860
1182;28;20;84.442;67.650
1183;20;28;89.965;80.590
1183;28;20;89.965;85.380
1184;20;29;56.984;76.600
1184;29;20;56.984;81.440
1185;20;30;58.977;77.200
1185;30;20;58.977;82.270
1186;20;31;106.024;79.500
1186;31;20;106.024;85.070
1187;20;32;63.593;62.280
1187;32;20;63.593;68.260
1188;20;33;92.259;65.750
1188;33;20;92.259;71.850
1189;20;33;104.031;60.280
1189;33;20;104.031;66.380
1190;20;34;60.269;56.580
1190;34;20;60.269;63.180
1191;20;34;59.146;69.400
1191;34;20;59.146;76.000
1192;20;35;49.002;77.390
1192;35;20;49.002;84.180
1193;20;36;108.546;55.960
1193;36;20;108.546;63.120
1194;20;36;93.623;71.680
1194;36;20;93.623;78.840
1195;20;37;102.478;72.360
1195;37;20;102.478;80.100
1196;20;37;108.278;69.750
1196;37;20;108.278;77.490
1197;20;38;80.612;77.300
1197;38;20;80.612;85.210
1198;20;38;88.902;77.650
1198;38;20;88.902;85.560
1199;20;39;18.520;13.670
1199;39;20;63.520;74.460
1200;20;39;20.901;13.390
1200;39;20;65.901;74.180
1201;20;39;20.691;14.460
1201;39;20;65.691;75.250
1202;21;22;56.648;80.160
1202;22;21;56.648;82.190
1203;21;22;59.079;65.660
1203;22;21;59.079;67.690
1204;21;23;67.227;60.310
1204;23;21;67.227;62.810
1205;21;23;61.953;71.170
1205;23;21;61.953;73.670
1206;21;23;67.128;59.450
1206;23;21;67.128;61.950
1207;21;24;68.479;62.720
1207;24;21;68.479;65.300
1208;21;25;61.748;57.850
1208;25;21;61.748;60.800
1209;21;25;64.203;61.340
1209;25;21;64.203;64.290
1210;21;26;54.199;70.080
1210;26;21;54.199;73.680
1211;21;26;56.337;77.270
1211;26;21;56.337;80.870
1212;21;27;120.007;77.050
1212;27;21;120.007;81.760
1213;21;28;75.687;80.440
1213;28;21;75.687;85.200
1214;21;28;74.819;62.580
1214;28;21;74.819;67.340
1215;21;29;72.607;60.580
1215;29;21;72.607;65.390
1216;21;30;65.445;71.070
1216;30;21;65.445;76.110
1217;21;30;64.258;63.640
1217;30;21;64.258;68.680
1218;21;30;62.537;59.230
1218;30;21;62.537;64.270
1219;21;31;89.819;64.240
1219;31;21;89.819;69.780
1220;21;31;81.016;69.960
1220;31;21;81.016;75.500
1221;21;31;80.179;66.180
1221;31;21;80.179;71.720
1222;21;32;65.863;70.440
1222;32;21;65.863;76.390
1223;21;33;77.227;69.110
1223;33;21;77.227;75.180
1224;21;33;79.792;59.780
1224;33;21;79.792;65.850
1225;21;33;78.342;66.190
1225;33;21;78.342;72.260
1226;21;34;75.089;64.120
1226;34;21;75.089;70.690
1227;21;34;70.278;59.150
1227;34;21;70.278;65.720
1228;21;34;81.061;71.180
1228;34;21;81.061;77.750
1229;21;35;64.469;76.760
1229;35;21;64.469;83.520
1230;21;36;96.946;65.440
1230;36;21;96.946;72.570
1231;21;36;107.241;67.060
1231;36;21;107.241;74.190
1232;21;36;100.768;60.050
1232;36;21;100.768;67.180
1233;21;37;117.712;69.660
1233;37;21;117.712;77.370
1234;21;38;97.081;59.270
1234;38;21;97.081;67.150
1235;21;38;107.555;68.800
1235;38;21;107.555;76.680
1236;21;38;85.169;74.540
1236;38;21;85.169;82.420
1237;21;39;26.736;13.220
1237;39;21;71.736;73.980
1238;21;39;29.977;3.080
1238;39;21;74.977;63.840
1239;21;39;26.446;24.470
1239;39;21;71.446;85.230
1240;22;23;55.664;62.080
1240;23;22;55.664;62.550
1241;22;24;56.916;76.760
1241;24;22;56.916;77.310
1242;22;24;56.247;69.130
1242;24;22;56.247;69.680
1243;22;24;59.766;60.340
1243;24;22;59.766;60.890
1244;22;25;50.126;77.250
1244;25;22;50.126;78.170
1245;22;25;49.036;74.030
1245;25;22;49.036;74.950
1246;22;25;48.937;66.280
1246;25;22;48.937;67.200
1247;22;26;58.572;71.190
1247;26;22;58.572;72.760
1248;22;26;58.519;78.840
1248;26;22;58.519;80.410
1249;22;27;111.786;80.610
1249;27;22;111.786;83.290
1250;22;28;79.629;74.590
1250;28;22;79.629;77.320
1251;22;28;87.371;72.170
1251;28;22;87.371;74.900
1252;22;28;79.438;74.760
1252;28;22;79.438;77.490
1253;22;29;63.422;70.380
1253;29;22;63.422;73.160
1254;22;29;63.420;59.000
1254;29;22;63.420;61.780
1255;22;29;67.461;63.920
1255;29;22;67.461;66.700
1256;22;30;59.274;58.130
1256;30;22;59.274;61.140
1257;22;30;55.767;65.930
1257;30;22;55.767;68.940
1258;22;31;97.091;71.720
1258;31;22;97.091;75.230
1259;22;31;88.569;59.440
1259;31;22;88.569;62.950
1260;22;31;106.981;66.860
1260;31;22;106.981;70.370
1261;22;32;60.322;61.130
1261;32;22;60.322;65.050
1262;22;33;83.546;70.890
1262;33;22;83.546;74.930
1263;22;33;78.842;58.630
1263;33;22;78.842;62.670
1264;22;34;66.460;58.010
1264;34;22;66.460;62.550
1265;22;34;68.833;70.800
1265;34;22;68.833;75.340
1266;22;34;68.375;74.260
1266;34;22;68.375;78.800
1267;22;35;53.507;68.320
1267;35;22;53.507;73.050
1268;22;35;55.012;59.560
1268;35;22;55.012;64.290
1269;22;36;101.410;60.230
1269;36;22;101.410;65.330
1270;22;36;109.181;65.130
1270;36;22;109.181;70.230
1271;22;37;108.550;65.850
1271;37;22;108.550;71.530
1272;22;37;121.778;56.540
1272;37;22;121.778;62.220
1273;22;37;99.449;60.100
1273;37;22;99.449;65.780
1274;22;38;87.199;69.890
1274;38;22;87.199;75.740
1275;22;38;88.375;68.110
1275;38;22;88.375;73.960
1276;22;38;90.168;60.850
1276;38;22;90.168;66.700
1277;22;39;20.827;15.610
1277;39;22;65.827;74.340
1278;22;39;17.581;4.410
1278;39;22;62.581;63.140
1279;22;39;22.388;0.720
1279;39;22;67.388;59.450
1280;23;24;46.253;59.260
1280;24;23;46.253;59.340
1281;23;24;45.942;58.490
1281;24;23;45.942;58.570
1282;23;25;50.552;63.760
1282;25;23;50.552;64.210
1283;23;25;49.180;69.200
1283;25;23;49.180;69.650
1284;23;26;68.314;73.360
1284;26;23;68.314;74.460
1285;23;26;74.119;60.590
1285;26;23;74.119;61.690
1286;23;26;70.625;58.380
1286;26;23;70.625;59.480
1287;23;27;106.891;63.210
1287;27;23;106.891;65.420
1288;23;27;119.272;65.840
1288;27;23;119.272;68.050
1289;23;27;104.390;70.210
1289;27;23;104.390;72.420
1290;23;28;84.442;65.160
1290;28;23;84.442;67.420
1291;23;28;86.829;60.560
1291;28;23;86.829;62.820
1292;23;29;56.984;66.660
1292;29;23;56.984;68.970
1293;23;29;59.297;80.760
1293;29;23;59.297;83.070
1294;23;29;55.745;80.620
1294;29;23;55.745;82.930
1295;23;30;58.977;73.970
1295;30;23;58.977;76.510
1296;23;30;58.267;68.820
1296;30;23;58.267;71.360
1297;23;31;106.024;69.440
1297;31;23;106.024;72.480
1298;23;32;63.593;60.550
1298;32;23;63.593;64.000
1299;23;32;65.103;77.170
1299;32;23;65.103;80.620
1300;23;33;92.259;75.900
1300;33;23;92.259;79.470
1301;23;33;91.025;54.880
1301;33;23;91.025;58.450
1302;23;33;85.710;72.220
1302;33;23;85.710;75.790
1303;23;34;60.269;71.110
1303;34;23;60.269;75.180
1304;23;34;63.569;75.660
1304;34;23;63.569;79.730
1305;23;35;49.002;78.950
1305;35;23;49.002;83.210
1306;23;35;48.640;60.590
1306;35;23;48.640;64.850
1307;23;36;108.546;57.920
1307;36;23;108.546;62.550
1308;23;36;122.344;62.680
1308;36;23;122.344;67.310
1309;23;36;104.146;64.600
1309;36;23;104.146;69.230
1310;23;37;102.478;67.220
1310;37;23;102.478;72.430
1311;23;37;92.714;70.150
1311;37;23;92.714;75.360
1312;23;38;80.612;66.670
1312;38;23;80.612;72.050
1313;23;38;79.710;70.290
1313;38;23;79.710;75.670
1314;23;38;72.530;62.840
1314;38;23;72.530;68.220
1315;23;39;18.520;6.390
1315;39;23;63.520;64.650
1316;23;39;21.924;22.600
1316;39;23;66.924;80.860
1317;23;39;18.251;15.220
1317;39;23;63.251;73.480
1318;24;25;51.801;65.330
1318;25;24;51.801;65.700
1319;24;25;50.349;69.360
1319;25;24;50.349;69.730
1320;24;25;50.704;74.010
1320;25;24;50.704;74.380
1321;24;26;69.494;79.650
1321;26;24;69.494;80.670
1322;24;26;70.139;77.350
1322;26;24;70.139;78.370
1323;24;27;106.364;68.820
1323;27;24;106.364;70.950
1324;24;27;119.996;65.390
1324;27;24;119.996;67.520
1325;24;28;85.197;72.720
1325;28;24;85.197;74.900
1326;24;29;56.693;57.800
1326;29;24;56.693;60.030
1327;24;29;55.028;60.530
1327;29;24;55.028;62.760
1328;24;30;59.514;68.560
1328;30;24;59.514;71.020
1329;24;30;60.840;76.830
1329;30;24;60.840;79.290
1330;24;30;62.863;66.990
1330;30;24;62.863;69.450
1331;24;31;107.083;61.870
1331;31;24;107.083;64.830
1332;24;31;108.936;60.890
1332;31;24;108.936;63.850
1333;24;31;112.587;63.980
1333;31;24;112.587;66.940
1334;24;32;64.289;65.480
1334;32;24;64.289;68.850
1335;24;33;93.307;67.010
1335;33;24;93.307;70.500
1336;24;33;90.564;78.310
1336;33;24;90.564;81.800
1337;24;33;89.347;69.700
1337;33;24;89.347;73.190
1338;24;34;59.928;58.420
1338;34;24;59.928;62.410
1339;24;35;49.963;56.710
1339;35;24;49.963;60.890
1340;24;35;51.046;57.880
1340;35;24;51.046;62.060
1341;24;35;49.423;63.240
1341;35;24;49.423;67.420
1342;24;36;109.413;61.760
1342;36;24;109.413;66.310
1343;24;36;124.987;54.490
1343;36;24;124.987;59.040
1344;24;36;112.613;59.410
1344;36;24;112.613;63.960
1345;24;37;101.809;74.910
1345;37;24;101.809;80.040
1346;24;38;79.926;68.160
1346;38;24;79.926;73.460
1347;24;38;75.746;67.260
1347;38;24;75.746;72.560
1348;24;39;18.686;0.640
1348;39;24;63.686;58.820
1349;24;39;16.150;24.710
1349;39;24;61.150;82.890
1350;25;26;63.012;71.430
1350;26;25;63.012;72.080
1351;25;26;64.876;57.250
1351;26;25;64.876;57.900
1352;25;27;109.018;73.840
1352;27;25;109.018;75.600
1353;25;27;103.584;79.870
1353;27;25;103.584;81.630
1354;25;27;108.636;74.190
1354;27;25;108.636;75.950
1355;25;28;81.879;78.900
1355;28;25;81.879;80.710
1356;25;29;59.945;68.200
1356;29;25;59.945;70.060
1357;25;29;60.715;59.950
1357;29;25;60.715;61.810
1358;25;29;56.433;68.630
1358;29;25;56.433;70.490
1359;25;30;58.365;74.520
1359;30;25;58.365;76.610
1360;25;30;59.555;80.520
1360;30;25;59.555;82.610
1361;25;30;61.287;63.470
1361;30;25;61.287;65.560
1362;25;31;101.153;77.410
1362;31;25;101.153;80.000
1363;25;32;60.850;77.860
1363;32;25;60.850;80.860
1364;25;33;87.459;63.920
1364;33;25;87.459;67.040
1365;25;33;79.550;55.530
1365;33;25;79.550;58.650
1366;25;33;85.589;75.580
1366;33;25;85.589;78.700
1367;25;34;63.193;61.860
1367;34;25;63.193;65.480
1368;25;34;66.475;67.990
1368;34;25;66.475;71.610
1369;25;35;49.319;60.150
1369;35;25;49.319;63.960
1370;25;36;104.499;59.020
1370;36;25;104.499;63.200
1371;25;36;94.858;70.290
1371;36;25;94.858;74.470
1372;25;37;105.251;58.070
1372;37;25;105.251;62.830
1373;25;37;99.894;69.160
1373;37;25;99.894;73.920
1374;25;38;83.597;53.770
1374;38;25;83.597;58.700
1375;25;38;87.815;71.630
1375;38;25;87.815;76.560
1376;25;38;82.552;53.430
1376;38;25;82.552;58.360
1377;25;39;19.290;4.810
1377;39;25;64.290;62.620
1378;25;39;24.045;22.550
1378;39;25;69.045;80.360
1379;26;27;113.043;67.820
1379;27;26;113.043;68.930
1380;26;28;84.886;64.050
1380;28;26;84.886;65.210
1381;26;28;76.166;71.740
1381;28;26;76.166;72.900
1382;26;28;82.589;65.810
1382;28;26;82.589;66.970
1383;26;29;76.950;74.440
1383;29;26;76.950;75.650
1384;26;29;70.108;80.070
1384;29;26;70.108;81.280
1385;26;29;73.090;71.250
1385;29;26;73.090;72.460
1386;26;30;71.600;76.990
1386;30;26;71.600;78.430
1387;26;31;83.570;77.440
1387;31;26;83.570;79.380
1388;26;31;86.261;57.760
1388;31;26;86.261;59.700
1389;26;31;74.732;55.980
1389;31;26;74.732;57.920
1390;26;32;59.211;65.780
1390;32;26;59.211;68.130
1391;26;32;58.827;59.650
1391;32;26;58.827;62.000
1392;26;32;58.007;65.760
1392;32;26;58.007;68.110
1393;26;33;70.157;72.080
1393;33;26;70.157;74.550
1394;26;34;79.908;66.290
1394;34;26;79.908;69.260
1395;26;34;85.608;73.990
1395;34;26;85.608;76.960
1396;26;35;66.973;68.820
1396;35;26;66.973;71.980
1397;26;35;66.268;65.440
1397;35;26;66.268;68.600
1398;26;35;70.928;70.160
1398;35;26;70.928;73.320
1399;26;36;88.898;60.020
1399;36;26;88.898;63.550
1400;26;36;86.754;60.660
1400;36;26;86.754;64.190
1401;26;36;90.314;71.890
1401;36;26;90.314;75.420
1402;26;37;111.540;68.050
1402;37;26;111.540;72.160
1403;26;37;95.631;71.170
1403;37;26;95.631;75.280
1404;26;38;91.969;75.790
1404;38;26;91.969;80.070
1405;26;38;86.075;72.160
1405;38;26;86.075;76.440
1406;26;39;33.232;19.290
1406;39;26;78.232;76.450
1407;26;39;30.304;0.050
1407;39;26;75.304;57.210
1408;26;39;25.469;19.820
1408;39;26;70.469;76.980
1409;27;28;145.892;66.460
1409;28;27;145.892;66.510
1410;27;28;129.502;68.590
1410;28;27;129.502;68.640
1411;27;28;136.534;72.670
1411;28;27;136.534;72.720
1412;27;29;116.280;79.800
1412;29;27;116.280;79.900
1413;27;30;120.858;69.770
1413;30;27;120.858;70.100
1414;27;30;105.312;63.280
1414;30;27;105.312;63.610
1415;27;31;126.254;76.830
1415;31;27;126.254;77.660
1416;27;31;115.809;58.270
1416;31;27;115.809;59.100
1417;27;31;120.354;70.970
1417;31;27;120.354;71.800
1418;27;32;99.228;69.710
1418;32;27;99.228;70.950
1419;27;32;88.970;56.590
1419;32;27;88.970;57.830
1420;27;32;92.844;55.210
1420;32;27;92.844;56.450
1421;27;33;117.272;72.370
1421;33;27;117.272;73.730
1422;27;34;118.727;65.200
1422;34;27;118.727;67.060
1423;27;34;112.069;74.420
1423;34;27;112.069;76.280
1424;27;35;110.684;60.960
1424;35;27;110.684;63.010
1425;27;35;125.089;61.020
1425;35;27;125.089;63.070
1426;27;36;115.801;60.590
1426;36;27;115.801;63.010
1427;27;36;122.063;65.590
1427;36;27;122.063;68.010
1428;27;37;53.891;55.250
1428;37;27;53.891;58.250
1429;27;37;55.560;70.500
1429;37;27;55.560;73.500
1430;27;38;72.216;73.440
1430;38;27;72.216;76.610
1431;27;38;71.691;68.550
1431;38;27;71.691;71.720
1432;27;38;65.731;54.460
1432;38;27;65.731;57.630
1433;27;39;79.572;18.670
1433;39;27;124.572;74.720
1434;28;29;78.563;74.670
1434;29;28;78.563;74.720
1435;28;29;73.672;78.870
1435;29;28;73.672;78.920
1436;28;29;79.288;71.530
1436;29;28;79.288;71.580
1437;28;30;71.038;70.410
1437;30;28;71.038;70.690
1438;28;31;115.480;70.170
1438;31;28;115.480;70.950
1439;28;31;102.916;69.160
1439;31;28;102.916;69.940
1440;28;32;94.387;67.430
1440;32;28;94.387;68.620
1441;28;33;105.114;78.910
1441;33;28;105.114;80.220
1442;28;33;102.866;71.220
1442;33;28;102.866;72.530
1443;28;33;90.238;61.700
1443;33;28;90.238;63.010
1444;28;34;77.982;60.630
1444;34;28;77.982;62.440
1445;28;35;80.485;72.100
1445;35;28;80.485;74.100
1446;28;35;72.577;69.220
1446;35;28;72.577;71.220
1447;28;36;125.577;73.630
1447;36;28;125.577;76.000
1448;28;37;141.875;53.910
1448;37;28;141.875;56.860
1449;28;37;159.677;72.830
1449;37;28;159.677;75.780
1450;28;38;120.039;67.190
1450;38;28;120.039;70.310
1451;28;38;110.934;60.810
1451;38;28;110.934;63.930
1452;28;38;112.513;57.820
1452;38;28;112.513;60.940
1453;28;39;25.336;11.490
1453;39;28;70.336;67.490
1454;29;30;53.953;61.650
1454;30;29;53.953;61.880
1455;29;30;54.966;78.280
1455;30;29;54.966;78.510
1456;29;30;52.341;70.400
1456;30;29;52.341;70.630
1457;29;31;115.506;79.860
1457;31;29;115.506;80.590
1458;29;31;130.582;58.570
1458;31;29;130.582;59.300
1459;29;32;75.300;63.090
1459;32;29;75.300;64.230
1460;29;32;71.763;73.800
1460;32;29;71.763;74.940
1461;29;33;101.963;72.860
1461;33;29;101.963;74.120
1462;29;33;106.173;62.970
1462;33;29;106.173;64.230
1463;29;33;97.335;70.190
1463;33;29;97.335;71.450
1464;29;34;48.310;61.430
1464;34;29;48.310;63.190
1465;29;34;49.106;73.070
1465;34;29;49.106;74.830
1466;29;35;55.632;76.390
1466;35;29;55.632;78.340
1467;29;35;58.237;67.620
1467;35;29;58.237;69.570
1468;29;36;119.426;64.880
1468;36;29;119.426;67.200
1469;29;36;112.955;60.870
1469;36;29;112.955;63.190
1470;29;36;107.851;56.670
1470;36;29;107.851;58.990
1471;29;37;110.940;71.560
1471;37;29;110.940;74.460
1472;29;38;89.226;68.700
1472;38;29;89.226;71.770
1473;29;39;8.671;0.160
1473;39;29;53.671;56.110
1474;29;39;7.784;7.260
1474;39;29;52.784;63.210
1475;30;31;109.830;64.480
1475;31;30;109.830;64.980
1476;30;31;123.378;76.900
1476;31;30;123.378;77.400
1477;30;32;73.942;72.840
1477;32;30;73.942;73.750
1478;30;32;66.922;79.140
1478;32;30;66.922;80.050
1479;30;32;77.921;75.270
1479;32;30;77.921;76.180
1480;30;33;96.688;67.260
1480;33;30;96.688;68.290
1481;30;33;106.979;79.420
1481;33;30;106.979;80.450
1482;30;34;55.342;71.910
1482;34;30;55.342;73.440
1483;30;34;53.530;78.660
1483;34;30;53.530;80.190
1484;30;35;55.358;75.680
1484;35;30;55.358;77.400
1485;30;36;115.322;71.320
1485;36;30;115.322;73.410
1486;30;37;116.292;64.600
1486;37;30;116.292;67.270
1487;30;37;129.061;66.440
1487;37;30;129.061;69.110
1488;30;37;110.401;68.290
1488;37;30;110.401;70.960
1489;30;38;94.405;71.450
1489;38;30;94.405;74.290
1490;30;39;6.651;23.860
1490;39;30;51.651;79.580
1491;30;39;5.787;15.370
1491;39;30;50.787;71.090
1492;31;32;89.909;63.400
1492;32;31;89.909;63.810
1493;31;32;95.831;70.740
1493;32;31;95.831;71.150
1494;31;32;83.692;62.050
1494;32;31;83.692;62.460
1495;31;33;58.798;69.100
1495;33;31;58.798;69.630
1496;31;33;61.381;68.030
1496;33;31;61.381;68.560
1497;31;33;57.824;64.470
1497;33;31;57.824;65.000
1498;31;34;118.478;77.620
1498;34;31;118.478;78.650
1499;31;34;123.717;57.800
1499;34;31;123.717;58.830
1500;31;34;120.539;67.730
1500;34;31;120.539;68.760
1501;31;35;105.322;63.550
1501;35;31;105.322;64.770
1502;31;36;60.436;77.840
1502;36;31;60.436;79.430
1503;31;36;57.646;69.530
1503;36;31;57.646;71.120
1504;31;37;128.961;59.530
1504;37;31;128.961;61.700
1505;31;37;148.859;70.350
1505;37;31;148.859;72.520
1506;31;38;116.407;75.620
1506;38;31;116.407;77.960
1507;31;38;108.854;63.670
1507;38;31;108.854;66.010
1508;31;38;125.387;62.300
1508;38;31;125.387;64.640
1509;31;39;71.350;22.570
1509;39;31;116.350;77.790
1510;32;33;76.245;66.040
1510;33;32;76.245;66.160
1511;32;34;78.609;69.190
1511;34;32;78.609;69.810
1512;32;34;83.713;62.110
1512;34;32;83.713;62.730
1513;32;34;76.735;70.770
1513;34;32;76.735;71.390
1514;32;35;64.896;70.560
1514;35;32;64.896;71.370
1515;32;36;90.450;65.050
1515;36;32;90.450;66.230
1516;32;37;97.388;74.180
1516;37;32;97.388;75.940
1517;32;37;95.551;62.430
1517;37;32;95.551;64.190
1518;32;38;77.850;60.690
1518;38;32;77.850;62.620
1519;32;38;78.152;53.560
1519;38;32;78.152;55.490
1520;32;39;35.108;2.810
1520;39;32;80.108;57.620
1521;33;34;104.995;74.150
1521;34;33;104.995;74.650
1522;33;35;91.665;62.950
1522;35;33;91.665;63.640
1523;33;35;84.308;72.920
1523;35;33;84.308;73.610
1524;33;35;81.403;75.850
1524;35;33;81.403;76.540
1525;33;36;65.490;65.920
1525;36;33;65.490;66.980
1526;33;36;62.946;57.160
1526;36;33;62.946;58.220
1527;33;37;118.873;64.660
1527;37;33;118.873;66.300
1528;33;37;129.194;68.780
1528;37;33;129.194;70.420
1529;33;38;104.367;54.150
1529;38;33;104.367;55.960
1530;33;39;58.284;2.940
1530;39;33;103.284;57.630
1531;33;39;64.717;9.750
1531;39;33;109.717;64.440
1532;34;35;58.893;64.640
1532;35;34;58.893;64.830
1533;34;35;57.744;72.190
1533;35;34;57.744;72.380
1534;34;36;122.629;61.470
1534;36;34;122.629;62.030
1535;34;36;137.672;63.100
1535;36;34;137.672;63.660
1536;34;36;122.227;77.150
1536;36;34;122.227;77.710
1537;34;37;113.151;60.240
1537;37;34;113.151;61.380
1538;34;38;91.577;77.320
1538;38;34;91.577;78.630
1539;34;39;7.648;4.370
1539;39;34;52.648;58.560
1540;34;39;9.355;12.960
1540;39;34;54.355;67.150
1541;34;39;9.275;17.940
1541;39;34;54.275;72.130
1542;35;36;108.818;75.540
1542;36;35;108.818;75.910
1543;35;37;106.402;62.370
1543;37;35;106.402;63.320
1544;35;37;108.928;76.010
1544;37;35;108.928;76.960
1545;35;38;84.554;68.070
1545;38;35;84.554;69.190
1546;35;38;83.619;73.250
1546;38;35;83.619;74.370
1547;35;38;75.903;74.290
1547;38;35;75.903;75.410
1548;35;39;15.608;21.400
1548;39;35;60.608;75.400
1549;36;37;119.772;72.590
1549;37;36;119.772;73.170
1550;36;37;107.884;63.970
1550;37;36;107.884;64.550
1551;36;37;112.910;75.450
1551;37;36;112.910;76.030
1552;36;38;110.697;71.920
1552;38;36;110.697;72.670
1553;36;38;108.045;54.190
1553;38;36;108.045;54.940
1554;36;38;122.429;52.880
1554;38;36;122.429;53.630
1555;36;39;76.973;3.180
1555;39;36;121.973;56.810
1556;36;39;58.196;18.970
1556;39;36;103.196;72.600
1557;37;38;66.887;70.790
1557;38;37;66.887;70.960
1558;37;38;64.240;72.100
1558;38;37;64.240;72.270
1559;37;38;61.465;53.860
1559;38;37;61.465;54.030
1560;37;39;74.442;8.010
1560;39;37;119.442;61.060
1561;38;39;52.651;16.030
1561;39;38;97.651;68.910
1562;38;39;58.088;1.050
1562;39;38;103.088;53.930
