40
180.0
0;0;1;94.491;100.830
0;1;0;49.491;0.830
1;0;1;84.134;117.040
1;1;0;39.134;17.040
2;0;1;101.413;115.280
2;1;0;56.413;15.280
3;0;2;68.796;100.720
3;2;0;23.796;1.020
4;0;2;68.439;111.670
4;2;0;23.439;11.970
5;0;3;67.496;96.150
5;3;0;22.496;16.110
6;0;4;75.107;89.240
6;4;0;30.107;11.540
7;0;4;70.873;101.540
7;4;0;25.873;23.840
8;0;5;67.688;80.790
8;5;0;22.688;3.510
9;0;5;70.287;87.280
9;5;0;25.287;10.000
10;0;6;53.647;93.160
10;6;0;8.647;16.900
11;0;6;51.801;80.270
11;6;0;6.801;4.010
12;0;7;81.549;95.390
12;7;0;36.549;22.190
13;0;8;73.285;77.200
13;8;0;28.285;4.730
14;0;8;79.311;75.910
14;8;0;34.311;3.440
15;0;8;79.985;91.830
15;8;0;34.985;19.360
16;0;9;76.387;82.230
16;9;0;31.387;10.230
17;0;9;81.505;88.370
17;9;0;36.505;16.370
18;0;10;77.509;70.330
18;10;0;32.509;0.310
19;0;11;54.829;78.440
19;11;0;9.829;8.660
20;0;11;56.148;81.650
20;11;0;11.148;11.870
21;0;11;55.982;90.160
21;11;0;10.982;20.380
22;0;12;72.562;71.310
22;12;0;27.562;2.950
23;0;13;63.196;81.480
23;13;0;18.196;13.240
24;0;13;64.418;69.300
24;13;0;19.418;1.060
25;0;14;64.222;86.490
25;14;0;19.222;18.750
26;0;14;67.647;77.770
26;14;0;22.647;10.030
27;0;15;62.194;91.310
27;15;0;17.194;23.890
28;0;16;94.508;67.070
28;16;0;49.508;0.060
29;0;17;90.309;82.450
29;17;0;45.309;15.770
30;0;17;96.675;74.290
30;17;0;51.675;7.610
31;0;17;90.122;77.310
31;17;0;45.122;10.630
32;0;18;76.884;66.120
32;18;0;31.884;2.790
33;0;19;71.736;66.920
33;19;0;26.736;4.000
34;0;20;78.232;68.870
34;20;0;33.232;6.240
35;0;20;86.111;70.820
35;20;0;41.111;8.190
36;0;20;85.907;87.540
36;20;0;40.907;24.910
37;0;21;63.520;78.880
37;21;0;18.520;18.250
38;0;21;66.862;70.870
38;21;0;21.862;10.240
39;0;21;62.709;73.770
39;21;0;17.709;13.140
40;0;22;103.284;70.100
40;22;0;58.284;9.600
41;0;23;138.673;74.720
41;23;0;93.673;14.700
42;0;23;117.559;64.980
42;23;0;72.559;4.960
43;0;24;63.520;72.630
43;24;0;18.520;13.920
44;0;25;65.827;77.740
44;25;0;20.827;19.630
45;0;25;69.937;73.620
45;25;0;24.937;15.510
46;0;25;61.199;75.530
46;25;0;16.199;17.420
47;0;26;116.350;73.180
47;26;0;71.350;15.870
48;0;26;132.088;68.740
48;26;0;87.088;11.430
49;0;27;74.690;58.040
49;27;0;29.690;0.880
50;0;27;71.839;67.140
50;27;0;26.839;9.980
51;0;27;77.443;59.370
51;27;0;32.443;2.210
52;0;28;141.367;62.100
52;28;0;96.367;5.160
53;0;28;151.109;62.240
53;28;0;106.109;5.300
54;0;28;154.769;60.140
54;28;0;109.769;3.200
55;0;29;69.972;61.880
55;29;0;24.972;5.240
56;0;30;64.290;70.590
56;30;0;19.290;14.440
57;0;30;60.205;56.460
57;30;0;15.205;0.310
58;0;30;61.615;58.950
58;30;0;16.615;2.800
59;0;31;66.172;65.670
59;31;0;21.172;10.430
60;0;31;62.796;62.440
60;31;0;17.796;7.200
61;0;32;71.416;66.240
61;32;0;26.416;11.370
62;0;32;75.967;67.430
62;32;0;30.967;12.560
63;0;33;71.770;75.110
63;33;0;26.770;20.690
64;0;34;80.108;59.830
64;34;0;35.108;5.820
65;0;34;74.499;76.220
65;34;0;29.499;22.210
66;0;35;76.553;70.000
66;35;0;31.553;16.340
67;0;35;81.034;55.170
67;35;0;36.034;1.510
68;0;36;53.671;68.040
68;36;0;8.671;14.640
69;0;36;53.520;66.410
69;36;0;8.520;13.010
70;0;37;63.686;67.770
70;37;0;18.686;14.830
71;0;37;61.408;70.290
71;37;0;16.408;17.350
72;0;37;62.026;69.350
72;37;0;17.026;16.410
73;0;38;51.651;70.850
73;38;0;6.651;18.360
74;0;38;52.618;70.170
74;38;0;7.618;17.680
75;0;39;0.000;10.770
75;39;0;0.000;10.770
76;0;39;0.000;17.160
76;39;0;0.000;17.160
77;1;2;110.336;106.710
77;2;1;110.336;107.010
78;1;2;114.719;100.850
78;2;1;114.719;101.150
79;1;3;77.528;95.560
79;3;1;77.528;115.520
80;1;3;74.802;85.850
80;3;1;74.802;105.810
81;1;4;65.984;89.030
81;4;1;65.984;111.330
82;1;4;68.101;96.890
82;4;1;68.101;119.190
83;1;5;86.520;99.520
83;5;1;86.520;122.240
84;1;6;87.276;101.010
84;6;1;87.276;124.750
85;1;6;79.092;87.120
85;6;1;79.092;110.860
86;1;7;66.570;92.040
86;7;1;66.570;118.840
87;1;7;62.627;82.500
87;7;1;62.627;109.300
88;1;8;117.069;77.050
88;8;1;117.069;104.580
89;1;8;123.194;91.440
89;8;1;123.194;118.970
90;1;8;117.485;86.300
90;8;1;117.485;113.830
91;1;9;114.299;81.460
91;9;1;114.299;109.460
92;1;9;121.890;86.940
92;9;1;121.890;114.940
93;1;10;74.022;92.270
93;10;1;74.022;122.250
94;1;10;77.197;83.830
94;10;1;77.197;113.810
95;1;11;84.694;79.020
95;11;1;84.694;109.240
96;1;11;94.435;80.520
96;11;1;94.435;110.740
97;1;11;85.637;82.590
97;11;1;85.637;112.810
98;1;12;69.109;91.900
98;12;1;69.109;123.540
99;1;12;71.824;80.240
99;12;1;71.824;111.880
100;1;12;66.320;90.780
100;12;1;66.320;122.420
101;1;13;78.322;89.750
101;13;1;78.322;121.510
102;1;13;82.110;72.800
102;13;1;82.110;104.560
103;1;13;71.638;69.250
103;13;1;71.638;101.010
104;1;14;113.662;90.150
104;14;1;113.662;122.410
105;1;14;112.307;91.240
105;14;1;112.307;123.500
106;1;14;105.181;85.680
106;14;1;105.181;117.940
107;1;15;80.845;89.570
107;15;1;80.845;122.150
108;1;15;79.906;82.560
108;15;1;79.906;115.140
109;1;16;81.911;82.070
109;16;1;81.911;115.060
110;1;16;88.723;88.100
110;16;1;88.723;121.090
111;1;17;80.955;73.620
111;17;1;80.955;106.940
112;1;17;75.136;86.430
112;17;1;75.136;119.750
113;1;17;77.259;79.360
113;17;1;77.259;112.680
114;1;18;77.378;70.490
114;18;1;77.378;107.160
115;1;19;74.997;66.280
115;19;1;74.997;103.360
116;1;19;80.161;72.630
116;19;1;80.161;109.710
117;1;20;65.896;65.460
117;20;1;65.896;102.830
118;1;20;64.122;86.090
118;20;1;64.122;123.460
119;1;20;69.092;74.340
119;20;1;69.092;111.710
120;1;21;78.457;85.380
120;21;1;78.457;124.750
121;1;21;76.077;62.390
121;21;1;76.077;101.760
122;1;21;79.964;77.870
122;21;1;79.964;117.240
123;1;22;66.975;76.680
123;22;1;66.975;116.180
124;1;23;102.209;61.210
124;23;1;102.209;101.190
125;1;23;105.086;80.780
125;23;1;105.086;120.760
126;1;23;92.294;62.540
126;23;1;92.294;102.520
127;1;24;78.457;71.450
127;24;1;78.457;112.740
128;1;24;70.463;63.530
128;24;1;70.463;104.820
129;1;24;84.259;70.310
129;24;1;84.259;111.600
130;1;25;73.902;73.900
130;25;1;73.902;115.790
131;1;25;69.617;62.600
131;25;1;69.617;104.490
132;1;26;79.185;60.410
132;26;1;79.185;103.100
133;1;26;84.477;76.640
133;26;1;84.477;119.330
134;1;26;76.621;66.440
134;26;1;76.621;109.130
135;1;27;68.587;70.570
135;27;1;68.587;113.410
136;1;27;66.461;78.110
136;27;1;66.461;120.950
137;1;27;68.134;76.350
137;27;1;68.134;119.190
138;1;28;100.850;66.960
138;28;1;100.850;110.020
139;1;28;94.783;57.370
139;28;1;94.783;100.430
140;1;29;76.517;77.000
140;29;1;76.517;120.360
141;1;29;73.451;61.770
141;29;1;73.451;105.130
142;1;30;75.463;70.710
142;30;1;75.463;114.560
143;1;30;80.229;74.750
143;30;1;80.229;118.600
144;1;30;69.822;74.280
144;30;1;69.822;118.130
145;1;31;80.589;56.750
145;31;1;80.589;101.510
146;1;31;83.163;71.780
146;31;1;83.163;116.540
147;1;31;74.375;67.890
147;31;1;74.375;112.650
148;1;32;72.608;63.690
148;32;1;72.608;108.820
149;1;32;78.375;55.280
149;32;1;78.375;100.410
150;1;33;71.892;76.440
150;33;1;71.892;122.020
151;1;33;72.634;71.360
151;33;1;72.634;116.940
152;1;33;66.263;56.890
152;33;1;66.263;102.470
153;1;34;59.867;61.670
153;34;1;59.867;107.660
154;1;34;57.553;61.470
154;34;1;57.553;107.460
155;1;34;56.725;66.250
155;34;1;56.725;112.240
156;1;35;113.875;62.950
156;35;1;113.875;109.290
157;1;35;105.943;77.400
157;35;1;105.943;123.740
158;1;36;90.133;65.540
158;36;1;90.133;112.140
159;1;36;83.569;64.010
159;36;1;83.569;110.610
160;1;37;79.129;62.190
160;37;1;79.129;109.250
161;1;37;81.573;68.850
161;37;1;81.573;115.910
162;1;38;88.091;56.770
162;38;1;88.091;104.280
163;1;39;49.491;16.660
163;39;1;94.491;116.660
164;1;39;39.665;23.880
164;39;1;84.665;123.880
165;1;39;56.744;11.710
165;39;1;101.744;111.710
166;2;3;90.080;94.090
166;3;2;90.080;113.750
167;2;4;89.354;81.860
167;4;2;89.354;103.860
168;2;4;78.404;98.770
168;4;2;78.404;120.770
169;2;4;79.527;94.350
169;4;2;79.527;116.350
170;2;5;91.481;93.000
170;5;2;91.481;115.420
171;2;5;101.209;89.480
171;5;2;101.209;111.900
172;2;5;90.519;80.190
172;5;2;90.519;102.610
173;2;6;76.730;99.860
173;6;2;76.730;123.300
174;2;6;71.766;79.310
174;6;2;71.766;102.750
175;2;6;81.672;84.180
175;6;2;81.672;107.620
176;2;7;91.542;88.250
176;7;2;91.542;114.750
177;2;8;51.988;85.520
177;8;2;51.988;112.750
178;2;8;52.974;74.530
178;8;2;52.974;101.760
179;2;8;52.554;85.070
179;8;2;52.554;112.300
180;2;9;53.115;89.460
180;9;2;53.115;117.160
181;2;10;100.131;89.590
181;10;2;100.131;119.270
182;2;10;89.986;72.600
182;10;2;89.986;102.280
183;2;11;74.708;71.000
183;11;2;74.708;100.920
184;2;12;86.226;80.420
184;12;2;86.226;111.760
185;2;12;92.129;68.840
185;12;2;92.129;100.180
186;2;13;84.989;75.410
186;13;2;84.989;106.870
187;2;13;86.731;75.780
187;13;2;86.731;107.240
188;2;13;76.876;83.630
188;13;2;76.876;115.090
189;2;14;64.619;68.850
189;14;2;64.619;100.810
190;2;15;84.892;83.710
190;15;2;84.892;115.990
191;2;15;89.239;74.650
191;15;2;89.239;106.930
192;2;16;95.417;77.980
192;16;2;95.417;110.670
193;2;17;113.670;77.180
193;17;2;113.670;110.200
194;2;17;112.257;81.010
194;17;2;112.257;114.030
195;2;17;98.917;89.380
195;17;2;98.917;122.400
196;2;18;100.020;71.610
196;18;2;100.020;107.980
197;2;18;103.317;70.030
197;18;2;103.317;106.400
198;2;19;81.092;76.760
198;19;2;81.092;113.540
199;2;19;81.208;74.850
199;19;2;81.208;111.630
200;2;19;87.953;87.110
200;19;2;87.953;123.890
201;2;20;90.169;65.980
201;20;2;90.169;103.050
202;2;20;81.427;74.460
202;20;2;81.427;111.530
203;2;21;85.525;75.830
203;21;2;85.525;114.900
204;2;22;111.860;80.540
204;22;2;111.860;119.740
205;2;22;115.389;60.880
205;22;2;115.389;100.080
206;2;22;123.428;66.410
206;22;2;123.428;105.610
207;2;23;142.123;74.680
207;23;2;142.123;114.360
208;2;24;85.525;75.810
208;24;2;85.525;116.800
209;2;25;82.779;66.950
209;25;2;82.779;108.540
210;2;25;86.107;81.510
210;25;2;86.107;123.100
211;2;25;82.397;76.230
211;25;2;82.397;117.820
212;2;26;122.761;63.000
212;26;2;122.761;105.390
213;2;27;86.989;65.130
213;27;2;86.989;107.670
214;2;27;89.572;73.000
214;27;2;89.572;115.540
215;2;28;162.144;68.220
215;28;2;162.144;110.980
216;2;28;177.550;74.790
216;28;2;177.550;117.550
217;2;29;79.321;58.310
217;29;2;79.321;101.370
218;2;29;81.264;65.180
218;29;2;81.264;108.240
219;2;30;84.024;62.060
219;30;2;84.024;105.610
220;2;30;83.523;62.750
220;30;2;83.523;106.300
221;2;31;89.356;80.020
221;31;2;89.356;124.480
222;2;31;80.487;72.280
222;31;2;80.487;116.740
223;2;32;82.919;75.640
223;32;2;82.919;120.470
224;2;32;90.312;69.080
224;32;2;90.312;113.910
225;2;32;83.158;55.030
225;32;2;83.158;99.860
226;2;33;83.599;57.150
226;33;2;83.599;102.430
227;2;34;98.025;75.610
227;34;2;98.025;121.300
228;2;34;87.578;75.750
228;34;2;87.578;121.440
229;2;34;88.041;74.850
229;34;2;88.041;120.540
230;2;35;53.558;54.490
230;35;2;53.558;100.530
231;2;36;77.461;67.760
231;36;2;77.461;114.060
232;2;36;73.668;66.810
232;36;2;73.668;113.110
233;2;36;74.205;76.680
233;36;2;74.205;122.980
234;2;37;86.065;76.770
234;37;2;86.065;123.530
235;2;37;95.520;65.380
235;37;2;95.520;112.140
236;2;37;89.180;60.210
236;37;2;89.180;106.970
237;2;38;71.558;63.090
237;38;2;71.558;110.300
238;2;38;74.483;58.810
238;38;2;74.483;106.020
239;2;39;23.796;19.180
239;39;2;68.796;118.880
240;2;39;23.364;15.760
240;39;2;68.364;115.460
241;3;4;65.740;99.560
241;4;3;65.740;101.900
242;3;4;62.328;97.770
242;4;3;62.328;100.110
243;3;5;54.749;78.010
243;5;3;54.749;80.770
244;3;5;55.044;91.090
244;5;3;55.044;93.850
245;3;5;53.259;90.030
245;5;3;53.259;92.790
246;3;6;58.852;85.910
246;6;3;58.852;89.690
247;3;6;62.037;83.100
247;6;3;62.037;86.880
248;3;6;57.287;88.430
248;6;3;57.287;92.210
249;3;7;74.967;91.390
249;7;3;74.967;98.230
250;3;7;72.638;80.000
250;7;3;72.638;86.840
251;3;7;69.639;86.790
251;7;3;69.639;93.630
252;3;8;95.384;92.510
252;8;3;95.384;100.080
253;3;8;95.330;82.120
253;8;3;95.330;89.690
254;3;9;96.814;83.550
254;9;3;96.814;91.590
255;3;9;92.280;93.700
255;9;3;92.280;101.740
256;3;9;93.439;89.620
256;9;3;93.439;97.660
257;3;10;55.085;84.870
257;10;3;55.085;94.890
258;3;11;60.606;72.540
258;11;3;60.606;82.800
259;3;11;60.407;93.930
259;11;3;60.407;104.190
260;3;12;65.552;81.350
260;12;3;65.552;93.030
261;3;12;69.341;86.730
261;12;3;69.341;98.410
262;3;13;50.468;76.140
262;13;3;50.468;87.940
263;3;13;49.138;83.740
263;13;3;49.138;95.540
264;3;14;85.599;87.760
264;14;3;85.599;100.060
265;3;15;50.307;82.440
265;15;3;50.307;95.060
266;3;15;50.088;69.250
266;15;3;50.088;81.870
267;3;16;93.924;78.520
267;16;3;93.924;91.550
268;3;17;68.888;91.450
268;17;3;68.888;104.810
269;3;17;72.800;84.800
269;17;3;72.800;98.160
270;3;18;55.181;64.670
270;18;3;55.181;81.380
271;3;18;53.497;68.750
271;18;3;53.497;85.460
272;3;19;70.880;68.190
272;19;3;70.880;85.310
273;3;19;73.836;86.790
273;19;3;73.836;103.910
274;3;20;70.556;66.280
274;20;3;70.556;83.690
275;3;20;72.737;70.380
275;20;3;72.737;87.790
276;3;20;73.940;80.150
276;20;3;73.940;97.560
277;3;21;49.777;79.840
277;21;3;49.777;99.250
278;3;21;49.089;81.420
278;21;3;49.089;100.830
279;3;22;93.284;83.460
279;22;3;93.284;103.000
280;3;22;99.603;71.320
280;22;3;99.603;90.860
281;3;23;130.650;83.500
281;23;3;130.650;103.520
282;3;23;116.523;78.600
282;23;3;116.523;98.620
283;3;23;128.601;78.330
283;23;3;128.601;98.350
284;3;24;49.777;77.270
284;24;3;49.777;98.600
285;3;24;48.871;74.330
285;24;3;48.871;95.660
286;3;24;49.941;74.220
286;24;3;49.941;95.550
287;3;25;59.254;73.870
287;25;3;59.254;95.800
288;3;25;55.883;70.310
288;25;3;55.883;92.240
289;3;25;60.392;63.130
289;25;3;60.392;85.060
290;3;26;107.080;78.800
290;26;3;107.080;101.530
291;3;27;68.312;65.750
291;27;3;68.312;88.630
292;3;27;74.077;74.360
292;27;3;74.077;97.240
293;3;28;119.040;71.130
293;28;3;119.040;94.230
294;3;28;136.972;57.920
294;28;3;136.972;81.020
295;3;29;70.339;60.510
295;29;3;70.339;83.910
296;3;29;71.181;78.850
296;29;3;71.181;102.250
297;3;30;54.290;66.820
297;30;3;54.290;90.710
298;3;30;54.402;63.800
298;30;3;54.402;87.690
299;3;30;53.447;79.870
299;30;3;53.447;103.760
300;3;31;48.090;57.500
300;31;3;48.090;82.300
301;3;31;47.898;71.980
301;31;3;47.898;96.780
302;3;31;48.527;56.300
302;31;3;48.527;81.100
303;3;32;68.133;74.070
303;32;3;68.133;99.240
304;3;32;71.576;61.230
304;32;3;71.576;86.400
305;3;33;67.821;60.530
305;33;3;67.821;86.150
306;3;33;62.291;68.450
306;33;3;62.291;94.070
307;3;33;67.839;75.300
307;33;3;67.839;100.920
308;3;34;62.990;75.220
308;34;3;62.990;101.250
309;3;34;65.604;65.370
309;34;3;65.604;91.400
310;3;35;96.773;57.190
310;35;3;96.773;83.570
311;3;36;59.979;57.550
311;36;3;59.979;84.190
312;3;36;61.321;72.860
312;36;3;61.321;99.500
313;3;36;58.008;69.110
313;36;3;58.008;95.750
314;3;37;49.023;59.010
314;37;3;49.023;86.110
315;3;38;63.534;73.190
315;38;3;63.534;100.740
316;3;38;63.560;53.000
316;38;3;63.560;80.550
317;3;39;22.496;19.440
317;39;3;67.496;99.480
318;3;39;26.915;3.830
318;39;3;71.915;83.870
319;3;39;18.544;5.800
319;39;3;63.544;85.840
320;4;5;75.314;94.200
320;5;4;75.314;94.620
321;4;5;77.424;92.800
321;5;4;77.424;93.220
322;4;6;69.444;79.620
322;6;4;69.444;81.060
323;4;6;74.608;81.800
323;6;4;74.608;83.240
324;4;7;54.238;89.800
324;7;4;54.238;94.300
325;4;8;96.088;92.510
325;8;4;96.088;97.740
326;4;8;86.307;90.150
326;8;4;86.307;95.380
327;4;8;86.660;76.910
327;8;4;86.660;82.140
328;4;9;93.521;92.260
328;9;4;93.521;97.960
329;4;10;69.601;94.070
329;10;4;69.601;101.750
330;4;10;69.098;72.270
330;10;4;69.098;79.950
331;4;10;73.026;77.830
331;10;4;73.026;85.510
332;4;11;65.413;83.270
332;11;4;65.413;91.190
333;4;11;67.060;72.310
333;11;4;67.060;80.230
334;4;11;60.370;76.060
334;11;4;60.370;83.980
335;4;12;48.134;82.540
335;12;4;48.134;91.880
336;4;13;63.125;86.020
336;13;4;63.125;95.480
337;4;14;93.824;83.970
337;14;4;93.824;93.930
338;4;14;91.416;74.230
338;14;4;91.416;84.190
339;4;14;81.797;82.720
339;14;4;81.797;92.680
340;4;15;66.053;91.190
340;15;4;66.053;101.470
341;4;15;68.876;85.510
341;15;4;68.876;95.790
342;4;16;73.717;90.930
342;16;4;73.717;101.620
343;4;16;70.082;75.950
343;16;4;70.082;86.640
344;4;16;75.236;87.500
344;16;4;75.236;98.190
345;4;17;82.998;82.230
345;17;4;82.998;93.250
346;4;18;72.199;86.190
346;18;4;72.199;100.560
347;4;18;76.663;68.910
347;18;4;76.663;83.280
348;4;18;77.349;79.310
348;18;4;77.349;93.680
349;4;19;55.054;66.300
349;19;4;55.054;81.080
350;4;20;49.830;73.930
350;20;4;49.830;89.000
351;4;20;48.877;82.560
351;20;4;48.877;97.630
352;4;20;50.714;62.840
352;20;4;50.714;77.910
353;4;21;63.660;78.880
353;21;4;63.660;95.950
354;4;21;65.112;61.390
354;21;4;65.112;78.460
355;4;21;65.420;82.650
355;21;4;65.420;99.720
356;4;22;74.047;75.510
356;22;4;74.047;92.710
357;4;22;67.978;73.290
357;22;4;67.978;90.490
358;4;22;70.302;80.420
358;22;4;70.302;97.620
359;4;23;110.940;80.640
359;23;4;110.940;98.320
360;4;24;63.660;61.560
360;24;4;63.660;80.550
361;4;25;54.569;78.580
361;25;4;54.569;98.170
362;4;25;55.477;75.310
362;25;4;55.477;94.900
363;4;25;55.434;82.560
363;25;4;55.434;102.150
364;4;26;87.679;67.200
364;26;4;87.679;87.590
365;4;26;83.681;73.470
365;26;4;83.681;93.860
366;4;26;93.747;63.010
366;26;4;93.747;83.400
367;4;27;48.827;78.210
367;27;4;48.827;98.750
368;4;27;49.543;74.350
368;27;4;49.543;94.890
369;4;28;119.701;60.120
369;28;4;119.701;80.880
370;4;29;56.138;60.560
370;29;4;56.138;81.620
371;4;29;57.736;70.740
371;29;4;57.736;91.800
372;4;30;58.515;69.040
372;30;4;58.515;90.590
373;4;30;60.366;68.490
373;30;4;60.366;90.040
374;4;31;68.447;57.300
374;31;4;68.447;79.760
375;4;32;52.058;59.090
375;32;4;52.058;81.920
376;4;32;53.256;69.050
376;32;4;53.256;91.880
377;4;33;51.317;77.310
377;33;4;51.317;100.590
378;4;33;51.161;70.920
378;33;4;51.161;94.200
379;4;34;55.896;71.690
379;34;4;55.896;95.380
380;4;34;53.548;70.950
380;34;4;53.548;94.640
381;4;35;93.137;59.690
381;35;4;93.137;83.730
382;4;35;87.196;69.020
382;35;4;87.196;93.060
383;4;36;72.936;69.350
383;36;4;72.936;93.650
384;4;36;78.231;74.430
384;36;4;78.231;98.730
385;4;37;64.813;56.040
385;37;4;64.813;80.800
386;4;38;68.466;53.560
386;38;4;68.466;78.770
387;4;38;70.355;59.160
387;38;4;70.355;84.370
388;4;38;68.727;55.120
388;38;4;68.727;80.330
389;4;39;30.107;2.900
389;39;4;75.107;80.600
390;5;6;60.381;86.580
390;6;5;60.381;87.600
391;5;7;84.488;84.030
391;7;5;84.488;88.110
392;5;8;95.763;81.870
392;8;5;95.763;86.680
393;5;9;98.965;81.440
393;9;5;98.965;86.720
394;5;9;88.394;94.170
394;9;5;88.394;99.450
395;5;9;95.963;79.120
395;9;5;95.963;84.400
396;5;10;59.400;74.130
396;10;5;59.400;81.390
397;5;11;64.811;88.000
397;11;5;64.811;95.500
398;5;11;65.271;83.330
398;11;5;65.271;90.830
399;5;11;69.269;85.380
399;11;5;69.269;92.880
400;5;12;74.821;71.620
400;12;5;74.821;80.540
401;5;13;57.858;74.490
401;13;5;57.858;83.530
402;5;13;60.805;69.530
402;13;5;60.805;78.570
403;5;14;82.763;82.500
403;14;5;82.763;92.040
404;5;15;55.323;71.260
404;15;5;55.323;81.120
405;5;15;54.974;89.520
405;15;5;54.974;99.380
406;5;15;56.435;79.980
406;15;5;56.435;89.840
407;5;16;103.016;89.230
407;16;5;103.016;99.500
408;5;16;112.977;78.360
408;16;5;112.977;88.630
409;5;17;68.621;67.190
409;17;5;68.621;77.790
410;5;17;68.879;83.900
410;17;5;68.879;94.500
411;5;17;72.723;69.520
411;17;5;72.723;80.120
412;5;18;57.000;81.790
412;18;5;57.000;95.740
413;5;18;55.861;63.460
413;18;5;55.861;77.410
414;5;18;58.652;69.010
414;18;5;58.652;82.960
415;5;19;79.348;69.790
415;19;5;79.348;84.150
416;5;19;86.237;62.970
416;19;5;86.237;77.330
417;5;20;80.092;62.990
417;20;5;80.092;77.640
418;5;21;57.156;68.490
418;21;5;57.156;85.140
419;5;21;55.018;78.020
419;21;5;55.018;94.670
420;5;21;57.407;85.610
420;21;5;57.407;102.260
421;5;22;103.017;82.430
421;22;5;103.017;99.210
422;5;22;109.304;65.040
422;22;5;109.304;81.820
423;5;23;140.389;66.010
423;23;5;140.389;83.270
424;5;23;158.000;64.200
424;23;5;158.000;81.460
425;5;24;57.156;66.240
425;24;5;57.156;84.810
426;5;24;59.806;82.220
426;24;5;59.806;100.790
427;5;25;67.821;73.010
427;25;5;67.821;92.180
428;5;25;69.832;65.420
428;25;5;69.832;84.590
429;5;25;62.670;74.570
429;25;5;62.670;93.740
430;5;26;116.810;74.740
430;26;5;116.810;94.710
431;5;27;77.620;68.100
431;27;5;77.620;88.220
432;5;28;122.822;67.870
432;28;5;122.822;88.210
433;5;29;78.502;60.140
433;29;5;78.502;80.780
434;5;29;76.922;64.400
434;29;5;76.922;85.040
435;5;29;79.716;79.990
435;29;5;79.716;100.630
436;5;30;62.705;58.610
436;30;5;62.705;79.740
437;5;30;58.363;58.670
437;30;5;58.363;79.800
438;5;30;64.432;60.490
438;30;5;64.432;81.620
439;5;31;51.869;70.530
439;31;5;51.869;92.570
440;5;32;76.911;76.670
440;32;5;76.911;99.080
441;5;32;84.240;78.600
441;32;5;84.240;101.010
442;5;32;82.570;64.870
442;32;5;82.570;87.280
443;5;33;76.705;79.330
443;33;5;76.705;102.190
444;5;34;72.411;57.400
444;34;5;72.411;80.670
445;5;35;99.080;74.690
445;35;5;99.080;98.310
446;5;35;95.739;62.200
446;35;5;95.739;85.820
447;5;36;59.020;61.070
447;36;5;59.020;84.950
448;5;36;57.249;75.640
448;36;5;57.249;99.520
449;5;37;55.905;67.620
449;37;5;55.905;91.960
450;5;37;58.315;76.580
450;37;5;58.315;100.920
451;5;38;66.487;75.800
451;38;5;66.487;100.590
452;5;38;68.041;75.450
452;38;5;68.041;100.240
453;5;39;22.688;5.590
453;39;5;67.688;82.870
454;6;7;77.233;82.200
454;7;6;77.233;85.260
455;6;7;77.749;76.490
455;7;6;77.749;79.550
456;6;8;81.692;82.890
456;8;6;81.692;86.680
457;6;8;79.444;80.490
457;8;6;79.444;84.280
458;6;9;83.904;82.570
458;9;6;83.904;86.830
459;6;9;82.543;92.480
459;9;6;82.543;96.740
460;6;9;87.016;72.180
460;9;6;87.016;76.440
461;6;10;68.885;85.780
461;10;6;68.885;92.020
462;6;10;68.958;75.170
462;10;6;68.958;81.410
463;6;11;50.626;72.410
463;11;6;50.626;78.890
464;6;11;50.441;71.090
464;11;6;50.441;77.570
465;6;11;51.660;92.300
465;11;6;51.660;98.780
466;6;12;67.457;85.640
466;12;6;67.457;93.540
467;6;13;54.733;79.600
467;13;6;54.733;87.620
468;6;14;72.272;72.880
468;14;6;72.272;81.400
469;6;14;77.587;77.640
469;14;6;77.587;86.160
470;6;14;74.578;89.710
470;14;6;74.578;98.230
471;6;15;53.547;80.860
471;15;6;53.547;89.700
472;6;15;55.377;71.300
472;15;6;55.377;80.140
473;6;15;52.741;91.840
473;15;6;52.741;100.680
474;6;16;92.906;84.970
474;16;6;92.906;94.220
475;6;16;98.958;85.180
475;16;6;98.958;94.430
476;6;16;84.966;81.870
476;16;6;84.966;91.120
477;6;17;81.967;82.050
477;17;6;81.967;91.630
478;6;17;87.300;91.510
478;17;6;87.300;101.090
479;6;18;68.397;76.730
479;18;6;68.397;89.660
480;6;19;68.890;86.180
480;19;6;68.890;99.520
481;6;20;73.348;66.490
481;20;6;73.348;80.120
482;6;20;77.430;76.660
482;20;6;77.430;90.290
483;6;20;77.151;73.180
483;20;6;77.151;86.810
484;6;21;54.975;82.170
484;21;6;54.975;97.800
485;6;22;98.422;69.670
485;22;6;98.422;85.430
486;6;22;99.432;73.960
486;22;6;99.432;89.720
487;6;22;102.238;61.280
487;22;6;102.238;77.040
488;6;23;134.874;75.690
488;23;6;134.874;91.930
489;6;24;54.975;77.070
489;24;6;54.975;94.620
490;6;24;56.747;60.740
490;24;6;56.747;78.290
491;6;24;53.811;79.270
491;24;6;53.811;96.820
492;6;25;59.887;66.570
492;25;6;59.887;84.720
493;6;25;62.946;59.590
493;25;6;62.946;77.740
494;6;26;111.918;63.900
494;26;6;111.918;82.850
495;6;27;70.001;77.730
495;27;6;70.001;96.830
496;6;28;132.759;76.060
496;28;6;132.759;95.380
497;6;28;153.456;62.840
497;28;6;153.456;82.160
498;6;28;129.403;80.330
498;28;6;129.403;99.650
499;6;29;67.456;66.120
499;29;6;67.456;85.740
500;6;30;56.840;80.490
500;30;6;56.840;100.600
501;6;30;57.684;69.230
501;30;6;57.684;89.340
502;6;31;57.678;79.230
502;31;6;57.678;100.250
503;6;31;57.109;59.250
503;31;6;57.109;80.270
504;6;32;67.563;62.830
504;32;6;67.563;84.220
505;6;32;65.889;76.680
505;32;6;65.889;98.070
506;6;32;70.154;72.040
506;32;6;70.154;93.430
507;6;33;67.698;63.440
507;33;6;67.698;85.280
508;6;33;65.014;63.440
508;33;6;65.014;85.280
509;6;33;64.238;66.960
509;33;6;64.238;88.800
510;6;34;72.548;75.060
510;34;6;72.548;97.310
511;6;34;67.816;57.030
511;34;6;67.816;79.280
512;6;34;77.249;63.290
512;34;6;77.249;85.540
513;6;35;83.963;57.680
513;35;6;83.963;80.280
514;6;35;89.269;75.360
514;35;6;89.269;97.960
515;6;36;48.720;69.360
515;36;6;48.720;92.220
516;6;37;55.056;70.470
516;37;6;55.056;93.790
517;6;37;54.335;63.400
517;37;6;54.335;86.720
518;6;37;54.942;54.920
518;37;6;54.942;78.240
519;6;38;51.171;64.860
519;38;6;51.171;88.630
520;6;38;50.087;57.530
520;38;6;50.087;81.300
521;6;38;51.938;66.520
521;38;6;51.938;90.290
522;6;39;8.647;20.770
522;39;6;53.647;97.030
523;6;39;8.461;12.550
523;39;6;53.461;88.810
524;7;8;98.504;78.150
524;8;7;98.504;78.880
525;7;8;105.804;96.830
525;8;7;105.804;97.560
526;7;8;100.231;73.640
526;8;7;100.231;74.370
527;7;9;94.291;81.630
527;9;7;94.291;82.830
528;7;9;96.270;77.580
528;9;7;96.270;78.780
529;7;10;78.419;87.140
529;10;7;78.419;90.320
530;7;11;72.463;72.470
530;11;7;72.463;75.890
531;7;11;75.878;93.710
531;11;7;75.878;97.130
532;7;12;54.975;74.840
532;12;7;54.975;79.680
533;7;12;52.774;70.430
533;12;7;52.774;75.270
534;7;12;53.902;71.890
534;12;7;53.902;76.730
535;7;13;72.071;82.140
535;13;7;72.071;87.100
536;7;13;76.155;87.530
536;13;7;76.155;92.490
537;7;14;99.245;73.960
537;14;7;99.245;79.420
538;7;14;104.823;80.480
538;14;7;104.823;85.940
539;7;14;94.423;89.520
539;14;7;94.423;94.980
540;7;15;74.973;82.080
540;15;7;74.973;87.860
541;7;15;68.509;88.970
541;15;7;68.509;94.750
542;7;15;73.127;75.500
542;15;7;73.127;81.280
543;7;16;64.858;84.060
543;16;7;64.858;90.250
544;7;16;67.570;73.080
544;16;7;67.570;79.270
545;7;16;69.753;90.530
545;16;7;69.753;96.720
546;7;17;91.181;78.070
546;17;7;91.181;84.590
547;7;17;100.659;68.150
547;17;7;100.659;74.670
548;7;18;81.182;84.710
548;18;7;81.182;94.580
549;7;18;79.145;87.230
549;18;7;79.145;97.100
550;7;19;55.686;75.630
550;19;7;55.686;85.910
551;7;19;55.986;87.800
551;19;7;55.986;98.080
552;7;19;56.547;63.760
552;19;7;56.547;74.040
553;7;20;49.411;80.020
553;20;7;49.411;90.590
554;7;21;72.657;85.440
554;21;7;72.657;98.010
555;7;21;73.852;71.930
555;21;7;73.852;84.500
556;7;22;66.784;63.320
556;22;7;66.784;76.020
557;7;22;64.282;70.140
557;22;7;64.282;82.840
558;7;22;67.287;70.500
558;22;7;67.287;83.200
559;7;23;102.641;70.710
559;23;7;102.641;83.890
560;7;23;91.001;80.680
560;23;7;91.001;93.860
561;7;23;93.132;84.120
561;23;7;93.132;97.300
562;7;24;72.657;77.180
562;24;7;72.657;91.670
563;7;25;62.667;75.600
563;25;7;62.667;90.690
564;7;25;66.431;63.780
564;25;7;66.431;78.870
565;7;26;79.854;67.850
565;26;7;79.854;83.740
566;7;27;52.264;59.690
566;27;7;52.264;75.730
567;7;27;53.411;71.160
567;27;7;53.411;87.200
568;7;27;51.795;78.360
568;27;7;51.795;94.400
569;7;28;122.350;77.770
569;28;7;122.350;94.030
570;7;28;114.839;68.410
570;28;7;114.839;84.670
571;7;29;57.572;75.490
571;29;7;57.572;92.050
572;7;29;58.872;81.130
572;29;7;58.872;97.690
573;7;29;55.686;72.800
573;29;7;55.686;89.360
574;7;30;67.291;63.480
574;30;7;67.291;80.530
575;7;30;70.437;64.320
575;30;7;70.437;81.370
576;7;30;71.381;56.530
576;30;7;71.381;73.580
577;7;31;77.631;66.570
577;31;7;77.631;84.530
578;7;31;76.807;75.010
578;31;7;76.807;92.970
579;7;32;55.142;59.460
579;32;7;55.142;77.790
580;7;32;53.554;54.990
580;32;7;53.554;73.320
581;7;32;53.683;76.020
581;32;7;53.683;94.350
582;7;33;54.785;78.850
582;33;7;54.785;97.630
583;7;33;53.380;71.910
583;33;7;53.380;90.690
584;7;33;56.437;63.960
584;33;7;56.437;82.740
585;7;34;62.743;76.600
585;34;7;62.743;95.790
586;7;35;93.768;77.910
586;35;7;93.768;97.450
587;7;35;94.059;75.210
587;35;7;94.059;94.750
588;7;36;80.886;53.420
588;36;7;80.886;73.220
589;7;37;73.847;77.040
589;37;7;73.847;97.300
590;7;38;74.991;60.820
590;38;7;74.991;81.530
591;7;38;79.541;76.000
591;38;7;79.541;96.710
592;7;39;36.549;0.070
592;39;7;81.549;73.270
593;7;39;40.062;18.180
593;39;7;85.062;91.380
594;7;39;30.455;9.690
594;39;7;75.455;82.890
595;8;9;54.760;85.960
595;9;8;54.760;86.430
596;8;10;105.469;90.530
596;10;8;105.469;92.980
597;8;11;80.398;86.850
597;11;8;80.398;89.540
598;8;11;78.792;75.490
598;11;8;78.792;78.180
599;8;11;82.217;88.070
599;11;8;82.217;90.760
600;8;12;92.972;76.220
600;12;8;92.972;80.330
601;8;13;90.512;91.910
601;13;8;90.512;96.140
602;8;13;90.282;91.990
602;13;8;90.282;96.220
603;8;14;63.721;85.310
603;14;8;63.721;90.040
604;8;15;90.108;84.870
604;15;8;90.108;89.920
605;8;15;87.362;82.250
605;15;8;87.362;87.300
606;8;16;102.108;72.470
606;16;8;102.108;77.930
607;8;16;100.705;71.250
607;16;8;100.705;76.710
608;8;16;98.369;77.420
608;16;8;98.369;82.880
609;8;17;118.587;85.870
609;17;8;118.587;91.660
610;8;17;103.776;71.830
610;17;8;103.776;77.620
611;8;18;105.087;82.540
611;18;8;105.087;91.680
612;8;18;103.366;76.530
612;18;8;103.366;85.670
613;8;19;88.017;78.610
613;19;8;88.017;88.160
614;8;20;97.055;87.610
614;20;8;97.055;97.450
615;8;20;87.029;79.200
615;20;8;87.029;89.040
616;8;20;108.239;65.640
616;20;8;108.239;75.480
617;8;21;90.992;75.020
617;21;8;90.992;86.860
618;8;22;118.841;81.010
618;22;8;118.841;92.980
619;8;22;121.529;78.510
619;22;8;121.529;90.480
620;8;22;130.096;75.500
620;22;8;130.096;87.470
621;8;23;148.777;61.440
621;23;8;148.777;73.890
622;8;23;155.533;67.260
622;23;8;155.533;79.710
623;8;23;131.183;74.250
623;23;8;131.183;86.700
624;8;24;90.992;64.100
624;24;8;90.992;77.860
625;8;25;89.149;81.600
625;25;8;89.149;95.960
626;8;25;97.857;65.120
626;25;8;97.857;79.480
627;8;25;98.192;81.890
627;25;8;98.192;96.250
628;8;26;129.661;61.730
628;26;8;129.661;76.890
629;8;26;120.285;72.340
629;26;8;120.285;87.500
630;8;26;111.755;79.170
630;26;8;111.755;94.330
631;8;27;93.832;81.570
631;27;8;93.832;96.880
632;8;27;84.798;74.820
632;27;8;84.798;90.130
633;8;27;103.407;61.610
633;27;8;103.407;76.920
634;8;28;168.244;68.710
634;28;8;168.244;84.240
635;8;28;163.769;71.440
635;28;8;163.769;86.970
636;8;28;183.078;66.080
636;28;8;183.078;81.610
637;8;29;86.229;65.110
637;29;8;86.229;80.940
638;8;30;89.999;78.710
638;30;8;89.999;95.030
639;8;30;86.749;77.870
639;30;8;86.749;94.190
640;8;31;94.364;55.980
640;31;8;94.364;73.210
641;8;32;89.765;74.650
641;32;8;89.765;92.250
642;8;33;90.434;73.800
642;33;8;90.434;91.850
643;8;33;89.905;56.580
643;33;8;89.905;74.630
644;8;34;104.458;75.560
644;34;8;104.458;94.020
645;8;35;55.592;69.920
645;35;8;55.592;88.730
646;8;35;53.119;72.630
646;35;8;53.119;91.440
647;8;36;81.867;71.830
647;36;8;81.867;90.900
648;8;36;81.327;67.280
648;36;8;81.327;86.350
649;8;37;91.414;76.280
649;37;8;91.414;95.810
650;8;38;77.067;55.300
650;38;8;77.067;75.280
651;8;38;83.184;61.600
651;38;8;83.184;81.580
652;8;38;74.346;63.530
652;38;8;74.346;83.510
653;8;39;28.285;19.990
653;39;8;73.285;92.460
654;9;10;106.754;91.370
654;10;9;106.754;93.350
655;9;10;107.854;80.530
655;10;9;107.854;82.510
656;9;11;81.232;86.990
656;11;9;81.232;89.210
657;9;11;75.239;78.360
657;11;9;75.239;80.580
658;9;11;72.947;81.120
658;11;9;72.947;83.340
659;9;12;90.399;81.480
659;12;9;90.399;85.120
660;9;12;98.640;71.570
660;12;9;98.640;75.210
661;9;13;91.546;93.130
661;13;9;91.546;96.890
662;9;14;72.076;91.730
662;14;9;72.076;95.990
663;9;15;91.758;74.240
663;15;9;91.758;78.820
664;9;15;96.291;75.420
664;15;9;96.291;80.000
665;9;15;99.350;70.600
665;15;9;99.350;75.180
666;9;16;94.934;74.640
666;16;9;94.934;79.630
667;9;16;102.582;85.680
667;16;9;102.582;90.670
668;9;16;95.742;83.880
668;16;9;95.742;88.870
669;9;17;120.617;83.240
669;17;9;120.617;88.560
670;9;17;116.626;77.240
670;17;9;116.626;82.560
671;9;18;106.902;73.960
671;18;9;106.902;82.630
672;9;18;106.996;80.300
672;18;9;106.996;88.970
673;9;18;116.948;65.540
673;18;9;116.948;74.210
674;9;19;84.399;84.740
674;19;9;84.399;93.820
675;9;19;87.373;67.280
675;19;9;87.373;76.360
676;9;20;93.597;79.650
676;20;9;93.597;89.020
677;9;20;84.225;68.510
677;20;9;84.225;77.880
678;9;20;91.033;78.970
678;20;9;91.033;88.340
679;9;21;92.138;72.190
679;21;9;92.138;83.560
680;9;21;91.944;78.180
680;21;9;91.944;89.550
681;9;21;97.878;73.850
681;21;9;97.878;85.220
682;9;22;113.337;61.940
682;22;9;113.337;73.440
683;9;22;126.816;66.560
683;22;9;126.816;78.060
684;9;22;124.491;69.550
684;22;9;124.491;81.050
685;9;23;141.250;72.890
685;23;9;141.250;84.870
686;9;24;92.138;73.480
686;24;9;92.138;86.770
687;9;24;97.251;70.850
687;24;9;97.251;84.140
688;9;25;88.076;82.460
688;25;9;88.076;96.350
689;9;25;91.191;70.470
689;25;9;91.191;84.360
690;9;26;123.233;62.830
690;26;9;123.233;77.520
691;9;27;90.714;71.130
691;27;9;90.714;85.970
692;9;27;86.821;78.120
692;27;9;86.821;92.960
693;9;28;167.504;62.710
693;28;9;167.504;77.770
694;9;28;185.439;74.350
694;28;9;185.439;89.410
695;9;29;82.798;61.040
695;29;9;82.798;76.400
696;9;29;77.651;71.080
696;29;9;77.651;86.440
697;9;29;80.035;79.240
697;29;9;80.035;94.600
698;9;30;90.011;67.970
698;30;9;90.011;83.820
699;9;30;99.624;75.880
699;30;9;99.624;91.730
700;9;30;89.279;56.600
700;30;9;89.279;72.450
701;9;31;96.362;74.270
701;31;9;96.362;91.030
702;9;32;86.697;70.870
702;32;9;86.697;88.000
703;9;32;88.867;55.310
703;32;9;88.867;72.440
704;9;33;87.419;77.180
704;33;9;87.419;94.760
705;9;33;78.954;61.560
705;33;9;78.954;79.140
706;9;34;102.987;59.200
706;34;9;102.987;77.190
707;9;34;99.277;72.160
707;34;9;99.277;90.150
708;9;34;90.368;57.100
708;34;9;90.368;75.090
709;9;35;45.866;61.150
709;35;9;45.866;79.490
710;9;35;45.979;54.660
710;35;9;45.979;73.000
711;9;36;84.983;56.500
711;36;9;84.983;75.100
712;9;37;92.793;68.130
712;37;9;92.793;87.190
713;9;38;78.346;63.360
713;38;9;78.346;82.870
714;9;38;73.929;70.700
714;38;9;73.929;90.210
715;9;38;80.442;62.540
715;38;9;80.442;82.050
716;9;39;31.387;0.500
716;39;9;76.387;72.500
717;9;39;24.032;8.890
717;39;9;69.032;80.890
718;9;39;24.772;15.590
718;39;9;69.772;87.590
719;10;11;70.526;89.630
719;11;10;70.526;89.870
720;10;11;76.623;77.450
720;11;10;76.623;77.690
721;10;12;70.644;87.060
721;12;10;70.644;88.720
722;10;12;69.042;88.740
722;12;10;69.042;90.400
723;10;12;66.290;92.320
723;12;10;66.290;93.980
724;10;13;60.208;86.860
724;13;10;60.208;88.640
725;10;13;61.503;81.190
725;13;10;61.503;82.970
726;10;13;59.523;91.230
726;13;10;59.523;93.010
727;10;14;95.168;76.840
727;14;10;95.168;79.120
728;10;14;85.398;90.390
728;14;10;85.398;92.670
729;10;15;60.372;67.660
729;15;10;60.372;70.260
730;10;15;57.410;70.210
730;15;10;57.410;72.810
731;10;16;98.228;79.950
731;16;10;98.228;82.960
732;10;17;59.501;78.000
732;17;10;59.501;81.340
733;10;17;58.411;79.270
733;17;10;58.411;82.610
734;10;18;48.361;78.710
734;18;10;48.361;85.400
735;10;19;77.326;69.900
735;19;10;77.326;77.000
736;10;19;75.799;76.170
736;19;10;75.799;83.270
737;10;20;74.210;75.930
737;20;10;74.210;83.320
738;10;20;70.686;77.830
738;20;10;70.686;85.220
739;10;21;59.627;72.120
739;21;10;59.627;81.510
740;10;22;93.168;85.040
740;22;10;93.168;94.560
741;10;23;130.235;75.400
741;23;10;130.235;85.400
742;10;23;111.431;73.410
742;23;10;111.431;83.410
743;10;24;59.627;76.210
743;24;10;59.627;87.520
744;10;25;66.551;66.840
744;25;10;66.551;78.750
745;10;26;106.687;77.390
745;26;10;106.687;90.100
746;10;27;73.044;77.740
746;27;10;73.044;90.600
747;10;27;67.458;69.070
747;27;10;67.458;81.930
748;10;27;72.029;66.760
748;27;10;72.029;79.620
749;10;28;109.423;80.670
749;28;10;109.423;93.750
750;10;29;77.276;64.450
750;29;10;77.276;77.830
751;10;29;79.273;74.510
751;29;10;79.273;87.890
752;10;30;62.568;57.800
752;30;10;62.568;71.670
753;10;30;64.667;73.300
753;30;10;64.667;87.170
754;10;30;62.587;74.160
754;30;10;62.587;88.030
755;10;31;56.546;58.630
755;31;10;56.546;73.410
756;10;32;74.198;75.570
756;32;10;74.198;90.720
757;10;32;79.496;69.610
757;32;10;79.496;84.760
758;10;33;73.693;75.330
758;33;10;73.693;90.930
759;10;33;67.574;60.250
759;33;10;67.574;75.850
760;10;33;73.848;71.510
760;33;10;73.848;87.110
761;10;34;62.085;70.250
761;34;10;62.085;86.260
762;10;34;59.499;66.990
762;34;10;59.499;83.000
763;10;34;58.923;61.560
763;34;10;58.923;77.570
764;10;35;106.686;58.030
764;35;10;106.686;74.390
765;10;35;112.870;68.500
765;35;10;112.870;84.860
766;10;35;117.215;56.660
766;35;10;117.215;73.020
767;10;36;69.630;54.250
767;36;10;69.630;70.870
768;10;36;66.689;61.200
768;36;10;66.689;77.820
769;10;37;59.075;53.150
769;37;10;59.075;70.230
770;10;38;73.573;74.590
770;38;10;73.573;92.120
771;10;39;32.509;9.870
771;39;10;77.509;79.890
772;11;12;63.034;80.560
772;12;11;63.034;81.980
773;11;13;55.322;80.210
773;13;11;55.322;81.750
774;11;13;55.752;81.530
774;13;11;55.752;83.070
775;11;14;73.971;76.440
775;14;11;73.971;78.480
776;11;14;76.828;87.350
776;14;11;76.828;89.390
777;11;15;55.748;74.810
777;15;11;55.748;77.170
778;11;16;87.406;73.470
778;16;11;87.406;76.240
779;11;16;93.110;76.640
779;16;11;93.110;79.410
780;11;16;77.569;86.750
780;16;11;77.569;89.520
781;11;17;84.479;78.260
781;17;11;84.479;81.360
782;11;18;70.756;68.020
782;18;11;70.756;74.470
783;11;18;66.966;79.580
783;18;11;66.966;86.030
784;11;18;65.178;71.550
784;18;11;65.178;78.000
785;11;19;63.528;68.690
785;19;11;63.528;75.550
786;11;19;65.876;87.310
786;19;11;65.876;94.170
787;11;20;68.842;73.790
787;20;11;68.842;80.940
788;11;21;55.906;61.640
788;21;11;55.906;70.790
789;11;22;93.998;70.640
789;22;11;93.998;79.920
790;11;22;82.592;65.190
790;22;11;82.592;74.470
791;11;22;99.625;69.750
791;22;11;99.625;79.030
792;11;23;130.017;84.000
792;23;11;130.017;93.760
793;11;24;55.906;62.040
793;24;11;55.906;73.110
794;11;24;54.615;72.170
794;24;11;54.615;83.240
795;11;24;55.061;67.140
795;24;11;55.061;78.210
796;11;25;56.015;81.250
796;25;11;56.015;92.920
797;11;25;56.152;74.090
797;25;11;56.152;85.760
798;11;25;54.662;62.530
798;25;11;54.662;74.200
799;11;26;107.303;58.460
799;26;11;107.303;70.930
800;11;26;97.070;72.830
800;26;11;97.070;85.300
801;11;26;103.424;70.080
801;26;11;103.424;82.550
802;11;27;65.363;79.590
802;27;11;65.363;92.210
803;11;27;67.440;60.550
803;27;11;67.440;73.170
804;11;27;68.859;65.050
804;27;11;68.859;77.670
805;11;28;132.948;60.770
805;28;11;132.948;73.610
806;11;29;62.004;78.380
806;29;11;62.004;91.520
807;11;30;54.857;67.430
807;30;11;54.857;81.060
808;11;31;60.512;78.650
808;31;11;60.512;93.190
809;11;32;62.511;64.290
809;32;11;62.511;79.200
810;11;32;61.770;69.510
810;32;11;61.770;84.420
811;11;32;65.870;62.820
811;32;11;65.870;77.730
812;11;33;62.738;76.650
812;33;11;62.738;92.010
813;11;33;59.620;78.350
813;33;11;59.620;93.710
814;11;34;70.458;67.420
814;34;11;70.458;83.190
815;11;34;66.986;69.720
815;34;11;66.986;85.490
816;11;35;81.177;69.540
816;35;11;81.177;85.660
817;11;36;54.237;67.500
817;36;11;54.237;83.880
818;11;36;52.355;56.280
818;36;11;52.355;72.660
819;11;37;56.600;73.880
819;37;11;56.600;90.720
820;11;38;48.511;76.560
820;38;11;48.511;93.850
821;11;39;9.829;13.000
821;39;11;54.829;82.780
822;12;13;62.198;92.270
822;13;12;62.198;92.390
823;12;13;60.186;70.270
823;13;12;60.186;70.390
824;12;13;64.357;86.180
824;13;12;64.357;86.300
825;12;14;91.063;73.980
825;14;12;91.063;74.600
826;12;14;92.270;73.380
826;14;12;92.270;74.000
827;12;15;65.072;77.080
827;15;12;65.072;78.020
828;12;15;60.244;83.130
828;15;12;60.244;84.070
829;12;16;73.380;81.220
829;16;12;73.380;82.570
830;12;16;68.797;75.560
830;16;12;68.797;76.910
831;12;16;74.954;69.490
831;16;12;74.954;70.840
832;12;17;84.493;88.880
832;17;12;84.493;90.560
833;12;17;94.210;76.900
833;17;12;94.210;78.580
834;12;18;72.982;84.270
834;18;12;72.982;89.300
835;12;18;71.039;69.560
835;18;12;71.039;74.590
836;12;19;52.406;83.790
836;19;12;52.406;89.230
837;12;19;51.119;70.310
837;19;12;51.119;75.750
838;12;19;52.836;69.690
838;19;12;52.836;75.130
839;12;20;50.893;76.410
839;20;12;50.893;82.140
840;12;21;62.815;62.350
840;21;12;62.815;70.080
841;12;22;76.010;84.390
841;22;12;76.010;92.250
842;12;22;83.471;68.430
842;22;12;83.471;76.290
843;12;23;112.493;65.210
843;23;12;112.493;73.550
844;12;24;62.815;82.650
844;24;12;62.815;92.300
845;12;24;60.597;70.110
845;24;12;60.597;79.760
846;12;25;52.708;65.420
846;25;12;52.708;75.670
847;12;26;89.461;79.080
847;26;12;89.461;90.130
848;12;26;81.344;65.110
848;26;12;81.344;76.160
849;12;27;47.805;63.360
849;27;12;47.805;74.560
850;12;27;47.783;59.750
850;27;12;47.783;70.950
851;12;28;122.694;60.840
851;28;12;122.694;72.260
852;12;28;126.056;65.100
852;28;12;126.056;76.520
853;12;29;53.231;70.760
853;29;12;53.231;82.480
854;12;29;52.082;57.280
854;29;12;52.082;69.000
855;12;30;57.365;62.830
855;30;12;57.365;75.040
856;12;30;58.634;56.770
856;30;12;58.634;68.980
857;12;31;68.020;71.920
857;31;12;68.020;85.040
858;12;32;49.209;78.630
858;32;12;49.209;92.120
859;12;33;48.504;58.010
859;33;12;48.504;71.950
860;12;33;49.190;76.040
860;33;12;49.190;89.980
861;12;33;47.791;74.870
861;33;12;47.791;88.810
862;12;34;58.514;63.370
862;34;12;58.514;77.720
863;12;34;60.837;67.360
863;34;12;60.837;81.710
864;12;35;90.020;56.900
864;35;12;90.020;71.600
865;12;36;71.057;75.280
865;36;12;71.057;90.240
866;12;37;64.032;63.420
866;37;12;64.032;78.840
867;12;37;65.095;62.030
867;37;12;65.095;77.450
868;12;38;65.912;65.340
868;38;12;65.912;81.210
869;12;39;27.562;20.330
869;39;12;72.562;88.690
870;12;39;23.064;9.110
870;39;12;68.064;77.470
871;13;14;82.002;72.090
871;14;13;82.002;72.590
872;13;14;79.091;70.280
872;14;13;79.091;70.780
873;13;14;90.081;79.910
873;14;13;90.081;80.410
874;13;15;47.930;74.960
874;15;13;47.930;75.780
875;13;16;90.195;83.430
875;16;13;90.195;84.660
876;13;17;74.303;90.080
876;17;13;74.303;91.640
877;13;18;60.628;63.370
877;18;13;60.628;68.280
878;13;18;61.305;66.350
878;18;13;61.305;71.260
879;13;18;60.925;86.010
879;18;13;60.925;90.920
880;13;19;66.505;84.390
880;19;13;66.505;89.710
881;13;19;68.797;74.580
881;19;13;68.797;79.900
882;13;20;67.745;84.050
882;20;13;67.745;89.660
883;13;21;45.760;69.370
883;21;13;45.760;76.980
884;13;22;91.819;64.530
884;22;13;91.819;72.270
885;13;22;102.919;84.650
885;22;13;102.919;92.390
886;13;22;96.826;83.970
886;22;13;96.826;91.710
887;13;23;128.972;70.410
887;23;13;128.972;78.630
888;13;23;133.488;71.930
888;23;13;133.488;80.150
889;13;23;136.520;70.250
889;23;13;136.520;78.470
890;13;24;45.760;72.700
890;24;13;45.760;82.230
891;13;25;54.969;82.940
891;25;13;54.969;93.070
892;13;25;55.913;61.150
892;25;13;55.913;71.280
893;13;25;57.411;78.900
893;25;13;57.411;89.030
894;13;26;105.572;76.990
894;26;13;105.572;87.920
895;13;26;120.323;77.690
895;26;13;120.323;88.620
896;13;27;65.000;81.500
896;27;13;65.000;92.580
897;13;28;123.211;71.450
897;28;13;123.211;82.750
898;13;29;65.726;78.150
898;29;13;65.726;89.750
899;13;29;63.408;59.110
899;29;13;63.408;70.710
900;13;30;49.879;79.360
900;30;13;49.879;91.450
901;13;30;48.672;61.580
901;30;13;48.672;73.670
902;13;30;50.586;60.070
902;30;13;50.586;72.160
903;13;31;51.494;62.630
903;31;13;51.494;75.630
904;13;31;51.217;66.730
904;31;13;51.217;79.730
905;13;32;64.060;61.910
905;32;13;64.060;75.280
906;13;32;63.100;68.100
906;32;13;63.100;81.470
907;13;32;60.165;58.310
907;32;13;60.165;71.680
908;13;33;63.873;59.880
908;33;13;63.873;73.700
909;13;33;60.986;78.980
909;33;13;60.986;92.800
910;13;34;63.455;65.310
910;34;13;63.455;79.540
911;13;34;65.107;74.630
911;34;13;65.107;88.860
912;13;34;63.396;75.510
912;34;13;63.396;89.740
913;13;35;91.480;73.520
913;35;13;91.480;88.100
914;13;35;92.754;59.630
914;35;13;92.754;74.210
915;13;35;100.029;65.370
915;35;13;100.029;79.950
916;13;36;56.952;76.890
916;36;13;56.952;91.730
917;13;36;58.231;78.150
917;36;13;58.231;92.990
918;13;36;57.955;61.330
918;36;13;57.955;76.170
919;13;37;46.983;53.690
919;37;13;46.983;68.990
920;13;37;47.057;59.450
920;37;13;47.057;74.750
921;13;37;46.695;53.180
921;37;13;46.695;68.480
922;13;38;58.464;59.230
922;38;13;58.464;74.980
923;13;39;18.196;24.660
923;39;13;63.196;92.900
924;13;39;17.303;10.220
924;39;13;62.303;78.460
925;13;39;15.061;14.320
925;39;13;60.061;82.560
926;14;15;80.483;86.110
926;15;14;80.483;86.430
927;14;15;84.669;68.040
927;15;14;84.669;68.360
928;14;16;108.856;90.950
928;16;14;108.856;91.680
929;14;16;102.044;84.800
929;16;14;102.044;85.530
930;14;17;106.384;87.730
930;17;14;106.384;88.790
931;14;17;100.225;68.890
931;17;14;100.225;69.950
932;14;17;101.540;80.970
932;17;14;101.540;82.030
933;14;18;93.874;82.970
933;18;14;93.874;87.380
934;14;18;93.174;75.040
934;18;14;93.174;79.450
935;14;19;88.764;66.280
935;19;14;88.764;71.100
936;14;19;85.697;71.730
936;19;14;85.697;76.550
937;14;20;96.433;66.100
937;20;14;96.433;71.210
938;14;21;82.210;81.100
938;21;14;82.210;88.210
939;14;21;74.726;82.190
939;21;14;74.726;89.300
940;14;22;120.973;75.700
940;22;14;120.973;82.940
941;14;23;154.833;62.760
941;23;14;154.833;70.480
942;14;24;82.210;68.280
942;24;14;82.210;77.310
943;14;24;79.259;73.820
943;24;14;79.259;82.850
944;14;24;80.927;70.240
944;24;14;80.927;79.270
945;14;25;84.848;66.640
945;25;14;84.848;76.270
946;14;25;83.864;72.460
946;25;14;83.864;82.090
947;14;25;84.939;63.050
947;25;14;84.939;72.680
948;14;26;133.461;64.310
948;26;14;133.461;74.740
949;14;26;118.415;68.400
949;26;14;118.415;78.830
950;14;26;118.105;77.130
950;26;14;118.105;87.560
951;14;27;92.882;66.900
951;27;14;92.882;77.480
952;14;27;81.474;65.970
952;27;14;81.474;76.550
953;14;28;159.568;65.680
953;28;14;159.568;76.480
954;14;28;170.892;60.630
954;28;14;170.892;71.430
955;14;29;86.877;80.560
955;29;14;86.877;91.660
956;14;29;83.168;57.790
956;29;14;83.168;68.890
957;14;30;83.502;77.120
957;30;14;83.502;88.710
958;14;31;83.631;63.260
958;31;14;83.631;75.760
959;14;32;89.213;70.870
959;32;14;89.213;83.740
960;14;33;89.693;67.290
960;33;14;89.693;80.610
961;14;33;90.256;77.920
961;33;14;90.256;91.240
962;14;34;99.329;59.580
962;34;14;99.329;73.310
963;14;34;94.804;77.850
963;34;14;94.804;91.580
964;14;34;101.748;74.970
964;34;14;101.748;88.700
965;14;35;72.723;67.800
965;35;14;72.723;81.880
966;14;35;74.565;69.620
966;35;14;74.565;83.700
967;14;35;67.445;77.520
967;35;14;67.445;91.600
968;14;36;70.626;69.370
968;36;14;70.626;83.710
969;14;37;82.142;69.300
969;37;14;82.142;84.100
970;14;37;88.191;68.480
970;37;14;88.191;83.280
971;14;38;70.585;61.120
971;38;14;70.585;76.370
972;14;38;66.253;75.910
972;38;14;66.253;91.160
973;14;38;67.436;70.460
973;38;14;67.436;85.710
974;14;39;19.222;3.920
974;39;14;64.222;71.660
975;14;39;19.578;15.920
975;39;14;64.578;83.660
976;14;39;20.488;2.280
976;39;14;65.488;70.020
977;15;16;92.930;70.170
977;16;15;92.930;70.580
978;15;16;103.810;82.030
978;16;15;103.810;82.440
979;15;16;99.303;75.650
979;16;15;99.303;76.060
980;15;17;73.859;89.340
980;17;15;73.859;90.080
981;15;18;60.151;76.630
981;18;15;60.151;80.720
982;15;19;69.083;79.330
982;19;15;69.083;83.830
983;15;20;70.659;74.810
983;20;15;70.659;79.600
984;15;20;66.888;69.600
984;20;15;66.888;74.390
985;15;20;69.177;66.210
985;20;15;69.177;71.000
986;15;21;47.493;76.800
986;21;15;47.493;83.590
987;15;22;94.732;83.900
987;22;15;94.732;90.820
988;15;23;131.899;61.560
988;23;15;131.899;68.960
989;15;23;137.159;74.640
989;23;15;137.159;82.040
990;15;23;148.559;65.880
990;23;15;148.559;73.280
991;15;24;47.493;69.500
991;24;15;47.493;78.210
992;15;24;47.927;58.750
992;24;15;47.927;67.460
993;15;25;57.704;65.510
993;25;15;57.704;74.820
994;15;25;58.361;78.330
994;25;15;58.361;87.640
995;15;26;108.490;67.810
995;26;15;108.490;77.920
996;15;27;67.870;80.670
996;27;15;67.870;90.930
997;15;28;124.270;74.580
997;28;15;124.270;85.060
998;15;28;112.864;66.140
998;28;15;112.864;76.620
999;15;28;115.233;77.890
999;28;15;115.233;88.370
1000;15;29;68.190;74.880
1000;29;15;68.190;85.660
1001;15;30;52.711;68.490
1001;30;15;52.711;79.760
1002;15;30;52.868;79.340
1002;30;15;52.868;90.610
1003;15;30;53.562;56.270
1003;30;15;53.562;67.540
1004;15;31;49.784;62.650
1004;31;15;49.784;74.830
1005;15;32;66.767;77.970
1005;32;15;66.767;90.520
1006;15;33;66.618;65.670
1006;33;15;66.618;78.670
1007;15;33;65.468;60.030
1007;33;15;65.468;73.030
1008;15;33;69.461;58.320
1008;33;15;69.461;71.320
1009;15;34;65.993;65.480
1009;34;15;65.993;78.890
1010;15;35;91.746;77.230
1010;35;15;91.746;90.990
1011;15;35;98.508;58.150
1011;35;15;98.508;71.910
1012;15;35;100.854;64.210
1012;35;15;100.854;77.970
1013;15;36;54.971;53.820
1013;36;15;54.971;67.840
1014;15;36;53.475;62.580
1014;36;15;53.475;76.600
1015;15;36;56.758;54.220
1015;36;15;56.758;68.240
1016;15;37;46.755;75.700
1016;37;15;46.755;90.180
1017;15;37;47.063;60.400
1017;37;15;47.063;74.880
1018;15;38;58.413;54.460
1018;38;15;58.413;69.390
1019;15;38;58.283;63.130
1019;38;15;58.283;78.060
1020;15;39;17.194;15.620
1020;39;15;62.194;83.040
1021;15;39;19.845;3.590
1021;39;15;64.845;71.010
1022;15;39;20.702;8.670
1022;39;15;65.702;76.090
1023;16;17;110.986;86.490
1023;17;16;110.986;86.820
1024;16;17;110.191;83.600
1024;17;16;110.191;83.930
1025;16;18;100.908;74.450
1025;18;16;100.908;78.130
1026;16;19;69.134;67.830
1026;19;16;69.134;71.920
1027;16;20;69.021;80.950
1027;20;16;69.021;85.330
1028;16;20;68.143;70.560
1028;20;16;68.143;74.940
1029;16;20;72.071;73.280
1029;20;16;72.071;77.660
1030;16;21;90.875;62.210
1030;21;16;90.875;68.590
1031;16;21;99.896;76.340
1031;21;16;99.896;82.720
1032;16;22;67.443;71.790
1032;22;16;67.443;78.300
1033;16;23;91.711;71.560
1033;23;16;91.711;78.550
1034;16;23;94.072;70.090
1034;23;16;94.072;77.080
1035;16;23;82.410;67.220
1035;23;16;82.410;74.210
1036;16;24;90.875;67.030
1036;24;16;90.875;75.330
1037;16;24;83.164;81.040
1037;24;16;83.164;89.340
1038;16;24;95.677;67.190
1038;24;16;95.677;75.490
1039;16;25;80.236;76.610
1039;25;16;80.236;85.510
1040;16;25;75.204;82.650
1040;25;16;75.204;91.550
1041;16;25;85.255;68.130
1041;25;16;85.255;77.030
1042;16;26;73.838;57.650
1042;26;16;73.838;67.350
1043;16;26;71.364;78.710
1043;26;16;71.364;88.410
1044;16;27;70.655;67.060
1044;27;16;70.655;76.910
1045;16;27;69.108;62.780
1045;27;16;69.108;72.630
1046;16;28;136.357;61.150
1046;28;16;136.357;71.220
1047;16;28;123.770;60.440
1047;28;16;123.770;70.510
1048;16;29;70.455;72.390
1048;29;16;70.455;82.760
1049;16;30;85.323;64.460
1049;30;16;85.323;75.320
1050;16;31;96.304;63.060
1050;31;16;96.304;74.830
1051;16;31;100.016;79.810
1051;31;16;100.016;91.580
1052;16;32;71.164;62.830
1052;32;16;71.164;74.970
1053;16;32;77.335;58.180
1053;32;16;77.335;70.320
1054;16;33;71.323;57.880
1054;33;16;71.323;70.470
1055;16;33;72.131;68.040
1055;33;16;72.131;80.630
1056;16;34;82.429;60.210
1056;34;16;82.429;73.210
1057;16;34;76.976;56.170
1057;34;16;76.976;69.170
1058;16;34;75.224;56.810
1058;34;16;75.224;69.810
1059;16;35;94.181;61.200
1059;35;16;94.181;74.550
1060;16;35;99.206;57.450
1060;35;16;99.206;70.800
1061;16;35;106.404;66.750
1061;35;16;106.404;80.100
1062;16;36;96.604;77.640
1062;36;16;96.604;91.250
1063;16;36;98.681;60.500
1063;36;16;98.681;74.110
1064;16;36;102.733;75.050
1064;36;16;102.733;88.660
1065;16;37;92.122;55.170
1065;37;16;92.122;69.240
1066;16;37;83.080;75.410
1066;37;16;83.080;89.480
1067;16;37;93.184;55.930
1067;37;16;93.184;70.000
1068;16;38;88.814;67.220
1068;38;16;88.814;81.740
1069;16;38;82.347;53.640
1069;38;16;82.347;68.160
1070;16;39;49.508;17.830
1070;39;16;94.508;84.840
1071;16;39;40.088;6.550
1071;39;16;85.088;73.560
1072;17;18;58.725;87.480
1072;18;17;58.725;90.830
1073;17;18;61.885;77.540
1073;18;17;61.885;80.890
1074;17;19;91.477;83.540
1074;19;17;91.477;87.300
1075;17;19;87.367;86.440
1075;19;17;87.367;90.200
1076;17;19;90.744;75.190
1076;19;17;90.744;78.950
1077;17;20;87.271;70.720
1077;20;17;87.271;74.770
1078;17;21;73.647;64.770
1078;21;17;73.647;70.820
1079;17;21;76.313;70.190
1079;21;17;76.313;76.240
1080;17;22;102.399;85.470
1080;22;17;102.399;91.650
1081;17;22;93.408;60.680
1081;22;17;93.408;66.860
1082;17;23;138.102;78.050
1082;23;17;138.102;84.710
1083;17;23;144.466;76.750
1083;23;17;144.466;83.410
1084;17;23;152.509;67.890
1084;23;17;152.509;74.550
1085;17;24;73.647;66.400
1085;24;17;73.647;74.370
1086;17;24;72.192;60.200
1086;24;17;72.192;68.170
1087;17;25;81.011;67.710
1087;25;17;81.011;76.280
1088;17;26;115.123;76.340
1088;26;17;115.123;85.710
1089;17;26;127.956;65.610
1089;26;17;127.956;74.980
1090;17;26;106.968;76.860
1090;26;17;106.968;86.230
1091;17;27;86.666;73.280
1091;27;17;86.666;82.800
1092;17;27;78.174;77.420
1092;27;17;78.174;86.940
1093;17;28;100.480;58.260
1093;28;17;100.480;68.000
1094;17;29;91.565;64.070
1094;29;17;91.565;74.110
1095;17;30;77.050;65.690
1095;30;17;77.050;76.220
1096;17;31;69.314;78.130
1096;31;17;69.314;89.570
1097;17;31;74.341;71.240
1097;31;17;74.341;82.680
1098;17;32;88.283;78.370
1098;32;17;88.283;90.180
1099;17;32;88.112;59.460
1099;32;17;88.112;71.270
1100;17;33;87.726;57.020
1100;33;17;87.726;69.280
1101;17;33;91.835;62.230
1101;33;17;91.835;74.490
1102;17;34;73.594;68.870
1102;34;17;73.594;81.540
1103;17;35;120.602;54.770
1103;35;17;120.602;67.790
1104;17;35;105.149;63.510
1104;35;17;105.149;76.530
1105;17;35;116.597;67.970
1105;35;17;116.597;80.990
1106;17;36;81.838;64.570
1106;36;17;81.838;77.850
1107;17;36;89.073;61.620
1107;36;17;89.073;74.900
1108;17;37;72.879;71.260
1108;37;17;72.879;85.000
1109;17;37;72.170;65.500
1109;37;17;72.170;79.240
1110;17;38;87.272;66.450
1110;38;17;87.272;80.640
1111;17;39;45.309;2.720
1111;39;17;90.309;69.400
1112;17;39;45.963;14.770
1112;39;17;90.963;81.450
1113;18;19;79.368;78.660
1113;19;18;79.368;79.070
1114;18;19;85.968;81.590
1114;19;18;85.968;82.000
1115;18;19;76.554;86.170
1115;19;18;76.554;86.580
1116;18;20;76.901;74.530
1116;20;18;76.901;75.230
1117;18;20;81.350;67.820
1117;20;18;81.350;68.520
1118;18;20;81.419;71.440
1118;20;18;81.419;72.140
1119;18;21;59.954;76.520
1119;21;18;59.954;79.220
1120;18;21;57.853;75.770
1120;21;18;57.853;78.470
1121;18;22;96.445;82.300
1121;22;18;96.445;85.130
1122;18;22;86.277;60.750
1122;22;18;86.277;63.580
1123;18;23;133.556;80.080
1123;23;18;133.556;83.390
1124;18;23;131.703;79.690
1124;23;18;131.703;83.000
1125;18;23;124.983;75.380
1125;23;18;124.983;78.690
1126;18;24;59.954;78.410
1126;24;18;59.954;83.030
1127;18;25;68.195;69.320
1127;25;18;68.195;74.540
1128;18;25;71.555;82.270
1128;25;18;71.555;87.490
1129;18;25;70.436;73.920
1129;25;18;70.436;79.140
1130;18;26;109.996;77.520
1130;26;18;109.996;83.540
1131;18;26;110.179;69.930
1131;26;18;110.179;75.950
1132;18;26;124.557;67.040
1132;26;18;124.557;73.060
1133;18;27;75.495;73.510
1133;27;18;75.495;79.680
1134;18;28;111.004;69.020
1134;28;18;111.004;75.410
1135;18;29;79.163;58.440
1135;29;18;79.163;65.130
1136;18;29;82.712;79.610
1136;29;18;82.712;86.300
1137;18;29;79.676;62.130
1137;29;18;79.676;68.820
1138;18;30;63.772;79.970
1138;30;18;63.772;87.150
1139;18;30;59.553;75.390
1139;30;18;59.553;82.570
1140;18;30;62.716;56.870
1140;30;18;62.716;64.050
1141;18;31;55.724;79.530
1141;31;18;55.724;87.620
1142;18;32;76.323;78.810
1142;32;18;76.323;87.270
1143;18;32;82.128;57.990
1143;32;18;82.128;66.450
1144;18;32;77.148;55.900
1144;32;18;77.148;64.360
1145;18;33;75.866;67.690
1145;33;18;75.866;76.600
1146;18;33;68.572;73.940
1146;33;18;68.572;82.850
1147;18;34;65.283;74.370
1147;34;18;65.283;83.690
1148;18;34;67.955;70.340
1148;34;18;67.955;79.660
1149;18;35;106.881;61.230
1149;35;18;106.881;70.900
1150;18;35;95.624;72.740
1150;35;18;95.624;82.410
1151;18;35;102.600;69.110
1151;35;18;102.600;78.780
1152;18;36;68.636;56.760
1152;36;18;68.636;66.690
1153;18;36;69.832;77.260
1153;36;18;69.832;87.190
1154;18;37;59.157;58.080
1154;37;18;59.157;68.470
1155;18;37;55.685;65.470
1155;37;18;55.685;75.860
1156;18;37;55.705;76.200
1156;37;18;55.705;86.590
1157;18;38;73.563;57.630
1157;38;18;73.563;68.470
1158;18;38;79.310;76.210
1158;38;18;79.310;87.050
1159;18;38;67.757;62.240
1159;38;18;67.757;73.080
1160;18;39;31.884;22.480
1160;39;18;76.884;85.810
1161;19;20;54.199;81.720
1161;20;19;54.199;82.010
1162;19;21;67.227;62.530
1162;21;19;67.227;64.820
1163;19;21;69.309;60.840
1163;21;19;69.309;63.130
1164;19;21;63.104;76.610
1164;21;19;63.104;78.900
1165;19;22;77.227;63.160
1165;22;19;77.227;65.580
1166;19;22;70.963;83.400
1166;22;19;70.963;85.820
1167;19;22;77.387;65.250
1167;22;19;77.387;67.670
1168;19;23;111.937;66.530
1168;23;19;111.937;69.430
1169;19;24;67.227;74.580
1169;24;19;67.227;78.790
1170;19;24;66.959;64.910
1170;24;19;66.959;69.120
1171;19;24;63.846;71.590
1171;24;19;63.846;75.800
1172;19;25;56.648;69.200
1172;25;19;56.648;74.010
1173;19;25;54.357;82.940
1173;25;19;54.357;87.750
1174;19;26;89.819;76.500
1174;26;19;89.819;82.110
1175;19;27;51.556;67.570
1175;27;19;51.556;73.330
1176;19;28;129.631;59.620
1176;28;19;129.631;65.600
1177;19;28;128.507;60.420
1177;28;19;128.507;66.400
1178;19;28;137.114;73.720
1178;28;19;137.114;79.700
1179;19;29;46.897;75.290
1179;29;19;46.897;81.570
1180;19;29;46.990;76.220
1180;29;19;46.990;82.500
1181;19;30;61.748;70.680
1181;30;19;61.748;77.450
1182;19;30;62.828;67.330
1182;30;19;62.828;74.100
1183;19;30;58.042;63.970
1183;30;19;58.042;70.740
1184;19;31;72.876;74.100
1184;31;19;72.876;81.780
1185;19;31;74.372;69.430
1185;31;19;74.372;77.110
1186;19;31;78.145;65.460
1186;31;19;78.145;73.140
1187;19;32;48.248;59.030
1187;32;19;48.248;67.080
1188;19;32;48.482;63.640
1188;32;19;48.482;71.690
1189;19;32;48.885;69.310
1189;32;19;48.885;77.360
1190;19;33;48.909;78.500
1190;33;19;48.909;87.000
1191;19;34;65.863;73.620
1191;34;19;65.863;82.530
1192;19;34;63.057;66.560
1192;34;19;63.057;75.470
1193;19;35;83.943;72.610
1193;35;19;83.943;81.870
1194;19;35;86.952;65.860
1194;35;19;86.952;75.120
1195;19;35;86.232;68.790
1195;35;19;86.232;78.050
1196;19;36;72.607;77.850
1196;36;19;72.607;87.370
1197;19;36;69.009;61.780
1197;36;19;69.009;71.300
1198;19;36;69.906;57.570
1198;36;19;69.906;67.090
1199;19;37;68.479;64.070
1199;37;19;68.479;74.050
1200;19;38;65.445;71.130
1200;38;19;65.445;81.560
1201;19;38;66.922;59.290
1201;38;19;66.922;69.720
1202;19;39;26.736;21.550
1202;39;19;71.736;84.470
1203;19;39;23.463;13.450
1203;39;19;68.463;76.370
1204;19;39;31.584;16.510
1204;39;19;76.584;79.430
1205;20;21;68.314;62.650
1205;21;20;68.314;64.650
1206;20;22;70.157;66.930
1206;22;20;70.157;69.060
1207;20;22;68.073;80.750
1207;22;20;68.073;82.880
1208;20;22;74.663;62.910
1208;22;20;74.663;65.040
1209;20;23;106.618;72.750
1209;23;20;106.618;75.360
1210;20;24;68.314;72.040
1210;24;20;68.314;75.960
1211;20;24;68.955;60.720
1211;24;20;68.955;64.640
1212;20;24;71.906;81.150
1212;24;20;71.906;85.070
1213;20;25;58.572;82.810
1213;25;20;58.572;87.330
1214;20;25;56.522;81.090
1214;25;20;56.522;85.610
1215;20;26;83.570;58.480
1215;26;20;83.570;63.800
1216;20;27;48.558;63.310
1216;27;20;48.558;68.780
1217;20;27;47.980;80.020
1217;27;20;47.980;85.490
1218;20;27;48.822;59.790
1218;27;20;48.822;65.260
1219;20;28;121.063;59.700
1219;28;20;121.063;65.390
1220;20;28;138.286;67.780
1220;28;20;138.286;73.470
1221;20;29;55.870;79.120
1221;29;20;55.870;85.110
1222;20;29;56.168;72.930
1222;29;20;56.168;78.920
1223;20;29;54.239;68.250
1223;29;20;54.239;74.240
1224;20;30;63.012;76.300
1224;30;20;63.012;82.780
1225;20;30;64.048;60.030
1225;30;20;64.048;66.510
1226;20;31;73.231;73.530
1226;31;20;73.231;80.920
1227;20;31;79.556;62.230
1227;31;20;79.556;69.620
1228;20;32;52.399;76.350
1228;32;20;52.399;84.110
1229;20;32;51.658;60.330
1229;32;20;51.658;68.090
1230;20;32;53.284;78.420
1230;32;20;53.284;86.180
1231;20;33;51.816;61.550
1231;33;20;51.816;69.760
1232;20;33;52.876;70.230
1232;33;20;52.876;78.440
1233;20;33;52.200;77.900
1233;33;20;52.200;86.110
1234;20;34;59.211;73.500
1234;34;20;59.211;82.120
1235;20;34;55.932;63.210
1235;34;20;55.932;71.830
1236;20;35;93.138;69.650
1236;35;20;93.138;78.620
1237;20;35;93.042;56.890
1237;35;20;93.042;65.860
1238;20;36;76.950;60.810
1238;36;20;76.950;70.040
1239;20;36;71.767;72.200
1239;36;20;71.767;81.430
1240;20;36;70.201;56.440
1240;36;20;70.201;65.670
1241;20;37;69.494;74.060
1241;37;20;69.494;83.750
1242;20;38;71.600;60.370
1242;38;20;71.600;70.510
1243;20;38;68.360;75.270
1243;38;20;68.360;85.410
1244;20;39;33.232;22.680
1244;39;20;78.232;85.310
1245;20;39;28.346;12.110
1245;39;20;73.346;74.740
1246;21;22;92.259;64.230
1246;22;21;92.259;64.360
1247;21;22;101.480;63.780
1247;22;21;101.480;63.910
1248;21;22;91.712;63.500
1248;22;21;91.712;63.630
1249;21;23;129.450;74.640
1249;23;21;129.450;75.250
1250;21;24;45.000;60.450
1250;24;21;45.000;62.370
1251;21;24;45.000;68.470
1251;24;21;45.000;70.390
1252;21;24;45.000;61.840
1252;24;21;45.000;63.760
1253;21;25;55.664;69.630
1253;25;21;55.664;72.150
1254;21;26;106.024;75.200
1254;26;21;106.024;78.520
1255;21;26;107.487;57.770
1255;26;21;107.487;61.090
1256;21;26;114.729;65.620
1256;26;21;114.729;68.940
1257;21;27;65.620;75.410
1257;27;21;65.620;78.880
1258;21;27;66.102;67.400
1258;27;21;66.102;70.870
1259;21;28;122.853;58.890
1259;28;21;122.853;62.580
1260;21;29;66.465;81.300
1260;29;21;66.465;85.290
1261;21;29;63.733;63.010
1261;29;21;63.733;67.000
1262;21;29;67.185;72.390
1262;29;21;67.185;76.380
1263;21;30;50.552;58.360
1263;30;21;50.552;62.840
1264;21;30;50.513;74.730
1264;30;21;50.513;79.210
1265;21;31;50.739;67.090
1265;31;21;50.739;72.480
1266;21;32;64.755;64.870
1266;32;21;64.755;70.630
1267;21;32;63.223;74.790
1267;32;21;63.223;80.550
1268;21;32;63.538;79.500
1268;32;21;63.538;85.260
1269;21;33;64.555;72.570
1269;33;21;64.555;78.780
1270;21;33;62.385;67.840
1270;33;21;62.385;74.050
1271;21;33;66.502;68.410
1271;33;21;66.502;74.620
1272;21;34;63.593;77.830
1272;34;21;63.593;84.450
1273;21;34;66.819;63.470
1273;34;21;66.819;70.090
1274;21;35;92.081;61.730
1274;35;21;92.081;68.700
1275;21;35;86.906;59.230
1275;35;21;86.906;66.200
1276;21;36;56.984;65.840
1276;36;21;56.984;73.070
1277;21;37;46.253;60.880
1277;37;21;46.253;68.570
1278;21;37;46.426;64.490
1278;37;21;46.426;72.180
1279;21;37;46.448;76.380
1279;37;21;46.448;84.070
1280;21;38;58.977;68.890
1280;38;21;58.977;77.030
1281;21;39;18.520;13.450
1281;39;21;63.520;74.080
1282;21;39;21.482;8.820
1282;39;21;66.482;69.450
1283;22;23;82.380;67.180
1283;23;22;82.380;67.660
1284;22;23;81.229;77.010
1284;23;22;81.229;77.490
1285;22;24;92.259;61.700
1285;24;22;92.259;63.490
1286;22;25;83.546;68.900
1286;25;22;83.546;71.290
1287;22;25;88.843;79.400
1287;25;22;88.843;81.790
1288;22;26;58.798;81.290
1288;26;22;58.798;84.480
1289;22;26;57.502;76.240
1289;26;22;57.502;79.430
1290;22;27;73.646;68.310
1290;27;22;73.646;71.650
1291;22;28;115.880;72.890
1291;28;22;115.880;76.450
1292;22;28;103.178;67.540
1292;28;22;103.178;71.100
1293;22;29;79.121;80.960
1293;29;22;79.121;84.820
1294;22;29;85.526;70.300
1294;29;22;85.526;74.160
1295;22;29;73.471;81.010
1295;29;22;73.471;84.870
1296;22;30;87.459;66.300
1296;30;22;87.459;70.650
1297;22;30;77.664;63.720
1297;30;22;77.664;68.070
1298;22;30;96.537;79.980
1298;30;22;96.537;84.330
1299;22;31;96.287;71.280
1299;31;22;96.287;76.540
1300;22;31;95.161;80.170
1300;31;22;95.161;85.430
1301;22;32;76.918;79.210
1301;32;22;76.918;84.840
1302;22;32;69.335;76.470
1302;32;22;69.335;82.100
1303;22;33;76.525;61.210
1303;33;22;76.525;67.290
1304;22;33;82.898;73.570
1304;33;22;82.898;79.650
1305;22;33;78.754;55.750
1305;33;22;78.754;61.830
1306;22;34;76.245;77.110
1306;34;22;76.245;83.600
1307;22;35;112.696;63.310
1307;35;22;112.696;70.150
1308;22;35;104.669;58.790
1308;35;22;104.669;65.630
1309;22;35;107.917;66.350
1309;35;22;107.917;73.190
1310;22;36;101.963;63.840
1310;36;22;101.963;70.940
1311;22;36;108.000;54.160
1311;36;22;108.000;61.260
1312;22;37;93.307;77.360
1312;37;22;93.307;84.920
1313;22;37;82.614;59.630
1313;37;22;82.614;67.190
1314;22;37;81.641;70.440
1314;37;22;81.641;78.000
1315;22;38;96.688;57.100
1315;38;22;96.688;65.110
1316;22;39;58.284;12.400
1316;39;22;103.284;72.900
1317;23;24;129.450;59.620
1317;24;23;129.450;60.930
1318;23;24;132.702;75.430
1318;24;23;132.702;76.740
1319;23;25;120.189;62.530
1319;25;23;120.189;64.440
1320;23;25;122.215;79.730
1320;25;23;122.215;81.640
1321;23;25;134.741;60.610
1321;25;23;134.741;62.520
1322;23;26;68.616;79.030
1322;26;23;68.616;81.740
1323;23;27;109.881;73.710
1323;27;23;109.881;76.570
1324;23;27;118.694;60.920
1324;27;23;118.694;63.780
1325;23;27;110.208;77.200
1325;27;23;110.208;80.060
1326;23;28;134.770;68.420
1326;28;23;134.770;71.500
1327;23;28;150.109;67.950
1327;28;23;150.109;71.030
1328;23;28;144.448;68.620
1328;28;23;144.448;71.700
1329;23;29;113.717;72.360
1329;29;23;113.717;75.740
1330;23;29;107.158;73.390
1330;29;23;107.158;76.770
1331;23;29;102.039;62.980
1331;29;23;102.039;66.360
1332;23;30;124.454;56.170
1332;30;23;124.454;60.040
1333;23;30;136.258;77.680
1333;30;23;136.258;81.550
1334;23;30;114.905;65.060
1334;30;23;114.905;68.930
1335;23;31;133.638;80.040
1335;31;23;133.638;84.820
1336;23;31;126.333;66.740
1336;31;23;126.333;71.520
1337;23;32;112.512;66.310
1337;32;23;112.512;71.460
1338;23;33;112.282;66.590
1338;33;23;112.282;72.190
1339;23;33;98.335;56.360
1339;33;23;98.335;61.960
1340;23;33;116.829;69.040
1340;33;23;116.829;74.640
1341;23;34;113.519;78.660
1341;34;23;113.519;84.670
1342;23;35;140.462;58.430
1342;35;23;140.462;64.790
1343;23;36;138.521;77.490
1343;36;23;138.521;84.110
1344;23;37;130.535;65.920
1344;37;23;130.535;73.000
1345;23;38;132.307;71.350
1345;38;23;132.307;78.880
1346;23;39;93.673;22.200
1346;39;23;138.673;82.220
1347;23;39;95.616;16.870
1347;39;23;140.616;76.890
1348;24;25;55.664;66.030
1348;25;24;55.664;66.630
1349;24;26;106.024;82.090
1349;26;24;106.024;83.490
1350;24;26;102.306;76.710
1350;26;24;102.306;78.110
1351;24;27;65.620;67.200
1351;27;24;65.620;68.750
1352;24;28;122.853;67.680
1352;28;24;122.853;69.450
1353;24;29;66.465;66.170
1353;29;24;66.465;68.240
1354;24;29;64.905;58.830
1354;29;24;64.905;60.900
1355;24;29;63.863;70.500
1355;29;24;63.863;72.570
1356;24;30;50.552;71.280
1356;30;24;50.552;73.840
1357;24;30;50.331;76.210
1357;30;24;50.331;78.770
1358;24;31;50.739;65.370
1358;31;24;50.739;68.840
1359;24;32;64.755;71.840
1359;32;24;64.755;75.680
1360;24;33;64.555;55.600
1360;33;24;64.555;59.890
1361;24;33;60.153;77.610
1361;33;24;60.153;81.900
1362;24;34;63.593;59.410
1362;34;24;63.593;64.110
1363;24;34;65.068;55.920
1363;34;24;65.068;60.620
1364;24;35;92.081;76.060
1364;35;24;92.081;81.110
1365;24;35;97.760;70.280
1365;35;24;97.760;75.330
1366;24;35;89.204;60.240
1366;35;24;89.204;65.290
1367;24;36;56.984;77.920
1367;36;24;56.984;83.230
1368;24;37;46.253;73.860
1368;37;24;46.253;79.630
1369;24;38;58.977;57.660
1369;38;24;58.977;63.880
1370;24;39;18.520;20.440
1370;39;24;63.520;79.150
1371;24;39;14.701;2.770
1371;39;24;59.701;61.480
1372;25;26;97.091;61.780
1372;26;25;97.091;62.580
1373;25;27;55.416;73.110
1373;27;25;55.416;74.060
1374;25;28;124.476;58.910
1374;28;25;124.476;60.080
1375;25;28;130.468;80.040
1375;28;25;130.468;81.210
1376;25;28;130.414;78.650
1376;28;25;130.414;79.820
1377;25;29;56.104;75.130
1377;29;25;56.104;76.600
1378;25;29;57.841;78.670
1378;29;25;57.841;80.140
1379;25;30;50.126;75.600
1379;30;25;50.126;77.560
1380;25;31;61.247;57.410
1380;31;25;61.247;60.280
1381;25;31;64.201;79.520
1381;31;25;64.201;82.390
1382;25;31;62.230;65.140
1382;31;25;62.230;68.010
1383;25;32;54.092;65.780
1383;32;25;54.092;69.020
1384;25;32;55.108;67.220
1384;32;25;55.108;70.460
1385;25;33;53.916;63.510
1385;33;25;53.916;67.200
1386;25;34;60.322;77.430
1386;34;25;60.322;81.530
1387;25;34;56.626;68.600
1387;34;25;56.626;72.700
1388;25;35;87.833;71.780
1388;35;25;87.833;76.230
1389;25;35;80.863;56.540
1389;35;25;80.863;60.990
1390;25;35;93.477;68.740
1390;35;25;93.477;73.190
1391;25;36;63.422;68.640
1391;36;25;63.422;73.350
1392;25;36;61.109;55.750
1392;36;25;61.109;60.460
1393;25;36;63.626;64.940
1393;36;25;63.626;69.650
1394;25;37;56.916;69.320
1394;37;25;56.916;74.490
1395;25;38;59.274;59.130
1395;38;25;59.274;64.750
1396;25;38;60.691;53.600
1396;38;25;60.691;59.220
1397;25;39;20.827;0.670
1397;39;25;65.827;58.780
1398;25;39;25.615;17.790
1398;39;25;70.615;75.900
1399;25;39;21.733;12.200
1399;39;25;66.733;70.310
1400;26;27;86.967;73.680
1400;27;26;86.967;73.830
1401;26;27;83.638;81.180
1401;27;26;83.638;81.330
1402;26;28;120.592;67.190
1402;28;26;120.592;67.560
1403;26;29;91.677;68.690
1403;29;26;91.677;69.360
1404;26;29;94.962;76.110
1404;29;26;94.962;76.780
1405;26;29;83.463;77.590
1405;29;26;83.463;78.260
1406;26;30;101.153;75.150
1406;30;26;101.153;76.310
1407;26;30;106.795;70.190
1407;30;26;106.795;71.350
1408;26;31;110.084;60.150
1408;31;26;110.084;62.220
1409;26;31;96.367;74.410
1409;31;26;96.367;76.480
1410;26;32;89.946;78.550
1410;32;26;89.946;80.990
1411;26;32;89.885;58.740
1411;32;26;89.885;61.180
1412;26;33;89.630;76.410
1412;33;26;89.630;79.300
1413;26;33;87.853;57.260
1413;33;26;87.853;60.150
1414;26;33;90.106;69.280
1414;33;26;90.106;72.170
1415;26;34;89.909;77.310
1415;34;26;89.909;80.610
1416;26;34;91.924;78.450
1416;34;26;91.924;81.750
1417;26;34;81.625;72.990
1417;34;26;81.625;76.290
1418;26;35;122.521;62.240
1418;35;26;122.521;65.890
1419;26;35;110.337;78.560
1419;35;26;110.337;82.210
1420;26;36;115.506;67.460
1420;36;26;115.506;71.370
1421;26;36;113.818;64.710
1421;36;26;113.818;68.620
1422;26;36;102.776;67.650
1422;36;26;102.776;71.560
1423;26;37;107.083;56.970
1423;37;26;107.083;61.340
1424;26;37;110.075;64.890
1424;37;26;110.075;69.260
1425;26;38;109.830;73.500
1425;38;26;109.830;78.320
1426;26;38;95.760;72.100
1426;38;26;95.760;76.920
1427;26;39;71.350;19.960
1427;39;26;116.350;77.270
1428;26;39;66.526;10.570
1428;39;26;111.526;67.880
1429;26;39;56.615;8.910
1429;39;26;101.615;66.220
1430;27;28;123.082;77.080
1430;28;27;123.082;77.300
1431;27;28;137.680;63.280
1431;28;27;137.680;63.500
1432;27;29;52.941;70.090
1432;29;27;52.941;70.610
1433;27;29;53.547;57.130
1433;29;27;53.547;57.650
1434;27;30;60.161;74.960
1434;30;27;60.161;75.970
1435;27;30;60.020;64.540
1435;30;27;60.020;65.550
1436;27;30;63.459;80.550
1436;30;27;63.459;81.560
1437;27;31;70.811;67.150
1437;31;27;70.811;69.070
1438;27;32;49.071;75.360
1438;32;27;49.071;77.650
1439;27;32;49.359;61.430
1439;32;27;49.359;63.720
1440;27;33;48.402;76.530
1440;33;27;48.402;79.270
1441;27;33;48.836;69.630
1441;33;27;48.836;72.370
1442;27;34;59.692;71.500
1442;34;27;59.692;74.650
1443;27;34;63.358;73.680
1443;34;27;63.358;76.830
1444;27;35;90.288;62.860
1444;35;27;90.288;66.360
1445;27;35;94.897;72.280
1445;35;27;94.897;75.780
1446;27;35;89.599;58.220
1446;35;27;89.599;61.720
1447;27;36;73.640;61.720
1447;36;27;73.640;65.480
1448;27;37;66.837;66.450
1448;37;27;66.837;70.670
1449;27;38;68.066;55.740
1449;38;27;68.066;60.410
1450;27;38;67.014;65.640
1450;38;27;67.014;70.310
1451;27;38;68.671;57.780
1451;38;27;68.671;62.450
1452;27;39;29.690;13.560
1452;39;27;74.690;70.720
1453;28;29;130.837;73.050
1453;29;28;130.837;73.350
1454;28;30;123.248;61.610
1454;30;28;123.248;62.400
1455;28;31;120.941;68.580
1455;31;28;120.941;70.280
1456;28;32;126.758;75.330
1456;32;28;126.758;77.400
1457;28;32;131.008;74.930
1457;32;28;131.008;77.000
1458;28;33;126.016;58.570
1458;33;28;126.016;61.090
1459;28;33;120.741;62.560
1459;33;28;120.741;65.080
1460;28;34;109.575;76.170
1460;34;28;109.575;79.100
1461;28;35;167.224;64.990
1461;35;28;167.224;68.270
1462;28;35;167.122;63.020
1462;35;28;167.122;66.300
1463;28;35;180.041;62.850
1463;35;28;180.041;66.130
1464;28;36;133.962;69.530
1464;36;28;133.962;73.070
1465;28;36;148.045;77.210
1465;36;28;148.045;80.750
1466;28;37;122.704;63.820
1466;37;28;122.704;67.820
1467;28;38;136.381;73.910
1467;38;28;136.381;78.360
1468;28;38;146.758;68.300
1468;38;28;146.758;72.750
1469;28;38;134.892;65.740
1469;38;28;134.892;70.190
1470;28;39;96.367;16.470
1470;39;28;141.367;73.410
1471;28;39;119.278;7.760
1471;39;28;164.278;64.700
1472;29;30;61.093;60.560
1472;30;29;61.093;61.050
1473;29;31;72.172;62.160
1473;31;29;72.172;63.560
1474;29;32;49.080;78.620
1474;32;29;49.080;80.390
1475;29;32;49.241;60.980
1475;32;29;49.241;62.750
1476;29;33;49.821;60.820
1476;33;29;49.821;63.040
1477;29;34;66.734;68.010
1477;34;29;66.734;70.640
1478;29;34;69.935;65.280
1478;34;29;69.935;67.910
1479;29;34;71.109;70.590
1479;34;29;71.109;73.220
1480;29;35;82.362;74.850
1480;35;29;82.362;77.830
1481;29;36;71.162;74.880
1481;36;29;71.162;78.120
1482;29;37;67.709;75.530
1482;37;29;67.709;79.230
1483;29;38;63.760;71.640
1483;38;29;63.760;75.790
1484;29;38;67.131;76.960
1484;38;29;67.131;81.110
1485;29;39;24.972;7.110
1485;39;29;69.972;63.750
1486;29;39;29.704;13.450
1486;39;29;74.704;70.090
1487;30;31;56.129;75.120
1487;31;30;56.129;76.030
1488;30;31;57.532;57.320
1488;31;30;57.532;58.230
1489;30;32;59.209;75.170
1489;32;30;59.209;76.450
1490;30;32;58.486;65.800
1490;32;30;58.486;67.080
1491;30;33;59.003;74.910
1491;33;30;59.003;76.640
1492;30;33;62.076;61.600
1492;33;30;62.076;63.330
1493;30;33;60.192;77.580
1493;33;30;60.192;79.310
1494;30;34;60.850;74.840
1494;34;30;60.850;76.980
1495;30;34;62.341;59.100
1495;34;30;62.341;61.240
1496;30;34;60.284;64.050
1496;34;30;60.284;66.190
1497;30;35;89.859;65.680
1497;35;30;89.859;68.170
1498;30;35;100.111;54.540
1498;35;30;100.111;57.030
1499;30;36;59.945;63.100
1499;36;30;59.945;65.850
1500;30;37;51.801;62.220
1500;37;30;51.801;65.430
1501;30;37;52.371;70.020
1501;37;30;52.371;73.230
1502;30;37;52.354;58.730
1502;37;30;52.354;61.940
1503;30;38;58.365;63.170
1503;38;30;58.365;66.830
1504;30;38;59.437;69.050
1504;38;30;59.437;72.710
1505;30;38;55.821;70.470
1505;38;30;55.821;74.130
1506;30;39;19.290;18.720
1506;39;30;64.290;74.870
1507;30;39;16.827;8.920
1507;39;30;61.827;65.070
1508;30;39;21.077;20.180
1508;39;30;66.077;76.330
1509;31;32;70.295;72.900
1509;32;31;70.295;73.270
1510;31;32;68.979;77.910
1510;32;31;68.979;78.280
1511;31;32;64.725;71.100
1511;32;31;64.725;71.470
1512;31;33;70.046;60.630
1512;33;31;70.046;61.450
1513;31;33;71.443;64.680
1513;33;31;71.443;65.500
1514;31;33;67.469;69.390
1514;33;31;67.469;70.210
1515;31;34;66.079;63.110
1515;34;31;66.079;64.340
1516;31;35;96.373;67.660
1516;35;31;96.373;69.240
1517;31;35;87.162;65.230
1517;35;31;87.162;66.810
1518;31;35;91.622;64.750
1518;35;31;91.622;66.330
1519;31;36;58.091;61.280
1519;36;31;58.091;63.120
1520;31;36;60.198;75.800
1520;36;31;60.198;77.640
1521;31;36;55.306;77.650
1521;36;31;55.306;79.490
1522;31;37;49.534;69.020
1522;37;31;49.534;71.320
1523;31;37;49.701;73.640
1523;37;31;49.701;75.940
1524;31;38;63.039;76.320
1524;38;31;63.039;79.070
1525;31;38;66.675;61.330
1525;38;31;66.675;64.080
1526;31;38;64.957;65.500
1526;38;31;64.957;68.250
1527;31;39;21.172;23.430
1527;39;31;66.172;78.670
1528;32;33;45.742;60.870
1528;33;32;45.742;61.320
1529;32;33;45.792;60.530
1529;33;32;45.792;60.980
1530;32;33;45.612;74.890
1530;33;32;45.612;75.340
1531;32;34;62.719;69.540
1531;34;32;62.719;70.400
1532;32;34;63.385;63.760
1532;34;32;63.385;64.620
1533;32;35;86.284;77.930
1533;35;32;86.284;79.140
1534;32;35;90.805;63.380
1534;35;32;90.805;64.590
1535;32;35;80.985;67.540
1535;35;32;80.985;68.750
1536;32;36;71.270;69.570
1536;36;32;71.270;71.040
1537;32;37;66.006;74.470
1537;37;32;66.006;76.400
1538;32;37;66.058;61.770
1538;37;32;66.058;63.700
1539;32;38;64.886;61.580
1539;38;32;64.886;63.960
1540;32;38;67.345;54.550
1540;38;32;67.345;56.930
1541;32;39;26.416;3.640
1541;39;32;71.416;58.510
1542;33;34;62.000;59.630
1542;34;33;62.000;60.040
1543;33;35;87.008;62.590
1543;35;33;87.008;63.350
1544;33;35;84.569;66.400
1544;35;33;84.569;67.160
1545;33;36;71.395;68.530
1545;36;33;71.395;69.550
1546;33;37;65.804;68.380
1546;37;33;65.804;69.860
1547;33;38;65.207;53.520
1547;38;33;65.207;55.450
1548;33;38;68.528;65.510
1548;38;33;68.528;67.440
1549;33;38;64.409;59.180
1549;38;33;64.409;61.110
1550;33;39;26.770;16.790
1550;39;33;71.770;71.210
1551;34;35;102.683;67.710
1551;35;34;102.683;68.060
1552;34;36;75.300;71.720
1552;36;34;75.300;72.330
1553;34;37;64.289;55.630
1553;37;34;64.289;56.700
1554;34;38;73.942;57.790
1554;38;34;73.942;59.310
1555;34;38;70.666;62.210
1555;38;34;70.666;63.730
1556;34;39;35.108;18.320
1556;39;34;80.108;72.330
1557;35;36;85.119;63.670
1557;36;35;85.119;63.930
1558;35;36;78.312;68.380
1558;36;35;78.312;68.640
1559;35;36;78.218;55.980
1559;36;35;78.218;56.240
1560;35;37;92.756;69.670
1560;37;35;92.756;70.390
1561;35;38;78.342;74.670
1561;38;35;78.342;75.840
1562;35;38;77.582;58.320
1562;38;35;77.582;59.490
1563;35;39;31.553;12.540
1563;39;35;76.553;66.200
1564;35;39;29.940;11.830
1564;39;35;74.940;65.490
1565;36;37;56.693;72.780
1565;37;36;56.693;73.240
1566;36;37;59.456;63.070
1566;37;36;59.456;63.530
1567;36;37;53.959;60.900
1567;37;36;53.959;61.360
1568;36;38;53.953;74.000
1568;38;36;53.953;74.910
1569;36;39;8.671;18.730
1569;39;36;53.671;72.130
1570;36;39;7.799;5.730
1570;39;36;52.799;59.130
1571;36;39;10.576;4.460
1571;39;36;55.576;57.860
1572;37;38;59.514;75.760
1572;38;37;59.514;76.210
1573;37;39;18.686;19.570
1573;39;37;63.686;72.510
1574;37;39;14.595;24.880
1574;39;37;59.595;77.820
1575;38;39;6.651;14.410
1575;39;38;51.651;66.900
