40
420.0
0;0;1;94.491;107.310
0;1;0;49.491;7.310
1;0;1;90.646;100.650
1;1;0;45.646;0.650
2;0;2;75.107;100.550
2;2;0;30.107;12.330
3;0;3;53.647;100.120
3;3;0;8.647;12.890
4;0;3;53.853;91.260
4;3;0;8.853;4.030
5;0;3;55.266;103.080
5;3;0;10.266;15.850
6;0;4;94.508;99.310
6;4;0;49.508;12.510
7;0;5;73.285;96.580
7;5;0;28.285;10.590
8;0;5;71.656;98.530
8;5;0;26.656;12.540
9;0;6;78.232;89.150
9;6;0;33.232;5.030
10;0;6;76.847;98.210
10;6;0;31.847;14.090
11;0;6;82.733;92.890
11;6;0;37.733;8.770
12;0;7;81.549;89.730
12;7;0;36.549;6.100
13;0;7;80.598;104.930
13;7;0;35.598;21.300
14;0;8;71.736;95.910
14;8;0;26.736;13.160
15;0;9;53.671;99.550
15;9;0;8.671;17.470
16;0;9;51.638;97.990
16;9;0;6.638;15.910
17;0;10;90.309;93.910
17;10;0;45.309;14.820
18;0;10;83.711;85.900
18;10;0;38.711;6.810
19;0;11;62.194;97.290
19;11;0;17.194;18.610
20;0;11;59.942;85.980
20;11;0;14.942;7.300
21;0;12;77.509;102.220
21;12;0;32.509;23.830
22;0;12;72.390;87.870
22;12;0;27.390;9.480
23;0;12;82.836;102.290
23;12;0;37.836;23.900
24;0;13;103.284;89.750
24;13;0;58.284;11.450
25;0;14;69.972;82.360
25;14;0;24.972;6.050
26;0;14;71.069;79.930
26;14;0;26.069;3.620
27;0;14;66.109;100.810
27;14;0;21.109;24.500
28;0;15;68.796;86.730
28;15;0;23.796;11.050
29;0;15;69.845;91.210
29;15;0;24.845;15.530
30;0;15;65.664;84.830
30;15;0;20.664;9.150
31;0;16;67.688;84.260
31;16;0;22.688;8.760
32;0;17;76.387;75.410
32;17;0;31.387;0.380
33;0;18;64.222;92.690
33;18;0;19.222;17.920
34;0;19;71.770;75.830
34;19;0;26.770;2.690
35;0;19;66.172;87.600
35;19;0;21.172;14.460
36;0;20;72.562;79.620
36;20;0;27.562;7.260
37;0;20;71.985;75.430
37;20;0;26.985;3.070
38;0;21;71.416;82.340
38;21;0;26.416;10.240
39;0;21;74.347;95.350
39;21;0;29.347;23.250
40;0;22;124.572;79.080
40;22;0;79.572;7.990
41;0;22;122.046;92.670
41;22;0;77.046;21.580
42;0;22;140.229;95.190
42;22;0;95.229;24.100
43;0;23;76.884;82.320
43;23;0;31.884;12.130
44;0;23;78.611;79.410
44;23;0;33.611;9.220
45;0;23;80.052;82.100
45;23;0;35.052;11.910
46;0;24;141.367;72.300
46;24;0;96.367;4.860
47;0;25;116.350;78.600
47;25;0;71.350;11.360
48;0;25;99.779;82.810
48;25;0;54.779;15.570
49;0;25;124.437;78.920
49;25;0;79.437;11.680
50;0;26;63.196;80.450
50;26;0;18.196;13.460
51;0;26;64.440;90.510
51;26;0;19.440;23.520
52;0;26;59.638;76.680
52;26;0;14.638;9.690
53;0;27;119.442;90.620
53;27;0;74.442;24.070
54;0;28;138.673;67.480
54;28;0;93.673;1.360
55;0;29;54.829;82.740
55;29;0;9.829;17.170
56;0;29;54.453;72.440
56;29;0;9.453;6.870
57;0;30;63.686;82.240
57;30;0;18.686;17.210
58;0;30;62.941;66.010
58;30;0;17.941;0.980
59;0;31;65.827;68.680
59;31;0;20.827;3.990
60;0;31;70.688;74.660
60;31;0;25.688;9.970
61;0;31;61.171;77.130
61;31;0;16.171;12.440
62;0;32;80.108;70.120
62;32;0;35.108;5.580
63;0;33;64.290;66.680
63;33;0;19.290;3.280
64;0;33;66.512;83.640
64;33;0;21.512;20.240
65;0;34;74.690;76.410
65;34;0;29.690;13.840
66;0;35;63.520;66.520
66;35;0;18.520;4.480
67;0;36;51.651;82.560
67;36;0;6.651;20.900
68;0;36;50.995;63.010
68;36;0;5.995;1.350
69;0;36;51.418;78.940
69;36;0;6.418;17.280
70;0;37;70.336;75.170
70;37;0;25.336;13.910
71;0;37;68.636;73.240
71;37;0;23.636;11.980
72;0;37;74.921;71.630
72;37;0;29.921;10.370
73;0;38;63.315;71.650
73;38;0;18.315;10.680
74;0;38;62.068;82.970
74;38;0;17.068;22.000
75;0;38;62.176;79.850
75;38;0;17.176;18.880
76;0;39;0.000;11.370
76;39;0;0.000;11.370
77;0;39;0.000;18.240
77;39;0;0.000;18.240
78;1;2;65.984;96.140
78;2;1;65.984;107.920
79;1;3;87.276;89.260
79;3;1;87.276;102.030
80;1;4;81.911;108.670
80;4;1;81.911;121.870
81;1;4;87.378;109.660
81;4;1;87.378;122.860
82;1;5;117.069;87.730
82;5;1;117.069;101.740
83;1;5;129.093;94.720
83;5;1;129.093;108.730
84;1;5;131.806;103.500
84;5;1;131.806;117.510
85;1;6;65.896;96.090
85;6;1;65.896;111.970
86;1;7;66.570;103.370
86;7;1;66.570;119.740
87;1;7;63.077;94.220
87;7;1;63.077;110.590
88;1;7;65.879;91.580
88;7;1;65.879;107.950
89;1;8;74.997;97.390
89;8;1;74.997;114.640
90;1;8;78.314;107.600
90;8;1;78.314;124.850
91;1;8;69.402;92.100
91;8;1;69.402;109.350
92;1;9;90.133;82.930
92;9;1;90.133;100.850
93;1;10;80.955;98.160
93;10;1;80.955;119.070
94;1;10;74.301;93.850
94;10;1;74.301;114.760
95;1;10;78.121;85.770
95;10;1;78.121;106.680
96;1;11;80.845;81.030
96;11;1;80.845;102.350
97;1;12;74.022;96.680
97;12;1;74.022;118.290
98;1;13;66.975;87.640
98;13;1;66.975;109.340
99;1;13;67.275;98.630
99;13;1;67.275;120.330
100;1;13;65.165;87.270
100;13;1;65.165;108.970
101;1;14;76.517;98.900
101;14;1;76.517;122.590
102;1;15;110.336;99.470
102;15;1;110.336;123.790
103;1;15;100.348;95.660
103;15;1;100.348;119.980
104;1;16;86.520;89.430
104;16;1;86.520;113.930
105;1;16;76.604;81.780
105;16;1;76.604;106.280
106;1;17;114.299;94.170
106;17;1;114.299;119.140
107;1;18;113.662;79.630
107;18;1;113.662;104.860
108;1;18;118.818;80.670
108;18;1;118.818;105.900
109;1;19;71.892;87.850
109;19;1;71.892;114.710
110;1;20;69.109;95.650
110;20;1;69.109;123.290
111;1;20;71.756;87.060
111;20;1;71.756;114.700
112;1;20;71.553;79.420
112;20;1;71.553;107.060
113;1;21;72.608;84.200
113;21;1;72.608;112.100
114;1;22;96.851;86.110
114;22;1;96.851;115.020
115;1;22;89.476;83.110
115;22;1;89.476;112.020
116;1;22;95.043;83.630
116;22;1;95.043;112.540
117;1;23;77.378;76.290
117;23;1;77.378;106.100
118;1;23;75.919;82.640
118;23;1;75.919;112.450
119;1;23;71.019;85.390
119;23;1;71.019;115.200
120;1;24;100.850;79.550
120;24;1;100.850;112.110
121;1;24;110.251;78.660
121;24;1;110.251;111.220
122;1;24;92.024;75.420
122;24;1;92.024;107.980
123;1;25;79.185;81.970
123;25;1;79.185;114.730
124;1;26;78.322;82.400
124;26;1;78.322;115.410
125;1;26;71.136;73.150
125;26;1;71.136;106.160
126;1;27;97.504;88.860
126;27;1;97.504;122.310
127;1;28;102.209;88.410
127;28;1;102.209;122.290
128;1;28;114.740;68.630
128;28;1;114.740;102.510
129;1;28;101.309;73.790
129;28;1;101.309;107.670
130;1;29;84.694;77.400
130;29;1;84.694;111.830
131;1;29;75.203;79.580
131;29;1;75.203;114.010
132;1;30;79.129;66.730
132;30;1;79.129;101.700
133;1;30;79.717;74.970
133;30;1;79.717;109.940
134;1;30;74.452;81.360
134;30;1;74.452;116.330
135;1;31;73.902;86.720
135;31;1;73.902;122.030
136;1;31;74.246;71.810
136;31;1;74.246;107.120
137;1;31;80.874;73.640
137;31;1;80.874;108.950
138;1;32;59.867;66.180
138;32;1;59.867;101.640
139;1;32;57.006;75.850
139;32;1;57.006;111.310
140;1;32;62.665;82.800
140;32;1;62.665;118.260
141;1;33;75.463;64.590
141;33;1;75.463;101.190
142;1;33;72.316;65.790
142;33;1;72.316;102.390
143;1;34;68.587;81.040
143;34;1;68.587;118.470
144;1;34;63.288;69.940
144;34;1;63.288;107.370
145;1;35;78.457;77.090
145;35;1;78.457;115.050
146;1;35;79.798;81.080
146;35;1;79.798;119.040
147;1;35;79.841;86.810
147;35;1;79.841;124.770
148;1;36;88.091;72.080
148;36;1;88.091;110.420
149;1;37;105.577;72.140
149;37;1;105.577;110.880
150;1;37;92.509;64.400
150;37;1;92.509;103.140
151;1;37;118.849;84.960
151;37;1;118.849;123.700
152;1;38;92.752;76.380
152;38;1;92.752;115.410
153;1;38;88.709;68.500
153;38;1;88.709;107.530
154;1;39;49.491;2.130
154;39;1;94.491;102.130
155;1;39;57.163;14.860
155;39;1;102.163;114.860
156;2;3;69.444;89.680
156;3;2;69.444;90.670
157;2;3;69.189;99.560
157;3;2;69.189;100.550
158;2;3;72.817;110.820
158;3;2;72.817;111.810
159;2;4;73.717;97.100
159;4;2;73.717;98.520
160;2;5;96.088;89.710
160;5;2;96.088;91.940
161;2;5;96.497;86.840
161;5;2;96.497;89.070
162;2;6;49.830;104.080
162;6;2;49.830;108.180
163;2;6;50.934;106.590
163;6;2;50.934;110.690
164;2;6;50.496;99.960
164;6;2;50.496;104.060
165;2;7;54.238;99.620
165;7;2;54.238;104.210
166;2;7;56.536;107.100
166;7;2;56.536;111.690
167;2;8;55.054;106.710
167;8;2;55.054;112.180
168;2;8;55.969;91.120
168;8;2;55.969;96.590
169;2;8;55.693;96.810
169;8;2;55.693;102.280
170;2;9;72.936;97.230
170;9;2;72.936;103.370
171;2;9;70.919;96.420
171;9;2;70.919;102.560
172;2;10;82.998;94.720
172;10;2;82.998;103.850
173;2;10;92.323;91.530
173;10;2;92.323;100.660
174;2;11;66.053;89.660
174;11;2;66.053;99.200
175;2;11;60.806;90.040
175;11;2;60.806;99.580
176;2;12;69.601;102.730
176;12;2;69.601;112.560
177;2;13;74.047;84.500
177;13;2;74.047;94.420
178;2;14;56.138;78.330
178;14;2;56.138;90.240
179;2;14;55.249;76.930
179;14;2;55.249;88.840
180;2;15;89.354;83.380
180;15;2;89.354;95.920
181;2;15;85.134;93.520
181;15;2;85.134;106.060
182;2;15;81.184;89.990
182;15;2;81.184;102.530
183;2;16;75.314;87.530
183;16;2;75.314;100.250
184;2;17;93.521;86.670
184;17;2;93.521;99.860
185;2;17;98.080;77.840
185;17;2;98.080;91.030
186;2;17;91.494;87.590
186;17;2;91.494;100.780
187;2;18;93.824;89.090
187;18;2;93.824;102.540
188;2;18;84.642;88.330
188;18;2;84.642;101.780
189;2;18;83.943;88.420
189;18;2;83.943;101.870
190;2;19;51.317;97.050
190;19;2;51.317;112.130
191;2;19;51.664;87.190
191;19;2;51.664;102.270
192;2;20;48.134;93.130
192;20;2;48.134;108.990
193;2;20;47.718;82.320
193;20;2;47.718;98.180
194;2;21;52.058;75.190
194;21;2;52.058;91.310
195;2;21;53.219;74.530
195;21;2;53.219;90.650
196;2;21;53.268;75.380
196;21;2;53.268;91.500
197;2;22;110.123;73.230
197;22;2;110.123;90.360
198;2;22;119.968;92.260
198;22;2;119.968;109.390
199;2;23;72.199;90.350
199;23;2;72.199;108.380
200;2;23;67.218;85.130
200;23;2;67.218;103.160
201;2;24;119.701;84.170
201;24;2;119.701;104.950
202;2;25;87.679;67.310
202;25;2;87.679;88.290
203;2;25;95.751;90.260
203;25;2;95.751;111.240
204;2;26;63.125;71.240
204;26;2;63.125;92.470
205;2;26;64.464;78.670
205;26;2;64.464;99.900
206;2;27;108.137;80.440
206;27;2;108.137;102.110
207;2;27;99.643;72.830
207;27;2;99.643;94.500
208;2;28;110.940;74.250
208;28;2;110.940;96.350
209;2;28;107.330;85.450
209;28;2;107.330;107.550
210;2;28;107.163;79.380
210;28;2;107.163;101.480
211;2;29;65.413;72.290
211;29;2;65.413;94.940
212;2;29;70.290;80.850
212;29;2;70.290;103.500
213;2;29;62.790;83.890
213;29;2;62.790;106.540
214;2;30;64.813;71.850
214;30;2;64.813;95.040
215;2;30;63.726;75.690
215;30;2;63.726;98.880
216;2;31;54.569;86.880
216;31;2;54.569;110.410
217;2;31;56.374;66.590
217;31;2;56.374;90.120
218;2;31;52.886;85.160
218;31;2;52.886;108.690
219;2;32;55.896;68.910
219;32;2;55.896;92.590
220;2;33;58.515;64.150
220;33;2;58.515;88.970
221;2;33;60.830;76.620
221;33;2;60.830;101.440
222;2;33;61.196;78.290
222;33;2;61.196;103.110
223;2;34;48.827;87.380
223;34;2;48.827;113.030
224;2;35;63.660;78.860
224;35;2;63.660;105.040
225;2;35;62.299;68.140
225;35;2;62.299;94.320
226;2;36;68.466;86.580
226;36;2;68.466;113.140
227;2;36;70.347;70.620
227;36;2;70.347;97.180
228;2;37;84.813;79.720
228;37;2;84.813;106.680
229;2;38;79.073;72.450
229;38;2;79.073;99.700
230;2;38;80.225;70.640
230;38;2;80.225;97.890
231;2;38;80.649;80.440
231;38;2;80.649;107.690
232;2;39;30.107;24.040
232;39;2;75.107;112.260
233;3;4;92.906;91.120
233;4;3;92.906;91.550
234;3;4;104.537;102.640
234;4;3;104.537;103.070
235;3;4;92.265;87.440
235;4;3;92.265;87.870
236;3;5;81.692;108.590
236;5;3;81.692;109.830
237;3;6;73.348;93.350
237;6;3;73.348;96.460
238;3;6;73.034;102.790
238;6;3;73.034;105.900
239;3;6;69.785;93.820
239;6;3;69.785;96.930
240;3;7;77.233;93.110
240;7;3;77.233;96.710
241;3;7;71.729;97.930
241;7;3;71.729;101.530
242;3;7;84.158;91.440
242;7;3;84.158;95.040
243;3;8;68.890;96.530
243;8;3;68.890;101.010
244;3;9;48.720;99.730
244;9;3;48.720;104.880
245;3;9;48.345;86.010
245;9;3;48.345;91.160
246;3;10;81.967;100.740
246;10;3;81.967;108.880
247;3;10;82.117;97.780
247;10;3;82.117;105.920
248;3;11;53.547;90.630
248;11;3;53.547;99.180
249;3;12;68.885;101.910
249;12;3;68.885;110.750
250;3;13;98.422;96.980
250;13;3;98.422;105.910
251;3;13;85.329;88.680
251;13;3;85.329;97.610
252;3;14;67.456;99.180
252;14;3;67.456;110.100
253;3;14;62.008;78.240
253;14;3;62.008;89.160
254;3;14;70.874;79.080
254;14;3;70.874;90.000
255;3;15;76.730;87.470
255;15;3;76.730;99.020
256;3;16;60.381;87.450
256;16;3;60.381;99.180
257;3;16;62.926;79.480
257;16;3;62.926;91.210
258;3;17;83.904;95.430
258;17;3;83.904;107.630
259;3;17;88.859;89.350
259;17;3;88.859;101.550
260;3;18;72.272;87.790
260;18;3;72.272;100.250
261;3;18;68.799;78.030
261;18;3;68.799;90.490
262;3;19;67.698;77.590
262;19;3;67.698;91.680
263;3;20;67.457;88.930
263;20;3;67.457;103.800
264;3;20;71.873;95.750
264;20;3;71.873;110.620
265;3;21;67.563;88.180
265;21;3;67.563;103.310
266;3;22;116.038;76.810
266;22;3;116.038;92.950
267;3;22;116.761;75.490
267;22;3;116.761;91.630
268;3;23;68.397;83.120
268;23;3;68.397;100.160
269;3;24;132.759;73.030
269;24;3;132.759;92.820
270;3;25;111.918;73.710
270;25;3;111.918;93.700
271;3;26;54.733;83.260
271;26;3;54.733;103.500
272;3;26;54.597;81.940
272;26;3;54.597;102.180
273;3;26;52.349;70.830
273;26;3;52.349;91.070
274;3;27;111.092;66.790
274;27;3;111.092;87.470
275;3;27;124.764;78.630
275;27;3;124.764;99.310
276;3;28;134.874;70.580
276;28;3;134.874;91.690
277;3;28;133.267;87.520
277;28;3;133.267;108.630
278;3;29;50.626;85.120
278;29;3;50.626;106.780
279;3;30;55.056;82.220
279;30;3;55.056;104.420
280;3;30;52.858;83.830
280;30;3;52.858;106.030
281;3;30;54.857;77.960
281;30;3;54.857;100.160
282;3;31;59.887;69.760
282;31;3;59.887;92.300
283;3;32;72.548;80.260
283;32;3;72.548;102.950
284;3;32;69.271;72.310
284;32;3;69.271;95.000
285;3;32;73.770;84.110
285;32;3;73.770;106.800
286;3;33;56.840;72.130
286;33;3;56.840;95.960
287;3;33;56.051;81.560
287;33;3;56.051;105.390
288;3;33;56.501;65.360
288;33;3;56.501;89.190
289;3;34;70.001;84.190
289;34;3;70.001;108.850
290;3;35;54.975;68.540
290;35;3;54.975;93.730
291;3;35;53.441;67.340
291;35;3;53.441;92.530
292;3;35;55.078;81.230
292;35;3;55.078;106.420
293;3;36;51.171;61.840
293;36;3;51.171;87.410
294;3;36;51.745;71.030
294;36;3;51.745;96.600
295;3;36;50.422;66.050
295;36;3;50.422;91.620
296;3;37;76.945;80.470
296;37;3;76.945;106.440
297;3;37;81.572;73.780
297;37;3;81.572;99.750
298;3;37;71.691;64.440
298;37;3;71.691;90.410
299;3;38;58.400;73.650
299;38;3;58.400;99.910
300;3;38;61.318;80.150
300;38;3;61.318;106.410
301;3;38;57.621;81.450
301;38;3;57.621;107.710
302;3;39;8.647;4.870
302;39;3;53.647;92.100
303;3;39;10.309;7.230
303;39;3;55.309;94.460
304;3;39;9.141;17.210
304;39;3;54.141;104.440
305;4;5;102.108;92.190
305;5;4;102.108;93.000
306;4;5;110.633;90.500
306;5;4;110.633;91.310
307;4;5;114.360;109.200
307;5;4;114.360;110.010
308;4;6;69.021;87.770
308;6;4;69.021;90.450
309;4;6;66.288;89.520
309;6;4;66.288;92.200
310;4;7;64.858;92.600
310;7;4;64.858;95.770
311;4;8;69.134;95.660
311;8;4;69.134;99.710
312;4;9;96.604;101.320
312;9;4;96.604;106.040
313;4;9;88.642;102.240
313;9;4;88.642;106.960
314;4;9;94.573;97.870
314;9;4;94.573;102.590
315;4;10;110.986;79.660
315;10;4;110.986;87.370
316;4;10;107.068;100.280
316;10;4;107.068;107.990
317;4;10;112.322;83.720
317;10;4;112.322;91.430
318;4;11;92.930;102.240
318;11;4;92.930;110.360
319;4;11;94.421;102.840
319;11;4;94.421;110.960
320;4;12;98.228;96.810
320;12;4;98.228;105.220
321;4;13;67.443;89.220
321;13;4;67.443;97.720
322;4;13;69.338;82.090
322;13;4;69.338;90.590
323;4;14;70.455;97.400
323;14;4;70.455;107.890
324;4;15;95.417;92.410
324;15;4;95.417;103.530
325;4;15;97.610;91.570
325;15;4;97.610;102.690
326;4;16;103.016;91.770
326;16;4;103.016;103.070
327;4;17;94.934;86.360
327;17;4;94.934;98.130
328;4;17;101.171;98.000
328;17;4;101.171;109.770
329;4;17;91.412;87.380
329;17;4;91.412;99.150
330;4;18;108.856;92.820
330;18;4;108.856;104.850
331;4;18;105.689;78.740
331;18;4;105.689;90.770
332;4;19;71.323;86.990
332;19;4;71.323;100.650
333;4;19;65.406;97.530
333;19;4;65.406;111.190
334;4;19;65.018;91.720
334;19;4;65.018;105.380
335;4;20;73.380;88.050
335;20;4;73.380;102.490
336;4;20;71.761;88.130
336;20;4;71.761;102.570
337;4;20;79.420;96.610
337;20;4;79.420;111.050
338;4;21;71.164;78.150
338;21;4;71.164;92.850
339;4;21;74.687;96.530
339;21;4;74.687;111.230
340;4;22;133.529;72.480
340;22;4;133.529;88.190
341;4;22;128.192;92.290
341;22;4;128.192;108.000
342;4;22;141.154;75.760
342;22;4;141.154;91.470
343;4;23;100.908;83.820
343;23;4;100.908;100.430
344;4;23;88.586;91.490
344;23;4;88.586;108.100
345;4;24;136.357;67.450
345;24;4;136.357;86.810
346;4;24;123.204;68.710
346;24;4;123.204;88.070
347;4;25;73.838;78.470
347;25;4;73.838;98.030
348;4;26;90.195;91.640
348;26;4;90.195;111.450
349;4;26;87.804;77.480
349;26;4;87.804;97.290
350;4;26;93.268;80.910
350;26;4;93.268;100.720
351;4;27;133.328;82.980
351;27;4;133.328;103.230
352;4;28;91.711;73.800
352;28;4;91.711;94.480
353;4;29;87.406;79.880
353;29;4;87.406;101.110
354;4;29;86.826;69.990
354;29;4;86.826;91.220
355;4;29;93.953;89.550
355;29;4;93.953;110.780
356;4;30;92.122;67.410
356;30;4;92.122;89.180
357;4;30;84.704;86.890
357;30;4;84.704;108.660
358;4;31;80.236;65.210
358;31;4;80.236;87.320
359;4;32;82.429;82.830
359;32;4;82.429;105.090
360;4;32;75.075;82.670
360;32;4;75.075;104.930
361;4;33;85.323;80.120
361;33;4;85.323;103.520
362;4;33;92.256;66.660
362;33;4;92.256;90.060
363;4;33;84.487;69.940
363;33;4;84.487;93.340
364;4;34;70.655;71.230
364;34;4;70.655;95.460
365;4;35;90.875;86.230
365;35;4;90.875;110.990
366;4;36;88.814;66.970
366;36;4;88.814;92.110
367;4;36;85.060;80.090
367;36;4;85.060;105.230
368;4;36;80.886;63.110
368;36;4;80.886;88.250
369;4;37;87.680;67.210
369;37;4;87.680;92.750
370;4;38;105.227;62.170
370;38;4;105.227;88.000
371;4;38;103.431;67.740
371;38;4;103.431;93.570
372;4;39;49.508;11.120
372;39;4;94.508;97.920
373;4;39;50.729;7.670
373;39;4;95.729;94.470
374;5;6;97.055;93.780
374;6;5;97.055;95.650
375;5;7;98.504;106.310
375;7;5;98.504;108.670
376;5;7;88.042;106.610
376;7;5;88.042;108.970
377;5;7;110.372;107.720
377;7;5;110.372;110.080
378;5;8;88.017;86.220
378;8;5;88.017;89.460
379;5;8;83.163;107.200
379;8;5;83.163;110.440
380;5;9;81.867;89.350
380;9;5;81.867;93.260
381;5;9;81.435;82.630
381;9;5;81.435;86.540
382;5;9;80.562;98.110
382;9;5;80.562;102.020
383;5;10;118.587;80.680
383;10;5;118.587;87.580
384;5;10;126.838;91.970
384;10;5;126.838;98.870
385;5;11;90.108;92.770
385;11;5;90.108;100.080
386;5;11;85.541;80.840
386;11;5;85.541;88.150
387;5;11;98.489;92.470
387;11;5;98.489;99.780
388;5;12;105.469;101.140
388;12;5;105.469;108.740
389;5;13;118.841;80.310
389;13;5;118.841;88.000
390;5;13;112.126;98.490
390;13;5;112.126;106.180
391;5;14;86.229;95.350
391;14;5;86.229;105.030
392;5;15;51.988;94.850
392;15;5;51.988;105.160
393;5;15;50.991;97.160
393;15;5;50.991;107.470
394;5;16;95.763;98.100
394;16;5;95.763;108.590
395;5;16;102.063;77.710
395;16;5;102.063;88.200
396;5;17;54.760;95.370
396;17;5;54.760;106.330
397;5;17;56.390;75.130
397;17;5;56.390;86.090
398;5;17;53.902;92.840
398;17;5;53.902;103.800
399;5;18;63.721;89.550
399;18;5;63.721;100.770
400;5;19;90.434;77.170
400;19;5;90.434;90.020
401;5;19;86.324;95.430
401;19;5;86.324;108.280
402;5;20;92.972;82.790
402;20;5;92.972;96.420
403;5;21;89.765;76.360
403;21;5;89.765;90.250
404;5;21;99.345;72.320
404;21;5;99.345;86.210
405;5;21;88.869;76.390
405;21;5;88.869;90.280
406;5;22;152.715;75.980
406;22;5;152.715;90.880
407;5;22;146.489;83.910
407;22;5;146.489;98.810
408;5;22;161.424;86.910
408;22;5;161.424;101.810
409;5;23;105.087;75.540
409;23;5;105.087;91.340
410;5;23;96.673;79.710
410;23;5;96.673;95.510
411;5;24;168.244;69.180
411;24;5;168.244;87.730
412;5;24;141.963;78.070
412;24;5;141.963;96.620
413;5;25;129.661;71.590
413;25;5;129.661;90.340
414;5;25;136.566;73.820
414;25;5;136.566;92.570
415;5;25;141.898;91.000
415;25;5;141.898;109.750
416;5;26;90.512;80.890
416;26;5;90.512;99.890
417;5;26;86.128;82.000
417;26;5;86.128;101.000
418;5;26;93.243;72.630
418;26;5;93.243;91.630
419;5;27;147.722;74.320
419;27;5;147.722;93.760
420;5;27;158.291;74.090
420;27;5;158.291;93.530
421;5;28;148.777;76.360
421;28;5;148.777;96.230
422;5;28;154.903;82.610
422;28;5;154.903;102.480
423;5;28;162.654;89.850
423;28;5;162.654;109.720
424;5;29;80.398;66.620
424;29;5;80.398;87.040
425;5;30;91.414;77.710
425;30;5;91.414;98.670
426;5;30;100.871;88.850
426;30;5;100.871;109.810
427;5;30;88.237;84.280
427;30;5;88.237;105.240
428;5;31;89.149;79.110
428;31;5;89.149;100.410
429;5;32;104.458;72.460
429;32;5;104.458;93.910
430;5;32;108.684;84.860
430;32;5;108.684;106.310
431;5;33;89.999;68.710
431;33;5;89.999;91.300
432;5;33;96.790;67.560
432;33;5;96.790;90.150
433;5;34;93.832;66.780
433;34;5;93.832;90.200
434;5;35;90.992;83.090
434;35;5;90.992;107.040
435;5;36;77.067;70.100
435;36;5;77.067;94.430
436;5;36;76.164;83.480
436;36;5;76.164;107.810
437;5;36;75.556;73.320
437;36;5;75.556;97.650
438;5;37;59.458;70.410
438;37;5;59.458;95.140
439;5;37;56.797;67.730
439;37;5;56.797;92.460
440;5;38;90.296;84.260
440;38;5;90.296;109.280
441;5;38;94.100;85.730
441;38;5;94.100;110.750
442;5;38;98.838;71.670
442;38;5;98.838;96.690
443;5;39;28.285;1.950
443;39;5;73.285;87.940
444;6;7;49.411;103.560
444;7;6;49.411;104.050
445;6;7;48.931;89.060
445;7;6;48.931;89.550
446;6;8;54.199;100.290
446;8;6;54.199;101.660
447;6;8;54.128;99.390
447;8;6;54.128;100.760
448;6;8;53.865;95.580
448;8;6;53.865;96.950
449;6;9;76.950;90.320
449;9;6;76.950;92.360
450;6;9;81.483;100.650
450;9;6;81.483;102.690
451;6;9;83.737;90.250
451;9;6;83.737;92.290
452;6;10;87.271;99.130
452;10;6;87.271;104.160
453;6;10;77.520;90.100
453;10;6;77.520;95.130
454;6;10;92.726;79.120
454;10;6;92.726;84.150
455;6;11;70.659;91.570
455;11;6;70.659;97.010
456;6;12;74.210;97.560
456;12;6;74.210;103.290
457;6;13;70.157;98.250
457;13;6;70.157;104.070
458;6;14;55.870;96.420
458;14;6;55.870;104.230
459;6;14;58.181;90.970
459;14;6;58.181;98.780
460;6;14;55.452;85.110
460;14;6;55.452;92.920
461;6;15;90.169;96.440
461;15;6;90.169;104.880
462;6;16;80.092;99.630
462;16;6;80.092;108.250
463;6;17;93.597;81.730
463;17;6;93.597;90.820
464;6;17;92.567;76.160
464;17;6;92.567;85.250
465;6;17;96.452;91.520
465;17;6;96.452;100.610
466;6;18;96.433;95.410
466;18;6;96.433;104.760
467;6;18;105.581;93.350
467;18;6;105.581;102.700
468;6;18;94.889;88.520
468;18;6;94.889;97.870
469;6;19;51.816;77.670
469;19;6;51.816;88.650
470;6;19;52.432;83.680
470;19;6;52.432;94.660
471;6;19;51.108;87.280
471;19;6;51.108;98.260
472;6;20;50.893;79.300
472;20;6;50.893;91.060
473;6;20;52.147;97.270
473;20;6;52.147;109.030
474;6;21;52.399;88.370
474;21;6;52.399;100.390
475;6;21;50.889;82.320
475;21;6;50.889;94.340
476;6;22;113.043;71.480
476;22;6;113.043;84.510
477;6;23;76.901;75.570
477;23;6;76.901;89.500
478;6;23;81.997;83.190
478;23;6;81.997;97.120
479;6;24;121.063;72.220
479;24;6;121.063;88.900
480;6;24;112.560;69.440
480;24;6;112.560;86.120
481;6;25;83.570;69.940
481;25;6;83.570;86.820
482;6;25;91.710;87.920
482;25;6;91.710;104.800
483;6;25;81.106;68.460
483;25;6;81.106;85.340
484;6;26;67.745;85.240
484;26;6;67.745;102.370
485;6;26;67.865;81.580
485;26;6;67.865;98.710
486;6;27;111.540;67.690
486;27;6;111.540;85.260
487;6;27;103.361;74.980
487;27;6;103.361;92.550
488;6;28;106.618;90.570
488;28;6;106.618;108.570
489;6;29;68.842;69.070
489;29;6;68.842;87.620
490;6;29;68.802;79.530
490;29;6;68.802;98.080
491;6;29;69.615;81.280
491;29;6;69.615;99.830
492;6;30;69.494;72.360
492;30;6;69.494;91.450
493;6;30;73.082;70.070
493;30;6;73.082;89.160
494;6;31;58.572;81.120
494;31;6;58.572;100.550
495;6;31;56.928;68.960
495;31;6;56.928;88.390
496;6;31;55.975;70.220
496;31;6;55.975;89.650
497;6;32;59.211;74.140
497;32;6;59.211;93.720
498;6;32;55.846;74.160
498;32;6;55.846;93.740
499;6;32;60.830;76.230
499;32;6;60.830;95.810
500;6;33;63.012;68.390
500;33;6;63.012;89.110
501;6;33;65.132;67.670
501;33;6;65.132;88.390
502;6;33;60.642;72.560
502;33;6;60.642;93.280
503;6;34;48.558;83.100
503;34;6;48.558;104.650
504;6;34;49.243;85.280
504;34;6;49.243;106.830
505;6;35;68.314;65.630
505;35;6;68.314;87.710
506;6;35;73.319;80.330
506;35;6;73.319;102.410
507;6;35;73.289;84.900
507;35;6;73.289;106.980
508;6;36;71.600;82.540
508;36;6;71.600;105.000
509;6;37;84.886;75.820
509;37;6;84.886;98.680
510;6;38;83.629;67.760
510;38;6;83.629;90.910
511;6;38;74.083;83.040
511;38;6;74.083;106.190
512;6;38;93.014;84.690
512;38;6;93.014;107.840
513;6;39;33.232;14.660
513;39;6;78.232;98.780
514;6;39;26.511;19.040
514;39;6;71.511;103.160
515;7;8;55.686;107.340
515;8;7;55.686;108.220
516;7;8;57.723;98.030
516;8;7;57.723;98.910
517;7;9;80.886;85.180
517;9;7;80.886;86.730
518;7;10;91.181;93.260
518;10;7;91.181;97.800
519;7;11;74.973;82.280
519;11;7;74.973;87.230
520;7;11;77.738;84.560
520;11;7;77.738;89.510
521;7;11;76.721;95.800
521;11;7;76.721;100.750
522;7;12;78.419;89.500
522;12;7;78.419;94.740
523;7;12;76.763;101.520
523;12;7;76.763;106.760
524;7;13;66.784;96.380
524;13;7;66.784;101.710
525;7;13;69.968;92.660
525;13;7;69.968;97.990
526;7;13;69.848;96.570
526;13;7;69.848;101.900
527;7;14;57.572;96.970
527;14;7;57.572;104.290
528;7;14;60.620;92.130
528;14;7;60.620;99.450
529;7;14;56.853;87.470
529;14;7;56.853;94.790
530;7;15;91.542;83.490
530;15;7;91.542;91.440
531;7;16;84.488;77.980
531;16;7;84.488;86.110
532;7;16;94.115;89.910
532;16;7;94.115;98.040
533;7;17;94.291;96.420
533;17;7;94.291;105.020
534;7;17;101.909;88.910
534;17;7;101.909;97.510
535;7;18;99.245;94.590
535;18;7;99.245;103.450
536;7;18;95.277;88.460
536;18;7;95.277;97.320
537;7;18;89.584;95.150
537;18;7;89.584;104.010
538;7;19;54.785;79.940
538;19;7;54.785;90.430
539;7;19;54.162;92.840
539;19;7;54.162;103.330
540;7;20;54.975;90.300
540;20;7;54.975;101.570
541;7;20;54.285;78.020
541;20;7;54.285;89.290
542;7;20;54.927;94.410
542;20;7;54.927;105.680
543;7;21;55.142;76.000
543;21;7;55.142;87.530
544;7;21;56.348;72.870
544;21;7;56.348;84.400
545;7;22;115.732;88.510
545;22;7;115.732;101.050
546;7;22;103.008;82.540
546;22;7;103.008;95.080
547;7;22;111.536;79.600
547;22;7;111.536;92.140
548;7;23;81.182;77.280
548;23;7;81.182;90.720
549;7;23;84.470;80.350
549;23;7;84.470;93.790
550;7;23;86.640;88.630
550;23;7;86.640;102.070
551;7;24;122.350;85.930
551;24;7;122.350;102.120
552;7;25;79.854;70.600
552;25;7;79.854;86.990
553;7;25;84.111;69.860
553;25;7;84.111;86.250
554;7;26;72.071;71.420
554;26;7;72.071;88.060
555;7;26;65.428;87.370
555;26;7;65.428;104.010
556;7;27;114.654;82.550
556;27;7;114.654;99.630
557;7;27;106.922;82.460
557;27;7;106.922;99.540
558;7;28;102.641;86.180
558;28;7;102.641;103.690
559;7;29;72.463;83.300
559;29;7;72.463;101.360
560;7;29;74.686;81.410
560;29;7;74.686;99.470
561;7;29;73.413;85.200
561;29;7;73.413;103.260
562;7;30;73.847;81.650
562;30;7;73.847;100.250
563;7;30;80.776;76.390
563;30;7;80.776;94.990
564;7;30;74.584;76.810
564;30;7;74.584;95.410
565;7;31;62.667;71.130
565;31;7;62.667;90.070
566;7;31;61.853;72.350
566;31;7;61.853;91.290
567;7;32;62.743;65.880
567;32;7;62.743;84.970
568;7;32;61.779;77.310
568;32;7;61.779;96.400
569;7;33;67.291;76.970
569;33;7;67.291;97.200
570;7;33;63.559;76.730
570;33;7;63.559;96.960
571;7;34;52.264;78.620
571;34;7;52.264;99.680
572;7;34;53.342;74.750
572;34;7;53.342;95.810
573;7;35;72.657;75.090
573;35;7;72.657;96.680
574;7;36;74.991;72.420
574;36;7;74.991;94.390
575;7;36;70.592;76.500
575;36;7;70.592;98.470
576;7;37;85.666;62.740
576;37;7;85.666;85.110
577;7;37;81.243;67.720
577;37;7;81.243;90.090
578;7;37;89.634;77.330
578;37;7;89.634;99.700
579;7;38;87.897;74.740
579;38;7;87.897;97.400
580;7;38;82.322;63.880
580;38;7;82.322;86.540
581;7;39;36.549;2.760
581;39;7;81.549;86.390
582;7;39;33.604;0.650
582;39;7;78.604;84.280
583;7;39;43.627;7.720
583;39;7;88.627;91.350
584;8;9;72.607;99.630
584;9;8;72.607;100.300
585;8;10;91.477;82.600
585;10;8;91.477;86.260
586;8;10;98.822;93.320
586;10;8;98.822;96.980
587;8;11;69.083;94.180
587;11;8;69.083;98.250
588;8;12;77.326;98.070
588;12;8;77.326;102.430
589;8;12;82.850;93.200
589;12;8;82.850;97.560
590;8;12;69.593;93.120
590;12;8;69.593;97.480
591;8;13;77.227;87.490
591;13;8;77.227;91.940
592;8;13;73.271;102.350
592;13;8;73.271;106.800
593;8;14;46.897;80.240
593;14;8;46.897;86.680
594;8;14;46.722;99.090
594;14;8;46.722;105.530
595;8;15;81.092;95.940
595;15;8;81.092;103.010
596;8;15;72.845;99.410
596;15;8;72.845;106.480
597;8;16;79.348;92.090
597;16;8;79.348;99.340
598;8;16;76.899;87.390
598;16;8;76.899;94.640
599;8;16;86.389;84.210
599;16;8;86.389;91.460
600;8;17;84.399;82.320
600;17;8;84.399;90.040
601;8;18;88.764;78.060
601;18;8;88.764;86.040
602;8;18;90.950;78.330
602;18;8;90.950;86.310
603;8;19;48.909;89.980
603;19;8;48.909;99.590
604;8;19;49.019;83.900
604;19;8;49.019;93.510
605;8;20;52.406;82.900
605;20;8;52.406;93.290
606;8;21;48.248;90.600
606;21;8;48.248;101.250
607;8;22;120.007;71.430
607;22;8;120.007;83.090
608;8;22;127.473;80.940
608;22;8;127.473;92.600
609;8;23;79.368;77.000
609;23;8;79.368;89.560
610;8;23;74.356;81.750
610;23;8;74.356;94.310
611;8;23;79.604;71.240
611;23;8;79.604;83.800
612;8;24;129.631;71.160
612;24;8;129.631;86.470
613;8;25;89.819;69.810
613;25;8;89.819;85.320
614;8;25;86.676;71.380
614;25;8;86.676;86.890
615;8;26;66.505;78.010
615;26;8;66.505;93.770
616;8;26;70.370;89.760
616;26;8;70.370;105.520
617;8;27;117.712;69.540
617;27;8;117.712;85.740
618;8;27;101.042;76.500
618;27;8;101.042;92.700
619;8;27;102.421;68.170
619;27;8;102.421;84.370
620;8;28;111.937;67.170
620;28;8;111.937;83.800
621;8;28;103.376;67.600
621;28;8;103.376;84.230
622;8;28;99.204;83.820
622;28;8;99.204;100.450
623;8;29;63.528;83.520
623;29;8;63.528;100.700
624;8;29;65.282;77.640
624;29;8;65.282;94.820
625;8;30;68.479;84.370
625;30;8;68.479;102.090
626;8;30;74.037;81.860
626;30;8;74.037;99.580
627;8;31;56.648;75.960
627;31;8;56.648;94.020
628;8;32;65.863;66.300
628;32;8;65.863;84.510
629;8;32;64.358;82.790
629;32;8;64.358;101.000
630;8;33;61.748;86.390
630;33;8;61.748;105.740
631;8;33;63.628;73.230
631;33;8;63.628;92.580
632;8;34;51.556;65.230
632;34;8;51.556;85.410
633;8;34;50.617;87.520
633;34;8;50.617;107.700
634;8;34;51.196;64.310
634;34;8;51.196;84.490
635;8;35;67.227;76.030
635;35;8;67.227;96.740
636;8;36;65.445;68.810
636;36;8;65.445;89.900
637;8;36;60.910;62.120
637;36;8;60.910;83.210
638;8;36;61.682;69.330
638;36;8;61.682;90.420
639;8;37;75.687;81.820
639;37;8;75.687;103.310
640;8;38;81.110;83.720
640;38;8;81.110;105.500
641;8;38;82.767;72.530
641;38;8;82.767;94.310
642;8;38;81.365;77.730
642;38;8;81.365;99.510
643;8;39;26.736;5.210
643;39;8;71.736;87.960
644;8;39;27.793;6.750
644;39;8;72.793;89.500
645;9;10;81.838;97.330
645;10;9;81.838;100.320
646;9;11;54.971;90.550
646;11;9;54.971;93.950
647;9;11;53.462;100.800
647;11;9;53.462;104.200
648;9;11;53.978;102.970
648;11;9;53.978;106.370
649;9;12;69.630;100.490
649;12;9;69.630;104.180
650;9;12;69.385;83.580
650;12;9;69.385;87.270
651;9;13;101.963;84.200
651;13;9;101.963;87.980
652;9;13;96.758;98.660
652;13;9;96.758;102.440
653;9;14;71.162;82.670
653;14;9;71.162;88.440
654;9;15;77.461;78.900
654;15;9;77.461;85.300
655;9;15;75.688;96.500
655;15;9;75.688;102.900
656;9;16;59.020;79.350
656;16;9;59.020;85.930
657;9;16;56.114;90.760
657;16;9;56.114;97.340
658;9;16;60.945;100.040
658;16;9;60.945;106.620
659;9;17;84.983;80.990
659;17;9;84.983;88.040
660;9;17;86.977;93.120
660;17;9;86.977;100.170
661;9;18;70.626;97.470
661;18;9;70.626;104.780
662;9;19;71.395;83.050
662;19;9;71.395;91.990
663;9;20;71.057;95.100
663;20;9;71.057;104.820
664;9;21;71.270;93.050
664;21;9;71.270;103.030
665;9;21;76.695;85.210
665;21;9;76.695;95.190
666;9;21;71.375;76.140
666;21;9;71.375;86.120
667;9;22;116.280;85.460
667;22;9;116.280;96.450
668;9;22;107.817;83.460
668;22;9;107.817;94.450
669;9;22;111.951;91.550
669;22;9;111.951;102.540
670;9;23;68.636;93.860
670;23;9;68.636;105.750
671;9;24;133.962;73.140
671;24;9;133.962;87.780
672;9;25;115.506;76.150
672;25;9;115.506;90.990
673;9;25;130.440;82.240
673;25;9;130.440;97.080
674;9;25;118.292;86.880
674;25;9;118.292;101.720
675;9;26;56.952;74.900
675;26;9;56.952;89.990
676;9;26;57.917;79.250
676;26;9;57.917;94.340
677;9;26;56.550;71.460
677;26;9;56.550;86.550
678;9;27;110.940;86.550
678;27;9;110.940;102.080
679;9;27;105.661;71.100
679;27;9;105.661;86.630
680;9;28;138.521;90.040
680;28;9;138.521;106.000
681;9;29;54.237;66.060
681;29;9;54.237;82.570
682;9;29;53.298;75.290
682;29;9;53.298;91.800
683;9;29;52.154;77.840
683;29;9;52.154;94.350
684;9;30;56.693;78.560
684;30;9;56.693;95.610
685;9;31;63.422;65.140
685;31;9;63.422;82.530
686;9;32;75.300;72.980
686;32;9;75.300;90.520
687;9;32;77.144;89.260
687;32;9;77.144;106.800
688;9;32;82.250;68.630
688;32;9;82.250;86.170
689;9;33;59.945;77.310
689;33;9;59.945;95.990
690;9;33;60.940;76.390
690;33;9;60.940;95.070
691;9;34;73.640;69.330
691;34;9;73.640;88.840
692;9;34;70.899;66.910
692;34;9;70.899;86.420
693;9;34;80.015;64.730
693;34;9;80.015;84.240
694;9;35;56.984;80.750
694;35;9;56.984;100.790
695;9;35;54.367;76.170
695;35;9;54.367;96.210
696;9;35;56.472;72.040
696;35;9;56.472;92.080
697;9;36;53.953;75.670
697;36;9;53.953;96.090
698;9;36;55.559;77.570
698;36;9;55.559;97.990
699;9;37;78.563;70.760
699;37;9;78.563;91.580
700;9;38;55.457;67.280
700;38;9;55.457;88.390
701;9;39;8.671;20.840
701;39;9;53.671;102.920
702;9;39;8.949;23.610
702;39;9;53.949;105.690
703;10;11;73.859;83.820
703;11;10;73.859;84.230
704;10;11;69.988;81.530
704;11;10;69.988;81.940
705;10;11;73.349;93.790
705;11;10;73.349;94.200
706;10;12;59.501;83.690
706;12;10;59.501;84.390
707;10;12;56.397;96.470
707;12;10;56.397;97.170
708;10;13;102.399;96.770
708;13;10;102.399;97.560
709;10;13;109.787;89.650
709;13;10;109.787;90.440
710;10;14;91.565;79.140
710;14;10;91.565;81.920
711;10;14;95.210;83.910
711;14;10;95.210;86.690
712;10;14;80.750;93.180
712;14;10;80.750;95.960
713;10;15;113.670;82.970
713;15;10;113.670;86.380
714;10;15;119.722;81.200
714;15;10;119.722;84.610
715;10;15;96.771;78.360
715;15;10;96.771;81.770
716;10;16;68.621;98.000
716;16;10;68.621;101.590
717;10;16;67.000;97.670
717;16;10;67.000;101.260
718;10;17;120.617;92.930
718;17;10;120.617;96.990
719;10;17;113.955;81.440
719;17;10;113.955;85.500
720;10;17;115.929;81.160
720;17;10;115.929;85.220
721;10;18;106.384;82.980
721;18;10;106.384;87.300
722;10;19;87.726;86.360
722;19;10;87.726;92.310
723;10;19;84.105;75.860
723;19;10;84.105;81.810
724;10;20;84.493;80.180
724;20;10;84.493;86.910
725;10;21;88.283;89.750
725;21;10;88.283;96.740
726;10;21;83.144;94.510
726;21;10;83.144;101.500
727;10;21;91.438;89.140
727;21;10;91.438;96.130
728;10;22;79.657;94.550
728;22;10;79.657;102.550
729;10;22;85.837;90.510
729;22;10;85.837;98.510
730;10;23;58.725;88.840
730;23;10;58.725;97.740
731;10;24;100.480;87.000
731;24;10;100.480;98.650
732;10;24;111.717;75.270
732;24;10;111.717;86.920
733;10;25;115.123;75.570
733;25;10;115.123;87.420
734;10;25;120.733;74.020
734;25;10;120.733;85.870
735;10;25;112.897;83.390
735;25;10;112.897;95.240
736;10;26;74.303;88.220
736;26;10;74.303;100.320
737;10;26;74.328;87.620
737;26;10;74.328;99.720
738;10;26;69.213;73.410
738;26;10;69.213;85.510
739;10;27;74.136;76.610
739;27;10;74.136;89.150
740;10;27;68.751;86.470
740;27;10;68.751;99.010
741;10;28;138.102;76.930
741;28;10;138.102;89.900
742;10;29;84.479;70.770
742;29;10;84.479;84.290
743;10;30;72.879;72.030
743;30;10;72.879;86.090
744;10;30;79.244;69.720
744;30;10;79.244;83.780
745;10;31;81.011;64.840
745;31;10;81.011;79.240
746;10;31;74.299;66.010
746;31;10;74.299;80.410
747;10;32;73.594;79.260
747;32;10;73.594;93.810
748;10;32;68.660;88.920
748;32;10;68.660;103.470
749;10;33;77.050;69.470
749;33;10;77.050;85.160
750;10;34;86.666;73.960
750;34;10;86.666;90.480
751;10;34;94.188;63.420
751;34;10;94.188;79.940
752;10;34;96.112;63.540
752;34;10;96.112;80.060
753;10;35;73.647;68.020
753;35;10;73.647;85.070
754;10;35;68.312;62.420
754;35;10;68.312;79.470
755;10;35;69.228;62.070
755;35;10;69.228;79.120
756;10;36;87.272;70.220
756;36;10;87.272;87.650
757;10;36;79.961;64.910
757;36;10;79.961;82.340
758;10;37;113.074;84.400
758;37;10;113.074;102.230
759;10;37;96.462;75.710
759;37;10;96.462;93.540
760;10;38;75.731;62.960
760;38;10;75.731;81.080
761;10;38;71.251;77.770
761;38;10;71.251;95.890
762;10;38;77.878;75.290
762;38;10;77.878;93.410
763;10;39;45.309;22.280
763;39;10;90.309;101.370
764;10;39;43.148;6.570
764;39;10;88.148;85.660
765;10;39;55.246;11.710
765;39;10;100.246;90.800
766;11;12;60.372;89.690
766;12;11;60.372;89.980
767;11;13;94.732;90.860
767;13;11;94.732;91.240
768;11;13;85.627;85.590
768;13;11;85.627;85.970
769;11;14;68.190;76.890
769;14;11;68.190;79.260
770;11;14;67.145;88.440
770;14;11;67.145;90.810
771;11;14;70.833;86.090
771;14;11;70.833;88.460
772;11;15;84.892;92.330
772;15;11;84.892;95.330
773;11;16;55.323;82.680
773;16;11;55.323;85.860
774;11;16;57.901;80.470
774;16;11;57.901;83.650
775;11;17;91.758;91.070
775;17;11;91.758;94.720
776;11;17;88.937;87.680
776;17;11;88.937;91.330
777;11;17;82.093;92.150
777;17;11;82.093;95.800
778;11;18;80.483;97.390
778;18;11;80.483;101.300
779;11;19;66.618;96.230
779;19;11;66.618;101.770
780;11;19;63.585;90.810
780;19;11;63.585;96.350
781;11;19;63.257;95.250
781;19;11;63.257;100.790
782;11;20;65.072;95.760
782;20;11;65.072;102.080
783;11;20;62.516;88.570
783;20;11;62.516;94.890
784;11;20;60.709;78.940
784;20;11;60.709;85.260
785;11;21;66.767;78.730
785;21;11;66.767;85.310
786;11;21;64.027;87.120
786;21;11;64.027;93.700
787;11;22;107.614;84.660
787;22;11;107.614;92.250
788;11;22;113.741;91.500
788;22;11;113.741;99.090
789;11;22;108.053;76.500
789;22;11;108.053;84.090
790;11;23;60.151;86.770
790;23;11;60.151;95.260
791;11;24;124.270;71.490
791;24;11;124.270;82.730
792;11;24;112.989;77.690
792;24;11;112.989;88.930
793;11;24;120.978;87.310
793;24;11;120.978;98.550
794;11;25;108.490;80.150
794;25;11;108.490;91.590
795;11;25;110.671;76.700
795;25;11;110.671;88.140
796;11;25;95.347;73.170
796;25;11;95.347;84.610
797;11;26;47.930;71.130
797;26;11;47.930;82.820
798;11;27;102.892;73.630
798;27;11;102.892;85.760
799;11;28;131.899;80.660
799;28;11;131.899;93.220
800;11;29;55.748;83.640
800;29;11;55.748;96.750
801;11;29;55.258;75.260
801;29;11;55.258;88.370
802;11;29;53.946;68.600
802;29;11;53.946;81.710
803;11;30;46.755;82.410
803;30;11;46.755;96.060
804;11;30;46.441;76.420
804;30;11;46.441;90.070
805;11;30;46.475;76.090
805;30;11;46.475;89.740
806;11;31;57.704;81.980
806;31;11;57.704;95.970
807;11;31;57.298;64.850
807;31;11;57.298;78.840
808;11;31;55.433;79.550
808;31;11;55.433;93.540
809;11;32;65.993;74.350
809;32;11;65.993;88.490
810;11;32;67.896;76.700
810;32;11;67.896;90.840
811;11;32;69.930;67.730
811;32;11;69.930;81.870
812;11;33;52.711;87.210
812;33;11;52.711;102.490
813;11;33;53.687;84.010
813;33;11;53.687;99.290
814;11;34;67.870;85.400
814;34;11;67.870;101.510
815;11;34;72.477;77.080
815;34;11;72.477;93.190
816;11;34;65.489;74.520
816;34;11;65.489;90.630
817;11;35;47.493;76.710
817;35;11;47.493;93.350
818;11;36;58.413;61.900
818;36;11;58.413;78.920
819;11;37;84.311;74.680
819;37;11;84.311;92.100
820;11;37;85.247;70.020
820;37;11;85.247;87.440
821;11;38;58.035;72.820
821;38;11;58.035;90.530
822;11;39;17.194;13.700
822;39;11;62.194;92.380
823;12;13;93.168;86.880
823;13;12;93.168;86.970
824;12;13;94.708;88.970
824;13;12;94.708;89.060
825;12;14;77.276;99.150
825;14;12;77.276;101.230
826;12;14;74.875;82.760
826;14;12;74.875;84.840
827;12;15;100.131;97.550
827;15;12;100.131;100.260
828;12;15;98.114;90.270
828;15;12;98.114;92.980
829;12;15;93.769;90.680
829;15;12;93.769;93.390
830;12;16;59.400;76.450
830;16;12;59.400;79.340
831;12;16;56.796;77.040
831;16;12;56.796;79.930
832;12;17;106.754;97.050
832;17;12;106.754;100.410
833;12;17;95.520;75.890
833;17;12;95.520;79.250
834;12;17;117.155;90.510
834;17;12;117.155;93.870
835;12;18;95.168;88.330
835;18;12;95.168;91.950
836;12;19;73.693;89.600
836;19;12;73.693;94.850
837;12;20;70.644;72.570
837;20;12;70.644;78.600
838;12;20;69.921;87.770
838;20;12;69.921;93.800
839;12;20;76.424;84.490
839;20;12;76.424;90.520
840;12;21;74.198;86.540
840;21;12;74.198;92.830
841;12;22;92.290;71.600
841;22;12;92.290;78.900
842;12;23;48.361;79.780
842;23;12;48.361;87.980
843;12;23;47.682;79.280
843;23;12;47.682;87.480
844;12;23;48.872;85.100
844;23;12;48.872;93.300
845;12;24;109.423;70.700
845;24;12;109.423;81.650
846;12;24;111.770;78.930
846;24;12;111.770;89.880
847;12;25;106.687;82.630
847;25;12;106.687;93.780
848;12;25;107.013;73.590
848;25;12;107.013;84.740
849;12;25;116.420;90.410
849;25;12;116.420;101.560
850;12;26;60.208;67.760
850;26;12;60.208;79.160
851;12;26;59.187;77.660
851;26;12;59.187;89.060
852;12;26;59.595;73.850
852;26;12;59.595;85.250
853;12;27;87.910;87.730
853;27;12;87.910;99.570
854;12;27;78.475;67.870
854;27;12;78.475;79.710
855;12;28;130.235;82.580
855;28;12;130.235;94.850
856;12;29;70.526;67.100
856;29;12;70.526;79.920
857;12;29;69.545;66.920
857;29;12;69.545;79.740
858;12;29;71.047;74.180
858;29;12;71.047;87.000
859;12;30;59.075;77.070
859;30;12;59.075;90.430
860;12;30;59.729;78.130
860;30;12;59.729;91.490
861;12;31;66.551;71.770
861;31;12;66.551;85.470
862;12;31;61.493;78.560
862;31;12;61.493;92.260
863;12;32;62.085;79.100
863;32;12;62.085;92.950
864;12;32;61.000;89.040
864;32;12;61.000;102.890
865;12;32;59.745;87.760
865;32;12;59.745;101.610
866;12;33;62.568;64.080
866;33;12;62.568;79.070
867;12;33;62.720;67.120
867;33;12;62.720;82.110
868;12;33;60.599;88.210
868;33;12;60.599;103.200
869;12;34;73.044;66.390
869;34;12;73.044;82.210
870;12;35;59.627;84.740
870;35;12;59.627;101.090
871;12;35;57.159;63.950
871;35;12;57.159;80.300
872;12;36;73.573;77.410
872;36;12;73.573;94.140
873;12;36;67.148;83.440
873;36;12;67.148;100.170
874;12;36;70.454;72.500
874;36;12;70.454;89.230
875;12;37;98.966;65.280
875;37;12;98.966;82.410
876;12;38;66.825;63.700
876;38;12;66.825;81.120
877;12;38;65.624;82.710
877;38;12;65.624;100.130
878;12;38;62.090;85.090
878;38;12;62.090;102.510
879;12;39;32.509;22.130
879;39;12;77.509;100.520
880;12;39;32.204;20.950
880;39;12;77.204;99.340
881;12;39;33.928;20.410
881;39;12;78.928;98.800
882;13;14;79.121;76.500
882;14;13;79.121;78.490
883;13;15;111.860;90.570
883;15;13;111.860;93.190
884;13;15;108.429;84.340
884;15;13;108.429;86.960
885;13;16;103.017;98.810
885;16;13;103.017;101.610
886;13;16;94.207;85.770
886;16;13;94.207;88.570
887;13;17;113.337;93.350
887;17;13;113.337;96.620
888;13;17;124.873;94.360
888;17;13;124.873;97.630
889;13;17;108.192;99.790
889;17;13;108.192;103.060
890;13;18;120.973;80.650
890;18;13;120.973;84.180
891;13;18;132.527;81.540
891;18;13;132.527;85.070
892;13;18;133.664;75.250
892;18;13;133.664;78.780
893;13;19;76.525;81.880
893;19;13;76.525;87.040
894;13;19;81.195;78.370
894;19;13;81.195;83.530
895;13;19;80.908;92.230
895;19;13;80.908;97.390
896;13;20;76.010;89.390
896;20;13;76.010;95.330
897;13;20;70.277;93.230
897;20;13;70.277;99.170
898;13;20;75.441;81.040
898;20;13;75.441;86.980
899;13;21;76.918;88.670
899;21;13;76.918;94.870
900;13;22;117.272;73.890
900;22;13;117.272;81.100
901;13;22;115.667;91.440
901;22;13;115.667;98.650
902;13;22;112.110;94.420
902;22;13;112.110;101.630
903;13;23;96.445;75.600
903;23;13;96.445;83.710
904;13;23;107.825;73.970
904;23;13;107.825;82.080
905;13;24;115.880;71.690
905;24;13;115.880;82.550
906;13;25;58.798;69.340
906;25;13;58.798;80.400
907;13;25;57.903;73.450
907;25;13;57.903;84.510
908;13;26;91.819;84.250
908;26;13;91.819;95.560
909;13;26;84.601;76.060
909;26;13;84.601;87.370
910;13;26;103.285;83.150
910;26;13;103.285;94.460
911;13;27;118.873;67.520
911;27;13;118.873;79.270
912;13;27;125.363;71.270
912;27;13;125.363;83.020
913;13;27;130.936;67.490
913;27;13;130.936;79.240
914;13;28;82.380;87.610
914;28;13;82.380;99.790
915;13;28;85.568;66.670
915;28;13;85.568;78.850
916;13;29;93.998;89.100
916;29;13;93.998;101.830
917;13;30;93.307;68.540
917;30;13;93.307;81.810
918;13;30;88.714;85.570
918;30;13;88.714;98.840
919;13;30;84.638;78.350
919;30;13;84.638;91.620
920;13;31;83.546;88.670
920;31;13;83.546;102.280
921;13;31;80.257;84.260
921;31;13;80.257;97.870
922;13;32;76.245;72.770
922;32;13;76.245;86.530
923;13;32;77.479;81.150
923;32;13;77.479;94.910
924;13;32;70.468;75.460
924;32;13;70.468;89.220
925;13;33;87.459;66.500
925;33;13;87.459;81.400
926;13;34;73.646;67.620
926;34;13;73.646;83.350
927;13;35;92.259;72.980
927;35;13;92.259;89.240
928;13;36;96.688;73.570
928;36;13;96.688;90.210
929;13;36;100.971;64.530
929;36;13;100.971;81.170
930;13;37;105.114;68.970
930;37;13;105.114;86.010
931;13;37;107.624;62.730
931;37;13;107.624;79.770
932;13;38;107.732;74.640
932;38;13;107.732;91.970
933;13;38;111.071;76.620
933;38;13;111.071;93.950
934;13;39;58.284;7.520
934;39;13;103.284;85.820
935;13;39;63.380;13.740
935;39;13;108.380;92.040
936;14;15;79.321;88.160
936;15;14;79.321;88.790
937;14;16;78.502;99.630
937;16;14;78.502;100.440
938;14;16;78.545;95.110
938;16;14;78.545;95.920
939;14;17;82.798;98.440
939;17;14;82.798;99.720
940;14;17;73.368;98.790
940;17;14;73.368;100.070
941;14;17;84.504;77.160
941;17;14;84.504;78.440
942;14;18;86.877;95.090
942;18;14;86.877;96.630
943;14;19;49.821;83.110
943;19;14;49.821;86.280
944;14;19;50.699;94.840
944;19;14;50.699;98.010
945;14;19;50.586;79.750
945;19;14;50.586;82.920
946;14;20;53.231;87.380
946;20;14;53.231;91.330
947;14;20;51.834;95.190
947;20;14;51.834;99.140
948;14;20;54.377;81.260
948;20;14;54.377;85.210
949;14;21;49.080;76.680
949;21;14;49.080;80.890
950;14;21;48.292;92.480
950;21;14;48.292;96.690
951;14;21;49.950;85.740
951;21;14;49.950;89.950
952;14;22;120.698;80.490
952;22;14;120.698;85.710
953;14;23;79.163;79.160
953;23;14;79.163;85.280
954;14;24;130.837;69.760
954;24;14;130.837;78.630
955;14;25;91.677;68.430
955;25;14;91.677;77.500
956;14;25;86.537;69.320
956;25;14;86.537;78.390
957;14;26;65.726;83.650
957;26;14;65.726;92.970
958;14;27;118.195;87.450
958;27;14;118.195;97.210
959;14;27;112.366;66.740
959;27;14;112.366;76.500
960;14;28;113.717;78.860
960;28;14;113.717;89.050
961;14;28;102.399;90.010
961;28;14;102.399;100.200
962;14;28;122.245;88.800
962;28;14;122.245;98.990
963;14;29;62.004;75.500
963;29;14;62.004;86.240
964;14;30;67.709;78.470
964;30;14;67.709;89.750
965;14;31;56.104;70.340
965;31;14;56.104;81.960
966;14;32;66.734;72.890
966;32;14;66.734;84.660
967;14;32;62.170;71.420
967;32;14;62.170;83.190
968;14;33;61.093;71.880
968;33;14;61.093;84.790
969;14;33;64.775;74.910
969;33;14;64.775;87.820
970;14;33;57.663;80.020
970;33;14;57.663;92.930
971;14;34;52.941;67.650
971;34;14;52.941;81.390
972;14;34;52.213;76.410
972;34;14;52.213;90.150
973;14;34;53.989;73.360
973;34;14;53.989;87.100
974;14;35;66.465;70.540
974;35;14;66.465;84.810
975;14;35;66.429;83.880
975;35;14;66.429;98.150
976;14;36;63.760;78.130
976;36;14;63.760;92.780
977;14;36;62.276;66.380
977;36;14;62.276;81.030
978;14;36;61.626;76.800
978;36;14;61.626;91.450
979;14;37;74.078;85.810
979;37;14;74.078;100.860
980;14;37;69.633;81.860
980;37;14;69.633;96.910
981;14;38;79.924;61.680
981;38;14;79.924;77.020
982;14;39;24.972;2.210
982;39;14;69.972;78.520
983;15;16;91.481;83.260
983;16;15;91.481;83.440
984;15;16;101.811;83.660
984;16;15;101.811;83.840
985;15;17;53.115;80.780
985;17;15;53.115;81.430
986;15;17;52.523;87.170
986;17;15;52.523;87.820
987;15;18;64.619;93.200
987;18;15;64.619;94.110
988;15;19;83.599;87.400
988;19;15;83.599;89.940
989;15;20;86.226;82.070
989;20;15;86.226;85.390
990;15;20;87.845;95.940
990;20;15;87.845;99.260
991;15;21;82.919;93.780
991;21;15;82.919;97.360
992;15;21;89.904;80.950
992;21;15;89.904;84.530
993;15;21;84.795;81.470
993;21;15;84.795;85.050
994;15;22;147.414;72.180
994;22;15;147.414;76.770
995;15;23;100.020;92.920
995;23;15;100.020;98.410
996;15;24;162.144;71.600
996;24;15;162.144;79.840
997;15;25;122.761;85.030
997;25;15;122.761;93.470
998;15;25;127.249;83.450
998;25;15;127.249;91.890
999;15;25;113.240;87.400
999;25;15;113.240;95.840
1000;15;26;84.989;75.530
1000;26;15;84.989;84.220
1001;15;26;76.827;88.800
1001;26;15;76.827;97.490
1002;15;26;86.024;83.930
1002;26;15;86.024;92.620
1003;15;27;142.767;77.500
1003;27;15;142.767;86.630
1004;15;28;142.123;75.680
1004;28;15;142.123;85.240
1005;15;29;74.708;77.270
1005;29;15;74.708;87.380
1006;15;29;67.418;88.190
1006;29;15;67.418;98.300
1007;15;29;72.509;82.770
1007;29;15;72.509;92.880
1008;15;30;86.065;74.610
1008;30;15;86.065;85.260
1009;15;30;95.962;69.590
1009;30;15;95.962;80.240
1010;15;31;82.779;75.290
1010;31;15;82.779;86.280
1011;15;32;98.025;67.330
1011;32;15;98.025;78.470
1012;15;32;85.062;80.660
1012;32;15;85.062;91.800
1013;15;33;84.024;71.010
1013;33;15;84.024;83.290
1014;15;33;78.386;69.200
1014;33;15;78.386;81.480
1015;15;33;79.700;82.600
1015;33;15;79.700;94.880
1016;15;34;86.989;66.450
1016;34;15;86.989;79.560
1017;15;35;85.525;74.160
1017;35;15;85.525;87.800
1018;15;36;71.558;72.780
1018;36;15;71.558;86.800
1019;15;37;53.171;67.500
1019;37;15;53.171;81.920
1020;15;38;86.710;78.930
1020;38;15;86.710;93.640
1021;15;38;95.928;71.470
1021;38;15;95.928;86.180
1022;15;38;80.274;72.880
1022;38;15;80.274;87.590
1023;15;39;23.796;20.420
1023;39;15;68.796;96.100
1024;16;17;98.965;97.830
1024;17;16;98.965;98.300
1025;16;18;82.763;82.320
1025;18;16;82.763;83.050
1026;16;18;90.867;75.290
1026;18;16;90.867;76.020
1027;16;19;76.705;89.990
1027;19;16;76.705;92.350
1028;16;19;71.380;82.520
1028;19;16;71.380;84.880
1029;16;20;74.821;80.510
1029;20;16;74.821;83.650
1030;16;20;78.137;75.690
1030;20;16;78.137;78.830
1031;16;20;71.555;78.860
1031;20;16;71.555;82.000
1032;16;21;76.911;73.640
1032;21;16;76.911;77.040
1033;16;21;79.073;94.760
1033;21;16;79.073;98.160
1034;16;21;80.247;74.920
1034;21;16;80.247;78.320
1035;16;22;103.279;76.450
1035;22;16;103.279;80.860
1036;16;22;107.534;91.880
1036;22;16;107.534;96.290
1037;16;23;57.000;79.690
1037;23;16;57.000;85.000
1038;16;24;122.822;82.210
1038;24;16;122.822;90.270
1039;16;25;116.810;69.570
1039;25;16;116.810;77.830
1040;16;25;115.327;84.630
1040;25;16;115.327;92.890
1041;16;26;57.858;80.100
1041;26;16;57.858;88.610
1042;16;26;60.510;87.720
1042;26;16;60.510;96.230
1043;16;27;97.433;70.630
1043;27;16;97.433;79.580
1044;16;27;99.838;85.780
1044;27;16;99.838;94.730
1045;16;27;105.032;90.320
1045;27;16;105.032;99.270
1046;16;28;140.389;87.500
1046;28;16;140.389;96.880
1047;16;29;64.811;65.570
1047;29;16;64.811;75.500
1048;16;30;55.905;82.190
1048;30;16;55.905;92.660
1049;16;30;54.443;88.000
1049;30;16;54.443;98.470
1050;16;31;67.821;82.670
1050;31;16;67.821;93.480
1051;16;31;70.957;71.440
1051;31;16;70.957;82.250
1052;16;31;71.308;68.930
1052;31;16;71.308;79.740
1053;16;32;72.411;68.350
1053;32;16;72.411;79.310
1054;16;32;76.020;66.610
1054;32;16;76.020;77.570
1055;16;33;62.705;64.890
1055;33;16;62.705;76.990
1056;16;33;59.113;87.520
1056;33;16;59.113;99.620
1057;16;33;60.233;88.140
1057;33;16;60.233;100.240
1058;16;34;77.620;63.170
1058;34;16;77.620;76.100
1059;16;35;57.156;76.560
1059;35;16;57.156;90.020
1060;16;35;56.702;79.120
1060;35;16;56.702;92.580
1061;16;35;59.519;86.480
1061;35;16;59.519;99.940
1062;16;36;66.487;81.540
1062;36;16;66.487;95.380
1063;16;36;65.206;79.170
1063;36;16;65.206;93.010
1064;16;36;66.875;76.660
1064;36;16;66.875;90.500
1065;16;37;92.282;61.580
1065;37;16;92.282;75.820
1066;16;37;92.033;79.100
1066;37;16;92.033;93.340
1067;16;38;52.549;82.770
1067;38;16;52.549;97.300
1068;16;39;22.688;21.060
1068;39;16;67.688;96.560
1069;17;18;72.076;79.460
1069;18;17;72.076;79.720
1070;17;19;87.419;95.320
1070;19;17;87.419;97.210
1071;17;20;90.399;77.730
1071;20;17;90.399;80.400
1072;17;20;85.226;80.620
1072;20;17;85.226;83.290
1073;17;20;87.010;82.340
1073;20;17;87.010;85.010
1074;17;21;86.697;81.550
1074;21;17;86.697;84.480
1075;17;21;92.828;72.180
1075;21;17;92.828;75.110
1076;17;21;94.034;91.740
1076;21;17;94.034;94.670
1077;17;22;153.905;78.940
1077;22;17;153.905;82.880
1078;17;23;106.902;89.790
1078;23;17;106.902;94.630
1079;17;23;105.690;80.870
1079;23;17;105.690;85.710
1080;17;24;167.504;90.640
1080;24;17;167.504;98.230
1081;17;24;186.167;89.380
1081;24;17;186.167;96.970
1082;17;24;176.385;88.880
1082;24;17;176.385;96.470
1083;17;25;123.233;67.650
1083;25;17;123.233;75.440
1084;17;26;91.546;68.370
1084;26;17;91.546;76.410
1085;17;26;98.380;87.020
1085;26;17;98.380;95.060
1086;17;26;98.762;86.950
1086;26;17;98.762;94.990
1087;17;27;149.601;90.750
1087;27;17;149.601;99.230
1088;17;28;141.250;77.490
1088;28;17;141.250;86.400
1089;17;28;149.053;67.040
1089;28;17;149.053;75.950
1090;17;28;137.477;83.720
1090;28;17;137.477;92.630
1091;17;29;81.232;75.680
1091;29;17;81.232;85.140
1092;17;30;92.793;74.110
1092;30;17;92.793;84.110
1093;17;31;88.076;67.390
1093;31;17;88.076;77.730
1094;17;31;92.522;69.050
1094;31;17;92.522;79.390
1095;17;32;102.987;84.780
1095;32;17;102.987;95.270
1096;17;32;102.182;77.650
1096;32;17;102.182;88.140
1097;17;33;90.011;67.090
1097;33;17;90.011;78.720
1098;17;33;94.505;75.510
1098;33;17;94.505;87.140
1099;17;34;90.714;70.300
1099;34;17;90.714;82.760
1100;17;35;92.138;68.680
1100;35;17;92.138;81.670
1101;17;35;86.130;79.570
1101;35;17;86.130;92.560
1102;17;35;102.148;82.120
1102;35;17;102.148;95.110
1103;17;36;78.346;85.170
1103;36;17;78.346;98.540
1104;17;36;82.254;85.540
1104;36;17;82.254;98.910
1105;17;36;77.216;67.060
1105;36;17;77.216;80.430
1106;17;37;53.722;64.040
1106;37;17;53.722;77.810
1107;17;38;94.527;68.240
1107;38;17;94.527;82.300
1108;17;39;31.387;2.050
1108;39;17;76.387;77.080
1109;17;39;38.639;6.060
1109;39;17;83.639;81.090
1110;17;39;26.470;1.660
1110;39;17;71.470;76.690
1111;18;19;89.693;94.820
1111;19;18;89.693;96.450
1112;18;19;82.247;79.720
1112;19;18;82.247;81.350
1113;18;19;89.190;85.810
1113;19;18;89.190;87.440
1114;18;20;91.063;76.880
1114;20;18;91.063;79.290
1115;18;20;85.438;94.010
1115;20;18;85.438;96.420
1116;18;20;84.293;86.760
1116;20;18;84.293;89.170
1117;18;21;89.213;81.060
1117;21;18;89.213;83.730
1118;18;21;98.939;73.810
1118;21;18;98.939;76.480
1119;18;22;141.041;77.660
1119;22;18;141.041;81.340
1120;18;22;160.446;78.890
1120;22;18;160.446;82.570
1121;18;22;155.975;92.510
1121;22;18;155.975;96.190
1122;18;23;93.874;72.250
1122;23;18;93.874;76.830
1123;18;24;159.568;75.230
1123;24;18;159.568;82.560
1124;18;24;146.821;81.080
1124;24;18;146.821;88.410
1125;18;25;133.461;75.500
1125;25;18;133.461;83.030
1126;18;25;141.831;82.690
1126;25;18;141.831;90.220
1127;18;26;82.002;67.260
1127;26;18;82.002;75.040
1128;18;26;77.781;68.490
1128;26;18;77.781;76.270
1129;18;26;81.956;77.600
1129;26;18;81.956;85.380
1130;18;27;135.045;75.690
1130;27;18;135.045;83.910
1131;18;28;154.833;78.760
1131;28;18;154.833;87.410
1132;18;28;148.942;88.120
1132;28;18;148.942;96.770
1133;18;28;145.749;82.200
1133;28;18;145.749;90.850
1134;18;29;73.971;88.930
1134;29;18;73.971;98.130
1135;18;29;78.330;82.890
1135;29;18;78.330;92.090
1136;18;29;78.589;79.220
1136;29;18;78.589;88.420
1137;18;30;82.142;69.640
1137;30;18;82.142;79.380
1138;18;31;84.848;86.020
1138;31;18;84.848;96.100
1139;18;31;83.541;88.230
1139;31;18;83.541;98.310
1140;18;32;99.329;83.210
1140;32;18;99.329;93.440
1141;18;33;83.502;84.520
1141;33;18;83.502;95.890
1142;18;34;92.882;72.490
1142;34;18;92.882;84.690
1143;18;34;97.757;83.230
1143;34;18;97.757;95.430
1144;18;35;82.210;63.380
1144;35;18;82.210;76.110
1145;18;35;76.420;71.010
1145;35;18;76.420;83.740
1146;18;36;70.585;71.060
1146;36;18;70.585;84.170
1147;18;37;71.588;80.130
1147;37;18;71.588;93.640
1148;18;37;68.104;84.900
1148;37;18;68.104;98.410
1149;18;38;75.947;74.390
1149;38;18;75.947;88.190
1150;18;38;69.520;77.400
1150;38;18;69.520;91.200
1151;18;38;78.904;78.780
1151;38;18;78.904;92.580
1152;18;39;19.222;10.310
1152;39;18;64.222;85.080
1153;18;39;21.554;4.190
1153;39;18;66.554;78.960
1154;19;20;48.504;73.190
1154;20;19;48.504;73.970
1155;19;20;49.292;78.700
1155;20;19;49.292;79.480
1156;19;21;45.742;72.210
1156;21;19;45.742;73.250
1157;19;21;45.821;90.600
1157;21;19;45.821;91.640
1158;19;22;116.106;79.820
1158;22;19;116.106;81.870
1159;19;22;125.299;95.930
1159;22;19;125.299;97.980
1160;19;23;75.866;71.060
1160;23;19;75.866;74.010
1161;19;23;81.142;90.760
1161;23;19;81.142;93.710
1162;19;24;126.016;68.900
1162;24;19;126.016;74.600
1163;19;24;111.613;75.810
1163;24;19;111.613;81.510
1164;19;24;132.338;70.590
1164;24;19;132.338;76.290
1165;19;25;89.630;75.250
1165;25;19;89.630;81.150
1166;19;26;63.873;83.010
1166;26;19;63.873;89.160
1167;19;26;61.139;68.460
1167;26;19;61.139;74.610
1168;19;26;59.368;77.560
1168;26;19;59.368;83.710
1169;19;27;113.810;79.240
1169;27;19;113.810;85.830
1170;19;27;114.686;89.860
1170;27;19;114.686;96.450
1171;19;27;109.870;89.810
1171;27;19;109.870;96.400
1172;19;28;112.282;74.840
1172;28;19;112.282;81.860
1173;19;28;116.767;79.340
1173;28;19;116.767;86.360
1174;19;29;62.738;70.190
1174;29;19;62.738;77.760
1175;19;29;62.825;68.980
1175;29;19;62.825;76.550
1176;19;29;66.929;69.660
1176;29;19;66.929;77.230
1177;19;30;65.804;86.780
1177;30;19;65.804;94.890
1178;19;30;70.757;77.130
1178;30;19;70.757;85.240
1179;19;31;53.916;71.060
1179;31;19;53.916;79.510
1180;19;31;53.184;78.740
1180;31;19;53.184;87.190
1181;19;32;62.000;77.370
1181;32;19;62.000;85.970
1182;19;32;65.046;71.450
1182;32;19;65.046;80.050
1183;19;33;59.003;64.410
1183;33;19;59.003;74.150
1184;19;33;57.030;73.600
1184;33;19;57.030;83.340
1185;19;34;48.402;85.380
1185;34;19;48.402;95.950
1186;19;34;47.690;76.270
1186;34;19;47.690;86.840
1187;19;35;64.555;85.810
1187;35;19;64.555;96.910
1188;19;35;61.084;84.750
1188;35;19;61.084;95.850
1189;19;36;65.207;69.730
1189;36;19;65.207;81.210
1190;19;37;78.698;71.520
1190;37;19;78.698;83.400
1191;19;38;79.137;64.020
1191;38;19;79.137;76.190
1192;19;38;79.658;79.240
1192;38;19;79.658;91.410
1193;19;38;84.894;83.290
1193;38;19;84.894;95.460
1194;19;39;26.770;3.900
1194;39;19;71.770;77.040
1195;20;21;49.209;80.190
1195;21;20;49.209;80.450
1196;20;22;112.603;81.680
1196;22;20;112.603;82.950
1197;20;22;106.471;91.860
1197;22;20;106.471;93.130
1198;20;23;72.982;91.050
1198;23;20;72.982;93.220
1199;20;23;72.389;94.950
1199;23;20;72.389;97.120
1200;20;24;122.694;87.000
1200;24;20;122.694;91.920
1201;20;24;115.702;89.980
1201;24;20;115.702;94.900
1202;20;24;106.404;84.130
1202;24;20;106.404;89.050
1203;20;25;89.461;71.400
1203;25;20;89.461;76.520
1204;20;25;90.300;74.190
1204;25;20;90.300;79.310
1205;20;26;62.198;70.390
1205;26;20;62.198;75.760
1206;20;26;60.850;78.330
1206;26;20;60.850;83.700
1207;20;26;58.390;80.040
1207;26;20;58.390;85.410
1208;20;27;110.343;75.530
1208;27;20;110.343;81.340
1209;20;28;112.493;91.010
1209;28;20;112.493;97.250
1210;20;28;111.951;67.170
1210;28;20;111.951;73.410
1211;20;29;63.034;77.980
1211;29;20;63.034;84.770
1212;20;29;62.817;87.500
1212;29;20;62.817;94.290
1213;20;29;62.428;88.740
1213;29;20;62.428;95.530
1214;20;30;64.032;67.080
1214;30;20;64.032;74.410
1215;20;30;63.142;88.230
1215;30;20;63.142;95.560
1216;20;31;52.708;84.580
1216;31;20;52.708;92.250
1217;20;31;52.897;80.210
1217;31;20;52.897;87.880
1218;20;32;58.514;69.950
1218;32;20;58.514;77.770
1219;20;32;55.136;67.420
1219;32;20;55.136;75.240
1220;20;33;57.365;84.200
1220;33;20;57.365;93.160
1221;20;34;47.805;77.580
1221;34;20;47.805;87.370
1222;20;34;47.768;69.990
1222;34;20;47.768;79.780
1223;20;34;47.181;66.680
1223;34;20;47.181;76.470
1224;20;35;62.815;70.180
1224;35;20;62.815;80.500
1225;20;35;66.994;81.430
1225;35;20;66.994;91.750
1226;20;35;62.160;67.320
1226;35;20;62.160;77.640
1227;20;36;65.912;74.260
1227;36;20;65.912;84.960
1228;20;36;70.847;63.970
1228;36;20;70.847;74.670
1229;20;37;81.695;65.610
1229;37;20;81.695;76.710
1230;20;37;85.100;62.870
1230;37;20;85.100;73.970
1231;20;38;77.940;75.700
1231;38;20;77.940;87.090
1232;20;38;78.045;80.700
1232;38;20;78.045;92.090
1233;20;38;74.551;82.020
1233;38;20;74.551;93.410
1234;20;39;27.562;22.910
1234;39;20;72.562;95.270
1235;21;22;116.800;80.240
1235;22;21;116.800;81.250
1236;21;22;117.618;74.500
1236;22;21;117.618;75.510
1237;21;22;101.296;82.240
1237;22;21;101.296;83.250
1238;21;23;76.323;84.940
1238;23;21;76.323;86.850
1239;21;24;126.758;84.910
1239;24;21;126.758;89.570
1240;21;24;115.246;76.510
1240;24;21;115.246;81.170
1241;21;24;146.045;79.120
1241;24;21;146.045;83.780
1242;21;25;89.946;78.510
1242;25;21;89.946;83.370
1243;21;25;79.284;88.780
1243;25;21;79.284;93.640
1244;21;26;64.060;91.300
1244;26;21;64.060;96.410
1245;21;27;114.467;78.960
1245;27;21;114.467;84.510
1246;21;27;105.201;79.570
1246;27;21;105.201;85.120
1247;21;28;112.512;90.100
1247;28;21;112.512;96.080
1248;21;28;113.783;66.730
1248;28;21;113.783;72.710
1249;21;29;62.511;69.420
1249;29;21;62.511;75.950
1250;21;29;62.753;65.620
1250;29;21;62.753;72.150
1251;21;30;66.006;76.390
1251;30;21;66.006;83.460
1252;21;31;54.092;76.720
1252;31;21;54.092;84.130
1253;21;31;53.322;85.190
1253;31;21;53.322;92.600
1254;21;32;62.719;82.560
1254;32;21;62.719;90.120
1255;21;33;59.209;82.290
1255;33;21;59.209;90.990
1256;21;34;49.071;70.400
1256;34;21;49.071;79.930
1257;21;34;49.823;77.640
1257;34;21;49.823;87.170
1258;21;35;64.755;62.880
1258;35;21;64.755;72.940
1259;21;35;65.006;73.560
1259;35;21;65.006;83.620
1260;21;35;69.641;62.210
1260;35;21;69.641;72.270
1261;21;36;64.886;74.720
1261;36;21;64.886;85.160
1262;21;36;60.995;71.610
1262;36;21;60.995;82.050
1263;21;37;77.976;74.950
1263;37;21;77.976;85.790
1264;21;37;75.652;66.280
1264;37;21;75.652;77.120
1265;21;37;79.768;79.390
1265;37;21;79.768;90.230
1266;21;38;79.184;63.950
1266;38;21;79.184;75.080
1267;21;39;26.416;1.300
1267;39;21;71.416;73.400
1268;21;39;29.680;10.680
1268;39;21;74.680;82.780
1269;21;39;29.258;19.640
1269;39;21;74.258;91.740
1270;22;23;92.692;80.010
1270;23;22;92.692;80.910
1271;22;23;95.998;78.610
1271;23;22;95.998;79.510
1272;22;23;102.872;73.190
1272;23;22;102.872;74.090
1273;22;24;72.074;89.210
1273;24;22;72.074;92.860
1274;22;25;126.254;79.910
1274;25;22;126.254;83.760
1275;22;25;146.567;78.820
1275;25;22;146.567;82.670
1276;22;25;116.997;71.780
1276;25;22;116.997;75.630
1277;22;26;107.439;83.100
1277;26;22;107.439;87.200
1278;22;26;114.911;85.250
1278;26;22;114.911;89.350
1279;22;26;115.277;81.100
1279;26;22;115.277;85.200
1280;22;27;53.891;86.410
1280;27;22;53.891;90.950
1281;22;27;55.965;84.920
1281;27;22;55.965;89.460
1282;22;28;145.386;86.630
1282;28;22;145.386;91.600
1283;22;28;159.775;90.480
1283;28;22;159.775;95.450
1284;22;28;150.319;72.760
1284;28;22;150.319;77.730
1285;22;29;117.753;69.950
1285;29;22;117.753;75.470
1286;22;30;106.364;83.180
1286;30;22;106.364;89.240
1287;22;30;108.719;73.280
1287;30;22;108.719;79.340
1288;22;31;111.786;74.390
1288;31;22;111.786;80.790
1289;22;32;99.228;75.000
1289;32;22;99.228;81.550
1290;22;33;109.018;65.240
1290;33;22;109.018;72.930
1291;22;33;108.403;83.740
1291;33;22;108.403;91.430
1292;22;33;122.019;79.670
1292;33;22;122.019;87.360
1293;22;34;113.917;76.210
1293;34;22;113.917;84.730
1294;22;34;127.115;86.170
1294;34;22;127.115;94.690
1295;22;35;106.891;85.420
1295;35;22;106.891;94.470
1296;22;36;120.858;76.900
1296;36;22;120.858;86.330
1297;22;36;103.314;74.070
1297;36;22;103.314;83.500
1298;22;36;107.405;86.130
1298;36;22;107.405;95.560
1299;22;37;145.892;76.920
1299;37;22;145.892;86.750
1300;22;38;110.310;71.210
1300;38;22;110.310;81.330
1301;22;39;79.572;19.130
1301;39;22;124.572;90.220
1302;22;39;93.588;12.350
1302;39;22;138.588;83.440
1303;22;39;95.961;16.290
1303;39;22;140.961;87.380
1304;23;24;111.004;72.190
1304;24;23;111.004;74.940
1305;23;25;109.996;70.660
1305;25;23;109.996;73.610
1306;23;25;98.197;88.350
1306;25;23;98.197;91.300
1307;23;26;60.628;67.210
1307;26;23;60.628;70.410
1308;23;27;87.748;83.180
1308;27;23;87.748;86.820
1309;23;27;83.562;82.210
1309;27;23;83.562;85.850
1310;23;28;133.556;74.800
1310;28;23;133.556;78.870
1311;23;29;70.756;70.870
1311;29;23;70.756;75.490
1312;23;30;59.157;70.150
1312;30;23;59.157;75.310
1313;23;31;68.195;77.090
1313;31;23;68.195;82.590
1314;23;31;66.634;75.890
1314;31;23;66.634;81.390
1315;23;31;72.253;64.710
1315;31;23;72.253;70.210
1316;23;32;65.283;88.680
1316;32;23;65.283;94.330
1317;23;32;64.060;81.610
1317;32;23;64.060;87.260
1318;23;33;63.772;72.390
1318;33;23;63.772;79.180
1319;23;33;65.755;77.010
1319;33;23;65.755;83.800
1320;23;33;64.567;69.630
1320;33;23;64.567;76.420
1321;23;34;75.495;82.330
1321;34;23;75.495;89.950
1322;23;34;76.671;64.280
1322;34;23;76.671;71.900
1323;23;34;76.841;72.110
1323;34;23;76.841;79.730
1324;23;35;59.954;66.210
1324;35;23;59.954;74.360
1325;23;35;59.398;72.890
1325;35;23;59.398;81.040
1326;23;35;60.165;86.010
1326;35;23;60.165;94.160
1327;23;36;73.563;68.990
1327;36;23;73.563;77.520
1328;23;36;67.933;84.180
1328;36;23;67.933;92.710
1329;23;37;99.354;70.490
1329;37;23;99.354;79.420
1330;23;38;64.544;64.100
1330;38;23;64.544;73.320
1331;23;38;62.476;80.230
1331;38;23;62.476;89.450
1332;23;38;59.731;66.660
1332;38;23;59.731;75.880
1333;23;39;31.884;16.420
1333;39;23;76.884;86.610
1334;23;39;28.302;15.040
1334;39;23;73.302;85.230
1335;23;39;38.017;6.680
1335;39;23;83.017;76.870
1336;24;25;120.592;72.550
1336;25;24;120.592;72.750
1337;24;26;123.211;69.110
1337;26;24;123.211;69.560
1338;24;26;122.707;70.420
1338;26;24;122.707;70.870
1339;24;26;119.920;73.360
1339;26;24;119.920;73.810
1340;24;27;80.917;85.920
1340;27;24;80.917;86.810
1341;24;27;73.615;76.240
1341;27;24;73.615;77.130
1342;24;27;75.882;86.320
1342;27;24;75.882;87.210
1343;24;28;134.770;69.280
1343;28;24;134.770;70.600
1344;24;29;132.948;73.000
1344;29;24;132.948;74.870
1345;24;30;122.704;88.300
1345;30;24;122.704;90.710
1346;24;31;124.476;71.520
1346;31;24;124.476;74.270
1347;24;31;116.629;76.470
1347;31;24;116.629;79.220
1348;24;31;106.837;87.820
1348;31;24;106.837;90.570
1349;24;32;109.575;88.000
1349;32;24;109.575;90.900
1350;24;32;97.782;85.920
1350;32;24;97.782;88.820
1351;24;33;123.248;79.150
1351;33;24;123.248;83.190
1352;24;34;123.082;79.740
1352;34;24;123.082;84.610
1353;24;34;108.477;74.100
1353;34;24;108.477;78.970
1354;24;35;122.853;76.580
1354;35;24;122.853;81.980
1355;24;35;114.475;73.070
1355;35;24;114.475;78.470
1356;24;35;119.016;69.070
1356;35;24;119.016;74.470
1357;24;36;136.381;83.720
1357;36;24;136.381;89.500
1358;24;36;141.827;81.810
1358;36;24;141.827;87.590
1359;24;36;127.626;66.870
1359;36;24;127.626;72.650
1360;24;37;158.946;81.860
1360;37;24;158.946;88.040
1361;24;38;130.325;73.960
1361;38;24;130.325;80.430
1362;24;38;125.248;62.390
1362;38;24;125.248;68.860
1363;24;39;96.367;11.090
1363;39;24;141.367;78.530
1364;25;26;105.572;73.240
1364;26;25;105.572;73.490
1365;25;27;128.961;79.230
1365;27;25;128.961;79.920
1366;25;27;110.175;80.200
1366;27;25;110.175;80.890
1367;25;28;68.616;81.930
1367;28;25;68.616;83.050
1368;25;28;73.265;86.540
1368;28;25;73.265;87.660
1369;25;29;107.303;75.000
1369;29;25;107.303;76.670
1370;25;29;113.469;80.810
1370;29;25;113.469;82.480
1371;25;29;117.498;84.010
1371;29;25;117.498;85.680
1372;25;30;107.083;84.390
1372;30;25;107.083;86.600
1373;25;31;97.091;73.640
1373;31;25;97.091;76.190
1374;25;32;89.909;78.120
1374;32;25;89.909;80.820
1375;25;33;101.153;75.880
1375;33;25;101.153;79.720
1376;25;33;88.156;85.180
1376;33;25;88.156;89.020
1377;25;33;105.809;85.090
1377;33;25;105.809;88.930
1378;25;34;86.967;65.680
1378;34;25;86.967;70.350
1379;25;34;86.048;68.870
1379;34;25;86.048;73.540
1380;25;35;106.024;72.880
1380;35;25;106.024;78.080
1381;25;36;109.830;68.430
1381;36;25;109.830;74.010
1382;25;37;115.480;70.800
1382;37;25;115.480;76.780
1383;25;37;118.528;74.350
1383;37;25;118.528;80.330
1384;25;37;120.436;82.380
1384;37;25;120.436;88.360
1385;25;38;121.504;65.140
1385;38;25;121.504;71.410
1386;25;38;127.166;61.960
1386;38;25;127.166;68.230
1387;25;38;127.873;68.780
1387;38;25;127.873;75.050
1388;25;39;71.350;12.950
1388;39;25;116.350;80.190
1389;25;39;84.260;18.930
1389;39;25;129.260;86.170
1390;25;39;67.107;6.840
1390;39;25;112.107;74.080
1391;26;27;103.090;68.140
1391;27;26;103.090;68.580
1392;26;27;102.004;74.890
1392;27;26;102.004;75.330
1393;26;28;128.972;83.010
1393;28;26;128.972;83.880
1394;26;28;108.197;72.770
1394;28;26;108.197;73.640
1395;26;29;55.322;80.460
1395;29;26;55.322;81.880
1396;26;30;46.983;76.390
1396;30;26;46.983;78.350
1397;26;30;47.181;69.270
1397;30;26;47.181;71.230
1398;26;30;47.007;77.520
1398;30;26;47.007;79.480
1399;26;31;54.969;76.250
1399;31;26;54.969;78.550
1400;26;32;63.455;72.400
1400;32;26;63.455;74.850
1401;26;32;59.276;78.230
1401;32;26;59.276;80.680
1402;26;32;59.481;83.340
1402;32;26;59.481;85.790
1403;26;33;49.879;86.470
1403;33;26;49.879;90.060
1404;26;34;65.000;75.800
1404;34;26;65.000;80.220
1405;26;34;64.240;70.200
1405;34;26;64.240;74.620
1406;26;35;45.760;62.830
1406;35;26;45.760;67.780
1407;26;35;45.948;73.250
1407;35;26;45.948;78.200
1408;26;36;58.464;85.860
1408;36;26;58.464;91.190
1409;26;37;83.807;69.110
1409;37;26;83.807;74.840
1410;26;37;92.229;79.370
1410;37;26;92.229;85.100
1411;26;38;60.964;79.130
1411;38;26;60.964;85.150
1412;26;39;18.196;9.780
1412;39;26;63.196;76.770
1413;27;28;149.258;73.450
1413;28;27;149.258;73.880
1414;27;29;113.379;71.450
1414;29;27;113.379;72.430
1415;27;30;101.809;65.410
1415;30;27;101.809;66.930
1416;27;30;97.817;73.840
1416;30;27;97.817;75.360
1417;27;30;114.044;80.030
1417;30;27;114.044;81.550
1418;27;31;108.550;67.230
1418;31;27;108.550;69.090
1419;27;31;116.520;79.070
1419;31;27;116.520;80.930
1420;27;31;124.175;86.970
1420;31;27;124.175;88.830
1421;27;32;97.388;87.870
1421;32;27;97.388;89.880
1422;27;32;104.996;72.790
1422;32;27;104.996;74.800
1423;27;33;105.251;88.130
1423;33;27;105.251;91.280
1424;27;33;104.718;74.810
1424;33;27;104.718;77.960
1425;27;33;106.976;75.650
1425;33;27;106.976;78.800
1426;27;34;111.963;73.450
1426;34;27;111.963;77.430
1427;27;35;102.478;68.720
1427;35;27;102.478;73.230
1428;27;35;97.560;77.010
1428;35;27;97.560;81.520
1429;27;36;116.292;81.380
1429;36;27;116.292;86.270
1430;27;37;141.875;74.080
1430;37;27;141.875;79.370
1431;27;37;137.059;75.350
1431;37;27;137.059;80.640
1432;27;38;104.115;63.170
1432;38;27;104.115;68.750
1433;27;38;90.433;61.730
1433;38;27;90.433;67.310
1434;27;39;74.442;9.610
1434;39;27;119.442;76.160
1435;28;29;130.017;74.870
1435;29;28;130.017;75.420
1436;28;29;129.850;77.800
1436;29;28;129.850;78.350
1437;28;29;125.593;71.370
1437;29;28;125.593;71.920
1438;28;30;130.535;80.980
1438;30;28;130.535;82.070
1439;28;30;114.467;66.950
1439;30;28;114.467;68.040
1440;28;30;114.339;67.080
1440;30;28;114.339;68.170
1441;28;31;120.189;80.180
1441;31;28;120.189;81.610
1442;28;32;113.519;86.300
1442;32;28;113.519;87.880
1443;28;32;117.862;86.490
1443;32;28;117.862;88.070
1444;28;33;124.454;82.250
1444;33;28;124.454;84.970
1445;28;33;128.325;80.580
1445;33;28;128.325;83.300
1446;28;33;141.821;85.000
1446;33;28;141.821;87.720
1447;28;34;109.881;67.160
1447;34;28;109.881;70.710
1448;28;35;129.450;66.230
1448;35;28;129.450;70.310
1449;28;35;133.937;71.490
1449;35;28;133.937;75.570
1450;28;35;145.687;84.530
1450;35;28;145.687;88.610
1451;28;36;132.307;69.960
1451;36;28;132.307;74.420
1452;28;36;151.644;61.910
1452;36;28;151.644;66.370
1453;28;37;134.327;72.730
1453;37;28;134.327;77.590
1454;28;37;124.384;84.160
1454;37;28;124.384;89.020
1455;28;37;114.923;67.140
1455;37;28;114.923;72.000
1456;28;38;144.932;68.730
1456;38;28;144.932;73.880
1457;28;39;93.673;11.120
1457;39;28;138.673;77.240
1458;28;39;105.593;24.650
1458;39;28;150.593;90.770
1459;28;39;93.931;22.080
1459;39;28;138.931;88.200
1460;29;30;56.600;79.670
1460;30;29;56.600;80.210
1461;29;30;57.952;87.000
1461;30;29;57.952;87.540
1462;29;30;54.040;78.780
1462;30;29;54.040;79.320
1463;29;31;56.015;89.120
1463;31;29;56.015;90.000
1464;29;32;70.458;69.860
1464;32;29;70.458;70.890
1465;29;33;54.857;81.940
1465;33;29;54.857;84.110
1466;29;33;54.180;66.180
1466;33;29;54.180;68.350
1467;29;34;65.363;76.700
1467;34;29;65.363;79.700
1468;29;34;66.686;71.710
1468;34;29;66.686;74.710
1469;29;34;66.554;70.020
1469;34;29;66.554;73.020
1470;29;35;55.906;83.420
1470;35;29;55.906;86.950
1471;29;35;54.872;65.030
1471;35;29;54.872;68.560
1472;29;36;48.511;73.660
1472;36;29;48.511;77.570
1473;29;37;73.603;81.580
1473;37;29;73.603;85.890
1474;29;37;74.651;63.980
1474;37;29;74.651;68.290
1475;29;37;74.821;64.380
1475;37;29;74.821;68.690
1476;29;38;63.896;80.500
1476;38;29;63.896;85.100
1477;29;38;66.728;67.610
1477;38;29;66.728;72.210
1478;29;39;9.829;5.870
1478;39;29;54.829;71.440
1479;30;31;56.916;77.000
1479;31;30;56.916;77.340
1480;30;31;54.573;81.800
1480;31;30;54.573;82.140
1481;30;32;64.289;80.530
1481;32;30;64.289;81.020
1482;30;32;67.649;70.290
1482;32;30;67.649;70.780
1483;30;32;67.989;67.100
1483;32;30;67.989;67.590
1484;30;33;51.801;64.080
1484;33;30;51.801;65.710
1485;30;33;51.011;71.480
1485;33;30;51.011;73.110
1486;30;34;66.837;70.410
1486;34;30;66.837;72.870
1487;30;34;70.140;77.310
1487;34;30;70.140;79.770
1488;30;34;65.516;82.880
1488;34;30;65.516;85.340
1489;30;35;46.253;64.410
1489;35;30;46.253;67.400
1490;30;35;46.534;77.010
1490;35;30;46.534;80.000
1491;30;36;59.514;69.910
1491;36;30;59.514;73.280
1492;30;36;58.111;78.190
1492;36;30;58.111;81.560
1493;30;36;58.197;85.260
1493;36;30;58.197;88.630
1494;30;37;85.197;63.290
1494;37;30;85.197;67.060
1495;30;37;79.688;66.530
1495;37;30;79.688;70.300
1496;30;38;59.427;80.490
1496;38;30;59.427;84.550
1497;30;38;59.045;64.720
1497;38;30;59.045;68.780
1498;30;39;18.686;11.900
1498;39;30;63.686;76.930
1499;30;39;15.578;4.380
1499;39;30;60.578;69.410
1500;31;32;60.322;84.130
1500;32;31;60.322;84.280
1501;31;32;59.635;68.360
1501;32;31;59.635;68.510
1502;31;32;60.191;74.460
1502;32;31;60.191;74.610
1503;31;33;50.126;63.680
1503;33;31;50.126;64.970
1504;31;33;50.076;86.150
1504;33;31;50.076;87.440
1505;31;33;50.578;87.450
1505;33;31;50.578;88.740
1506;31;34;55.416;63.030
1506;34;31;55.416;65.150
1507;31;34;55.886;69.160
1507;34;31;55.886;71.280
1508;31;35;55.664;82.540
1508;35;31;55.664;85.190
1509;31;35;53.461;86.420
1509;35;31;53.461;89.070
1510;31;36;59.274;83.480
1510;36;31;59.274;86.510
1511;31;36;62.502;66.280
1511;36;31;62.502;69.310
1512;31;37;79.629;63.000
1512;37;31;79.629;66.430
1513;31;37;74.823;77.080
1513;37;31;74.823;80.510
1514;31;37;72.175;85.330
1514;37;31;72.175;88.760
1515;31;38;70.351;72.310
1515;38;31;70.351;76.030
1516;31;39;20.827;23.960
1516;39;31;65.827;88.650
1517;32;33;60.850;77.960
1517;33;32;60.850;79.100
1518;32;33;56.905;65.880
1518;33;32;56.905;67.020
1519;32;33;58.259;78.730
1519;33;32;58.259;79.870
1520;32;34;59.692;74.170
1520;34;32;59.692;76.140
1521;32;34;57.027;79.490
1521;34;32;57.027;81.460
1522;32;34;57.582;71.720
1522;34;32;57.582;73.690
1523;32;35;63.593;71.350
1523;35;32;63.593;73.850
1524;32;36;73.942;78.300
1524;36;32;73.942;81.180
1525;32;36;76.988;69.090
1525;36;32;76.988;71.970
1526;32;36;79.342;83.680
1526;36;32;79.342;86.560
1527;32;37;94.387;73.840
1527;37;32;94.387;77.120
1528;32;37;91.920;64.890
1528;37;32;91.920;68.170
1529;32;38;78.169;74.010
1529;38;32;78.169;77.580
1530;32;38;83.711;69.710
1530;38;32;83.711;73.280
1531;32;38;84.908;70.680
1531;38;32;84.908;74.250
1532;32;39;35.108;16.550
1532;39;32;80.108;81.090
1533;33;34;60.161;65.740
1533;34;33;60.161;66.570
1534;33;34;58.725;63.030
1534;34;33;58.725;63.860
1535;33;35;50.552;85.930
1535;35;33;50.552;87.290
1536;33;35;50.461;69.090
1536;35;33;50.461;70.450
1537;33;35;49.579;76.330
1537;35;33;49.579;77.690
1538;33;36;58.365;63.970
1538;36;33;58.365;65.710
1539;33;36;60.893;73.230
1539;36;33;60.893;74.970
1540;33;37;81.879;85.050
1540;37;33;81.879;87.190
1541;33;38;65.617;76.110
1541;38;33;65.617;78.540
1542;33;38;67.991;73.270
1542;38;33;67.991;75.700
1543;33;39;19.290;11.520
1543;39;33;64.290;74.920
1544;34;35;65.620;82.320
1544;35;34;65.620;82.850
1545;34;35;62.906;80.630
1545;35;34;62.906;81.160
1546;34;36;68.066;62.000
1546;36;34;68.066;62.910
1547;34;36;63.857;79.920
1547;36;34;63.857;80.830
1548;34;36;68.198;82.780
1548;36;34;68.198;83.690
1549;34;37;81.992;78.660
1549;37;34;81.992;79.970
1550;34;37;89.517;62.500
1550;37;34;89.517;63.810
1551;34;37;82.050;64.150
1551;37;34;82.050;65.460
1552;34;38;80.714;81.660
1552;38;34;80.714;83.260
1553;34;38;71.897;62.280
1553;38;34;71.897;63.880
1554;34;38;73.813;63.530
1554;38;34;73.813;65.130
1555;34;39;29.690;19.900
1555;39;34;74.690;82.470
1556;34;39;28.024;11.330
1556;39;34;73.024;73.900
1557;35;36;58.977;68.270
1557;36;35;58.977;68.650
1558;35;36;60.352;82.030
1558;36;35;60.352;82.410
1559;35;37;84.442;76.180
1559;37;35;84.442;76.960
1560;35;37;87.413;71.680
1560;37;35;87.413;72.460
1561;35;38;60.483;64.000
1561;38;35;60.483;65.070
1562;35;39;18.520;20.930
1562;39;35;63.520;82.970
1563;35;39;21.083;8.680
1563;39;35;66.083;70.720
1564;35;39;16.505;22.300
1564;39;35;61.505;84.340
1565;36;37;71.038;72.060
1565;37;36;71.038;72.460
1566;36;38;64.327;70.910
1566;38;36;64.327;71.600
1567;36;38;68.924;78.450
1567;38;36;68.924;79.140
1568;36;38;64.401;80.740
1568;38;36;64.401;81.430
1569;36;39;6.651;6.870
1569;39;36;51.651;68.530
1570;36;39;7.868;24.160
1570;39;36;52.868;85.820
1571;37;38;88.638;83.130
1571;38;37;88.638;83.420
1572;37;38;80.464;74.160
1572;38;37;80.464;74.450
1573;37;39;25.336;15.220
1573;39;37;70.336;76.480
1574;37;39;26.285;5.830
1574;39;37;71.285;67.090
1575;37;39;20.926;20.200
1575;39;37;65.926;81.460
1576;38;39;18.315;7.560
1576;39;38;63.315;68.530
1577;38;39;13.899;16.170
1577;39;38;58.899;77.140
1578;38;39;21.553;11.280
1578;39;38;66.553;72.250
