40
240.0
0;0;1;78.232;104.930
0;1;0;33.232;4.930
1;0;1;86.154;123.430
1;1;0;41.154;23.430
2;0;2;103.284;96.590
2;2;0;58.284;3.630
3;0;3;69.972;94.560
3;3;0;24.972;3.820
4;0;3;64.404;97.020
4;3;0;19.404;6.280
5;0;4;71.736;112.760
5;4;0;26.736;22.480
6;0;5;53.671;101.010
6;5;0;8.671;11.650
7;0;5;52.855;103.390
7;5;0;7.855;14.030
8;0;5;55.484;108.490
8;5;0;10.484;19.130
9;0;6;94.508;92.410
9;6;0;49.508;6.540
10;0;6;93.012;90.660
10;6;0;48.012;4.790
11;0;6;103.920;86.050
11;6;0;58.920;0.180
12;0;7;71.770;106.800
12;7;0;26.770;21.340
13;0;7;76.164;103.490
13;7;0;31.164;18.030
14;0;8;71.416;105.480
14;8;0;26.416;21.680
15;0;8;69.438;103.790
15;8;0;24.438;19.990
16;0;9;141.367;103.320
16;9;0;96.367;22.620
17;0;9;126.108;84.700
17;9;0;81.108;4.000
18;0;10;74.975;81.780
18;10;0;29.975;8.090
19;0;10;77.138;84.490
19;10;0;32.138;10.800
20;0;11;55.043;90.020
20;11;0;10.043;17.050
21;0;11;53.922;87.390
21;11;0;8.922;14.420
22;0;12;58.217;72.900
22;12;0;13.217;1.170
23;0;12;58.624;82.900
23;12;0;13.624;11.170
24;0;13;67.308;73.060
24;13;0;22.308;1.610
25;0;13;68.952;88.620
25;13;0;23.952;17.170
26;0;14;87.745;81.820
26;14;0;42.745;10.720
27;0;15;75.107;72.060
27;15;0;30.107;1.460
28;0;15;77.754;89.350
28;15;0;32.754;18.750
29;0;15;76.662;74.410
29;15;0;31.662;3.810
30;0;16;61.208;69.840
30;16;0;16.208;1.530
31;0;17;86.795;68.610
31;17;0;41.795;0.860
32;0;18;68.796;80.920
32;18;0;23.796;16.710
33;0;18;71.524;64.870
33;18;0;26.524;0.660
34;0;19;58.885;64.240
34;19;0;13.885;0.720
35;0;19;56.146;73.890
35;19;0;11.146;10.370
36;0;19;55.861;76.070
36;19;0;10.861;12.550
37;0;20;59.497;77.080
37;20;0;14.497;15.970
38;0;21;76.884;67.710
38;21;0;31.884;7.050
39;0;22;94.491;78.720
39;22;0;49.491;19.940
40;0;22;105.866;74.130
40;22;0;60.866;15.350
41;0;23;67.688;62.780
41;23;0;22.688;4.760
42;0;24;80.108;61.880
42;24;0;35.108;5.430
43;0;24;82.752;72.630
43;24;0;37.752;16.180
44;0;25;67.496;55.840
44;25;0;22.496;1.630
45;0;25;62.100;63.400
45;25;0;17.100;9.190
46;0;25;69.759;73.000
46;25;0;24.759;18.790
47;0;26;63.196;67.280
47;26;0;18.196;13.930
48;0;27;71.179;73.610
48;27;0;26.179;21.040
49;0;28;124.572;67.210
49;28;0;79.572;14.880
50;0;28;140.095;60.460
50;28;0;95.095;8.130
51;0;29;63.686;73.580
51;29;0;18.686;22.700
52;0;29;62.437;71.400
52;29;0;17.437;20.520
53;0;30;90.309;56.940
53;30;0;45.309;6.720
54;0;30;92.995;69.940
54;30;0;47.995;19.720
55;0;30;93.507;73.940
55;30;0;48.507;23.720
56;0;31;77.509;73.000
56;31;0;32.509;23.480
57;0;31;77.789;63.420
57;31;0;32.789;13.900
58;0;31;85.125;64.760
58;31;0;40.125;15.240
59;0;32;78.984;50.350
59;32;0;33.984;0.890
60;0;32;79.046;62.110
60;32;0;34.046;12.650
61;0;32;84.176;63.130
61;32;0;39.176;13.670
62;0;33;138.673;60.440
62;33;0;93.673;11.170
63;0;33;155.088;73.990
63;33;0;110.088;24.720
64;0;34;119.442;59.390
64;34;0;74.442;10.350
65;0;34;120.453;53.910
65;34;0;75.453;4.870
66;0;34;131.229;50.080
66;34;0;86.229;1.040
67;0;35;67.391;69.250
67;35;0;22.391;20.520
68;0;36;126.991;69.170
68;36;0;81.991;21.100
69;0;37;64.040;65.030
69;37;0;19.040;16.960
70;0;37;61.977;56.680
70;37;0;16.977;8.610
71;0;37;59.930;69.380
71;37;0;14.930;21.310
72;0;38;62.194;61.210
72;38;0;17.194;14.160
73;0;38;66.064;68.260
73;38;0;21.064;21.210
74;0;39;0.000;0.590
74;39;0;0.000;0.590
75;0;39;0.000;21.630
75;39;0;0.000;21.630
76;1;2;70.157;93.120
76;2;1;70.157;100.160
77;1;2;69.228;113.690
77;2;1;69.228;120.730
78;1;3;55.870;112.660
78;3;1;55.870;121.920
79;1;3;53.237;107.840
79;3;1;53.237;117.100
80;1;3;57.186;91.260
80;3;1;57.186;100.520
81;1;4;54.199;103.430
81;4;1;54.199;113.150
82;1;4;54.576;96.590
82;4;1;54.576;106.310
83;1;4;56.168;108.660
83;4;1;56.168;118.380
84;1;5;76.950;102.540
84;5;1;76.950;113.180
85;1;5;77.272;92.940
85;5;1;77.272;103.580
86;1;6;69.021;102.130
86;6;1;69.021;116.260
87;1;7;51.816;99.570
87;7;1;51.816;114.110
88;1;7;51.732;87.440
88;7;1;51.732;101.980
89;1;7;50.136;108.960
89;7;1;50.136;123.500
90;1;8;52.399;107.210
90;8;1;52.399;123.410
91;1;9;121.063;94.410
91;9;1;121.063;113.710
92;1;9;129.715;99.200
92;9;1;129.715;118.500
93;1;9;124.773;98.600
93;9;1;124.773;117.900
94;1;10;51.249;86.380
94;10;1;51.249;112.690
95;1;10;52.755;83.760
95;10;1;52.755;110.070
96;1;11;80.128;80.330
96;11;1;80.128;107.360
97;1;12;65.207;88.090
97;12;1;65.207;116.360
98;1;12;62.170;83.170
98;12;1;62.170;111.440
99;1;13;71.367;94.760
99;13;1;71.367;123.310
100;1;14;60.318;75.330
100;14;1;60.318;104.230
101;1;14;63.603;75.250
101;14;1;63.603;104.150
102;1;15;49.830;77.730
102;15;1;49.830;107.130
103;1;15;50.019;94.410
103;15;1;50.019;123.810
104;1;15;48.730;88.090
104;15;1;48.730;117.490
105;1;16;66.534;79.440
105;16;1;66.534;111.130
106;1;16;69.455;86.820
106;16;1;69.455;118.510
107;1;16;61.459;79.650
107;16;1;61.459;111.340
108;1;17;56.583;67.850
108;17;1;56.583;100.100
109;1;17;57.115;70.190
109;17;1;57.115;102.440
110;1;18;90.169;79.780
110;18;1;90.169;115.570
111;1;18;94.127;75.530
111;18;1;94.127;111.320
112;1;19;67.228;80.560
112;19;1;67.228;117.040
113;1;19;67.141;73.620
113;19;1;67.141;110.100
114;1;19;70.039;80.680
114;19;1;70.039;117.160
115;1;20;70.648;68.960
115;20;1;70.648;107.850
116;1;20;75.156;78.890
116;20;1;75.156;117.780
117;1;21;76.901;69.930
117;21;1;76.901;109.270
118;1;22;65.896;66.980
118;22;1;65.896;108.200
119;1;23;80.092;80.930
119;23;1;80.092;122.910
120;1;24;59.211;65.270
120;24;1;59.211;108.820
121;1;24;61.387;74.480
121;24;1;61.387;118.030
122;1;24;56.165;58.450
122;24;1;56.165;102.000
123;1;25;70.556;64.540
123;25;1;70.556;110.330
124;1;26;67.745;62.680
124;26;1;67.745;109.330
125;1;26;67.979;55.890
125;26;1;67.979;102.540
126;1;26;69.418;65.390
126;26;1;69.418;112.040
127;1;27;52.818;52.720
127;27;1;52.818;100.150
128;1;28;113.043;70.050
128;28;1;113.043;117.720
129;1;28;103.177;71.420
129;28;1;103.177;119.090
130;1;28;121.337;56.220
130;28;1;121.337;103.890
131;1;29;69.494;64.860
131;29;1;69.494;113.980
132;1;30;87.271;54.400
132;30;1;87.271;104.180
133;1;30;97.437;72.050
133;30;1;97.437;121.830
134;1;31;74.210;50.020
134;31;1;74.210;100.500
135;1;31;69.962;61.180
135;31;1;69.962;111.660
136;1;32;51.851;60.120
136;32;1;51.851;110.660
137;1;33;106.618;64.280
137;33;1;106.618;115.010
138;1;33;119.677;70.130
138;33;1;119.677;120.860
139;1;33;111.654;63.730
139;33;1;111.654;114.460
140;1;34;111.540;67.360
140;34;1;111.540;118.320
141;1;34;98.922;67.300
141;34;1;98.922;118.260
142;1;35;71.738;72.210
142;35;1;71.738;123.480
143;1;35;78.128;63.640
143;35;1;78.128;114.910
144;1;35;75.174;73.350
144;35;1;75.174;124.620
145;1;36;94.535;67.380
145;36;1;94.535;119.310
146;1;36;99.559;68.330
146;36;1;99.559;120.260
147;1;36;104.583;65.850
147;36;1;104.583;117.780
148;1;37;76.806;64.690
148;37;1;76.806;116.620
149;1;37;81.368;64.320
149;37;1;81.368;116.250
150;1;38;70.659;62.480
150;38;1;70.659;115.430
151;1;38;73.590;68.900
151;38;1;73.590;121.850
152;1;39;33.232;24.130
152;39;1;78.232;124.130
153;2;3;79.121;103.460
153;3;2;79.121;105.680
154;2;4;77.227;97.850
154;4;2;77.227;100.530
155;2;4;83.163;111.320
155;4;2;83.163;114.000
156;2;5;101.963;97.030
156;5;2;101.963;100.630
157;2;5;88.512;112.910
157;5;2;88.512;116.510
158;2;5;110.395;107.580
158;5;2;110.395;111.180
159;2;6;67.443;92.770
159;6;2;67.443;99.860
160;2;6;64.411;102.180
160;6;2;64.411;109.270
161;2;6;66.026;108.140
161;6;2;66.026;115.230
162;2;7;76.525;98.910
162;7;2;76.525;106.410
163;2;7;82.536;86.610
163;7;2;82.536;94.110
164;2;8;76.918;96.460
164;8;2;76.918;105.620
165;2;9;115.880;95.870
165;9;2;115.880;108.130
166;2;9;103.930;85.080
166;9;2;103.930;97.340
167;2;9;117.853;94.130
167;9;2;117.853;106.390
168;2;10;73.729;80.460
168;10;2;73.729;99.730
169;2;11;105.077;89.500
169;11;2;105.077;109.490
170;2;11;102.249;93.240
170;11;2;102.249;113.230
171;2;12;90.358;90.440
171;12;2;90.358;111.670
172;2;12;95.664;72.510
172;12;2;95.664;93.740
173;2;12;98.095;84.450
173;12;2;98.095;105.680
174;2;13;94.129;93.210
174;13;2;94.129;114.720
175;2;13;96.354;84.090
175;13;2;96.354;105.600
176;2;14;65.472;79.930
176;14;2;65.472;101.790
177;2;15;74.047;71.410
177;15;2;74.047;93.770
178;2;15;75.843;89.910
178;15;2;75.843;112.270
179;2;15;71.030;83.680
179;15;2;71.030;106.040
180;2;16;91.165;79.580
180;16;2;91.165;104.230
181;2;16;100.747;81.850
181;16;2;100.747;106.500
182;2;17;63.228;78.250
182;17;2;63.228;103.460
183;2;18;111.860;86.930
183;18;2;111.860;115.680
184;2;18;98.258;85.280
184;18;2;98.258;114.030
185;2;18;113.102;83.240
185;18;2;113.102;111.990
186;2;19;92.169;85.040
186;19;2;92.169;114.480
187;2;20;95.214;85.440
187;20;2;95.214;117.290
188;2;21;96.445;72.000
188;21;2;96.445;104.300
189;2;21;94.216;65.780
189;21;2;94.216;98.080
190;2;22;66.975;77.990
190;22;2;66.975;112.170
191;2;23;103.017;60.780
191;23;2;103.017;95.720
192;2;24;76.245;71.560
192;24;2;76.245;108.070
193;2;24;73.564;66.000
193;24;2;73.564;102.510
194;2;25;93.284;61.660
194;25;2;93.284;100.410
195;2;25;81.596;67.590
195;25;2;81.596;106.340
196;2;25;105.244;67.410
196;25;2;105.244;106.160
197;2;26;91.819;57.360
197;26;2;91.819;96.970
198;2;27;77.198;68.950
198;27;2;77.198;109.340
199;2;28;117.272;61.390
199;28;2;117.272;102.020
200;2;28;123.203;73.990
200;28;2;123.203;114.620
201;2;29;93.307;52.780
201;29;2;93.307;94.860
202;2;29;98.456;60.740
202;29;2;98.456;102.820
203;2;29;93.921;60.170
203;29;2;93.921;102.250
204;2;30;102.399;69.170
204;30;2;102.399;111.910
205;2;30;94.397;59.080
205;30;2;94.397;101.820
206;2;30;110.461;64.380
206;30;2;110.461;107.120
207;2;31;93.168;62.590
207;31;2;93.168;106.030
208;2;32;70.210;60.830
208;32;2;70.210;104.330
209;2;33;82.380;62.050
209;33;2;82.380;105.740
210;2;33;76.970;56.410
210;33;2;76.970;100.100
211;2;33;76.212;51.270
211;33;2;76.212;94.960
212;2;34;118.873;67.920
212;34;2;118.873;111.840
213;2;35;94.469;67.860
213;35;2;94.469;112.090
214;2;35;95.811;63.860
214;35;2;95.811;108.090
215;2;35;95.466;65.150
215;35;2;95.466;109.380
216;2;36;70.010;71.900
216;36;2;70.010;116.790
217;2;37;100.408;56.400
217;37;2;100.408;101.290
218;2;37;95.266;57.220
218;37;2;95.266;102.110
219;2;37;103.796;63.160
219;37;2;103.796;108.050
220;2;38;94.732;59.320
220;38;2;94.732;105.230
221;2;38;89.324;59.220
221;38;2;89.324;105.130
222;2;38;99.123;66.020
222;38;2;99.123;111.930
223;2;39;58.284;3.310
223;39;2;103.284;96.270
224;3;4;46.897;98.910
224;4;3;46.897;99.370
225;3;5;71.162;97.650
225;5;3;71.162;99.030
226;3;5;70.757;99.460
226;5;3;70.757;100.840
227;3;6;70.455;103.440
227;6;3;70.455;108.310
228;3;6;76.140;88.420
228;6;3;76.140;93.290
229;3;6;71.481;95.690
229;6;3;71.481;100.560
230;3;7;49.821;89.120
230;7;3;49.821;94.400
231;3;7;49.353;92.850
231;7;3;49.353;98.130
232;3;7;50.383;104.970
232;7;3;50.383;110.250
233;3;8;49.080;89.410
233;8;3;49.080;96.350
234;3;9;130.837;90.580
234;9;3;130.837;100.620
235;3;10;50.426;75.470
235;10;3;50.426;92.520
236;3;10;51.663;93.030
236;10;3;51.663;110.080
237;3;11;74.452;85.900
237;11;3;74.452;103.670
238;3;12;58.601;78.730
238;12;3;58.601;97.740
239;3;12;55.353;81.400
239;12;3;55.353;100.410
240;3;13;70.980;73.700
240;13;3;70.980;92.990
241;3;13;75.061;86.600
241;13;3;75.061;105.890
242;3;13;70.775;81.910
242;13;3;70.775;101.200
243;3;14;62.936;87.930
243;14;3;62.936;107.570
244;3;14;61.708;83.730
244;14;3;61.708;103.370
245;3;14;65.741;85.740
245;14;3;65.741;105.380
246;3;15;56.138;76.750
246;15;3;56.138;96.890
247;3;15;57.728;84.120
247;15;3;57.728;104.260
248;3;15;54.640;71.330
248;15;3;54.640;91.470
249;3;16;63.311;71.400
249;16;3;63.311;93.830
250;3;16;66.651;85.880
250;16;3;66.651;108.310
251;3;16;60.021;85.910
251;16;3;60.021;108.340
252;3;17;61.863;90.010
252;17;3;61.863;113.000
253;3;17;59.632;71.040
253;17;3;59.632;94.030
254;3;17;65.506;72.150
254;17;3;65.506;95.140
255;3;18;79.321;82.120
255;18;3;79.321;108.650
256;3;19;62.728;81.490
256;19;3;62.728;108.710
257;3;19;58.843;87.060
257;19;3;58.843;114.280
258;3;20;67.003;81.750
258;20;3;67.003;111.380
259;3;21;79.163;69.110
259;21;3;79.163;99.190
260;3;22;76.517;69.680
260;22;3;76.517;101.640
261;3;22;81.297;65.850
261;22;3;81.297;97.810
262;3;23;78.502;78.810
262;23;3;78.502;111.530
263;3;24;66.734;72.400
263;24;3;66.734;106.690
264;3;24;67.515;68.100
264;24;3;67.515;102.390
265;3;25;70.339;64.400
265;25;3;70.339;100.930
266;3;25;73.041;77.540
266;25;3;73.041;114.070
267;3;26;65.726;75.910
267;26;3;65.726;113.300
268;3;26;66.394;55.740
268;26;3;66.394;93.130
269;3;26;67.020;63.510
269;26;3;67.020;100.900
270;3;27;48.570;56.600
270;27;3;48.570;94.770
271;3;28;120.698;55.010
271;28;3;120.698;93.420
272;3;28;104.676;74.570
272;28;3;104.676;112.980
273;3;29;67.709;53.500
273;29;3;67.709;93.360
274;3;30;91.565;70.650
274;30;3;91.565;111.170
275;3;30;94.659;54.140
275;30;3;94.659;94.660
276;3;30;82.320;61.800
276;30;3;82.320;102.320
277;3;31;77.276;56.000
277;31;3;77.276;97.220
278;3;31;81.868;63.480
278;31;3;81.868;104.700
279;3;32;54.098;68.660
279;32;3;54.098;109.940
280;3;33;113.717;65.190
280;33;3;113.717;106.660
281;3;34;118.195;59.110
281;34;3;118.195;100.810
282;3;34;119.819;70.980
282;34;3;119.819;112.680
283;3;35;71.341;52.970
283;35;3;71.341;94.980
284;3;36;102.129;53.720
284;36;3;102.129;96.390
285;3;36;107.124;59.180
285;36;3;107.124;101.850
286;3;36;100.817;50.110
286;36;3;100.817;92.780
287;3;37;74.502;70.190
287;37;3;74.502;112.860
288;3;37;68.493;65.600
288;37;3;68.493;108.270
289;3;38;68.190;70.060
289;38;3;68.190;113.750
290;3;39;24.972;19.780
290;39;3;69.972;110.520
291;4;5;72.607;89.750
291;5;4;72.607;90.670
292;4;5;68.011;105.130
292;5;4;68.011;106.050
293;4;5;73.275;101.900
293;5;4;73.275;102.820
294;4;6;69.134;105.260
294;6;4;69.134;109.670
295;4;6;68.679;89.730
295;6;4;68.679;94.140
296;4;6;68.284;108.620
296;6;4;68.284;113.030
297;4;7;48.909;94.620
297;7;4;48.909;99.440
298;4;8;48.248;88.450
298;8;4;48.248;94.930
299;4;9;129.631;104.370
299;9;4;129.631;113.950
300;4;9;131.344;103.580
300;9;4;131.344;113.160
301;4;9;134.093;85.070
301;9;4;134.093;94.650
302;4;10;48.532;98.310
302;10;4;48.532;114.900
303;4;10;49.139;93.570
303;10;4;49.139;110.160
304;4;10;48.157;77.290
304;10;4;48.157;93.880
305;4;11;75.900;81.360
305;11;4;75.900;98.670
306;4;12;60.035;89.200
306;12;4;60.035;107.750
307;4;12;61.476;74.790
307;12;4;61.476;93.340
308;4;12;60.595;93.060
308;12;4;60.595;111.610
309;4;13;71.558;87.690
309;13;4;71.558;106.520
310;4;13;77.163;79.540
310;13;4;77.163;98.370
311;4;13;75.941;81.440
311;13;4;75.941;100.270
312;4;14;61.368;81.490
312;14;4;61.368;100.670
313;4;15;55.054;89.070
313;15;4;55.054;108.750
314;4;15;55.253;85.170
314;15;4;55.253;104.850
315;4;15;55.961;79.710
315;15;4;55.961;99.390
316;4;16;64.252;85.630
316;16;4;64.252;107.600
317;4;16;61.789;90.260
317;16;4;61.789;112.230
318;4;17;60.062;85.060
318;17;4;60.062;107.590
319;4;17;60.029;69.550
319;17;4;60.029;92.080
320;4;18;81.092;80.540
320;18;4;81.092;106.610
321;4;18;87.756;82.710
321;18;4;87.756;108.780
322;4;19;63.879;76.870
322;19;4;63.879;103.630
323;4;20;68.075;73.120
323;20;4;68.075;102.290
324;4;20;66.900;66.250
324;20;4;66.900;95.420
325;4;20;68.338;63.390
325;20;4;68.338;92.560
326;4;21;79.368;67.750
326;21;4;79.368;97.370
327;4;21;82.387;78.380
327;21;4;82.387;108.000
328;4;21;71.835;74.830
328;21;4;71.835;104.450
329;4;22;74.997;60.760
329;22;4;74.997;92.260
330;4;23;79.348;70.010
330;23;4;79.348;102.270
331;4;23;80.584;68.610
331;23;4;80.584;100.870
332;4;23;87.518;82.060
332;23;4;87.518;114.320
333;4;24;65.863;71.850
333;24;4;65.863;105.680
334;4;24;64.759;61.730
334;24;4;64.759;95.560
335;4;24;61.372;65.850
335;24;4;61.372;99.680
336;4;25;70.880;65.310
336;25;4;70.880;101.380
337;4;26;66.505;53.450
337;26;4;66.505;90.380
338;4;27;47.820;59.440
338;27;4;47.820;97.150
339;4;27;47.979;53.470
339;27;4;47.979;91.180
340;4;27;47.437;75.880
340;27;4;47.437;113.590
341;4;28;120.007;55.340
341;28;4;120.007;93.290
342;4;28;116.468;76.640
342;28;4;116.468;114.590
343;4;29;68.479;60.430
343;29;4;68.479;99.830
344;4;29;64.145;58.760
344;29;4;64.145;98.160
345;4;30;91.477;67.000
345;30;4;91.477;107.060
346;4;31;77.326;65.280
346;31;4;77.326;106.040
347;4;31;78.648;68.270
347;31;4;78.648;109.030
348;4;31;78.818;52.580
348;31;4;78.818;93.340
349;4;32;52.263;72.540
349;32;4;52.263;113.360
350;4;33;111.937;57.570
350;33;4;111.937;98.580
351;4;33;110.033;54.300
351;33;4;110.033;95.310
352;4;34;117.712;51.920
352;34;4;117.712;93.160
353;4;35;71.925;70.530
353;35;4;71.925;112.080
354;4;36;100.307;48.860
354;36;4;100.307;91.070
355;4;36;100.001;64.220
355;36;4;100.001;106.430
356;4;37;75.433;72.850
356;37;4;75.433;115.060
357;4;37;70.220;66.850
357;37;4;70.220;109.060
358;4;37;75.538;65.390
358;37;4;75.538;107.600
359;4;38;69.083;66.480
359;38;4;69.083;109.710
360;4;38;66.040;57.710
360;38;4;66.040;100.940
361;4;38;69.101;57.220
361;38;4;69.101;100.450
362;4;39;26.736;22.910
362;39;4;71.736;113.190
363;4;39;33.009;9.720
363;39;4;78.009;100.000
364;4;39;23.765;10.190
364;39;4;68.765;100.470
365;5;6;96.604;110.120
365;6;5;96.604;113.610
366;5;7;71.395;97.410
366;7;5;71.395;101.310
367;5;7;73.537;90.840
367;7;5;73.537;94.740
368;5;7;75.176;87.680
368;7;5;75.176;91.580
369;5;8;71.270;100.190
369;8;5;71.270;105.750
370;5;9;133.962;94.440
370;9;5;133.962;103.100
371;5;9;137.941;87.450
371;9;5;137.941;96.110
372;5;9;115.168;100.230
372;9;5;115.168;108.890
373;5;10;75.277;93.910
373;10;5;75.277;109.580
374;5;10;69.985;84.990
374;10;5;69.985;100.660
375;5;11;48.293;75.380
375;11;5;48.293;91.770
376;5;12;57.574;86.070
376;12;5;57.574;103.700
377;5;12;58.783;82.100
377;12;5;58.783;99.730
378;5;13;59.610;80.810
378;13;5;59.610;98.720
379;5;14;88.961;81.030
379;14;5;88.961;99.290
380;5;14;99.929;74.000
380;14;5;99.929;92.260
381;5;15;72.936;93.970
381;15;5;72.936;112.730
382;5;16;56.214;77.040
382;16;5;56.214;98.090
383;5;16;55.100;76.950
383;16;5;55.100;98.000
384;5;17;87.092;81.530
384;17;5;87.092;103.140
385;5;17;95.593;68.200
385;17;5;95.593;89.810
386;5;18;77.461;73.760
386;18;5;77.461;98.910
387;5;19;54.808;72.220
387;19;5;54.808;98.060
388;5;19;56.492;70.240
388;19;5;56.492;96.080
389;5;19;55.159;64.990
389;19;5;55.159;90.830
390;5;20;52.829;67.200
390;20;5;52.829;95.450
391;5;21;68.636;65.060
391;21;5;68.636;93.760
392;5;21;67.591;79.720
392;21;5;67.591;108.420
393;5;21;67.652;74.280
393;21;5;67.652;102.980
394;5;22;90.133;60.330
394;22;5;90.133;90.910
395;5;23;59.020;67.620
395;23;5;59.020;98.960
396;5;23;58.473;70.020
396;23;5;58.473;101.360
397;5;23;59.233;67.090
397;23;5;59.233;98.430
398;5;24;75.300;70.140
398;24;5;75.300;103.050
399;5;24;81.808;78.090
399;24;5;81.808;111.000
400;5;25;59.979;67.180
400;25;5;59.979;102.330
401;5;25;63.640;56.440
401;25;5;63.640;91.590
402;5;25;62.389;63.230
402;25;5;62.389;98.380
403;5;26;56.952;67.250
403;26;5;56.952;103.260
404;5;27;71.193;74.240
404;27;5;71.193;111.030
405;5;28;116.280;54.980
405;28;5;116.280;92.010
406;5;28;127.275;61.300
406;28;5;127.275;98.330
407;5;28;111.354;72.890
407;28;5;111.354;109.920
408;5;29;56.693;52.270
408;29;5;56.693;90.750
409;5;29;58.858;70.670
409;29;5;58.858;109.150
410;5;29;56.721;51.800
410;29;5;56.721;90.280
411;5;30;81.838;63.060
411;30;5;81.838;102.200
412;5;31;69.630;67.780
412;31;5;69.630;107.620
413;5;31;68.290;53.980
413;31;5;68.290;93.820
414;5;32;79.428;68.540
414;32;5;79.428;108.440
415;5;33;138.521;68.100
415;33;5;138.521;108.190
416;5;33;142.462;64.940
416;33;5;142.462;105.030
417;5;33;155.334;72.030
417;33;5;155.334;112.120
418;5;34;110.940;49.740
418;34;5;110.940;90.060
419;5;34;115.013;70.800
419;34;5;115.013;111.120
420;5;34;103.234;59.710
420;34;5;103.234;100.030
421;5;35;59.611;69.400
421;35;5;59.611;110.030
422;5;35;61.483;51.560
422;35;5;61.483;92.190
423;5;36;126.482;60.050
423;36;5;126.482;101.340
424;5;36;115.703;63.340
424;36;5;115.703;104.630
425;5;36;125.494;71.710
425;36;5;125.494;113.000
426;5;37;55.432;64.380
426;37;5;55.432;105.670
427;5;37;55.142;53.980
427;37;5;55.142;95.270
428;5;38;54.971;52.150
428;38;5;54.971;94.460
429;5;38;54.917;48.560
429;38;5;54.917;90.870
430;5;38;56.471;67.000
430;38;5;56.471;109.310
431;5;39;8.671;13.490
431;39;5;53.671;102.850
432;6;7;71.323;102.710
432;7;6;71.323;103.120
433;6;7;70.202;91.890
433;7;6;70.202;92.300
434;6;8;71.164;93.330
434;8;6;71.164;95.400
435;6;8;72.306;96.990
435;8;6;72.306;99.060
436;6;8;74.927;104.750
436;8;6;74.927;106.820
437;6;9;136.357;98.870
437;9;6;136.357;104.040
438;6;10;67.112;80.110
438;10;6;67.112;92.290
439;6;10;71.370;87.090
439;10;6;71.370;99.270
440;6;10;65.396;81.220
440;10;6;65.396;93.400
441;6;11;99.891;82.270
441;11;6;99.891;95.170
442;6;12;84.055;71.900
442;12;6;84.055;86.040
443;6;12;78.794;81.660
443;12;6;78.794;95.800
444;6;12;90.134;73.860
444;12;6;90.134;88.000
445;6;13;94.686;75.600
445;13;6;94.686;90.020
446;6;13;93.539;90.450
446;13;6;93.539;104.870
447;6;13;88.887;81.440
447;13;6;88.887;95.860
448;6;14;53.703;75.930
448;14;6;53.703;90.700
449;6;15;73.717;86.410
449;15;6;73.717;101.680
450;6;16;88.212;89.260
450;16;6;88.212;106.820
451;6;17;57.957;69.380
451;17;6;57.957;87.500
452;6;18;95.417;89.080
452;18;6;95.417;110.740
453;6;18;86.407;67.340
453;18;6;86.407;89.000
454;6;18;100.451;79.580
454;18;6;100.451;101.240
455;6;19;87.999;70.440
455;19;6;87.999;92.790
456;6;20;92.140;83.170
456;20;6;92.140;107.930
457;6;20;84.942;67.660
457;20;6;84.942;92.420
458;6;20;99.270;67.210
458;20;6;99.270;91.970
459;6;21;100.908;62.820
459;21;6;100.908;88.030
460;6;22;81.911;67.170
460;22;6;81.911;94.260
461;6;22;88.979;65.310
461;22;6;88.979;92.400
462;6;22;77.458;75.000
462;22;6;77.458;102.090
463;6;23;103.016;66.390
463;23;6;103.016;94.240
464;6;24;82.429;59.620
464;24;6;82.429;89.040
465;6;24;88.178;69.250
465;24;6;88.178;98.670
466;6;25;93.924;60.440
466;25;6;93.924;92.100
467;6;26;90.195;69.590
467;26;6;90.195;102.110
468;6;26;99.328;72.690
468;26;6;99.328;105.210
469;6;26;92.706;66.720
469;26;6;92.706;99.240
470;6;27;71.070;65.300
470;27;6;71.070;98.600
471;6;27;66.343;65.880
471;27;6;66.343;99.180
472;6;28;133.529;73.680
472;28;6;133.529;107.220
473;6;28;131.497;73.020
473;28;6;131.497;106.560
474;6;28;147.305;65.110
474;28;6;147.305;98.650
475;6;29;92.122;66.910
475;29;6;92.122;101.900
476;6;29;80.877;60.980
476;29;6;80.877;95.970
477;6;30;110.986;62.840
477;30;6;110.986;98.490
478;6;30;108.672;52.390
478;30;6;108.672;88.040
479;6;31;98.228;67.960
479;31;6;98.228;104.310
480;6;31;111.480;63.330
480;31;6;111.480;99.680
481;6;31;100.334;51.290
481;31;6;100.334;87.640
482;6;32;63.284;61.900
482;32;6;63.284;98.310
483;6;32;67.324;71.540
483;32;6;67.324;107.950
484;6;33;91.711;51.450
484;33;6;91.711;88.050
485;6;33;88.795;65.990
485;33;6;88.795;102.590
486;6;34;133.328;66.340
486;34;6;133.328;103.170
487;6;35;95.062;73.500
487;35;6;95.062;110.640
488;6;35;100.561;71.350
488;35;6;100.561;108.490
489;6;36;81.779;48.680
489;36;6;81.779;86.480
490;6;36;73.955;72.050
490;36;6;73.955;109.850
491;6;37;99.290;50.000
491;37;6;99.290;87.800
492;6;37;107.180;62.890
492;37;6;107.180;100.690
493;6;38;92.930;57.540
493;38;6;92.930;96.360
494;6;38;89.840;70.280
494;38;6;89.840;109.100
495;6;39;49.508;13.810
495;39;6;94.508;99.680
496;6;39;37.886;15.070
496;39;6;82.886;100.940
497;7;8;45.742;89.120
497;8;7;45.742;90.780
498;7;8;45.770;95.460
498;8;7;45.770;97.120
499;7;8;45.867;106.410
499;8;7;45.867;108.070
500;7;9;126.016;98.790
500;9;7;126.016;103.550
501;7;9;134.840;89.260
501;9;7;134.840;94.020
502;7;9;130.328;91.500
502;9;7;130.328;96.260
503;7;10;49.211;97.030
503;10;7;49.211;108.800
504;7;10;49.613;97.490
504;10;7;49.613;109.260
505;7;10;48.589;75.540
505;10;7;48.589;87.310
506;7;11;74.659;96.540
506;11;7;74.659;109.030
507;7;12;59.092;92.340
507;12;7;59.092;106.070
508;7;13;68.546;75.790
508;13;7;68.546;89.800
509;7;13;72.320;94.970
509;13;7;72.320;108.980
510;7;14;63.021;88.660
510;14;7;63.021;103.020
511;7;14;64.098;75.660
511;14;7;64.098;90.020
512;7;15;51.317;82.330
512;15;7;51.317;97.190
513;7;15;52.691;89.340
513;15;7;52.691;104.200
514;7;15;52.654;70.810
514;15;7;52.654;85.670
515;7;16;61.968;73.450
515;16;7;61.968;90.600
516;7;16;62.046;70.500
516;16;7;62.046;87.650
517;7;17;60.707;71.910
517;17;7;60.707;89.620
518;7;18;83.599;85.950
518;18;7;83.599;107.200
519;7;18;74.768;88.370
519;18;7;74.768;109.620
520;7;19;62.054;64.400
520;19;7;62.054;86.340
521;7;20;65.987;63.080
521;20;7;65.987;87.430
522;7;20;67.713;63.890
522;20;7;67.713;88.240
523;7;21;75.866;69.630
523;21;7;75.866;94.430
524;7;21;81.506;69.080
524;21;7;81.506;93.880
525;7;21;75.150;85.590
525;21;7;75.150;110.390
526;7;22;71.892;67.230
526;22;7;71.892;93.910
527;7;23;76.705;61.950
527;23;7;76.705;89.390
528;7;23;70.500;70.690
528;23;7;70.500;98.130
529;7;24;62.000;58.590
529;24;7;62.000;87.600
530;7;25;67.821;77.160
530;25;7;67.821;108.410
531;7;25;66.509;54.740
531;25;7;66.509;85.990
532;7;25;65.861;55.520
532;25;7;65.861;86.770
533;7;26;63.873;75.580
533;26;7;63.873;107.690
534;7;26;66.542;61.850
534;26;7;66.542;93.960
535;7;27;46.252;73.600
535;27;7;46.252;106.490
536;7;28;116.106;66.120
536;28;7;116.106;99.250
537;7;28;119.677;53.230
537;28;7;119.677;86.360
538;7;29;65.804;56.430
538;29;7;65.804;91.010
539;7;29;62.662;68.090
539;29;7;62.662;102.670
540;7;29;64.638;53.240
540;29;7;64.638;87.820
541;7;30;87.726;64.730
541;30;7;87.726;99.970
542;7;30;88.605;59.080
542;30;7;88.605;94.320
543;7;31;73.693;51.470
543;31;7;73.693;87.410
544;7;31;74.212;56.930
544;31;7;74.212;92.870
545;7;32;53.213;74.450
545;32;7;53.213;110.450
546;7;32;54.377;72.110
546;32;7;54.377;108.110
547;7;33;112.282;59.540
547;33;7;112.282;95.730
548;7;33;112.913;54.680
548;33;7;112.913;90.870
549;7;33;121.473;54.360
549;33;7;121.473;90.550
550;7;34;113.810;55.230
550;34;7;113.810;91.650
551;7;34;118.951;56.380
551;34;7;118.951;92.800
552;7;34;103.211;65.510
552;34;7;103.211;101.930
553;7;35;68.918;50.920
553;35;7;68.918;87.650
554;7;36;100.399;55.220
554;36;7;100.399;92.610
555;7;37;72.973;55.700
555;37;7;72.973;93.090
556;7;37;77.917;60.260
556;37;7;77.917;97.650
557;7;37;72.687;52.280
557;37;7;72.687;89.670
558;7;38;66.618;67.740
558;38;7;66.618;106.150
559;7;38;65.395;52.960
559;38;7;65.395;91.370
560;7;39;26.770;20.320
560;39;7;71.770;105.780
561;7;39;23.461;21.500
561;39;7;68.461;106.960
562;7;39;31.759;8.500
562;39;7;76.759;93.960
563;8;9;126.758;83.260
563;9;8;126.758;86.360
564;8;10;49.095;78.390
564;10;8;49.095;88.500
565;8;11;74.545;73.750
565;11;8;74.545;84.580
566;8;12;58.879;84.750
566;12;8;58.879;96.820
567;8;12;56.206;89.410
567;12;8;56.206;101.480
568;8;12;57.479;86.270
568;12;8;57.479;98.340
569;8;13;68.844;85.380
569;13;8;68.844;97.730
570;8;13;66.824;94.810
570;13;8;66.824;107.160
571;8;14;62.955;73.110
571;14;8;62.955;85.810
572;8;14;65.622;76.580
572;14;8;65.622;89.280
573;8;14;59.008;74.630
573;14;8;59.008;87.330
574;8;15;52.058;95.040
574;15;8;52.058;108.240
575;8;15;50.640;72.050
575;15;8;50.640;85.250
576;8;15;50.372;86.480
576;15;8;50.372;99.680
577;8;16;62.062;72.190
577;16;8;62.062;87.680
578;8;16;63.451;80.100
578;16;8;63.451;95.590
579;8;16;59.957;81.230
579;16;8;59.957;96.720
580;8;17;60.826;86.230
580;17;8;60.826;102.280
581;8;17;57.046;78.020
581;17;8;57.046;94.070
582;8;17;63.442;86.580
582;17;8;63.442;102.630
583;8;18;82.919;75.420
583;18;8;82.919;95.010
584;8;18;88.136;77.910
584;18;8;88.136;97.500
585;8;19;62.040;70.360
585;19;8;62.040;90.640
586;8;19;63.057;79.090
586;19;8;63.057;99.370
587;8;20;66.044;64.000
587;20;8;66.044;86.690
588;8;20;63.466;69.130
588;20;8;63.466;91.820
589;8;21;76.323;73.740
589;21;8;76.323;96.880
590;8;22;72.608;80.100
590;22;8;72.608;105.120
591;8;23;76.911;61.110
591;23;8;76.911;86.890
592;8;23;78.971;79.950
592;23;8;78.971;105.730
593;8;23;77.469;77.210
593;23;8;77.469;102.990
594;8;24;62.719;64.400
594;24;8;62.719;91.750
595;8;25;68.133;67.470
595;25;8;68.133;97.060
596;8;26;64.060;68.710
596;26;8;64.060;99.160
597;8;26;59.844;56.460
597;26;8;59.844;86.910
598;8;27;45.510;71.990
598;27;8;45.510;103.220
599;8;27;45.438;58.040
599;27;8;45.438;89.270
600;8;27;45.503;74.000
600;27;8;45.503;105.230
601;8;28;116.800;63.910
601;28;8;116.800;95.380
602;8;28;99.318;62.210
602;28;8;99.318;93.680
603;8;29;66.006;57.140
603;29;8;66.006;90.060
604;8;30;88.283;69.510
604;30;8;88.283;103.090
605;8;30;94.752;57.570
605;30;8;94.752;91.150
606;8;30;94.275;66.600
606;30;8;94.275;100.180
607;8;31;74.198;71.540
607;31;8;74.198;105.820
608;8;32;53.204;64.470
608;32;8;53.204;98.810
609;8;32;54.634;68.780
609;32;8;54.634;103.120
610;8;32;52.879;72.080
610;32;8;52.879;106.420
611;8;33;112.512;67.890
611;33;8;112.512;102.420
612;8;34;114.467;57.010
612;34;8;114.467;91.770
613;8;34;126.071;72.660
613;34;8;126.071;107.420
614;8;34;99.354;68.430
614;34;8;99.354;103.190
615;8;35;69.216;72.130
615;35;8;69.216;107.200
616;8;35;65.499;70.090
616;35;8;65.499;105.160
617;8;35;67.693;57.680
617;35;8;67.693;92.750
618;8;36;100.671;53.180
618;36;8;100.671;88.910
619;8;36;94.659;57.620
619;36;8;94.659;93.350
620;8;36;94.794;71.110
620;36;8;94.794;106.840
621;8;37;73.129;60.870
621;37;8;73.129;96.600
622;8;37;78.329;48.130
622;37;8;78.329;83.860
623;8;37;70.315;61.310
623;37;8;70.315;97.040
624;8;38;66.767;59.300
624;38;8;66.767;96.050
625;8;39;26.416;20.310
625;39;8;71.416;104.110
626;9;10;127.258;73.720
626;10;9;127.258;80.730
627;9;11;135.019;83.150
627;11;9;135.019;90.880
628;9;11;144.840;89.750
628;11;9;144.840;97.480
629;9;11;128.490;91.070
629;11;9;128.490;98.800
630;9;12;131.088;94.680
630;12;9;131.088;103.650
631;9;12;110.694;86.120
631;12;9;110.694;95.090
632;9;13;119.360;74.060
632;13;9;119.360;83.310
633;9;13;102.725;72.940
633;13;9;102.725;82.190
634;9;13;129.526;77.950
634;13;9;129.526;87.200
635;9;14;130.388;89.800
635;14;9;130.388;99.400
636;9;15;119.701;79.480
636;15;9;119.701;89.580
637;9;15;108.807;87.510
637;15;9;108.807;97.610
638;9;15;132.431;72.560
638;15;9;132.431;82.660
639;9;16;125.517;86.390
639;16;9;125.517;98.780
640;9;17;125.830;76.770
640;17;9;125.830;89.720
641;9;17;118.730;83.190
641;17;9;118.730;96.140
642;9;18;162.144;85.140
642;18;9;162.144;101.630
643;9;18;175.536;71.960
643;18;9;175.536;88.450
644;9;18;153.598;78.350
644;18;9;153.598;94.840
645;9;19;127.997;67.350
645;19;9;127.997;84.530
646;9;19;129.871;71.410
646;19;9;129.871;88.590
647;9;20;126.894;70.320
647;20;9;126.894;89.910
648;9;20;140.944;71.960
648;20;9;140.944;91.550
649;9;20;116.823;67.270
649;20;9;116.823;86.860
650;9;21;111.004;82.770
650;21;9;111.004;102.810
651;9;21;126.630;69.940
651;21;9;126.630;89.980
652;9;21;109.906;69.360
652;21;9;109.906;89.400
653;9;22;100.850;71.800
653;22;9;100.850;93.720
654;9;22;104.451;77.800
654;22;9;104.451;99.720
655;9;23;122.822;76.100
655;23;9;122.822;98.780
656;9;24;109.575;71.580
656;24;9;109.575;95.830
657;9;24;100.598;57.720
657;24;9;100.598;81.970
658;9;24;94.092;69.660
658;24;9;94.092;93.910
659;9;25;119.040;72.660
659;25;9;119.040;99.150
660;9;26;123.211;55.690
660;26;9;123.211;83.040
661;9;26;117.323;67.250
661;26;9;117.323;94.600
662;9;26;104.407;53.680
662;26;9;104.407;81.030
663;9;27;127.268;63.230
663;27;9;127.268;91.360
664;9;28;72.074;65.370
664;28;9;72.074;93.740
665;9;29;122.704;55.440
665;29;9;122.704;85.260
666;9;29;139.800;68.250
666;29;9;139.800;98.070
667;9;30;100.480;50.910
667;30;9;100.480;81.390
668;9;30;102.374;59.360
668;30;9;102.374;89.840
669;9;30;104.386;69.790
669;30;9;104.386;100.270
670;9;31;109.423;73.560
670;31;9;109.423;104.740
671;9;32;127.136;56.130
671;32;9;127.136;87.370
672;9;33;134.770;65.820
672;33;9;134.770;97.250
673;9;33;134.819;59.760
673;33;9;134.819;91.190
674;9;34;80.917;55.150
674;34;9;80.917;86.810
675;9;35;119.351;54.660
675;35;9;119.351;86.630
676;9;36;126.461;65.560
676;36;9;126.461;98.190
677;9;36;123.033;55.530
677;36;9;123.033;88.160
678;9;36;117.048;52.910
678;36;9;117.048;85.540
679;9;37;124.500;65.830
679;37;9;124.500;98.460
680;9;37;125.093;65.730
680;37;9;125.093;98.360
681;9;38;124.270;61.560
681;38;9;124.270;95.210
682;9;39;96.367;11.800
682;39;9;141.367;92.500
683;10;11;78.559;89.210
683;11;10;78.559;89.930
684;10;11;71.760;80.450
684;11;10;71.760;81.170
685;10;12;62.796;73.960
685;12;10;62.796;75.920
686;10;12;66.403;83.440
686;12;10;66.403;85.400
687;10;12;63.628;78.760
687;12;10;63.628;80.720
688;10;13;72.714;92.020
688;13;10;72.714;94.260
689;10;13;67.946;72.270
689;13;10;67.946;74.510
690;10;13;77.570;75.110
690;13;10;77.570;77.350
691;10;14;58.861;95.610
691;14;10;58.861;98.200
692;10;14;58.703;93.760
692;14;10;58.703;96.350
693;10;14;59.298;75.950
693;14;10;59.298;78.540
694;10;15;53.554;90.230
694;15;10;53.554;93.320
695;10;16;66.146;73.360
695;16;10;66.146;78.740
696;10;16;71.070;81.050
696;16;10;71.070;86.430
697;10;16;61.456;76.740
697;16;10;61.456;82.120
698;10;17;56.906;72.770
698;17;10;56.906;78.710
699;10;17;56.678;84.440
699;17;10;56.678;90.380
700;10;17;54.727;77.020
700;17;10;54.727;82.960
701;10;18;84.495;89.170
701;18;10;84.495;98.650
702;10;19;66.127;74.300
702;19;10;66.127;84.470
703;10;20;70.137;82.390
703;20;10;70.137;94.970
704;10;21;79.770;79.420
704;21;10;79.770;92.450
705;10;21;84.823;83.890
705;21;10;84.823;96.920
706;10;22;72.129;75.640
706;22;10;72.129;90.550
707;10;23;80.915;73.430
707;23;10;80.915;89.100
708;10;23;81.772;64.170
708;23;10;81.772;79.840
709;10;24;64.386;75.030
709;24;10;64.386;92.270
710;10;24;60.893;60.520
710;24;10;60.893;77.760
711;10;24;61.261;62.410
711;24;10;61.261;79.650
712;10;25;71.979;68.320
712;25;10;71.979;87.800
713;10;25;73.879;75.540
713;25;10;73.879;95.020
714;10;26;68.084;55.730
714;26;10;68.084;76.070
715;10;26;70.548;68.070
715;26;10;70.548;88.410
716;10;26;65.209;55.530
716;26;10;65.209;75.870
717;10;27;49.094;53.010
717;27;10;49.094;74.130
718;10;28;118.593;66.760
718;28;10;118.593;88.120
719;10;29;70.015;57.120
719;29;10;70.015;79.930
720;10;29;74.576;55.910
720;29;10;74.576;78.720
721;10;30;91.263;52.670
721;30;10;91.263;76.140
722;10;30;85.367;58.060
722;30;10;85.367;81.530
723;10;31;77.459;66.810
723;31;10;77.459;90.980
724;10;31;70.474;74.120
724;31;10;70.474;98.290
725;10;32;49.151;54.620
725;32;10;49.151;78.850
726;10;32;49.976;58.070
726;32;10;49.976;82.300
727;10;32;49.129;73.950
727;32;10;49.129;98.180
728;10;33;108.744;56.780
728;33;10;108.744;81.200
729;10;34;116.690;52.790
729;34;10;116.690;77.440
730;10;34;119.293;56.260
730;34;10;119.293;80.910
731;10;34;106.563;67.670
731;34;10;106.563;92.320
732;10;35;73.088;53.640
732;35;10;73.088;78.600
733;10;35;66.946;73.600
733;35;10;66.946;98.560
734;10;35;67.764;69.010
734;35;10;67.764;93.970
735;10;36;97.016;63.380
735;36;10;97.016;89.000
736;10;37;77.181;57.570
736;37;10;77.181;83.190
737;10;38;70.823;70.900
737;38;10;70.823;97.540
738;10;38;74.333;70.390
738;38;10;74.333;97.030
739;10;39;29.975;17.310
739;39;10;74.975;91.000
740;11;12;60.867;76.540
740;12;11;60.867;77.780
741;11;13;61.005;72.360
741;13;11;61.005;73.880
742;11;13;57.267;94.940
742;13;11;57.267;96.460
743;11;14;92.253;76.580
743;14;11;92.253;78.450
744;11;14;97.518;73.630
744;14;11;97.518;75.500
745;11;14;90.459;81.500
745;14;11;90.459;83.370
746;11;15;76.032;85.580
746;15;11;76.032;87.950
747;11;15;79.227;87.130
747;15;11;79.227;89.500
748;11;15;79.588;93.620
748;15;11;79.588;95.990
749;11;16;59.076;75.300
749;16;11;59.076;79.960
750;11;17;90.361;68.060
750;17;11;90.361;73.280
751;11;18;78.565;76.050
751;18;11;78.565;84.810
752;11;18;73.395;80.210
752;18;11;73.395;88.970
753;11;18;70.695;72.260
753;18;11;70.695;81.020
754;11;19;57.916;80.840
754;19;11;57.916;90.290
755;11;20;55.329;84.610
755;20;11;55.329;96.470
756;11;20;52.808;83.630
756;20;11;52.808;95.490
757;11;20;52.770;81.700
757;20;11;52.770;93.560
758;11;21;69.198;79.020
758;21;11;69.198;91.330
759;11;22;92.682;78.160
759;22;11;92.682;92.350
760;11;22;100.323;80.540
760;22;11;100.323;94.730
761;11;23;58.441;75.030
761;23;11;58.441;89.980
762;11;23;59.329;79.960
762;23;11;59.329;94.910
763;11;23;58.108;62.650
763;23;11;58.108;77.600
764;11;24;77.816;74.340
764;24;11;77.816;90.860
765;11;24;76.049;64.920
765;24;11;76.049;81.440
766;11;24;70.243;74.140
766;24;11;70.243;90.660
767;11;25;61.512;79.020
767;25;11;61.512;97.780
768;11;26;59.361;70.400
768;26;11;59.361;90.020
769;11;27;74.473;56.270
769;27;11;74.473;76.670
770;11;27;73.226;73.080
770;27;11;73.226;93.480
771;11;27;75.851;59.020
771;27;11;75.851;79.420
772;11;28;116.524;69.790
772;28;11;116.524;90.430
773;11;29;58.739;61.910
773;29;11;58.739;84.000
774;11;29;57.323;68.730
774;29;11;57.323;90.820
775;11;29;58.516;70.970
775;29;11;58.516;93.060
776;11;30;81.905;61.830
776;30;11;81.905;84.580
777;11;30;87.099;71.480
777;30;11;87.099;94.230
778;11;31;70.602;69.370
778;31;11;70.602;92.820
779;11;31;66.071;72.770
779;31;11;66.071;96.220
780;11;32;82.710;56.550
780;32;11;82.710;80.060
781;11;32;86.736;59.840
781;32;11;86.736;83.350
782;11;32;76.414;57.050
782;32;11;76.414;80.560
783;11;33;141.727;62.490
783;33;11;141.727;86.190
784;11;34;110.849;53.360
784;34;11;110.849;77.290
785;11;34;102.522;62.380
785;34;11;102.522;86.310
786;11;35;60.933;62.320
786;35;11;60.933;86.560
787;11;35;58.172;70.370
787;35;11;58.172;94.610
788;11;36;129.661;53.350
788;36;11;129.661;78.250
789;11;36;150.642;67.330
789;36;11;150.642;92.230
790;11;36;127.789;62.570
790;36;11;127.789;87.470
791;11;37;55.621;65.580
791;37;11;55.621;90.480
792;11;37;53.167;64.030
792;37;11;53.167;88.930
793;11;37;57.868;52.180
793;37;11;57.868;77.080
794;11;38;56.984;66.060
794;38;11;56.984;91.980
795;11;38;58.696;57.040
795;38;11;58.696;82.960
796;11;39;10.043;11.660
796;39;11;55.043;84.630
797;12;13;60.908;82.930
797;13;12;60.908;83.210
798;12;13;63.062;88.060
798;13;12;63.062;88.340
799;12;14;76.396;85.880
799;14;12;76.396;86.510
800;12;14;71.450;86.830
800;14;12;71.450;87.460
801;12;14;81.292;93.830
801;14;12;81.292;94.460
802;12;15;61.893;79.620
802;15;12;61.893;80.750
803;12;15;57.735;91.570
803;15;12;57.735;92.700
804;12;16;52.096;89.880
804;16;12;52.096;93.300
805;12;16;50.480;83.180
805;16;12;50.480;86.600
806;12;16;50.717;81.990
806;16;12;50.717;85.410
807;12;17;74.679;91.260
807;17;12;74.679;95.240
808;12;18;76.108;65.560
808;18;12;76.108;73.080
809;12;18;82.912;84.610
809;18;12;82.912;92.130
810;12;18;71.607;83.160
810;18;12;71.607;90.680
811;12;19;50.192;81.040
811;19;12;50.192;89.250
812;12;20;54.425;61.310
812;20;12;54.425;71.930
813;12;20;56.277;77.410
813;20;12;56.277;88.030
814;12;21;70.710;72.570
814;21;12;70.710;83.640
815;12;21;67.815;64.690
815;21;12;67.815;75.760
816;12;22;81.604;73.810
816;22;12;81.604;86.760
817;12;23;66.444;59.920
817;23;12;66.444;73.630
818;12;23;65.983;74.880
818;23;12;65.983;88.590
819;12;24;67.715;57.490
819;24;12;67.715;72.770
820;12;24;70.920;76.210
820;24;12;70.920;91.490
821;12;25;60.584;67.910
821;25;12;60.584;85.430
822;12;25;61.438;71.950
822;25;12;61.438;89.470
823;12;26;55.118;76.050
823;26;12;55.118;94.430
824;12;26;55.548;56.010
824;26;12;55.548;74.390
825;12;27;58.750;69.700
825;27;12;58.750;88.860
826;12;27;61.557;54.700
826;27;12;61.557;73.860
827;12;27;59.948;75.150
827;27;12;59.948;94.310
828;12;28;116.861;63.070
828;28;12;116.861;82.470
829;12;28;120.134;72.110
829;28;12;120.134;91.510
830;12;28;102.294;73.680
830;28;12;102.294;93.080
831;12;29;56.825;72.900
831;29;12;56.825;93.750
832;12;29;54.265;64.110
832;29;12;54.265;84.960
833;12;29;59.566;61.570
833;29;12;59.566;82.420
834;12;30;84.320;55.270
834;30;12;84.320;76.780
835;12;30;88.983;60.530
835;30;12;88.983;82.040
836;12;30;75.743;71.570
836;30;12;75.743;93.080
837;12;31;70.006;69.770
837;31;12;70.006;91.980
838;12;31;65.911;66.050
838;31;12;65.911;88.260
839;12;32;66.942;61.900
839;32;12;66.942;84.170
840;12;32;64.920;63.050
840;32;12;64.920;85.320
841;12;32;69.746;68.110
841;32;12;69.746;90.380
842;12;33;126.373;63.400
842;33;12;126.373;85.860
843;12;33;121.577;64.980
843;33;12;121.577;87.440
844;12;34;112.888;56.130
844;34;12;112.888;78.820
845;12;34;109.321;71.350
845;34;12;109.321;94.040
846;12;34;106.358;53.610
846;34;12;106.358;76.300
847;12;35;61.188;73.150
847;35;12;61.188;96.150
848;12;35;58.121;58.030
848;35;12;58.121;81.030
849;12;36;114.475;67.430
849;36;12;114.475;91.090
850;12;37;62.191;54.150
850;37;12;62.191;77.810
851;12;37;63.902;70.740
851;37;12;63.902;94.400
852;12;37;66.303;54.710
852;37;12;66.303;78.370
853;12;38;56.496;66.940
853;38;12;56.496;91.620
854;12;38;56.947;59.770
854;38;12;56.947;84.450
855;12;38;58.641;66.880
855;38;12;58.641;91.560
856;12;39;13.217;12.120
856;39;12;58.217;83.850
857;12;39;16.086;9.520
857;39;12;61.086;81.250
858;12;39;12.298;12.050
858;39;12;57.298;83.780
859;13;14;86.135;72.120
859;14;13;86.135;72.470
860;13;15;66.555;81.610
860;15;13;66.555;82.460
861;13;15;70.093;87.960
861;15;13;70.093;88.810
862;13;15;70.831;78.940
862;15;13;70.831;79.790
863;13;16;53.820;83.620
863;16;13;53.820;86.760
864;13;16;55.631;70.800
864;16;13;55.631;73.940
865;13;17;82.895;81.180
865;17;13;82.895;84.880
866;13;17;81.572;86.380
866;17;13;81.572;90.080
867;13;17;81.032;72.900
867;17;13;81.032;76.600
868;13;18;90.082;70.970
868;18;13;90.082;78.210
869;13;19;55.920;71.740
869;19;13;55.920;79.670
870;13;20;52.984;75.050
870;20;13;52.984;85.390
871;13;21;55.018;76.180
871;21;13;55.018;86.970
872;13;21;56.318;71.750
872;21;13;56.318;82.540
873;13;21;53.400;61.270
873;21;13;53.400;72.060
874;13;22;78.306;75.900
874;22;13;78.306;88.570
875;13;22;77.471;83.730
875;22;13;77.471;96.400
876;13;22;72.090;78.770
876;22;13;72.090;91.440
877;13;23;53.905;62.950
877;23;13;53.905;76.380
878;13;23;55.397;70.190
878;23;13;55.397;83.620
879;13;23;54.794;58.080
879;23;13;54.794;71.510
880;13;24;63.804;67.700
880;24;13;63.804;82.700
881;13;24;67.078;66.620
881;24;13;67.078;81.620
882;13;25;45.845;68.340
882;25;13;45.845;85.580
883;13;25;45.744;58.770
883;25;13;45.744;76.010
884;13;25;45.889;57.190
884;25;13;45.889;74.430
885;13;26;50.808;65.650
885;26;13;50.808;83.750
886;13;27;69.059;68.520
886;27;13;69.059;87.400
887;13;27;70.467;54.900
887;27;13;70.467;73.780
888;13;28;102.415;56.680
888;28;13;102.415;75.800
889;13;29;49.155;58.910
889;29;13;49.155;79.480
890;13;29;49.939;55.320
890;29;13;49.939;75.890
891;13;30;68.744;63.510
891;30;13;68.744;84.740
892;13;31;55.203;73.750
892;31;13;55.203;95.680
893;13;31;53.230;62.040
893;31;13;53.230;83.970
894;13;32;76.402;61.190
894;32;13;76.402;83.180
895;13;32;73.994;50.240
895;32;13;73.994;72.230
896;13;33;131.494;71.060
896;33;13;131.494;93.240
897;13;33;117.345;63.200
897;33;13;117.345;85.380
898;13;33;112.979;57.960
898;33;13;112.979;80.140
899;13;34;97.723;55.760
899;34;13;97.723;78.170
900;13;34;109.445;72.890
900;34;13;109.445;95.300
901;13;35;45.375;52.280
901;35;13;45.375;75.000
902;13;35;45.434;53.970
902;35;13;45.434;76.690
903;13;36;119.139;60.860
903;36;13;119.139;84.240
904;13;37;51.795;51.500
904;37;13;51.795;74.880
905;13;38;50.201;58.280
905;38;13;50.201;82.680
906;13;38;51.207;66.000
906;38;13;51.207;90.400
907;13;38;49.835;55.860
907;38;13;49.835;80.260
908;13;39;22.308;21.370
908;39;13;67.308;92.820
909;14;15;65.023;71.550
909;15;14;65.023;72.050
910;14;15;66.727;88.370
910;15;14;66.727;88.870
911;14;15;67.962;84.440
911;15;14;67.962;84.940
912;14;16;79.989;81.380
912;16;14;79.989;84.170
913;14;17;49.753;71.120
913;17;14;49.753;74.470
914;14;18;92.145;82.610
914;18;14;92.145;89.500
915;14;19;79.976;63.540
915;19;14;79.976;71.120
916;14;19;77.656;85.310
916;19;14;77.656;92.890
917;14;19;87.752;85.350
917;19;14;87.752;92.930
918;14;20;83.996;61.580
918;20;14;83.996;71.570
919;14;21;92.207;77.160
919;21;14;92.207;87.600
920;14;22;74.925;71.960
920;22;14;74.925;84.280
921;14;22;81.588;67.780
921;22;14;81.588;80.100
922;14;23;94.578;62.760
922;23;14;94.578;75.840
923;14;24;73.875;76.640
923;24;14;73.875;91.290
924;14;24;74.858;61.790
924;24;14;74.858;76.440
925;14;25;85.360;62.480
925;25;14;85.360;79.370
926;14;25;77.008;69.680
926;25;14;77.008;86.570
927;14;25;76.785;71.310
927;25;14;76.785;88.200
928;14;26;81.819;68.740
928;26;14;81.819;86.490
929;14;27;62.931;57.850
929;27;14;62.931;76.380
930;14;28;125.906;76.600
930;28;14;125.906;95.370
931;14;29;83.716;75.720
931;29;14;83.716;95.940
932;14;29;84.069;65.550
932;29;14;84.069;85.770
933;14;29;82.030;69.720
933;29;14;82.030;89.940
934;14;30;102.371;57.770
934;30;14;102.371;78.650
935;14;30;90.077;67.100
935;30;14;90.077;87.980
936;14;31;89.526;68.520
936;31;14;89.526;90.100
937;14;32;54.828;63.500
937;32;14;54.828;85.140
938;14;32;56.512;56.470
938;32;14;56.512;78.110
939;14;32;54.823;57.480
939;32;14;54.823;79.120
940;14;33;96.357;60.430
940;33;14;96.357;82.260
941;14;34;125.306;68.430
941;34;14;125.306;90.490
942;14;34;134.736;63.620
942;34;14;134.736;85.680
943;14;35;86.510;67.810
943;35;14;86.510;90.180
944;14;35;85.352;49.680
944;35;14;85.352;72.050
945;14;35;95.308;71.140
945;35;14;95.308;93.510
946;14;36;85.269;60.040
946;36;14;85.269;83.070
947;14;37;90.950;50.510
947;37;14;90.950;73.540
948;14;37;87.174;50.290
948;37;14;87.174;73.320
949;14;38;84.610;64.540
949;38;14;84.610;88.590
950;14;39;42.745;9.430
950;39;14;87.745;80.530
951;15;16;62.161;75.930
951;16;15;62.161;78.220
952;15;16;58.984;92.570
952;16;15;58.984;94.860
953;15;16;65.846;77.260
953;16;15;65.846;79.550
954;15;17;61.410;87.560
954;17;15;61.410;90.410
955;15;17;57.943;83.760
955;17;15;57.943;86.610
956;15;18;89.354;86.550
956;18;15;89.354;92.940
957;15;19;63.132;71.850
957;19;15;63.132;78.930
958;15;19;64.486;79.810
958;19;15;64.486;86.890
959;15;19;59.625;71.980
959;19;15;59.625;79.060
960;15;20;66.248;66.600
960;20;15;66.248;76.090
961;15;20;62.635;63.090
961;20;15;62.635;72.580
962;15;21;72.199;64.940
962;21;15;72.199;74.880
963;15;21;65.461;74.270
963;21;15;65.461;84.210
964;15;21;72.125;68.600
964;21;15;72.125;78.540
965;15;22;65.984;77.840
965;22;15;65.984;89.660
966;15;22;67.525;72.530
966;22;15;67.525;84.350
967;15;22;67.602;79.460
967;22;15;67.602;91.280
968;15;23;75.314;79.470
968;23;15;75.314;92.050
969;15;24;55.896;78.930
969;24;15;55.896;93.080
970;15;24;57.837;77.120
970;24;15;57.837;91.270
971;15;24;56.639;62.890
971;24;15;56.639;77.040
972;15;25;65.740;63.430
972;25;15;65.740;79.820
973;15;25;60.805;68.090
973;25;15;60.805;84.480
974;15;25;69.875;69.170
974;25;15;69.875;85.560
975;15;26;63.125;69.720
975;26;15;63.125;86.970
976;15;26;61.938;63.800
976;26;15;61.938;81.050
977;15;27;52.568;67.410
977;27;15;52.568;85.440
978;15;28;110.123;59.900
978;28;15;110.123;78.170
979;15;29;64.813;69.400
979;29;15;64.813;89.120
980;15;30;82.998;57.420
980;30;15;82.998;77.800
981;15;30;77.920;70.270
981;30;15;77.920;90.650
982;15;31;69.601;72.150
982;31;15;69.601;93.230
983;15;31;71.963;63.680
983;31;15;71.963;84.760
984;15;31;66.521;63.370
984;31;15;66.521;84.450
985;15;32;55.889;57.060
985;32;15;55.889;78.200
986;15;32;55.857;58.800
986;32;15;55.857;79.940
987;15;33;110.940;60.780
987;33;15;110.940;82.110
988;15;34;108.137;60.670
988;34;15;108.137;82.230
989;15;34;96.387;71.570
989;34;15;96.387;93.130
990;15;35;66.925;63.510
990;35;15;66.925;85.380
991;15;36;98.755;64.890
991;36;15;98.755;87.420
992;15;37;72.111;51.310
992;37;15;72.111;73.840
993;15;37;72.426;49.020
993;37;15;72.426;71.550
994;15;38;66.053;56.980
994;38;15;66.053;80.530
995;15;38;68.603;56.310
995;38;15;68.603;79.860
996;15;38;68.948;63.680
996;38;15;68.948;87.230
997;15;39;30.107;19.040
997;39;15;75.107;89.640
998;15;39;29.305;7.080
998;39;15;74.305;77.680
999;15;39;26.869;4.000
999;39;15;71.869;74.600
1000;16;17;77.433;81.900
1000;17;16;77.433;82.460
1001;16;18;82.266;72.060
1001;18;16;82.266;76.160
1002;16;18;83.333;80.840
1002;18;16;83.333;84.940
1003;16;18;88.385;76.190
1003;18;16;88.385;80.290
1004;16;19;47.497;81.200
1004;19;16;47.497;85.990
1005;16;20;49.116;72.350
1005;20;16;49.116;79.550
1006;16;20;48.441;75.150
1006;20;16;48.441;82.350
1007;16;20;48.874;72.520
1007;20;16;48.874;79.720
1008;16;21;63.636;64.800
1008;21;16;63.636;72.450
1009;16;22;79.030;81.890
1009;22;16;79.030;91.420
1010;16;22;84.893;69.740
1010;22;16;84.893;79.270
1011;16;23;60.221;67.860
1011;23;16;60.221;78.150
1012;16;24;64.284;64.170
1012;24;16;64.284;76.030
1013;16;25;53.489;69.540
1013;25;16;53.489;83.640
1014;16;26;48.022;53.710
1014;26;16;48.022;68.670
1015;16;26;47.561;55.630
1015;26;16;47.561;70.590
1016;16;27;62.142;75.890
1016;27;16;62.142;91.630
1017;16;28;110.235;61.090
1017;28;16;110.235;77.070
1018;16;28;98.508;65.600
1018;28;16;98.508;81.580
1019;16;29;49.801;56.530
1019;29;16;49.801;73.960
1020;16;30;77.290;68.960
1020;30;16;77.290;87.050
1021;16;31;63.100;73.700
1021;31;16;63.100;92.490
1022;16;31;62.731;67.500
1022;31;16;62.731;86.290
1023;16;32;70.175;67.480
1023;32;16;70.175;86.330
1024;16;32;68.339;60.800
1024;32;16;68.339;79.650
1025;16;32;72.862;72.250
1025;32;16;72.862;91.100
1026;16;33;128.084;59.820
1026;33;16;128.084;78.860
1027;16;33;129.810;64.320
1027;33;16;129.810;83.360
1028;16;34;106.007;68.650
1028;34;16;106.007;87.920
1029;16;34;106.669;70.850
1029;34;16;106.669;90.120
1030;16;34;112.937;57.820
1030;34;16;112.937;77.090
1031;16;35;54.108;54.170
1031;35;16;54.108;73.750
1032;16;36;115.915;57.550
1032;36;16;115.915;77.790
1033;16;36;125.083;55.560
1033;36;16;125.083;75.800
1034;16;37;56.193;63.900
1034;37;16;56.193;84.140
1035;16;37;56.363;60.890
1035;37;16;56.363;81.130
1036;16;37;58.392;66.240
1036;37;16;58.392;86.480
1037;16;38;49.899;53.740
1037;38;16;49.899;75.000
1038;16;38;48.723;61.930
1038;38;16;48.723;83.190
1039;16;38;50.041;54.520
1039;38;16;50.041;75.780
1040;16;39;16.208;0.510
1040;39;16;61.208;68.820
1041;16;39;16.490;16.060
1041;39;16;61.490;84.370
1042;17;18;93.633;77.530
1042;18;17;93.633;81.070
1043;17;18;100.362;77.570
1043;18;17;100.362;81.110
1044;17;18;96.930;69.460
1044;18;17;96.930;73.000
1045;17;19;77.723;78.630
1045;19;17;77.723;82.860
1046;17;19;75.756;65.800
1046;19;17;75.756;70.030
1047;17;19;71.856;79.960
1047;19;17;71.856;84.190
1048;17;20;81.521;68.080
1048;20;17;81.521;74.720
1049;17;20;73.229;77.820
1049;20;17;73.229;84.460
1050;17;20;75.432;72.320
1050;20;17;75.432;78.960
1051;17;21;88.358;77.570
1051;21;17;88.358;84.660
1052;17;21;83.089;69.040
1052;21;17;83.089;76.130
1053;17;22;70.235;82.180
1053;22;17;70.235;91.150
1054;17;22;72.402;69.880
1054;22;17;72.402;78.850
1055;17;22;76.157;75.870
1055;22;17;76.157;84.840
1056;17;23;91.542;74.220
1056;23;17;91.542;83.950
1057;17;23;98.323;69.160
1057;23;17;98.323;78.890
1058;17;23;95.322;77.260
1058;23;17;95.322;86.990
1059;17;24;69.486;68.120
1059;24;17;69.486;79.420
1060;17;24;67.801;67.360
1060;24;17;67.801;78.660
1061;17;25;82.094;58.780
1061;25;17;82.094;72.320
1062;17;26;78.979;69.380
1062;26;17;78.979;83.780
1063;17;26;81.789;57.670
1063;26;17;81.789;72.070
1064;17;27;60.930;53.020
1064;27;17;60.930;68.200
1065;17;27;59.488;58.730
1065;27;17;59.488;73.910
1066;17;27;61.938;58.420
1066;27;17;61.938;73.600
1067;17;28;121.158;59.620
1067;28;17;121.158;75.040
1068;17;28;102.893;58.360
1068;28;17;102.893;73.780
1069;17;28;125.287;74.610
1069;28;17;125.287;90.030
1070;17;29;80.807;70.430
1070;29;17;80.807;87.300
1071;17;30;98.065;54.640
1071;30;17;98.065;72.170
1072;17;30;101.983;72.020
1072;30;17;101.983;89.550
1073;17;31;85.557;59.290
1073;31;17;85.557;77.520
1074;17;31;92.653;57.550
1074;31;17;92.653;75.780
1075;17;31;77.719;69.090
1075;31;17;77.719;87.320
1076;17;32;52.815;72.670
1076;32;17;52.815;90.960
1077;17;32;53.654;57.360
1077;32;17;53.654;75.650
1078;17;33;96.879;61.230
1078;33;17;96.879;79.710
1079;17;33;101.259;51.200
1079;33;17;101.259;69.680
1080;17;33;106.662;57.140
1080;33;17;106.662;75.620
1081;17;34;120.613;65.110
1081;34;17;120.613;83.820
1082;17;34;127.789;56.810
1082;34;17;127.789;75.520
1083;17;35;83.269;56.840
1083;35;17;83.269;75.860
1084;17;35;73.998;52.110
1084;35;17;73.998;71.130
1085;17;36;85.272;70.340
1085;36;17;85.272;90.020
1086;17;37;88.109;69.370
1086;37;17;88.109;89.050
1087;17;38;81.848;68.920
1087;38;17;81.848;89.620
1088;17;38;83.998;51.040
1088;38;17;83.998;71.740
1089;17;38;89.683;54.170
1089;38;17;89.683;74.870
1090;17;39;41.795;7.190
1090;39;17;86.795;74.940
1091;17;39;37.274;16.250
1091;39;17;82.274;84.000
1092;17;39;42.263;10.010
1092;39;17;87.263;77.760
1093;18;19;79.786;84.980
1093;19;18;79.786;85.670
1094;18;19;71.788;78.380
1094;19;18;71.788;79.070
1095;18;19;81.273;70.870
1095;19;18;81.273;71.560
1096;18;20;82.111;72.990
1096;20;18;82.111;76.090
1097;18;20;73.565;75.330
1097;20;18;73.565;78.430
1098;18;20;80.999;83.490
1098;20;18;80.999;86.590
1099;18;21;100.020;70.970
1099;21;18;100.020;74.520
1100;18;21;92.532;82.720
1100;21;18;92.532;86.270
1101;18;21;108.866;69.270
1101;21;18;108.866;72.820
1102;18;22;110.336;81.660
1102;22;18;110.336;87.090
1103;18;22;103.249;72.920
1103;22;18;103.249;78.350
1104;18;23;91.481;68.990
1104;23;18;91.481;75.180
1105;18;24;98.025;56.740
1105;24;18;98.025;64.500
1106;18;25;90.080;69.080
1106;25;18;90.080;79.080
1107;18;25;87.957;76.690
1107;25;18;87.957;86.690
1108;18;25;95.248;61.840
1108;25;18;95.248;71.840
1109;18;26;84.989;56.030
1109;26;18;84.989;66.890
1110;18;26;76.498;63.220
1110;26;18;76.498;74.080
1111;18;27;82.451;56.450
1111;27;18;82.451;68.090
1112;18;27;73.567;53.000
1112;27;18;73.567;64.640
1113;18;27;76.986;60.630
1113;27;18;76.986;72.270
1114;18;28;147.414;65.820
1114;28;18;147.414;77.700
1115;18;28;155.882;74.510
1115;28;18;155.882;86.390
1116;18;28;172.825;69.700
1116;28;18;172.825;81.580
1117;18;29;86.065;70.810
1117;29;18;86.065;84.140
1118;18;30;113.670;51.450
1118;30;18;113.670;65.440
1119;18;31;100.131;72.030
1119;31;18;100.131;86.720
1120;18;32;87.123;74.160
1120;32;18;87.123;88.910
1121;18;32;95.259;65.290
1121;32;18;95.259;80.040
1122;18;33;142.123;51.390
1122;33;18;142.123;66.330
1123;18;34;142.767;57.970
1123;34;18;142.767;73.140
1124;18;35;90.240;57.760
1124;35;18;90.240;73.240
1125;18;35;88.918;67.150
1125;35;18;88.918;82.630
1126;18;36;131.923;60.420
1126;36;18;131.923;76.560
1127;18;36;124.373;62.520
1127;36;18;124.373;78.660
1128;18;37;87.744;72.730
1128;37;18;87.744;88.870
1129;18;37;81.456;50.210
1129;37;18;81.456;66.350
1130;18;37;96.505;69.890
1130;37;18;96.505;86.030
1131;18;38;84.892;65.770
1131;38;18;84.892;82.930
1132;18;38;89.299;71.810
1132;38;18;89.299;88.970
1133;18;39;23.796;10.160
1133;39;18;68.796;74.370
1134;18;39;24.309;21.700
1134;39;18;69.309;85.910
1135;18;39;24.977;13.700
1135;39;18;69.977;77.910
1136;19;20;49.363;67.100
1136;20;19;49.363;69.510
1137;19;20;49.954;65.950
1137;20;19;49.954;68.360
1138;19;21;65.875;79.830
1138;21;19;65.875;82.690
1139;19;22;80.952;63.580
1139;22;19;80.952;68.320
1140;19;22;87.602;68.720
1140;22;19;87.602;73.460
1141;19;22;72.780;64.690
1141;22;19;72.780;69.430
1142;19;23;61.327;70.200
1142;23;19;61.327;75.700
1143;19;23;61.144;77.690
1143;23;19;61.144;83.190
1144;19;23;63.920;70.250
1144;23;19;63.920;75.750
1145;19;24;66.337;69.600
1145;24;19;66.337;76.670
1146;19;24;68.003;60.060
1146;24;19;68.003;67.130
1147;19;24;65.881;65.690
1147;24;19;65.881;72.760
1148;19;25;55.694;58.410
1148;25;19;55.694;67.720
1149;19;26;50.294;56.170
1149;26;19;50.294;66.340
1150;19;27;62.046;59.360
1150;27;19;62.046;70.310
1151;19;27;64.337;77.080
1151;27;19;64.337;88.030
1152;19;28;112.686;60.690
1152;28;19;112.686;71.880
1153;19;28;106.598;74.280
1153;28;19;106.598;85.470
1154;19;29;51.774;55.830
1154;29;19;51.774;68.470
1155;19;30;79.575;53.010
1155;30;19;79.575;66.310
1156;19;31;65.494;70.140
1156;31;19;65.494;84.140
1157;19;31;63.884;73.480
1157;31;19;63.884;87.480
1158;19;31;61.712;50.180
1158;31;19;61.712;64.180
1159;19;32;70.240;51.780
1159;32;19;70.240;65.840
1160;19;32;68.872;72.300
1160;32;19;68.872;86.360
1161;19;33;128.844;65.290
1161;33;19;128.844;79.540
1162;19;34;108.383;63.620
1162;34;19;108.383;78.100
1163;19;34;121.354;66.170
1163;34;19;121.354;80.650
1164;19;35;56.173;70.410
1164;35;19;56.173;85.200
1165;19;36;116.754;55.410
1165;36;19;116.754;70.860
1166;19;37;57.112;59.390
1166;37;19;57.112;74.840
1167;19;38;51.308;50.750
1167;38;19;51.308;67.220
1168;19;38;52.167;52.440
1168;38;19;52.167;68.910
1169;19;38;52.853;51.050
1169;38;19;52.853;67.520
1170;19;39;13.885;22.150
1170;39;19;58.885;85.670
1171;19;39;14.947;5.440
1171;39;19;59.947;68.960
1172;19;39;13.788;2.310
1172;39;19;58.788;65.830
1173;20;21;62.921;70.860
1173;21;20;62.921;71.310
1174;20;21;65.299;73.050
1174;21;20;65.299;73.500
1175;20;21;59.079;83.840
1175;21;20;59.079;84.290
1176;20;22;82.382;81.010
1176;22;20;82.382;83.340
1177;20;22;90.585;67.360
1177;22;20;90.585;69.690
1178;20;23;57.019;79.520
1178;23;20;57.019;82.610
1179;20;23;56.930;74.630
1179;23;20;56.930;77.720
1180;20;24;67.525;64.800
1180;24;20;67.525;69.460
1181;20;24;63.263;79.000
1181;24;20;63.263;83.660
1182;20;25;53.061;61.870
1182;25;20;53.061;68.770
1183;20;26;49.123;72.930
1183;26;20;49.123;80.690
1184;20;26;49.065;64.930
1184;26;20;49.065;72.690
1185;20;26;48.668;74.390
1185;26;20;48.668;82.150
1186;20;27;66.095;63.610
1186;27;20;66.095;72.150
1187;20;27;60.920;71.500
1187;27;20;60.920;80.040
1188;20;27;68.163;53.050
1188;27;20;68.163;61.590
1189;20;28;110.396;54.180
1189;28;20;110.396;62.960
1190;20;28;103.833;67.020
1190;28;20;103.833;75.800
1191;20;28;111.812;74.510
1191;28;20;111.812;83.290
1192;20;29;49.191;59.630
1192;29;20;49.191;69.860
1193;20;30;76.617;53.040
1193;30;20;76.617;63.930
1194;20;30;70.764;70.940
1194;30;20;70.764;81.830
1195;20;31;63.142;53.870
1195;31;20;63.142;65.460
1196;20;31;59.425;59.150
1196;31;20;59.425;70.740
1197;20;32;74.200;59.700
1197;32;20;74.200;71.350
1198;20;32;74.872;55.520
1198;32;20;74.872;67.170
1199;20;32;75.994;53.220
1199;32;20;75.994;64.870
1200;20;33;132.183;69.450
1200;33;20;132.183;81.290
1201;20;33;120.456;54.810
1201;33;20;120.456;66.650
1202;20;34;105.667;67.320
1202;34;20;105.667;79.390
1203;20;35;53.131;65.000
1203;35;20;53.131;77.380
1204;20;35;55.082;73.380
1204;35;20;55.082;85.760
1205;20;36;120.001;70.320
1205;36;20;120.001;83.360
1206;20;36;109.940;69.230
1206;36;20;109.940;82.270
1207;20;36;107.118;66.150
1207;36;20;107.118;79.190
1208;20;37;52.772;61.730
1208;37;20;52.772;74.770
1209;20;37;54.023;71.430
1209;37;20;54.023;84.470
1210;20;38;47.784;48.280
1210;38;20;47.784;62.340
1211;20;38;47.857;52.240
1211;38;20;47.857;66.300
1212;20;38;47.540;66.230
1212;38;20;47.540;80.290
1213;20;39;14.497;11.400
1213;39;20;59.497;72.510
1214;20;39;12.461;9.480
1214;39;20;57.461;70.590
1215;21;22;77.378;75.150
1215;22;21;77.378;77.030
1216;21;23;57.000;62.130
1216;23;21;57.000;64.770
1217;21;23;59.174;70.810
1217;23;21;59.174;73.450
1218;21;24;65.283;69.450
1218;24;21;65.283;73.660
1219;21;25;55.181;62.440
1219;25;21;55.181;68.890
1220;21;25;55.579;67.540
1220;25;21;55.579;73.990
1221;21;25;55.958;72.700
1221;25;21;55.958;79.150
1222;21;26;60.628;63.710
1222;26;21;60.628;71.020
1223;21;26;61.664;76.510
1223;26;21;61.664;83.820
1224;21;27;76.642;53.580
1224;27;21;76.642;61.670
1225;21;28;92.692;72.350
1225;28;21;92.692;80.680
1226;21;28;99.201;63.600
1226;28;21;99.201;71.930
1227;21;28;81.326;64.380
1227;28;21;81.326;72.710
1228;21;29;59.157;61.330
1228;29;21;59.157;71.110
1229;21;30;58.725;63.410
1229;30;21;58.725;73.850
1230;21;30;57.071;50.800
1230;30;21;57.071;61.240
1231;21;31;48.361;57.510
1231;31;21;48.361;68.650
1232;21;31;48.798;50.330
1232;31;21;48.798;61.470
1233;21;32;82.940;64.090
1233;32;21;82.940;75.290
1234;21;32;87.120;70.940
1234;32;21;87.120;82.140
1235;21;33;133.556;68.050
1235;33;21;133.556;79.440
1236;21;33;144.233;66.470
1236;33;21;144.233;77.860
1237;21;34;87.748;55.290
1237;34;21;87.748;66.910
1238;21;34;90.557;58.820
1238;34;21;90.557;70.440
1239;21;34;96.693;49.110
1239;34;21;96.693;60.730
1240;21;35;54.821;64.240
1240;35;21;54.821;76.170
1241;21;35;56.596;58.700
1241;35;21;56.596;70.630
1242;21;36;121.152;48.710
1242;36;21;121.152;61.300
1243;21;36;116.943;52.050
1243;36;21;116.943;64.640
1244;21;36;122.023;61.420
1244;36;21;122.023;74.010
1245;21;37;58.583;55.290
1245;37;21;58.583;67.880
1246;21;37;58.316;54.680
1246;37;21;58.316;67.270
1247;21;38;60.151;66.420
1247;38;21;60.151;80.030
1248;21;38;58.549;66.260
1248;38;21;58.549;79.870
1249;21;39;31.884;7.520
1249;39;21;76.884;68.180
1250;21;39;36.235;9.710
1250;39;21;81.235;70.370
1251;22;23;86.520;68.190
1251;23;22;86.520;68.950
1252;22;23;92.972;69.320
1252;23;22;92.972;70.080
1253;22;24;59.867;57.840
1253;24;22;59.867;60.170
1254;22;24;56.670;64.330
1254;24;22;56.670;66.660
1255;22;24;59.619;63.420
1255;24;22;59.619;65.750
1256;22;25;77.528;58.630
1256;25;22;77.528;63.200
1257;22;26;78.322;67.100
1257;26;22;78.322;72.530
1258;22;26;71.594;68.670
1258;26;22;71.594;74.100
1259;22;27;73.102;56.940
1259;27;22;73.102;63.150
1260;22;27;78.388;58.620
1260;27;22;78.388;64.830
1261;22;28;96.851;72.470
1261;28;22;96.851;78.920
1262;22;29;79.129;68.160
1262;29;22;79.129;76.060
1263;22;30;80.955;65.610
1263;30;22;80.955;74.170
1264;22;30;77.668;54.160
1264;30;22;77.668;62.720
1265;22;30;88.263;71.670
1265;30;22;88.263;80.230
1266;22;31;74.022;66.210
1266;31;22;74.022;75.470
1267;22;32;71.433;60.870
1267;32;22;71.433;70.190
1268;22;33;102.209;68.400
1268;33;22;102.209;77.910
1269;22;33;108.976;71.570
1269;33;22;108.976;81.080
1270;22;34;97.504;63.840
1270;34;22;97.504;73.580
1271;22;35;78.564;53.320
1271;35;22;78.564;63.370
1272;22;35;79.861;56.600
1272;35;22;79.861;66.650
1273;22;35;80.356;55.610
1273;35;22;80.356;65.660
1274;22;36;89.955;63.020
1274;36;22;89.955;73.730
1275;22;37;85.097;61.740
1275;37;22;85.097;72.450
1276;22;37;91.327;52.890
1276;37;22;91.327;63.600
1277;22;38;80.845;67.670
1277;38;22;80.845;79.400
1278;22;38;82.557;58.030
1278;38;22;82.557;69.760
1279;22;39;49.491;4.860
1279;39;22;94.491;63.640
1280;23;24;72.411;57.570
1280;24;23;72.411;59.140
1281;23;24;73.685;78.190
1281;24;23;73.685;79.760
1282;23;24;74.575;62.390
1282;24;23;74.575;63.960
1283;23;25;54.749;61.300
1283;25;23;54.749;65.110
1284;23;25;56.796;70.800
1284;25;23;56.796;74.610
1285;23;26;57.858;77.460
1285;26;23;57.858;82.130
1286;23;26;61.069;55.520
1286;26;23;61.069;60.190
1287;23;27;77.059;66.410
1287;27;23;77.059;71.860
1288;23;27;76.929;69.730
1288;27;23;76.929;75.180
1289;23;27;73.374;71.240
1289;27;23;73.374;76.690
1290;23;28;103.279;67.690
1290;28;23;103.279;73.380
1291;23;29;55.905;70.660
1291;29;23;55.905;77.800
1292;23;29;58.368;57.540
1292;29;23;58.368;64.680
1293;23;30;68.621;62.150
1293;30;23;68.621;69.950
1294;23;30;72.990;59.290
1294;30;23;72.990;67.090
1295;23;31;59.400;56.290
1295;31;23;59.400;64.790
1296;23;31;58.208;68.060
1296;31;23;58.208;76.560
1297;23;31;60.442;71.070
1297;31;23;60.442;79.570
1298;23;32;84.772;62.160
1298;32;23;84.772;70.720
1299;23;33;140.389;52.160
1299;33;23;140.389;60.910
1300;23;33;125.224;50.720
1300;33;23;125.224;59.470
1301;23;33;134.949;68.980
1301;33;23;134.949;77.730
1302;23;34;97.433;61.140
1302;34;23;97.433;70.120
1303;23;35;53.556;72.020
1303;35;23;53.556;81.310
1304;23;35;51.886;70.690
1304;35;23;51.886;79.980
1305;23;36;128.027;53.280
1305;36;23;128.027;63.230
1306;23;37;49.283;61.980
1306;37;23;49.283;71.930
1307;23;38;55.323;55.480
1307;38;23;55.323;66.450
1308;23;39;22.688;16.940
1308;39;23;67.688;74.960
1309;23;39;18.853;17.640
1309;39;23;63.853;75.660
1310;23;39;20.312;3.030
1310;39;23;65.312;61.050
1311;24;25;62.990;66.230
1311;25;24;62.990;68.470
1312;24;25;67.234;78.400
1312;25;24;67.234;80.640
1313;24;26;63.455;77.790
1313;26;24;63.455;80.890
1314;24;26;66.706;57.240
1314;26;24;66.706;60.340
1315;24;27;63.213;65.600
1315;27;24;63.213;69.480
1316;24;28;99.228;75.260
1316;28;24;99.228;79.380
1317;24;28;102.498;69.520
1317;28;24;102.498;73.640
1318;24;28;101.242;71.870
1318;28;24;101.242;75.990
1319;24;29;64.289;65.320
1319;29;24;64.289;70.890
1320;24;30;73.594;60.440
1320;30;24;73.594;66.670
1321;24;31;62.085;62.440
1321;31;24;62.085;69.370
1322;24;32;66.051;66.040
1322;32;24;66.051;73.030
1323;24;33;113.519;67.670
1323;33;24;113.519;74.850
1324;24;33;123.932;57.030
1324;33;24;123.932;64.210
1325;24;33;100.025;53.060
1325;33;24;100.025;60.240
1326;24;34;97.388;68.920
1326;34;24;97.388;76.330
1327;24;34;100.295;50.530
1327;34;24;100.295;57.940
1328;24;34;106.892;63.120
1328;34;24;106.892;70.530
1329;24;35;64.096;52.800
1329;35;24;64.096;60.520
1330;24;35;61.458;65.720
1330;35;24;61.458;73.440
1331;24;35;65.821;61.490
1331;35;24;65.821;69.210
1332;24;36;101.111;59.850
1332;36;24;101.111;68.230
1333;24;36;91.319;69.480
1333;36;24;91.319;77.860
1334;24;37;70.527;59.620
1334;37;24;70.527;68.000
1335;24;37;72.352;61.080
1335;37;24;72.352;69.460
1336;24;37;73.031;70.790
1336;37;24;73.031;79.170
1337;24;38;65.993;53.790
1337;38;24;65.993;63.190
1338;24;38;71.123;71.580
1338;38;24;71.123;80.980
1339;24;39;35.108;12.920
1339;39;24;80.108;69.370
1340;25;26;50.468;59.890
1340;26;25;50.468;60.750
1341;25;26;49.583;69.680
1341;26;25;49.583;70.540
1342;25;26;50.485;61.160
1342;26;25;50.485;62.020
1343;25;27;68.356;57.600
1343;27;25;68.356;59.240
1344;25;28;102.363;69.220
1344;28;25;102.363;71.100
1345;25;28;88.851;77.010
1345;28;25;88.851;78.890
1346;25;29;49.023;65.680
1346;29;25;49.023;69.010
1347;25;29;49.820;72.000
1347;29;25;49.820;75.330
1348;25;29;48.470;67.980
1348;29;25;48.470;71.310
1349;25;30;68.888;67.520
1349;30;25;68.888;71.510
1350;25;30;64.466;66.340
1350;30;25;64.466;70.330
1351;25;30;70.127;69.310
1351;30;25;70.127;73.300
1352;25;31;55.085;57.830
1352;31;25;55.085;62.520
1353;25;31;57.602;62.070
1353;31;25;57.602;66.760
1354;25;32;75.641;52.970
1354;32;25;75.641;57.720
1355;25;32;76.393;62.380
1355;32;25;76.393;67.130
1356;25;33;130.650;65.050
1356;33;25;130.650;69.990
1357;25;33;114.240;68.540
1357;33;25;114.240;73.480
1358;25;33;126.235;72.260
1358;33;25;126.235;77.200
1359;25;34;97.787;72.720
1359;34;25;97.787;77.890
1360;25;35;46.197;62.890
1360;35;25;46.197;68.370
1361;25;35;46.348;63.700
1361;35;25;46.348;69.180
1362;25;35;46.163;65.070
1362;35;25;46.163;70.550
1363;25;36;118.294;62.160
1363;36;25;118.294;68.300
1364;25;36;100.407;63.350
1364;36;25;100.407;69.490
1365;25;37;52.570;54.820
1365;37;25;52.570;60.960
1366;25;38;50.307;71.960
1366;38;25;50.307;79.120
1367;25;38;50.575;50.460
1367;38;25;50.575;57.620
1368;25;39;22.496;7.870
1368;39;25;67.496;62.080
1369;25;39;26.278;18.880
1369;39;25;71.278;73.090
1370;26;27;64.202;72.760
1370;27;26;64.202;73.540
1371;26;27;60.242;64.230
1371;27;26;60.242;65.010
1372;26;28;107.439;61.370
1372;28;26;107.439;62.390
1373;26;29;46.983;73.930
1373;29;26;46.983;76.400
1374;26;30;74.303;53.100
1374;30;26;74.303;56.230
1375;26;30;70.402;63.200
1375;30;26;70.402;66.330
1376;26;30;80.218;67.410
1376;30;26;80.218;70.540
1377;26;31;60.208;56.250
1377;31;26;60.208;60.080
1378;26;31;58.511;68.580
1378;31;26;58.511;72.410
1379;26;32;71.994;73.290
1379;32;26;71.994;77.180
1380;26;32;66.290;61.460
1380;32;26;66.290;65.350
1381;26;33;128.972;59.070
1381;33;26;128.972;63.150
1382;26;33;111.366;65.810
1382;33;26;111.366;69.890
1383;26;33;147.553;51.600
1383;33;26;147.553;55.680
1384;26;34;103.090;70.570
1384;34;26;103.090;74.880
1385;26;34;98.540;63.700
1385;34;26;98.540;68.010
1386;26;35;51.106;72.150
1386;35;26;51.106;76.770
1387;26;35;51.460;60.920
1387;35;26;51.460;65.540
1388;26;36;116.720;72.810
1388;36;26;116.720;78.090
1389;26;36;122.034;69.940
1389;36;26;122.034;75.220
1390;26;37;54.141;57.710
1390;37;26;54.141;62.990
1391;26;37;56.344;58.990
1391;37;26;56.344;64.270
1392;26;38;47.930;57.130
1392;38;26;47.930;63.430
1393;26;38;48.248;69.300
1393;38;26;48.248;75.600
1394;26;38;48.641;68.280
1394;38;26;48.641;74.580
1395;26;39;18.196;1.180
1395;39;26;63.196;54.530
1396;27;28;117.277;73.750
1396;28;27;117.277;73.990
1397;27;28;127.637;76.700
1397;28;27;127.637;76.940
1398;27;28;106.040;70.940
1398;28;27;106.040;71.180
1399;27;29;66.157;50.980
1399;29;27;66.157;52.670
1400;27;29;65.116;58.780
1400;29;27;65.116;60.470
1401;27;30;88.668;65.510
1401;30;27;88.668;67.860
1402;27;30;80.667;50.290
1402;30;27;80.667;52.640
1403;27;31;74.550;62.970
1403;31;27;74.550;66.020
1404;27;31;69.826;60.980
1404;31;27;69.826;64.030
1405;27;31;80.695;53.410
1405;31;27;80.695;56.460
1406;27;32;53.239;51.240
1406;32;27;53.239;54.350
1407;27;32;53.032;54.790
1407;32;27;53.032;57.900
1408;27;33;112.678;51.290
1408;33;27;112.678;54.590
1409;27;34;114.918;55.760
1409;34;27;114.918;59.290
1410;27;34;126.870;61.850
1410;34;27;126.870;65.380
1411;27;34;110.188;73.300
1411;34;27;110.188;76.830
1412;27;35;69.429;52.080
1412;35;27;69.429;55.920
1413;27;35;64.473;54.010
1413;35;27;64.473;57.850
1414;27;36;100.866;65.330
1414;36;27;100.866;69.830
1415;27;36;94.447;63.240
1415;36;27;94.447;67.740
1416;27;36;108.603;58.660
1416;36;27;108.603;63.160
1417;27;37;73.245;71.380
1417;37;27;73.245;75.880
1418;27;38;66.881;50.190
1418;38;27;66.881;55.710
1419;27;39;26.179;10.850
1419;39;27;71.179;63.420
1420;28;29;106.364;72.540
1420;29;28;106.364;73.990
1421;28;29;99.483;52.280
1421;29;28;99.483;53.730
1422;28;30;79.657;71.990
1422;30;28;79.657;74.100
1423;28;30;75.516;70.510
1423;30;28;75.516;72.620
1424;28;31;92.290;74.370
1424;31;28;92.290;77.180
1425;28;31;83.496;68.120
1425;31;28;83.496;70.930
1426;28;32;119.833;72.300
1426;32;28;119.833;75.170
1427;28;33;145.386;57.350
1427;33;28;145.386;60.410
1428;28;33;129.382;69.220
1428;33;28;129.382;72.280
1429;28;34;53.891;49.060
1429;34;28;53.891;52.350
1430;28;35;102.287;62.960
1430;35;28;102.287;66.560
1431;28;36;134.838;54.840
1431;36;28;134.838;59.100
1432;28;37;105.987;50.740
1432;37;28;105.987;55.000
1433;28;38;107.614;48.150
1433;38;28;107.614;53.430
1434;28;38;100.289;64.530
1434;38;28;100.289;69.810
1435;28;38;96.746;54.460
1435;38;28;96.746;59.740
1436;28;39;79.572;23.590
1436;39;28;124.572;75.920
1437;29;30;72.879;69.630
1437;30;29;72.879;70.290
1438;29;30;77.557;70.380
1438;30;29;77.557;71.040
1439;29;30;72.617;73.450
1439;30;29;72.617;74.110
1440;29;31;59.075;69.170
1440;31;29;59.075;70.530
1441;29;32;73.897;49.560
1441;32;29;73.897;50.980
1442;29;32;70.225;57.070
1442;32;29;70.225;58.490
1443;29;33;130.535;53.500
1443;33;29;130.535;55.110
1444;29;33;145.981;69.740
1444;33;29;145.981;71.350
1445;29;33;122.212;53.370
1445;33;29;122.212;54.980
1446;29;34;101.809;59.440
1446;34;29;101.809;61.280
1447;29;34;102.995;52.160
1447;34;29;102.995;54.000
1448;29;34;94.304;72.780
1448;34;29;94.304;74.620
1449;29;35;49.399;50.420
1449;35;29;49.399;52.570
1450;29;36;118.254;61.670
1450;36;29;118.254;64.480
1451;29;36;117.017;69.190
1451;36;29;117.017;72.000
1452;29;37;52.314;52.710
1452;37;29;52.314;55.520
1453;29;38;46.755;59.440
1453;38;29;46.755;63.270
1454;29;38;46.451;63.560
1454;38;29;46.451;67.390
1455;29;38;47.164;65.000
1455;38;29;47.164;68.830
1456;29;39;18.686;22.080
1456;39;29;63.686;72.960
1457;29;39;20.103;11.840
1457;39;29;65.103;62.720
1458;29;39;21.763;13.700
1458;39;29;66.763;64.580
1459;30;31;59.501;68.260
1459;31;30;59.501;68.960
1460;30;31;60.651;55.590
1460;31;30;60.651;56.290
1461;30;31;57.507;71.960
1461;31;30;57.507;72.660
1462;30;32;93.867;65.000
1462;32;30;93.867;65.760
1463;30;32;104.778;65.970
1463;32;30;104.778;66.730
1464;30;32;86.507;71.400
1464;32;30;86.507;72.160
1465;30;33;138.102;53.620
1465;33;30;138.102;54.570
1466;30;34;74.136;53.040
1466;34;30;74.136;54.220
1467;30;34;69.983;66.440
1467;34;30;69.983;67.620
1468;30;35;68.543;72.360
1468;35;30;68.543;73.850
1469;30;35;74.370;52.430
1469;35;30;74.370;53.920
1470;30;35;64.646;72.510
1470;35;30;64.646;74.000
1471;30;36;125.897;68.670
1471;36;30;125.897;70.820
1472;30;36;114.648;55.640
1472;36;30;114.648;57.790
1473;30;37;71.448;48.590
1473;37;30;71.448;50.740
1474;30;38;73.859;70.450
1474;38;30;73.859;73.620
1475;30;39;45.309;21.180
1475;39;30;90.309;71.400
1476;30;39;43.595;13.670
1476;39;30;88.595;63.890
1477;30;39;45.646;24.980
1477;39;30;90.646;75.200
1478;31;32;80.443;52.360
1478;32;31;80.443;52.420
1479;31;32;79.640;73.200
1479;32;31;79.640;73.260
1480;31;32;73.986;60.510
1480;32;31;73.986;60.570
1481;31;33;130.235;49.320
1481;33;31;130.235;49.570
1482;31;33;112.154;58.490
1482;33;31;112.154;58.740
1483;31;33;137.660;55.750
1483;33;31;137.660;56.000
1484;31;34;87.910;62.440
1484;34;31;87.910;62.920
1485;31;35;55.121;64.480
1485;35;31;55.121;65.270
1486;31;35;56.966;56.640
1486;35;31;56.966;57.430
1487;31;36;117.833;51.160
1487;36;31;117.833;52.610
1488;31;36;121.828;63.020
1488;36;31;121.828;64.470
1489;31;37;60.178;60.970
1489;37;31;60.178;62.420
1490;31;37;57.627;48.230
1490;37;31;57.627;49.680
1491;31;38;60.372;66.760
1491;38;31;60.372;69.230
1492;31;39;32.509;1.860
1492;39;31;77.509;51.380
1493;31;39;40.227;0.470
1493;39;31;85.227;49.990
1494;31;39;35.663;13.240
1494;39;31;80.663;62.760
1495;32;33;104.693;70.240
1495;33;32;104.693;70.430
1496;32;33;116.496;63.140
1496;33;32;116.496;63.330
1497;32;34;118.392;59.510
1497;34;32;118.392;59.930
1498;32;35;76.777;54.730
1498;35;32;76.777;55.460
1499;32;35;80.401;72.060
1499;35;32;80.401;72.790
1500;32;36;93.044;55.230
1500;36;32;93.044;56.620
1501;32;36;95.600;68.740
1501;36;32;95.600;70.130
1502;32;36;95.591;56.680
1502;36;32;95.591;58.070
1503;32;37;81.123;70.500
1503;37;32;81.123;71.890
1504;32;37;87.300;48.340
1504;37;32;87.300;49.730
1505;32;37;88.083;50.700
1505;37;32;88.083;52.090
1506;32;38;74.782;63.840
1506;38;32;74.782;66.250
1507;32;39;33.984;6.090
1507;39;32;78.984;55.550
1508;32;39;32.053;20.040
1508;39;32;77.053;69.500
1509;32;39;29.208;13.360
1509;39;32;74.208;62.820
1510;33;34;149.258;71.550
1510;34;33;149.258;71.780
1511;33;34;139.260;49.630
1511;34;33;139.260;49.860
1512;33;35;131.837;51.950
1512;35;33;131.837;52.490
1513;33;36;57.409;59.190
1513;36;33;57.409;60.390
1514;33;37;137.705;56.980
1514;37;33;137.705;58.180
1515;33;37;127.420;52.800
1515;37;33;127.420;54.000
1516;33;37;159.272;72.250
1516;37;33;159.272;73.450
1517;33;38;131.899;48.570
1517;38;33;131.899;50.790
1518;33;38;150.836;48.220
1518;38;33;150.836;50.440
1519;33;39;93.673;4.340
1519;39;33;138.673;53.610
1520;33;39;109.464;8.190
1520;39;33;154.464;57.460
1521;33;39;97.426;9.950
1521;39;33;142.426;59.220
1522;34;35;97.548;67.040
1522;35;34;97.548;67.350
1523;34;35;101.811;69.310
1523;35;34;101.811;69.620
1524;34;35;86.264;51.240
1524;35;34;86.264;51.550
1525;34;36;138.199;58.200
1525;36;34;138.199;59.170
1526;34;36;141.392;50.160
1526;36;34;141.392;51.130
1527;34;37;100.522;49.860
1527;37;34;100.522;50.830
1528;34;38;102.892;62.640
1528;38;34;102.892;64.630
1529;34;39;74.442;17.750
1529;39;34;119.442;66.790
1530;35;36;119.479;69.380
1530;36;35;119.479;70.040
1531;35;36;111.485;51.600
1531;36;35;111.485;52.260
1532;35;36;115.664;53.730
1532;36;35;115.664;54.390
1533;35;37;51.555;57.370
1533;37;35;51.555;58.030
1534;35;38;50.349;52.870
1534;38;35;50.349;54.550
1535;35;39;22.391;7.930
1535;39;35;67.391;56.660
1536;36;37;125.393;71.060
1536;37;36;125.393;71.060
1537;36;37;114.317;54.960
1537;37;36;114.317;54.960
1538;36;37;117.584;64.280
1538;37;36;117.584;64.280
1539;36;38;119.643;47.650
1539;38;36;119.643;48.670
1540;36;39;81.991;11.200
1540;39;36;126.991;59.270
1541;36;39;89.343;15.580
1541;39;36;134.343;63.650
1542;36;39;63.911;24.160
1542;39;36;108.911;72.230
1543;37;38;51.364;71.470
1543;38;37;51.364;72.490
1544;37;38;52.665;50.280
1544;38;37;52.665;51.300
1545;37;38;51.085;56.960
1545;38;37;51.085;57.980
1546;37;39;19.040;7.160
1546;39;37;64.040;55.230
1547;37;39;15.058;11.560
1547;39;37;60.058;59.630
1548;38;39;17.194;10.220
1548;39;38;62.194;57.270
1549;38;39;14.461;1.880
1549;39;38;59.461;48.930
