40
360.0
0;0;1;68.796;116.330
0;1;0;23.796;16.330
1;0;1;71.945;101.320
1;1;0;26.945;1.320
2;0;1;71.493;113.680
2;1;0;26.493;13.680
3;0;2;67.688;92.430
3;2;0;22.688;7.840
4;0;2;73.064;94.840
4;2;0;28.064;10.250
5;0;2;62.992;107.980
5;2;0;17.992;23.390
6;0;3;75.107;90.850
6;3;0;30.107;10.430
7;0;3;68.048;99.350
7;3;0;23.048;18.930
8;0;4;67.496;84.410
8;4;0;22.496;5.380
9;0;4;69.300;81.580
9;4;0;24.300;2.550
10;0;4;70.981;99.180
10;4;0;25.981;20.150
11;0;5;124.572;78.970
11;5;0;79.572;8.840
12;0;5;136.890;89.790
12;5;0;91.890;19.660
13;0;6;63.196;86.780
13;6;0;18.196;18.920
14;0;6;63.899;92.430
14;6;0;18.899;24.570
15;0;7;77.509;76.220
15;7;0;32.509;8.440
16;0;7;72.060;81.010
16;7;0;27.060;13.230
17;0;8;94.491;82.550
17;8;0;49.491;15.700
18;0;8;84.655;69.690
18;8;0;39.655;2.840
19;0;9;138.673;69.030
19;9;0;93.673;2.200
20;0;9;149.596;68.330
20;9;0;104.596;1.500
21;0;9;119.549;87.590
21;9;0;74.549;20.760
22;0;10;90.309;77.780
22;10;0;45.309;11.260
23;0;10;96.746;82.480
23;10;0;51.746;15.960
24;0;10;94.085;76.370
24;10;0;49.085;9.850
25;0;11;119.442;72.100
25;11;0;74.442;6.000
26;0;12;94.508;70.270
26;12;0;49.508;4.190
27;0;12;87.123;82.850
27;12;0;42.123;16.770
28;0;13;63.315;71.900
28;13;0;18.315;6.650
29;0;13;59.632;87.490
29;13;0;14.632;22.240
30;0;14;62.194;68.810
30;14;0;17.194;4.080
31;0;15;73.285;70.820
31;15;0;28.285;8.000
32;0;15;76.090;78.310
32;15;0;31.090;15.490
33;0;15;76.187;80.300
33;15;0;31.187;17.480
34;0;16;53.671;67.550
34;16;0;8.671;6.050
35;0;16;55.676;62.970
35;16;0;10.676;1.470
36;0;17;63.686;76.800
36;17;0;18.686;15.420
37;0;18;71.736;79.560
37;18;0;26.736;19.380
38;0;19;70.336;70.960
38;19;0;25.336;11.450
39;0;20;76.884;78.920
39;20;0;31.884;19.690
40;0;20;71.066;76.590
40;20;0;26.066;17.360
41;0;21;72.562;57.190
41;21;0;27.562;0.230
42;0;21;72.535;81.170
42;21;0;27.535;24.210
43;0;22;75.026;76.110
43;22;0;30.026;19.240
44;0;22;68.246;81.230
44;22;0;23.246;24.360
45;0;23;126.991;67.860
45;23;0;81.991;11.190
46;0;24;60.608;71.410
46;24;0;15.608;15.300
47;0;24;62.672;60.830
47;24;0;17.672;4.720
48;0;24;61.989;72.120
48;24;0;16.989;16.010
49;0;25;63.520;56.670
49;25;0;18.520;1.280
50;0;25;65.238;70.190
50;25;0;20.238;14.800
51;0;26;53.647;72.410
51;26;0;8.647;17.280
52;0;26;51.835;60.360
52;26;0;6.835;5.230
53;0;27;63.520;75.350
53;27;0;18.520;20.410
54;0;27;59.170;68.090
54;27;0;14.170;13.150
55;0;28;64.290;75.070
55;28;0;19.290;20.460
56;0;28;68.661;59.660
56;28;0;23.661;5.050
57;0;29;78.232;59.980
57;29;0;33.232;5.550
58;0;30;51.651;69.770
58;30;0;6.651;16.070
59;0;31;80.108;59.660
59;31;0;35.108;6.000
60;0;32;54.829;63.940
60;32;0;9.829;10.380
61;0;32;55.349;55.770
61;32;0;10.349;2.210
62;0;33;57.868;69.830
62;33;0;12.868;16.300
63;0;33;55.851;78.490
63;33;0;10.851;24.960
64;0;33;57.358;68.010
64;33;0;12.358;14.480
65;0;34;102.583;71.200
65;34;0;57.583;17.950
66;0;35;67.391;61.710
66;35;0;22.391;8.690
67;0;35;69.926;66.660
67;35;0;24.926;13.640
68;0;35;65.726;61.210
68;35;0;20.726;8.190
69;0;36;70.770;75.920
69;36;0;25.770;22.970
70;0;36;74.544;55.260
70;36;0;29.544;2.310
71;0;36;67.739;75.340
71;36;0;22.739;22.390
72;0;37;65.827;64.830
72;37;0;20.827;12.040
73;0;37;68.968;60.460
73;37;0;23.968;7.670
74;0;37;62.725;75.360
74;37;0;17.725;22.570
75;0;38;76.387;76.260
75;38;0;31.387;23.500
76;0;38;75.120;70.860
76;38;0;30.120;18.100
77;0;38;74.816;67.140
77;38;0;29.816;14.380
78;0;39;0.000;18.300
78;39;0;0.000;18.300
79;1;2;91.481;93.830
79;2;1;91.481;109.240
80;1;3;89.354;100.600
80;3;1;89.354;120.180
81;1;3;88.564;104.860
81;3;1;88.564;124.440
82;1;4;90.080;88.710
82;4;1;90.080;109.680
83;1;4;90.001;85.210
83;4;1;90.001;106.180
84;1;5;147.414;87.440
84;5;1;147.414;117.310
85;1;6;84.989;71.460
85;6;1;84.989;103.600
86;1;6;89.340;69.880
86;6;1;89.340;102.020
87;1;6;94.061;74.820
87;6;1;94.061;106.960
88;1;7;100.131;84.250
88;7;1;100.131;116.470
89;1;7;89.816;78.430
89;7;1;89.816;110.650
90;1;7;94.205;90.520
90;7;1;94.205;122.740
91;1;8;110.336;91.820
91;8;1;110.336;124.970
92;1;8;123.848;80.600
92;8;1;123.848;113.750
93;1;8;122.668;69.440
93;8;1;122.668;102.590
94;1;9;142.123;72.050
94;9;1;142.123;105.220
95;1;9;138.012;80.410
95;9;1;138.012;113.580
96;1;9;128.741;72.050
96;9;1;128.741;105.220
97;1;10;113.670;81.420
97;10;1;113.670;114.900
98;1;10;129.060;89.400
98;10;1;129.060;122.880
99;1;10;113.739;86.840
99;10;1;113.739;120.320
100;1;11;142.767;79.870
100;11;1;142.767;113.770
101;1;12;95.417;76.420
101;12;1;95.417;110.340
102;1;12;102.398;87.630
102;12;1;102.398;121.550
103;1;13;86.710;72.030
103;13;1;86.710;106.780
104;1;13;88.061;67.170
104;13;1;88.061;101.920
105;1;14;84.892;71.860
105;14;1;84.892;107.130
106;1;15;51.988;64.500
106;15;1;51.988;101.680
107;1;15;52.328;85.930
107;15;1;52.328;123.110
108;1;16;77.461;79.420
108;16;1;77.461;117.920
109;1;16;84.797;64.070
109;16;1;84.797;102.570
110;1;16;72.306;66.840
110;16;1;72.306;105.340
111;1;17;86.065;71.390
111;17;1;86.065;110.010
112;1;18;81.092;74.180
112;18;1;81.092;114.000
113;1;19;53.171;64.930
113;19;1;53.171;105.420
114;1;20;100.020;63.260
114;20;1;100.020;104.030
115;1;20;92.857;81.010
115;20;1;92.857;121.780
116;1;20;104.193;69.180
116;20;1;104.193;109.950
117;1;21;86.226;69.950
117;21;1;86.226;112.990
118;1;21;84.369;74.870
118;21;1;84.369;117.910
119;1;22;98.562;81.820
119;22;1;98.562;124.950
120;1;22;104.383;62.950
120;22;1;104.383;106.080
121;1;22;95.298;61.430
121;22;1;95.298;104.560
122;1;23;131.923;66.790
122;23;1;131.923;110.120
123;1;23;130.656;79.620
123;23;1;130.656;122.950
124;1;24;81.786;73.420
124;24;1;81.786;117.310
125;1;24;83.833;66.630
125;24;1;83.833;110.520
126;1;24;79.636;60.490
126;24;1;79.636;104.380
127;1;25;85.525;76.430
127;25;1;85.525;121.040
128;1;25;86.384;65.880
128;25;1;86.384;110.490
129;1;26;76.730;70.020
129;26;1;76.730;114.890
130;1;26;81.901;68.970
130;26;1;81.901;113.840
131;1;26;76.037;62.240
131;26;1;76.037;107.110
132;1;27;85.525;56.820
132;27;1;85.525;101.880
133;1;27;77.183;74.590
133;27;1;77.183;119.650
134;1;27;85.925;58.410
134;27;1;85.925;103.470
135;1;28;84.024;74.400
135;28;1;84.024;119.790
136;1;29;90.169;65.510
136;29;1;90.169;111.080
137;1;29;87.120;58.680
137;29;1;87.120;104.250
138;1;30;71.558;67.900
138;30;1;71.558;114.200
139;1;31;98.025;62.780
139;31;1;98.025;109.120
140;1;31;98.558;61.960
140;31;1;98.558;108.300
141;1;32;74.708;62.310
141;32;1;74.708;108.750
142;1;32;79.745;77.620
142;32;1;79.745;124.060
143;1;33;81.426;71.350
143;33;1;81.426;117.820
144;1;34;126.132;61.820
144;34;1;126.132;108.570
145;1;34;116.556;68.720
145;34;1;116.556;115.470
146;1;35;90.240;75.960
146;35;1;90.240;122.940
147;1;35;99.991;61.350
147;35;1;99.991;108.330
148;1;35;81.943;54.030
148;35;1;81.943;101.010
149;1;36;93.720;59.650
149;36;1;93.720;106.700
150;1;36;102.881;65.480
150;36;1;102.881;112.530
151;1;36;94.931;56.160
151;36;1;94.931;103.210
152;1;37;82.779;75.690
152;37;1;82.779;122.900
153;1;38;53.115;57.830
153;38;1;53.115;105.070
154;1;39;23.796;20.630
154;39;1;68.796;120.630
155;1;39;23.079;18.130
155;39;1;68.079;118.130
156;1;39;25.162;11.960
156;39;1;70.162;111.960
157;2;3;75.314;102.150
157;3;2;75.314;106.320
158;2;3;71.611;90.400
158;3;2;71.611;94.570
159;2;3;72.907;83.920
159;3;2;72.907;88.090
160;2;4;54.749;96.740
160;4;2;54.749;102.300
161;2;4;52.417;102.880
161;4;2;52.417;108.440
162;2;5;103.279;86.080
162;5;2;103.279;100.540
163;2;5;112.314;86.280
163;5;2;112.314;100.740
164;2;5;99.707;83.640
164;5;2;99.707;98.100
165;2;6;57.858;83.700
165;6;2;57.858;100.430
166;2;7;59.400;81.500
166;7;2;59.400;98.310
167;2;7;56.284;85.140
167;7;2;56.284;101.950
168;2;7;59.098;84.390
168;7;2;59.098;101.200
169;2;8;86.520;78.360
169;8;2;86.520;96.100
170;2;9;140.389;85.870
170;9;2;140.389;103.630
171;2;10;68.621;85.990
171;10;2;68.621;104.060
172;2;10;74.028;66.930
172;10;2;74.028;85.000
173;2;10;71.276;90.060
173;10;2;71.276;108.130
174;2;11;97.433;91.060
174;11;2;97.433;109.550
175;2;12;103.016;81.650
175;12;2;103.016;100.160
176;2;12;98.051;79.460
176;12;2;98.051;97.970
177;2;13;52.549;87.560
177;13;2;52.549;106.900
178;2;13;52.318;81.630
178;13;2;52.318;100.970
179;2;14;55.323;74.720
179;14;2;55.323;94.580
180;2;14;53.137;83.300
180;14;2;53.137;103.160
181;2;15;95.763;65.300
181;15;2;95.763;87.070
182;2;16;59.020;71.340
182;16;2;59.020;94.430
183;2;16;61.127;80.990
183;16;2;61.127;104.080
184;2;17;55.905;79.480
184;17;2;55.905;102.690
185;2;17;57.503;63.210
185;17;2;57.503;86.420
186;2;18;79.348;64.560
186;18;2;79.348;88.970
187;2;18;81.472;68.290
187;18;2;81.472;92.700
188;2;18;84.444;74.520
188;18;2;84.444;98.930
189;2;19;92.282;75.330
189;19;2;92.282;100.410
190;2;19;94.689;63.050
190;19;2;94.689;88.130
191;2;19;95.895;69.400
191;19;2;95.895;94.480
192;2;20;57.000;78.480
192;20;2;57.000;103.840
193;2;20;57.415;82.630
193;20;2;57.415;107.990
194;2;21;74.821;81.880
194;21;2;74.821;109.510
195;2;21;75.825;69.440
195;21;2;75.825;97.070
196;2;21;75.596;69.900
196;21;2;75.596;97.530
197;2;22;54.344;75.360
197;22;2;54.344;103.080
198;2;23;128.027;68.270
198;23;2;128.027;96.190
199;2;23;110.504;74.700
199;23;2;110.504;102.620
200;2;24;60.128;78.280
200;24;2;60.128;106.760
201;2;24;59.646;72.950
201;24;2;59.646;101.430
202;2;25;57.156;60.070
202;25;2;57.156;89.270
203;2;25;58.720;66.350
203;25;2;58.720;95.550
204;2;26;60.381;77.950
204;26;2;60.381;107.410
205;2;26;56.862;66.890
205;26;2;56.862;96.350
206;2;26;57.814;55.340
206;26;2;57.814;84.800
207;2;27;57.156;56.100
207;27;2;57.156;85.750
208;2;27;58.601;69.840
208;27;2;58.601;99.490
209;2;27;55.094;58.390
209;27;2;55.094;88.040
210;2;28;62.705;57.380
210;28;2;62.705;87.360
211;2;28;60.352;69.770
211;28;2;60.352;99.750
212;2;28;59.235;63.310
212;28;2;59.235;93.290
213;2;29;80.092;69.640
213;29;2;80.092;99.800
214;2;29;73.423;76.680
214;29;2;73.423;106.840
215;2;29;87.408;71.100
215;29;2;87.408;101.260
216;2;30;66.487;73.230
216;30;2;66.487;104.120
217;2;30;70.695;70.780
217;30;2;70.695;101.670
218;2;31;72.411;72.660
218;31;2;72.411;103.590
219;2;31;67.768;57.740
219;31;2;67.768;88.670
220;2;32;64.811;68.760
220;32;2;64.811;99.790
221;2;32;68.402;72.480
221;32;2;68.402;103.510
222;2;33;55.797;74.910
222;33;2;55.797;105.970
223;2;33;55.054;72.820
223;33;2;55.054;103.880
224;2;34;80.299;57.970
224;34;2;80.299;89.310
225;2;34;73.946;61.760
225;34;2;73.946;93.100
226;2;35;53.556;76.620
226;35;2;53.556;108.190
227;2;35;54.265;66.100
227;35;2;54.265;97.670
228;2;36;53.883;76.910
228;36;2;53.883;108.550
229;2;36;53.972;72.010
229;36;2;53.972;103.650
230;2;36;53.953;76.820
230;36;2;53.953;108.460
231;2;37;67.821;56.340
231;37;2;67.821;88.140
232;2;38;98.965;67.510
232;38;2;98.965;99.340
233;2;39;22.688;5.350
233;39;2;67.688;89.940
234;2;39;17.964;23.270
234;39;2;62.964;107.860
235;2;39;26.363;24.780
235;39;2;71.363;109.370
236;3;4;65.740;94.380
236;4;3;65.740;95.770
237;3;4;62.948;100.620
237;4;3;62.948;102.010
238;3;4;62.981;92.750
238;4;3;62.981;94.140
239;3;5;110.123;89.940
239;5;3;110.123;100.230
240;3;5;100.406;75.040
240;5;3;100.406;85.330
241;3;6;63.125;87.620
241;6;3;63.125;100.180
242;3;7;69.601;70.870
242;7;3;69.601;83.510
243;3;7;71.691;71.360
243;7;3;71.691;84.000
244;3;8;65.984;74.330
244;8;3;65.984;87.900
245;3;8;67.197;75.920
245;8;3;67.197;89.490
246;3;8;64.045;83.560
246;8;3;64.045;97.130
247;3;9;110.940;68.730
247;9;3;110.940;82.320
248;3;10;82.998;69.280
248;10;3;82.998;83.180
249;3;10;84.224;81.200
249;10;3;84.224;95.100
250;3;11;108.137;76.060
250;11;3;108.137;90.380
251;3;11;103.211;74.200
251;11;3;103.211;88.520
252;3;11;110.728;82.850
252;11;3;110.728;97.170
253;3;12;73.717;85.530
253;12;3;73.717;99.870
254;3;12;70.607;76.110
254;12;3;70.607;90.450
255;3;13;79.073;79.110
255;13;3;79.073;94.280
256;3;13;87.103;82.510
256;13;3;87.103;97.680
257;3;14;66.053;65.100
257;14;3;66.053;80.790
258;3;14;62.020;83.680
258;14;3;62.020;99.370
259;3;15;96.088;85.940
259;15;3;96.088;103.540
260;3;15;102.436;62.860
260;15;3;102.436;80.460
261;3;16;72.936;64.940
261;16;3;72.936;83.860
262;3;16;76.936;83.150
262;16;3;76.936;102.070
263;3;17;64.813;70.650
263;17;3;64.813;89.690
264;3;18;55.054;62.960
264;18;3;55.054;83.200
265;3;18;54.544;66.490
265;18;3;54.544;86.730
266;3;19;84.813;59.810
266;19;3;84.813;80.720
267;3;19;93.256;75.270
267;19;3;93.256;96.180
268;3;20;72.199;65.200
268;20;3;72.199;86.390
269;3;20;67.016;72.340
269;20;3;67.016;93.530
270;3;21;48.134;65.710
270;21;3;48.134;89.170
271;3;21;47.515;76.280
271;21;3;47.515;99.740
272;3;21;48.861;63.450
272;21;3;48.861;86.910
273;3;22;84.115;64.670
273;22;3;84.115;88.220
274;3;22;80.355;58.170
274;22;3;80.355;81.720
275;3;23;98.755;76.090
275;23;3;98.755;99.840
276;3;23;100.799;77.830
276;23;3;100.799;101.580
277;3;24;62.643;62.770
277;24;3;62.643;87.080
278;3;25;63.660;61.800
278;25;3;63.660;86.830
279;3;25;67.155;70.740
279;25;3;67.155;95.770
280;3;26;69.444;78.810
280;26;3;69.444;104.100
281;3;27;63.660;72.770
281;27;3;63.660;98.250
282;3;27;65.040;79.270
282;27;3;65.040;104.750
283;3;28;58.515;55.080
283;28;3;58.515;80.890
284;3;29;49.830;77.920
284;29;3;49.830;103.910
285;3;30;68.466;60.840
285;30;3;68.466;87.560
286;3;30;66.290;66.610
286;30;3;66.290;93.330
287;3;30;63.928;55.640
287;30;3;63.928;82.360
288;3;31;55.896;65.240
288;31;3;55.896;92.000
289;3;32;65.413;66.250
289;32;3;65.413;93.110
290;3;33;76.379;59.370
290;33;3;76.379;86.260
291;3;34;94.880;74.920
291;34;3;94.880;102.090
292;3;34;99.817;72.050
292;34;3;99.817;99.220
293;3;34;98.004;75.480
293;34;3;98.004;102.650
294;3;35;66.925;75.700
294;35;3;66.925;103.100
295;3;35;71.150;70.090
295;35;3;71.150;97.490
296;3;36;68.327;64.640
296;36;3;68.327;92.110
297;3;37;54.569;65.240
297;37;3;54.569;92.870
298;3;37;55.229;65.670
298;37;3;55.229;93.300
299;3;38;93.521;76.480
299;38;3;93.521;104.140
300;3;38;84.108;67.880
300;38;3;84.108;95.540
301;3;39;30.107;8.680
301;39;3;75.107;89.100
302;3;39;32.855;12.520
302;39;3;77.855;92.940
303;3;39;26.287;19.540
303;39;3;71.287;99.960
304;4;5;102.363;84.640
304;5;4;102.363;93.540
305;4;5;113.207;71.630
305;5;4;113.207;80.530
306;4;6;50.468;71.160
306;6;4;50.468;82.330
307;4;6;50.120;78.730
307;6;4;50.120;89.900
308;4;6;49.198;88.060
308;6;4;49.198;99.230
309;4;7;55.085;89.920
309;7;4;55.085;101.170
310;4;7;56.215;91.020
310;7;4;56.215;102.270
311;4;7;53.130;68.100
311;7;4;53.130;79.350
312;4;8;77.528;86.100
312;8;4;77.528;98.280
313;4;8;72.727;81.390
313;8;4;72.727;93.570
314;4;8;74.906;86.600
314;8;4;74.906;98.780
315;4;9;130.650;68.300
315;9;4;130.650;80.500
316;4;9;151.674;79.320
316;9;4;151.674;91.520
317;4;9;109.591;90.100
317;9;4;109.591;102.300
318;4;10;68.888;89.960
318;10;4;68.888;102.470
319;4;11;97.787;84.860
319;11;4;97.787;97.790
320;4;12;93.924;73.580
320;12;4;93.924;86.530
321;4;13;60.226;70.090
321;13;4;60.226;83.870
322;4;14;50.307;84.840
322;14;4;50.307;99.140
323;4;14;50.878;77.670
323;14;4;50.878;91.970
324;4;15;95.384;81.890
324;15;4;95.384;98.100
325;4;15;90.179;85.170
325;15;4;90.179;101.380
326;4;16;59.979;82.720
326;16;4;59.979;100.250
327;4;16;59.951;68.600
327;16;4;59.951;86.130
328;4;16;62.126;66.780
328;16;4;62.126;84.310
329;4;17;49.023;85.500
329;17;4;49.023;103.150
330;4;17;49.542;64.530
330;17;4;49.542;82.180
331;4;18;70.880;66.970
331;18;4;70.880;85.820
332;4;18;66.063;73.710
332;18;4;66.063;92.560
333;4;19;89.188;73.470
333;19;4;89.188;92.990
334;4;19;96.796;70.640
334;19;4;96.796;90.160
335;4;20;55.181;66.910
335;20;4;55.181;86.710
336;4;20;55.722;83.390
336;20;4;55.722;103.190
337;4;21;65.552;57.970
337;21;4;65.552;80.040
338;4;22;63.382;60.290
338;22;4;63.382;82.450
339;4;22;59.414;68.780
339;22;4;59.414;90.940
340;4;23;118.294;67.640
340;23;4;118.294;90.000
341;4;23;102.072;77.610
341;23;4;102.072;99.970
342;4;24;53.778;58.520
342;24;4;53.778;81.440
343;4;24;55.829;57.610
343;24;4;55.829;80.530
344;4;24;53.449;62.680
344;24;4;53.449;85.600
345;4;25;49.777;71.470
345;25;4;49.777;95.110
346;4;26;58.852;55.840
346;26;4;58.852;79.740
347;4;26;57.246;76.080
347;26;4;57.246;99.980
348;4;26;60.088;62.250
348;26;4;60.088;86.150
349;4;27;49.777;72.310
349;27;4;49.777;96.400
350;4;27;50.551;57.450
350;27;4;50.551;81.540
351;4;28;54.290;64.190
351;28;4;54.290;88.610
352;4;28;53.570;68.490
352;28;4;53.570;92.910
353;4;28;54.041;68.650
353;28;4;54.041;93.070
354;4;29;70.556;58.860
354;29;4;70.556;83.460
355;4;30;63.534;69.680
355;30;4;63.534;95.010
356;4;30;61.412;61.750
356;30;4;61.412;87.080
357;4;31;62.990;54.140
357;31;4;62.990;79.510
358;4;31;67.152;60.180
358;31;4;67.152;85.550
359;4;32;60.606;71.650
359;32;4;60.606;97.120
360;4;33;60.107;61.830
360;33;4;60.107;87.330
361;4;34;81.571;57.390
361;34;4;81.571;83.170
362;4;34;85.996;68.900
362;34;4;85.996;94.680
363;4;34;84.163;78.080
363;34;4;84.163;103.860
364;4;35;46.197;74.650
364;35;4;46.197;100.660
365;4;35;46.151;72.120
365;35;4;46.151;98.130
366;4;35;46.096;59.670
366;35;4;46.096;85.680
367;4;36;48.907;77.700
367;36;4;48.907;103.780
368;4;37;59.254;73.630
368;37;4;59.254;99.870
369;4;37;58.509;69.460
369;37;4;58.509;95.700
370;4;37;58.037;66.280
370;37;4;58.037;92.520
371;4;38;96.814;67.730
371;38;4;96.814;94.000
372;4;38;87.602;70.810
372;38;4;87.602;97.080
373;4;38;107.951;56.710
373;38;4;107.951;82.980
374;4;39;22.496;6.300
374;39;4;67.496;85.330
375;4;39;21.674;18.110
375;39;4;66.674;97.140
376;5;6;107.439;80.730
376;6;5;107.439;83.000
377;5;6;98.698;75.370
377;6;5;98.698;77.640
378;5;7;92.290;86.580
378;7;5;92.290;88.930
379;5;7;84.542;91.770
379;7;5;84.542;94.120
380;5;7;101.151;74.630
380;7;5;101.151;76.980
381;5;8;96.851;67.210
381;8;5;96.851;70.490
382;5;8;86.561;77.060
382;8;5;86.561;80.340
383;5;8;85.398;75.170
383;8;5;85.398;78.450
384;5;9;145.386;73.080
384;9;5;145.386;76.380
385;5;10;79.657;91.090
385;10;5;79.657;94.700
386;5;10;82.815;69.570
386;10;5;82.815;73.180
387;5;11;53.891;88.380
387;11;5;53.891;92.410
388;5;11;55.560;72.880
388;11;5;55.560;76.910
389;5;12;133.529;87.530
389;12;5;133.529;91.580
390;5;13;110.310;87.340
390;13;5;110.310;92.220
391;5;13;94.239;67.580
391;13;5;94.239;72.460
392;5;14;107.614;86.860
392;14;5;107.614;92.260
393;5;15;152.715;74.940
393;15;5;152.715;82.250
394;5;15;161.271;84.300
394;15;5;161.271;91.610
395;5;15;136.317;75.380
395;15;5;136.317;82.690
396;5;16;116.280;74.350
396;16;5;116.280;82.980
397;5;16;129.580;82.780
397;16;5;129.580;91.410
398;5;17;106.364;85.290
398;17;5;106.364;94.040
399;5;17;112.236;79.360
399;17;5;112.236;88.110
400;5;17;113.098;72.780
400;17;5;113.098;81.530
401;5;18;120.007;84.410
401;18;5;120.007;94.360
402;5;18;124.841;67.090
402;18;5;124.841;77.040
403;5;18;112.299;78.290
403;18;5;112.299;88.240
404;5;19;145.892;76.190
404;19;5;145.892;86.810
405;5;20;92.692;60.660
405;20;5;92.692;71.560
406;5;21;112.603;74.580
406;21;5;112.603;87.750
407;5;22;100.587;64.950
407;22;5;100.587;78.210
408;5;23;134.838;75.930
408;23;5;134.838;89.390
409;5;24;110.684;59.870
409;24;5;110.684;73.890
410;5;25;106.891;74.690
410;25;5;106.891;89.430
411;5;26;116.038;67.000
411;26;5;116.038;82.000
412;5;26;116.259;70.400
412;26;5;116.259;85.400
413;5;27;106.891;73.780
413;27;5;106.891;88.970
414;5;28;109.018;57.570
414;28;5;109.018;73.090
415;5;28;104.937;67.410
415;28;5;104.937;82.930
416;5;29;113.043;64.680
416;29;5;113.043;80.380
417;5;29;114.521;69.900
417;29;5;114.521;85.600
418;5;30;120.858;59.250
418;30;5;120.858;75.680
419;5;30;135.691;74.120
419;30;5;135.691;90.550
420;5;30;102.340;63.680
420;30;5;102.340;80.110
421;5;31;99.228;75.650
421;31;5;99.228;92.120
422;5;31;112.594;64.590
422;31;5;112.594;81.060
423;5;31;92.331;74.370
423;31;5;92.331;90.840
424;5;32;117.753;58.590
424;32;5;117.753;75.160
425;5;32;107.406;60.710
425;32;5;107.406;77.280
426;5;33;114.031;61.810
426;33;5;114.031;78.410
427;5;34;69.273;62.890
427;34;5;69.273;79.770
428;5;34;73.690;55.380
428;34;5;73.690;72.260
429;5;35;102.287;62.570
429;35;5;102.287;79.680
430;5;35;93.038;58.260
430;35;5;93.038;75.370
431;5;36;98.844;62.380
431;36;5;98.844;79.560
432;5;36;102.257;75.660
432;36;5;102.257;92.840
433;5;37;111.786;60.540
433;37;5;111.786;77.880
434;5;37;100.535;61.820
434;37;5;100.535;79.160
435;5;37;119.645;67.820
435;37;5;119.645;85.160
436;5;38;153.905;77.450
436;38;5;153.905;94.820
437;5;38;145.072;64.710
437;38;5;145.072;82.080
438;5;39;79.572;12.790
438;39;5;124.572;82.920
439;5;39;74.792;17.440
439;39;5;119.792;87.570
440;6;7;60.208;81.600
440;7;6;60.208;81.680
441;6;8;78.322;71.540
441;8;6;78.322;72.550
442;6;8;71.743;70.190
442;8;6;71.743;71.200
443;6;8;81.801;83.910
443;8;6;81.801;84.920
444;6;9;128.972;85.390
444;9;6;128.972;86.420
445;6;9;108.447;88.120
445;9;6;108.447;89.150
446;6;10;74.303;68.330
446;10;6;74.303;69.670
447;6;10;75.737;83.730
447;10;6;75.737;85.070
448;6;10;67.016;81.580
448;10;6;67.016;82.920
449;6;11;103.090;90.620
449;11;6;103.090;92.380
450;6;12;90.195;71.370
450;12;6;90.195;73.150
451;6;12;99.750;88.530
451;12;6;99.750;90.310
452;6;12;100.803;72.520
452;12;6;100.803;74.300
453;6;13;60.964;87.000
453;13;6;60.964;89.610
454;6;13;62.868;74.390
454;13;6;62.868;77.000
455;6;14;47.930;66.200
455;14;6;47.930;69.330
456;6;15;90.512;73.950
456;15;6;90.512;78.990
457;6;16;56.952;67.670
457;16;6;56.952;74.030
458;6;17;46.983;79.890
458;17;6;46.983;86.370
459;6;17;46.537;77.660
459;17;6;46.537;84.140
460;6;18;66.505;83.040
460;18;6;66.505;90.720
461;6;18;71.030;65.800
461;18;6;71.030;73.480
462;6;18;64.481;67.350
462;18;6;64.481;75.030
463;6;19;83.807;83.660
463;19;6;83.807;92.010
464;6;19;90.440;75.450
464;19;6;90.440;83.800
465;6;19;84.012;76.100
465;19;6;84.012;84.450
466;6;20;60.628;74.040
466;20;6;60.628;82.670
467;6;20;56.841;70.760
467;20;6;56.841;79.390
468;6;21;62.198;75.330
468;21;6;62.198;86.230
469;6;21;64.191;80.990
469;21;6;64.191;91.890
470;6;22;67.147;80.120
470;22;6;67.147;91.110
471;6;23;116.720;59.410
471;23;6;116.720;70.600
472;6;23;104.835;78.390
472;23;6;104.835;89.580
473;6;24;48.328;57.430
473;24;6;48.328;69.180
474;6;24;48.914;68.680
474;24;6;48.914;80.430
475;6;24;48.803;61.710
475;24;6;48.803;73.460
476;6;25;45.760;72.840
476;25;6;45.760;85.310
477;6;25;45.775;58.040
477;25;6;45.775;70.510
478;6;26;54.733;56.000
478;26;6;54.733;68.730
479;6;27;45.760;63.580
479;27;6;45.760;76.500
480;6;27;45.880;62.610
480;27;6;45.880;75.530
481;6;28;49.879;74.800
481;28;6;49.879;88.050
482;6;29;67.745;62.290
482;29;6;67.745;75.720
483;6;30;58.464;59.680
483;30;6;58.464;73.840
484;6;30;56.292;58.560
484;30;6;56.292;72.720
485;6;30;59.902;59.960
485;30;6;59.902;74.120
486;6;31;63.455;56.720
486;31;6;63.455;70.920
487;6;31;63.956;68.250
487;31;6;63.956;82.450
488;6;31;68.013;75.390
488;31;6;68.013;89.590
489;6;32;55.322;63.320
489;32;6;55.322;77.620
490;6;32;56.147;65.000
490;32;6;56.147;79.300
491;6;32;55.900;61.220
491;32;6;55.900;75.520
492;6;33;58.896;60.350
492;33;6;58.896;74.680
493;6;33;58.629;56.730
493;33;6;58.629;71.060
494;6;33;61.467;60.830
494;33;6;61.467;75.160
495;6;34;87.003;58.380
495;34;6;87.003;72.990
496;6;34;86.317;55.010
496;34;6;86.317;69.620
497;6;35;51.106;54.460
497;35;6;51.106;69.300
498;6;35;50.236;74.860
498;35;6;50.236;89.700
499;6;35;50.318;53.790
499;35;6;50.318;68.630
500;6;36;54.374;54.080
500;36;6;54.374;68.990
501;6;37;54.969;55.690
501;37;6;54.969;70.760
502;6;38;91.546;68.410
502;38;6;91.546;83.510
503;6;39;18.196;5.900
503;39;6;63.196;73.760
504;6;39;19.830;11.970
504;39;6;64.830;79.830
505;7;8;74.022;66.920
505;8;7;74.022;67.850
506;7;9;130.235;78.560
506;9;7;130.235;79.510
507;7;10;59.501;83.420
507;10;7;59.501;84.680
508;7;10;57.733;83.210
508;10;7;57.733;84.470
509;7;11;87.910;72.220
509;11;7;87.910;73.900
510;7;12;98.228;89.760
510;12;7;98.228;91.460
511;7;13;66.825;80.850
511;13;7;66.825;83.380
512;7;13;67.979;71.950
512;13;7;67.979;74.480
513;7;13;69.677;88.420
513;13;7;69.677;90.950
514;7;14;60.372;77.880
514;14;7;60.372;80.930
515;7;14;57.266;67.270
515;14;7;57.266;70.320
516;7;14;59.282;67.200
516;14;7;59.282;70.250
517;7;15;105.469;76.270
517;15;7;105.469;81.230
518;7;15;105.760;74.700
518;15;7;105.760;79.660
519;7;16;69.630;61.650
519;16;7;69.630;67.930
520;7;16;72.889;63.100
520;16;7;72.889;69.380
521;7;16;69.053;65.360
521;16;7;69.053;71.640
522;7;17;59.075;72.620
522;17;7;59.075;79.020
523;7;17;62.493;76.980
523;17;7;62.493;83.380
524;7;18;77.326;65.530
524;18;7;77.326;73.130
525;7;18;72.698;68.220
525;18;7;72.698;75.820
526;7;18;76.336;77.510
526;18;7;76.336;85.110
527;7;19;98.966;63.070
527;19;7;98.966;71.340
528;7;20;48.361;71.330
528;20;7;48.361;79.880
529;7;21;70.644;79.140
529;21;7;70.644;89.960
530;7;21;71.063;80.610
530;21;7;71.063;91.430
531;7;22;63.996;78.680
531;22;7;63.996;89.590
532;7;22;68.265;74.510
532;22;7;68.265;85.420
533;7;22;61.030;60.960
533;22;7;61.030;71.870
534;7;23;117.833;71.790
534;23;7;117.833;82.900
535;7;24;63.504;66.080
535;24;7;63.504;77.750
536;7;24;60.755;58.620
536;24;7;60.755;70.290
537;7;24;67.589;70.940
537;24;7;67.589;82.610
538;7;25;59.627;73.230
538;25;7;59.627;85.620
539;7;25;61.284;65.010
539;25;7;61.284;77.400
540;7;26;68.885;65.760
540;26;7;68.885;78.410
541;7;26;72.644;74.990
541;26;7;72.644;87.640
542;7;27;59.627;66.100
542;27;7;59.627;78.940
543;7;27;58.620;75.030
543;27;7;58.620;87.870
544;7;28;62.568;62.890
544;28;7;62.568;76.060
545;7;28;58.857;70.430
545;28;7;58.857;83.600
546;7;29;74.210;72.690
546;29;7;74.210;86.040
547;7;30;73.573;57.360
547;30;7;73.573;71.440
548;7;30;76.379;69.900
548;30;7;76.379;83.980
549;7;31;62.085;70.160
549;31;7;62.085;84.280
550;7;32;70.526;63.360
550;32;7;70.526;77.580
551;7;33;68.627;62.220
551;33;7;68.627;76.470
552;7;34;72.178;62.510
552;34;7;72.178;77.040
553;7;34;73.986;74.900
553;34;7;73.986;89.430
554;7;35;55.121;72.730
554;35;7;55.121;87.490
555;7;35;52.957;64.390
555;35;7;52.957;79.150
556;7;36;51.858;74.960
556;36;7;51.858;89.790
557;7;36;52.559;75.120
557;36;7;52.559;89.950
558;7;37;66.551;57.200
558;37;7;66.551;72.190
559;7;38;106.754;68.800
559;38;7;106.754;83.820
560;7;38;120.472;74.270
560;38;7;120.472;89.290
561;7;39;32.509;2.600
561;39;7;77.509;70.380
562;7;39;39.665;8.050
562;39;7;84.665;75.830
563;7;39;36.159;19.650
563;39;7;81.159;87.430
564;8;9;102.209;84.880
564;9;8;102.209;84.900
565;8;9;90.777;90.490
565;9;8;90.777;90.510
566;8;10;80.955;69.200
566;10;8;80.955;69.530
567;8;10;89.687;69.230
567;10;8;89.687;69.560
568;8;10;84.163;80.210
568;10;8;84.163;80.540
569;8;11;97.504;81.510
569;11;8;97.504;82.260
570;8;11;105.765;83.930
570;11;8;105.765;84.680
571;8;11;108.889;78.270
571;11;8;108.889;79.020
572;8;12;81.911;72.040
572;12;8;81.911;72.810
573;8;13;92.752;65.470
573;13;8;92.752;67.070
574;8;13;98.285;83.830
574;13;8;98.285;85.430
575;8;14;80.845;85.190
575;14;8;80.845;87.310
576;8;14;78.707;76.750
576;14;8;78.707;78.870
577;8;15;117.069;64.020
577;15;8;117.069;68.050
578;8;15;107.263;71.350
578;15;8;107.263;75.380
579;8;15;114.738;83.420
579;15;8;114.738;87.450
580;8;16;90.133;63.870
580;16;8;90.133;69.220
581;8;16;98.857;68.810
581;16;8;98.857;74.160
582;8;16;94.247;71.320
582;16;8;94.247;76.670
583;8;17;79.129;85.640
583;17;8;79.129;91.110
584;8;17;83.823;78.260
584;17;8;83.823;83.730
585;8;17;85.143;66.630
585;17;8;85.143;72.100
586;8;18;74.997;74.470
586;18;8;74.997;81.140
587;8;18;76.972;67.550
587;18;8;76.972;74.220
588;8;19;105.577;78.820
588;19;8;105.577;86.160
589;8;20;77.378;68.390
589;20;8;77.378;76.010
590;8;20;80.744;82.660
590;20;8;80.744;90.280
591;8;20;70.216;73.010
591;20;8;70.216;80.630
592;8;21;69.109;65.140
592;21;8;69.109;75.030
593;8;22;92.913;67.000
593;22;8;92.913;76.980
594;8;22;96.042;61.650
594;22;8;96.042;71.630
595;8;22;91.568;79.420
595;22;8;91.568;89.400
596;8;23;89.955;62.340
596;23;8;89.955;72.520
597;8;24;79.637;65.950
597;24;8;79.637;76.690
598;8;25;78.457;59.140
598;25;8;78.457;70.600
599;8;25;73.060;80.370
599;25;8;73.060;91.830
600;8;25;74.429;62.150
600;25;8;74.429;73.610
601;8;26;87.276;73.810
601;26;8;87.276;85.530
602;8;26;80.340;77.260
602;26;8;80.340;88.980
603;8;27;78.457;67.880
603;27;8;78.457;79.790
604;8;28;75.463;65.560
604;28;8;75.463;77.800
605;8;29;65.896;69.880
605;29;8;65.896;82.300
606;8;29;69.590;62.090
606;29;8;69.590;74.510
607;8;30;88.091;62.190
607;30;8;88.091;75.340
608;8;31;59.867;78.490
608;31;8;59.867;91.680
609;8;32;84.694;72.880
609;32;8;84.694;86.170
610;8;32;74.923;61.620
610;32;8;74.923;74.910
611;8;32;78.114;75.250
611;32;8;78.114;88.540
612;8;33;92.035;60.520
612;33;8;92.035;73.840
613;8;34;89.204;66.710
613;34;8;89.204;80.310
614;8;34;94.238;53.980
614;34;8;94.238;67.580
615;8;34;98.958;77.490
615;34;8;98.958;91.090
616;8;35;78.564;53.450
616;35;8;78.564;67.280
617;8;35;83.582;75.690
617;35;8;83.582;89.520
618;8;36;77.660;56.880
618;36;8;77.660;70.780
619;8;36;71.539;61.400
619;36;8;71.539;75.300
620;8;37;73.902;71.960
620;37;8;73.902;86.020
621;8;38;114.299;68.690
621;38;8;114.299;82.780
622;8;38;121.161;63.330
622;38;8;121.161;77.420
623;8;39;49.491;9.150
623;39;8;94.491;76.000
624;8;39;43.840;22.350
624;39;8;88.840;89.200
625;9;10;138.102;69.890
625;10;9;138.102;70.200
626;9;10;149.890;67.850
626;10;9;149.890;68.160
627;9;11;149.258;67.570
627;11;9;149.258;68.300
628;9;12;91.711;69.220
628;12;9;91.711;69.970
629;9;12;94.921;87.440
629;12;9;94.921;88.190
630;9;12;96.933;82.880
630;12;9;96.933;83.630
631;9;13;144.932;81.020
631;13;9;144.932;82.600
632;9;13;127.829;75.530
632;13;9;127.829;77.110
633;9;13;167.310;67.450
633;13;9;167.310;69.030
634;9;14;131.899;72.860
634;14;9;131.899;74.960
635;9;15;148.777;69.500
635;15;9;148.777;73.510
636;9;15;151.327;80.970
636;15;9;151.327;84.980
637;9;15;153.323;64.240
637;15;9;153.323;68.250
638;9;16;138.521;71.220
638;16;9;138.521;76.550
639;9;17;130.535;83.250
639;17;9;130.535;88.700
640;9;18;111.937;75.760
640;18;9;111.937;82.410
641;9;18;115.492;75.680
641;18;9;115.492;82.330
642;9;19;134.327;62.140
642;19;9;134.327;69.460
643;9;19;146.783;72.830
643;19;9;146.783;80.150
644;9;20;133.556;79.490
644;20;9;133.556;87.090
645;9;20;134.032;79.590
645;20;9;134.032;87.190
646;9;21;112.493;78.430
646;21;9;112.493;88.300
647;9;21;108.908;63.060
647;21;9;108.908;72.930
648;9;21;101.888;67.260
648;21;9;101.888;77.130
649;9;22;148.288;80.370
649;22;9;148.288;90.330
650;9;22;173.107;62.180
650;22;9;173.107;72.140
651;9;22;165.145;81.520
651;22;9;165.145;91.480
652;9;23;57.409;70.390
652;23;9;57.409;80.550
653;9;24;128.549;69.120
653;24;9;128.549;79.840
654;9;24;128.293;58.500
654;24;9;128.293;69.220
655;9;25;129.450;65.790
655;25;9;129.450;77.230
656;9;25;115.397;70.470
656;25;9;115.397;81.910
657;9;26;134.874;75.150
657;26;9;134.874;86.850
658;9;26;156.582;60.860
658;26;9;156.582;72.560
659;9;27;129.450;78.690
659;27;9;129.450;90.580
660;9;28;124.454;77.330
660;28;9;124.454;89.550
661;9;28;114.601;62.060
661;28;9;114.601;74.280
662;9;28;120.547;55.100
662;28;9;120.547;67.320
663;9;29;106.618;55.420
663;29;9;106.618;67.820
664;9;29;95.330;74.590
664;29;9;95.330;86.990
665;9;30;132.307;74.300
665;30;9;132.307;87.430
666;9;31;113.519;67.110
666;31;9;113.519;80.280
667;9;32;130.017;60.790
667;32;9;130.017;74.060
668;9;33;142.279;61.220
668;33;9;142.279;74.520
669;9;34;145.154;73.230
669;34;9;145.154;86.810
670;9;35;131.837;70.010
670;35;9;131.837;83.820
671;9;35;128.786;60.940
671;35;9;128.786;74.750
672;9;36;132.170;67.460
672;36;9;132.170;81.340
673;9;37;120.189;63.250
673;37;9;120.189;77.290
674;9;38;141.250;66.330
674;38;9;141.250;80.400
675;9;38;136.248;68.160
675;38;9;136.248;82.230
676;9;38;157.394;71.880
676;38;9;157.394;85.950
677;9;39;93.673;1.280
677;39;9;138.673;68.110
678;9;39;114.795;3.820
678;39;9;159.795;70.650
679;10;11;74.136;67.360
679;11;10;74.136;67.780
680;10;11;70.913;82.750
680;11;10;70.913;83.170
681;10;12;110.986;79.370
681;12;10;110.986;79.810
682;10;12;101.593;87.540
682;12;10;101.593;87.980
683;10;13;75.731;67.710
683;13;10;75.731;68.980
684;10;13;78.738;88.580
684;13;10;78.738;89.850
685;10;14;73.859;69.640
685;14;10;73.859;71.430
686;10;14;74.619;78.420
686;14;10;74.619;80.210
687;10;14;78.740;84.980
687;14;10;78.740;86.770
688;10;15;118.587;77.560
688;15;10;118.587;81.260
689;10;16;81.838;69.820
689;16;10;81.838;74.840
690;10;17;72.879;82.610
690;17;10;72.879;87.750
691;10;17;72.645;79.720
691;17;10;72.645;84.860
692;10;18;91.477;66.470
692;18;10;91.477;72.810
693;10;18;91.494;65.540
693;18;10;91.494;71.880
694;10;19;113.074;72.510
694;19;10;113.074;79.520
695;10;19;128.102;61.670
695;19;10;128.102;68.680
696;10;20;58.725;60.020
696;20;10;58.725;67.310
697;10;21;84.493;71.400
697;21;10;84.493;80.960
698;10;21;76.435;58.140
698;21;10;76.435;67.700
699;10;22;67.057;77.650
699;22;10;67.057;87.300
700;10;22;72.250;62.970
700;22;10;72.250;72.620
701;10;23;125.897;80.070
701;23;10;125.897;89.920
702;10;23;106.187;66.370
702;23;10;106.187;76.220
703;10;23;140.451;78.590
703;23;10;140.451;88.440
704;10;24;77.631;72.080
704;24;10;77.631;82.490
705;10;25;73.647;78.220
705;25;10;73.647;89.350
706;10;25;66.743;77.550
706;25;10;66.743;88.680
707;10;25;74.129;77.320
707;25;10;74.129;88.450
708;10;26;81.967;70.340
708;26;10;81.967;81.730
709;10;26;89.618;71.840
709;26;10;89.618;83.230
710;10;27;73.647;67.730
710;27;10;73.647;79.310
711;10;27;67.122;56.370
711;27;10;67.122;67.950
712;10;28;77.050;64.100
712;28;10;77.050;76.010
713;10;28;73.750;55.480
713;28;10;73.750;67.390
714;10;28;84.990;67.100
714;28;10;84.990;79.010
715;10;29;87.271;75.160
715;29;10;87.271;87.250
716;10;29;89.060;65.110
716;29;10;89.060;77.200
717;10;29;96.791;64.400
717;29;10;96.791;76.490
718;10;30;87.272;59.150
718;30;10;87.272;71.970
719;10;30;86.201;54.170
719;30;10;86.201;66.990
720;10;30;83.411;64.770
720;30;10;83.411;77.590
721;10;31;73.594;71.040
721;31;10;73.594;83.900
722;10;31;67.869;59.270
722;31;10;67.869;72.130
723;10;32;84.479;54.930
723;32;10;84.479;67.890
724;10;33;79.380;64.420
724;33;10;79.380;77.410
725;10;33;82.242;58.000
725;33;10;82.242;70.990
726;10;33;72.630;63.940
726;33;10;72.630;76.930
727;10;34;57.717;73.410
727;34;10;57.717;86.680
728;10;35;68.543;64.920
728;35;10;68.543;78.420
729;10;35;73.143;55.390
729;35;10;73.143;68.890
730;10;36;65.066;77.310
730;36;10;65.066;90.880
731;10;36;63.299;59.680
731;36;10;63.299;73.250
732;10;37;81.011;59.940
732;37;10;81.011;73.670
733;10;38;120.617;68.840
733;38;10;120.617;82.600
734;10;38;106.850;64.220
734;38;10;106.850;77.980
735;10;39;45.309;24.840
735;39;10;90.309;91.360
736;10;39;50.729;5.230
736;39;10;95.729;71.750
737;11;12;133.328;72.680
737;12;11;133.328;72.700
738;11;12;115.769;80.080
738;12;11;115.769;80.100
739;11;13;104.115;70.620
739;13;11;104.115;71.470
740;11;14;102.892;81.070
740;14;11;102.892;82.440
741;11;14;107.131;88.530
741;14;11;107.131;89.900
742;11;15;147.722;64.020
742;15;11;147.722;67.300
743;11;15;125.137;81.920
743;15;11;125.137;85.200
744;11;15;126.711;85.440
744;15;11;126.711;88.720
745;11;16;110.940;71.870
745;16;11;110.940;76.470
746;11;16;117.131;66.910
746;16;11;117.131;71.510
747;11;17;101.809;65.520
747;17;11;101.809;70.240
748;11;17;114.187;65.810
748;17;11;114.187;70.530
749;11;17;91.731;65.860
749;17;11;91.731;70.580
750;11;18;117.712;73.400
750;18;11;117.712;79.320
751;11;19;141.875;62.810
751;19;11;141.875;69.400
752;11;19;120.165;62.940
752;19;11;120.165;69.530
753;11;20;87.748;82.790
753;20;11;87.748;89.660
754;11;21;110.343;78.400
754;21;11;110.343;87.540
755;11;21;102.166;61.160
755;21;11;102.166;70.300
756;11;21;124.714;68.900
756;21;11;124.714;78.040
757;11;22;93.727;78.040
757;22;11;93.727;87.270
758;11;22;102.483;71.170
758;22;11;102.483;80.400
759;11;23;138.199;66.340
759;23;11;138.199;75.770
760;11;23;141.413;68.990
760;23;11;141.413;78.420
761;11;23;160.386;56.790
761;23;11;160.386;66.220
762;11;24;106.402;74.430
762;24;11;106.402;84.420
763;11;25;102.478;56.390
763;25;11;102.478;67.100
764;11;25;89.641;73.760
764;25;11;89.641;84.470
765;11;26;111.092;74.800
765;26;11;111.092;85.770
766;11;26;95.900;77.190
766;26;11;95.900;88.160
767;11;26;102.611;67.910
767;26;11;102.611;78.880
768;11;27;102.478;63.490
768;27;11;102.478;74.650
769;11;28;105.251;61.720
769;28;11;105.251;73.210
770;11;28;102.650;62.440
770;28;11;102.650;73.930
771;11;28;116.221;66.450
771;28;11;116.221;77.940
772;11;29;111.540;70.840
772;29;11;111.540;82.510
773;11;30;116.292;56.480
773;30;11;116.292;68.880
774;11;31;97.388;77.060
774;31;11;97.388;89.500
775;11;31;91.371;74.700
775;31;11;91.371;87.140
776;11;31;108.851;72.560
776;31;11;108.851;85.000
777;11;32;113.379;72.630
777;32;11;113.379;85.170
778;11;32;113.227;77.010
778;32;11;113.227;89.550
779;11;33;108.227;63.510
779;33;11;108.227;76.080
780;11;34;62.276;69.940
780;34;11;62.276;82.790
781;11;35;97.548;75.180
781;35;11;97.548;88.260
782;11;35;102.334;76.560
782;35;11;102.334;89.640
783;11;36;94.064;59.240
783;36;11;94.064;72.390
784;11;36;101.806;76.930
784;36;11;101.806;90.080
785;11;37;108.550;71.190
785;37;11;108.550;84.500
786;11;37;104.895;57.870
786;37;11;104.895;71.180
787;11;37;117.970;59.280
787;37;11;117.970;72.590
788;11;38;149.601;73.330
788;38;11;149.601;86.670
789;11;38;155.410;59.960
789;38;11;155.410;73.300
790;11;39;74.442;12.270
790;39;11;119.442;78.370
791;11;39;86.557;0.280
791;39;11;131.557;66.380
792;11;39;78.702;3.980
792;39;11;123.702;70.080
793;12;13;105.227;66.050
793;13;12;105.227;66.880
794;12;13;112.868;67.060
794;13;12;112.868;67.890
795;12;14;92.930;70.660
795;14;12;92.930;72.010
796;12;14;94.199;71.750
796;14;12;94.199;73.100
797;12;15;102.108;73.790
797;15;12;102.108;77.050
798;12;16;96.604;70.160
798;16;12;96.604;74.740
799;12;16;90.014;64.410
799;16;12;90.014;68.990
800;12;17;92.122;85.750
800;17;12;92.122;90.450
801;12;17;96.680;66.670
801;17;12;96.680;71.370
802;12;17;82.830;85.380
802;17;12;82.830;90.080
803;12;18;69.134;78.540
803;18;12;69.134;84.440
804;12;18;74.253;68.870
804;18;12;74.253;74.770
805;12;18;69.891;77.410
805;18;12;69.891;83.310
806;12;19;87.680;81.010
806;19;12;87.680;87.580
807;12;19;89.571;68.550
807;19;12;89.571;75.120
808;12;19;92.620;83.830
808;19;12;92.620;90.400
809;12;20;100.908;65.300
809;20;12;100.908;72.150
810;12;21;73.380;68.230
810;21;12;73.380;77.350
811;12;21;66.993;61.740
811;21;12;66.993;70.860
812;12;21;80.311;75.440
812;21;12;80.311;84.560
813;12;22;112.183;77.590
813;22;12;112.183;86.800
814;12;22;101.707;75.960
814;22;12;101.707;85.170
815;12;22;105.005;75.340
815;22;12;105.005;84.550
816;12;23;81.779;78.670
816;23;12;81.779;88.080
817;12;23;75.012;67.090
817;23;12;75.012;76.500
818;12;24;88.480;56.970
818;24;12;88.480;66.940
819;12;25;90.875;61.230
819;25;12;90.875;71.920
820;12;25;99.218;58.300
820;25;12;99.218;68.990
821;12;26;92.906;60.180
821;26;12;92.906;71.130
822;12;27;90.875;70.060
822;27;12;90.875;81.200
823;12;27;92.231;59.260
823;27;12;92.231;70.400
824;12;28;85.323;73.520
824;28;12;85.323;84.990
825;12;28;88.269;70.200
825;28;12;88.269;81.670
826;12;29;69.021;66.490
826;29;12;69.021;78.140
827;12;30;88.814;60.790
827;30;12;88.814;73.170
828;12;30;96.087;75.140
828;30;12;96.087;87.520
829;12;30;98.339;55.370
829;30;12;98.339;67.750
830;12;31;82.429;76.890
830;31;12;82.429;89.310
831;12;31;85.914;69.120
831;31;12;85.914;81.540
832;12;32;87.406;76.040
832;32;12;87.406;88.560
833;12;32;87.410;73.860
833;32;12;87.410;86.380
834;12;33;101.234;75.980
834;33;12;101.234;88.530
835;12;33;96.095;63.810
835;33;12;96.095;76.360
836;12;34;122.122;76.860
836;34;12;122.122;89.690
837;12;34;135.991;77.720
837;34;12;135.991;90.550
838;12;34;122.757;63.660
838;34;12;122.757;76.490
839;12;35;95.062;66.690
839;35;12;95.062;79.750
840;12;36;96.870;53.520
840;36;12;96.870;66.650
841;12;36;90.001;73.090
841;36;12;90.001;86.220
842;12;36;102.530;60.620
842;36;12;102.530;73.750
843;12;37;80.236;76.350
843;37;12;80.236;89.640
844;12;37;84.475;66.990
844;37;12;84.475;80.280
845;12;37;82.219;56.360
845;37;12;82.219;69.650
846;12;38;94.934;69.200
846;38;12;94.934;82.520
847;12;38;103.597;71.830
847;38;12;103.597;85.150
848;12;38;93.487;65.460
848;38;12;93.487;78.780
849;12;39;49.508;1.380
849;39;12;94.508;67.460
850;12;39;55.580;16.760
850;39;12;100.580;82.840
851;13;14;58.035;77.680
851;14;13;58.035;78.200
852;13;15;90.296;65.050
852;15;13;90.296;67.480
853;13;15;82.763;72.080
853;15;13;82.763;74.510
854;13;16;55.457;64.470
854;16;13;55.457;68.220
855;13;16;56.192;79.010
855;16;13;56.192;82.760
856;13;17;59.427;69.930
856;17;13;59.427;73.800
857;13;17;62.975;84.990
857;17;13;62.975;88.860
858;13;18;81.110;61.280
858;18;13;81.110;66.350
859;13;18;84.042;60.620
859;18;13;84.042;65.690
860;13;18;83.551;61.470
860;18;13;83.551;66.540
861;13;19;88.638;60.840
861;19;13;88.638;66.580
862;13;20;64.544;60.480
862;20;13;64.544;66.500
863;13;20;61.876;70.460
863;20;13;61.876;76.480
864;13;21;77.940;68.950
864;21;13;77.940;77.240
865;13;22;56.863;81.220
865;22;13;56.863;89.600
866;13;22;55.131;62.220
866;22;13;55.131;70.600
867;13;23;132.667;80.020
867;23;13;132.667;88.600
868;13;24;61.864;64.530
868;24;13;61.864;73.670
869;13;24;59.177;74.830
869;24;13;59.177;83.970
870;13;25;60.483;74.860
870;25;13;60.483;84.720
871;13;25;57.421;73.430
871;25;13;57.421;83.290
872;13;25;60.975;63.560
872;25;13;60.975;73.420
873;13;26;58.400;66.060
873;26;13;58.400;76.180
874;13;26;59.242;56.620
874;26;13;59.242;66.740
875;13;26;61.639;76.620
875;26;13;61.639;86.740
876;13;27;60.483;62.730
876;27;13;60.483;73.040
877;13;27;63.230;70.710
877;27;13;63.230;81.020
878;13;28;65.617;76.280
878;28;13;65.617;86.920
879;13;28;65.507;73.250
879;28;13;65.507;83.890
880;13;29;83.629;69.580
880;29;13;83.629;80.400
881;13;29;78.986;71.670
881;29;13;78.986;82.490
882;13;30;64.327;59.870
882;30;13;64.327;71.420
883;13;30;67.643;69.250
883;30;13;67.643;80.800
884;13;30;65.661;67.330
884;30;13;65.661;78.880
885;13;31;78.169;77.530
885;31;13;78.169;89.120
886;13;31;73.736;56.500
886;31;13;73.736;68.090
887;13;32;63.896;65.100
887;32;13;63.896;76.790
888;13;32;61.858;60.200
888;32;13;61.858;71.890
889;13;33;50.480;64.930
889;33;13;50.480;76.650
890;13;33;49.202;65.090
890;33;13;49.202;76.810
891;13;34;86.861;75.420
891;34;13;86.861;87.420
892;13;35;59.195;64.050
892;35;13;59.195;76.280
893;13;36;60.737;75.340
893;36;13;60.737;87.640
894;13;37;70.351;53.510
894;37;13;70.351;65.970
895;13;38;94.527;54.890
895;38;13;94.527;67.380
896;13;39;18.315;20.150
896;39;13;63.315;85.400
897;14;15;90.108;68.800
897;15;14;90.108;70.710
898;14;15;79.575;77.900
898;15;14;79.575;79.810
899;14;16;54.971;61.980
899;16;14;54.971;65.210
900;14;16;53.140;64.020
900;16;14;53.140;67.250
901;14;16;53.093;62.170
901;16;14;53.093;65.400
902;14;17;46.755;72.270
902;17;14;46.755;75.620
903;14;17;46.394;65.600
903;17;14;46.394;68.950
904;14;18;69.083;81.570
904;18;14;69.083;86.120
905;14;18;73.495;74.340
905;18;14;73.495;78.890
906;14;19;84.311;80.560
906;19;14;84.311;85.780
907;14;19;89.701;72.830
907;19;14;89.701;78.050
908;14;20;60.151;80.700
908;20;14;60.151;86.200
909;14;21;65.072;70.130
909;21;14;65.072;77.900
910;14;21;63.601;61.230
910;21;14;63.601;69.000
911;14;21;65.048;68.440
911;21;14;65.048;76.210
912;14;22;64.667;65.950
912;22;14;64.667;73.810
913;14;22;60.761;68.440
913;22;14;60.761;76.300
914;14;22;68.858;73.320
914;22;14;68.858;81.180
915;14;23;119.643;67.860
915;23;14;119.643;75.920
916;14;23;106.596;80.850
916;23;14;106.596;88.910
917;14;24;49.840;80.180
917;24;14;49.840;88.800
918;14;24;49.777;77.560
918;24;14;49.777;86.180
919;14;24;49.292;71.220
919;24;14;49.292;79.840
920;14;25;47.493;57.710
920;25;14;47.493;67.050
921;14;25;47.920;64.190
921;25;14;47.920;73.530
922;14;26;53.547;61.610
922;26;14;53.547;71.210
923;14;27;47.493;59.950
923;27;14;47.493;69.740
924;14;28;52.711;67.510
924;28;14;52.711;77.630
925;14;28;53.262;56.210
925;28;14;53.262;66.330
926;14;29;70.659;63.600
926;29;14;70.659;73.900
927;14;30;58.413;76.530
927;30;14;58.413;87.560
928;14;30;55.807;61.850
928;30;14;55.807;72.880
929;14;30;57.374;72.030
929;30;14;57.374;83.060
930;14;31;65.993;73.450
930;31;14;65.993;84.520
931;14;31;66.405;71.470
931;31;14;66.405;82.540
932;14;31;66.801;71.630
932;31;14;66.801;82.700
933;14;32;55.748;66.240
933;32;14;55.748;77.410
934;14;33;56.204;73.470
934;33;14;56.204;84.670
935;14;33;55.709;78.140
935;33;14;55.709;89.340
936;14;33;55.982;66.490
936;33;14;55.982;77.690
937;14;34;86.462;75.140
937;34;14;86.462;86.620
938;14;34;96.738;75.340
938;34;14;96.738;86.820
939;14;34;81.631;66.340
939;34;14;81.631;77.820
940;14;35;50.349;77.490
940;35;14;50.349;89.200
941;14;35;50.591;65.410
941;35;14;50.591;77.120
942;14;35;49.236;53.980
942;35;14;49.236;65.690
943;14;36;53.830;58.610
943;36;14;53.830;70.390
944;14;36;54.443;53.100
944;36;14;54.443;64.880
945;14;37;57.704;75.980
945;37;14;57.704;87.920
946;14;38;91.758;52.790
946;38;14;91.758;64.760
947;14;39;17.194;14.000
947;39;14;62.194;78.730
948;15;16;81.867;80.380
948;16;15;81.867;81.700
949;15;17;91.414;76.110
949;17;15;91.414;77.550
950;15;17;100.828;79.730
950;17;15;100.828;81.170
951;15;17;93.449;73.380
951;17;15;93.449;74.820
952;15;18;88.017;61.240
952;18;15;88.017;63.880
953;15;19;59.458;72.360
953;19;15;59.458;75.670
954;15;20;105.087;79.070
954;20;15;105.087;82.660
955;15;21;92.972;71.150
955;21;15;92.972;77.010
956;15;21;81.587;78.160
956;21;15;81.587;84.020
957;15;21;86.195;76.540
957;21;15;86.195;82.400
958;15;22;102.121;62.830
958;22;15;102.121;68.780
959;15;22;107.755;76.500
959;22;15;107.755;82.450
960;15;22;89.546;79.040
960;22;15;89.546;84.990
961;15;23;138.718;61.090
961;23;15;138.718;67.240
962;15;23;136.058;59.190
962;23;15;136.058;65.340
963;15;24;87.419;75.140
963;24;15;87.419;81.850
964;15;24;86.400;70.010
964;24;15;86.400;76.720
965;15;25;90.992;76.080
965;25;15;90.992;83.510
966;15;25;88.524;57.130
966;25;15;88.524;64.560
967;15;25;82.987;57.650
967;25;15;82.987;65.080
968;15;26;81.692;77.010
968;26;15;81.692;84.700
969;15;26;79.178;69.630
969;26;15;79.178;77.320
970;15;27;90.992;67.660
970;27;15;90.992;75.540
971;15;28;89.999;61.270
971;28;15;89.999;69.480
972;15;28;99.190;68.500
972;28;15;99.190;76.710
973;15;29;97.055;66.790
973;29;15;97.055;75.180
974;15;29;90.251;64.570
974;29;15;90.251;72.960
975;15;30;77.067;66.170
975;30;15;77.067;75.290
976;15;30;83.538;60.350
976;30;15;83.538;69.470
977;15;31;104.458;56.440
977;31;15;104.458;65.600
978;15;31;115.308;69.750
978;31;15;115.308;78.910
979;15;31;108.408;60.090
979;31;15;108.408;69.250
980;15;32;80.398;77.270
980;32;15;80.398;86.530
981;15;32;72.881;77.260
981;32;15;72.881;86.520
982;15;32;80.803;65.080
982;32;15;80.803;74.340
983;15;33;85.279;54.600
983;33;15;85.279;63.890
984;15;33;89.234;60.610
984;33;15;89.234;69.900
985;15;34;130.857;67.990
985;34;15;130.857;77.560
986;15;34;146.884;60.570
986;34;15;146.884;70.140
987;15;35;95.429;59.090
987;35;15;95.429;68.890
988;15;36;98.875;55.010
988;36;15;98.875;64.880
989;15;37;89.149;59.230
989;37;15;89.149;69.260
990;15;37;87.049;66.010
990;37;15;87.049;76.040
991;15;38;54.760;53.800
991;38;15;54.760;63.860
992;15;39;28.285;21.730
992;39;15;73.285;84.550
993;15;39;25.180;1.810
993;39;15;70.180;64.630
994;16;17;56.693;62.760
994;17;16;56.693;62.880
995;16;17;54.381;76.130
995;17;16;54.381;76.250
996;16;18;72.607;73.000
996;18;16;72.607;74.320
997;16;18;70.901;68.580
997;18;16;70.901;69.900
998;16;19;78.563;82.140
998;19;16;78.563;84.130
999;16;19;72.874;74.530
999;19;16;72.874;76.520
1000;16;20;68.636;72.870
1000;20;16;68.636;75.140
1001;16;21;71.057;59.720
1001;21;16;71.057;64.260
1002;16;21;65.227;79.990
1002;21;16;65.227;84.530
1003;16;21;75.391;64.930
1003;21;16;75.391;69.470
1004;16;22;66.705;61.690
1004;22;16;66.705;66.320
1005;16;23;126.482;72.500
1005;23;16;126.482;77.330
1006;16;23;130.914;58.360
1006;23;16;130.914;63.190
1007;16;24;55.632;63.920
1007;24;16;55.632;69.310
1008;16;25;56.984;74.040
1008;25;16;56.984;80.150
1009;16;25;54.307;63.640
1009;25;16;54.307;69.750
1010;16;25;55.723;64.980
1010;25;16;55.723;71.090
1011;16;26;48.720;59.200
1011;26;16;48.720;65.570
1012;16;26;49.510;63.350
1012;26;16;49.510;69.720
1013;16;27;56.984;66.500
1013;27;16;56.984;73.060
1014;16;27;57.467;59.360
1014;27;16;57.467;65.920
1015;16;28;59.945;79.510
1015;28;16;59.945;86.400
1016;16;28;57.926;56.180
1016;28;16;57.926;63.070
1017;16;29;76.950;67.660
1017;29;16;76.950;74.730
1018;16;30;53.953;78.030
1018;30;16;53.953;85.830
1019;16;30;52.286;61.350
1019;30;16;52.286;69.150
1020;16;31;75.300;53.840
1020;31;16;75.300;61.680
1021;16;31;78.723;65.630
1021;31;16;78.723;73.470
1022;16;31;79.051;71.040
1022;31;16;79.051;78.880
1023;16;32;54.237;59.030
1023;32;16;54.237;66.970
1024;16;32;55.044;67.140
1024;32;16;55.044;75.080
1025;16;32;52.121;58.460
1025;32;16;52.121;66.400
1026;16;33;50.145;57.120
1026;33;16;50.145;65.090
1027;16;34;93.996;54.950
1027;34;16;93.996;63.200
1028;16;35;59.611;62.750
1028;35;16;59.611;71.230
1029;16;35;59.486;61.760
1029;35;16;59.486;70.240
1030;16;35;57.040;58.560
1030;35;16;57.040;67.040
1031;16;36;62.779;61.230
1031;36;16;62.779;69.780
1032;16;36;59.631;74.580
1032;36;16;59.631;83.130
1033;16;37;63.422;61.390
1033;37;16;63.422;70.100
1034;16;38;84.983;68.290
1034;38;16;84.983;77.030
1035;16;39;8.671;15.060
1035;39;16;53.671;76.560
1036;16;39;7.045;3.080
1036;39;16;52.045;64.580
1037;16;39;9.460;11.580
1037;39;16;54.460;73.080
1038;17;18;68.479;74.010
1038;18;17;68.479;75.210
1039;17;18;71.614;76.870
1039;18;17;71.614;78.070
1040;17;18;68.605;83.280
1040;18;17;68.605;84.480
1041;17;19;85.197;78.030
1041;19;17;85.197;79.900
1042;17;19;78.726;62.120
1042;19;17;78.726;63.990
1043;17;19;75.955;67.480
1043;19;17;75.955;69.350
1044;17;20;59.157;66.810
1044;20;17;59.157;68.960
1045;17;20;57.685;82.810
1045;20;17;57.685;84.960
1046;17;21;64.032;58.840
1046;21;17;64.032;63.260
1047;17;21;59.693;72.290
1047;21;17;59.693;76.710
1048;17;21;63.303;81.060
1048;21;17;63.303;85.480
1049;17;22;65.174;81.010
1049;22;17;65.174;85.520
1050;17;22;66.660;73.390
1050;22;17;66.660;77.900
1051;17;23;118.254;80.920
1051;23;17;118.254;85.630
1052;17;23;106.440;64.150
1052;23;17;106.440;68.860
1053;17;23;129.604;74.300
1053;23;17;129.604;79.010
1054;17;24;49.963;68.570
1054;24;17;49.963;73.840
1055;17;24;49.082;67.620
1055;24;17;49.082;72.890
1056;17;25;46.253;67.720
1056;25;17;46.253;73.710
1057;17;26;55.056;69.900
1057;26;17;55.056;76.150
1058;17;26;53.024;64.270
1058;26;17;53.024;70.520
1059;17;27;46.253;68.430
1059;27;17;46.253;74.870
1060;17;27;45.992;57.450
1060;27;17;45.992;63.890
1061;17;28;51.801;75.950
1061;28;17;51.801;82.720
1062;17;28;52.069;63.760
1062;28;17;52.069;70.530
1063;17;28;52.599;76.420
1063;28;17;52.599;83.190
1064;17;29;69.494;66.670
1064;29;17;69.494;73.620
1065;17;29;66.311;55.460
1065;29;17;66.311;62.410
1066;17;29;73.686;69.920
1066;29;17;73.686;76.870
1067;17;30;59.514;65.020
1067;30;17;59.514;72.700
1068;17;30;57.274;75.070
1068;30;17;57.274;82.750
1069;17;30;56.042;67.520
1069;30;17;56.042;75.200
1070;17;31;64.289;75.610
1070;31;17;64.289;83.330
1071;17;32;56.600;61.650
1071;32;17;56.600;69.470
1072;17;32;56.516;58.310
1072;32;17;56.516;66.130
1073;17;32;56.685;73.490
1073;32;17;56.685;81.310
1074;17;33;57.906;74.870
1074;33;17;57.906;82.720
1075;17;33;56.720;66.100
1075;33;17;56.720;73.950
1076;17;33;60.870;75.480
1076;33;17;60.870;83.330
1077;17;34;85.544;60.500
1077;34;17;85.544;68.630
1078;17;34;95.398;71.140
1078;34;17;95.398;79.270
1079;17;34;83.720;75.090
1079;34;17;83.720;83.220
1080;17;35;49.399;60.530
1080;35;17;49.399;68.890
1081;17;35;49.009;70.460
1081;35;17;49.009;78.820
1082;17;36;52.824;58.620
1082;36;17;52.824;67.050
1083;17;36;51.679;70.610
1083;36;17;51.679;79.040
1084;17;36;52.718;72.920
1084;36;17;52.718;81.350
1085;17;37;56.916;63.520
1085;37;17;56.916;72.110
1086;17;37;54.716;73.860
1086;37;17;54.716;82.450
1087;17;37;57.662;63.170
1087;37;17;57.662;71.760
1088;17;38;92.793;67.280
1088;38;17;92.793;75.900
1089;17;39;18.686;21.590
1089;39;17;63.686;82.970
1090;17;39;15.677;13.240
1090;39;17;60.677;74.620
1091;18;19;75.687;76.140
1091;19;18;75.687;76.810
1092;18;20;79.368;83.030
1092;20;18;79.368;83.980
1093;18;20;86.719;68.270
1093;20;18;86.719;69.220
1094;18;21;52.406;63.080
1094;21;18;52.406;66.300
1095;18;22;88.651;57.240
1095;22;18;88.651;60.550
1096;18;22;90.689;60.760
1096;22;18;90.689;64.070
1097;18;23;100.307;60.720
1097;23;18;100.307;64.230
1098;18;23;106.387;75.240
1098;23;18;106.387;78.750
1099;18;23;109.472;74.010
1099;23;18;109.472;77.520
1100;18;24;64.469;60.490
1100;24;18;64.469;64.560
1101;18;24;66.916;57.810
1101;24;18;66.916;61.880
1102;18;24;60.153;57.370
1102;24;18;60.153;61.440
1103;18;25;67.227;65.480
1103;25;18;67.227;70.270
1104;18;25;64.496;57.410
1104;25;18;64.496;62.200
1105;18;26;68.890;70.810
1105;26;18;68.890;75.860
1106;18;27;67.227;67.280
1106;27;18;67.227;72.520
1107;18;28;61.748;62.900
1107;28;18;61.748;68.470
1108;18;28;62.117;58.510
1108;28;18;62.117;64.080
1109;18;28;64.220;66.990
1109;28;18;64.220;72.560
1110;18;29;54.199;68.050
1110;29;18;54.199;73.800
1111;18;29;51.903;56.470
1111;29;18;51.903;62.220
1112;18;29;54.030;65.560
1112;29;18;54.030;71.310
1113;18;30;65.445;56.300
1113;30;18;65.445;62.780
1114;18;30;67.443;60.550
1114;30;18;67.443;67.030
1115;18;31;65.863;60.540
1115;31;18;65.863;67.060
1116;18;32;63.528;58.610
1116;32;18;63.528;65.230
1117;18;32;64.038;62.020
1117;32;18;64.038;68.640
1118;18;33;77.128;62.930
1118;33;18;77.128;69.580
1119;18;33;84.375;60.680
1119;33;18;84.375;67.330
1120;18;33;82.918;60.300
1120;33;18;82.918;66.950
1121;18;34;103.771;62.660
1121;34;18;103.771;69.590
1122;18;34;104.423;65.600
1122;34;18;104.423;72.530
1123;18;35;71.925;60.640
1123;35;18;71.925;67.800
1124;18;36;74.299;58.030
1124;36;18;74.299;65.260
1125;18;36;67.782;71.910
1125;36;18;67.782;79.140
1126;18;37;56.648;57.330
1126;37;18;56.648;64.720
1127;18;38;84.399;76.980
1127;38;18;84.399;84.400
1128;18;38;90.675;69.150
1128;38;18;90.675;76.570
1129;18;39;26.736;11.170
1129;39;18;71.736;71.350
1130;18;39;24.750;14.790
1130;39;18;69.750;74.970
1131;19;20;99.354;69.280
1131;20;19;99.354;69.560
1132;19;21;81.695;80.940
1132;21;19;81.695;83.490
1133;19;22;100.244;72.770
1133;22;19;100.244;75.410
1134;19;23;124.353;61.500
1134;23;19;124.353;64.340
1135;19;23;134.034;66.160
1135;23;19;134.034;69.000
1136;19;24;80.485;66.750
1136;24;19;80.485;70.150
1137;19;25;84.442;56.180
1137;25;19;84.442;60.300
1138;19;26;76.945;63.250
1138;26;19;76.945;67.630
1139;19;26;77.840;78.150
1139;26;19;77.840;82.530
1140;19;27;84.442;69.460
1140;27;19;84.442;74.030
1141;19;28;81.879;69.490
1141;28;19;81.879;74.390
1142;19;28;80.731;63.350
1142;28;19;80.731;68.250
1143;19;28;76.316;73.470
1143;28;19;76.316;78.370
1144;19;29;84.886;55.270
1144;29;19;84.886;60.350
1145;19;29;75.894;70.370
1145;29;19;75.894;75.450
1146;19;30;71.038;75.210
1146;30;19;71.038;81.020
1147;19;30;66.001;65.830
1147;30;19;66.001;71.640
1148;19;30;69.927;74.990
1148;30;19;69.927;80.800
1149;19;31;94.387;77.900
1149;31;19;94.387;83.750
1150;19;31;94.831;55.050
1150;31;19;94.831;60.900
1151;19;32;73.603;73.580
1151;32;19;73.603;79.530
1152;19;33;83.170;60.960
1152;33;19;83.170;66.940
1153;19;34;125.739;72.110
1153;34;19;125.739;78.370
1154;19;34;142.729;54.270
1154;34;19;142.729;60.530
1155;19;35;89.560;59.340
1155;35;19;89.560;65.830
1156;19;35;86.629;73.890
1156;35;19;86.629;80.380
1157;19;35;99.817;66.480
1157;35;19;99.817;72.970
1158;19;36;93.019;68.810
1158;36;19;93.019;75.370
1159;19;36;92.332;58.390
1159;36;19;92.332;64.950
1160;19;37;79.629;58.180
1160;37;19;79.629;64.900
1161;19;37;72.960;76.140
1161;37;19;72.960;82.860
1162;19;37;81.521;56.260
1162;37;19;81.521;62.980
1163;19;38;53.722;71.680
1163;38;19;53.722;78.430
1164;19;38;55.399;71.340
1164;38;19;55.399;78.090
1165;19;39;25.336;13.140
1165;39;19;70.336;72.650
1166;20;21;72.982;59.590
1166;21;20;72.982;61.860
1167;20;21;75.693;80.660
1167;21;20;75.693;82.930
1168;20;21;68.454;66.520
1168;21;20;68.454;68.790
1169;20;22;60.711;65.770
1169;22;20;60.711;68.130
1170;20;23;121.152;72.390
1170;23;20;121.152;74.950
1171;20;23;138.919;71.980
1171;23;20;138.919;74.540
1172;20;23;113.620;64.400
1172;23;20;113.620;66.960
1173;20;24;63.951;57.730
1173;24;20;63.951;60.850
1174;20;24;62.556;72.130
1174;24;20;62.556;75.250
1175;20;24;67.186;63.100
1175;24;20;67.186;66.220
1176;20;25;59.954;72.840
1176;25;20;59.954;76.680
1177;20;25;60.911;78.520
1177;25;20;60.911;82.360
1178;20;26;68.397;61.890
1178;26;20;68.397;65.990
1179;20;26;73.677;70.720
1179;26;20;73.677;74.820
1180;20;27;59.954;58.060
1180;27;20;59.954;62.350
1181;20;28;63.772;61.230
1181;28;20;63.772;65.850
1182;20;28;61.925;78.530
1182;28;20;61.925;83.150
1183;20;28;67.784;57.540
1183;28;20;67.784;62.160
1184;20;29;76.901;56.470
1184;29;20;76.901;61.270
1185;20;29;79.193;55.270
1185;29;20;79.193;60.070
1186;20;30;73.563;67.990
1186;30;20;73.563;73.520
1187;20;30;77.016;66.340
1187;30;20;77.016;71.870
1188;20;31;65.283;62.570
1188;31;20;65.283;68.140
1189;20;31;68.504;65.560
1189;31;20;68.504;71.130
1190;20;31;62.994;74.360
1190;31;20;62.994;79.930
1191;20;32;70.756;67.040
1191;32;20;70.756;72.710
1192;20;33;66.979;72.720
1192;33;20;66.979;78.420
1193;20;34;71.392;57.570
1193;34;20;71.392;63.550
1194;20;34;64.841;75.590
1194;34;20;64.841;81.570
1195;20;34;67.552;74.070
1195;34;20;67.552;80.050
1196;20;35;54.821;53.930
1196;35;20;54.821;60.140
1197;20;35;57.208;70.930
1197;35;20;57.208;77.140
1198;20;36;51.341;56.510
1198;36;20;51.341;62.790
1199;20;37;68.195;54.650
1199;37;20;68.195;61.090
1200;20;37;63.863;58.450
1200;37;20;63.863;64.890
1201;20;38;106.902;56.190
1201;38;20;106.902;62.660
1202;20;39;31.884;19.760
1202;39;20;76.884;78.990
1203;20;39;27.391;23.790
1203;39;20;72.391;83.020
1204;20;39;27.628;20.740
1204;39;20;72.628;79.970
1205;21;22;83.871;65.110
1205;22;21;83.871;65.200
1206;21;23;100.425;60.700
1206;23;21;100.425;60.990
1207;21;23;110.915;70.500
1207;23;21;110.915;70.790
1208;21;24;61.173;64.030
1208;24;21;61.173;64.880
1209;21;25;62.815;63.880
1209;25;21;62.815;65.450
1210;21;25;61.202;67.050
1210;25;21;61.202;68.620
1211;21;26;67.457;71.090
1211;26;21;67.457;72.920
1212;21;26;62.315;62.620
1212;26;21;62.315;64.450
1213;21;26;66.480;58.720
1213;26;21;66.480;60.550
1214;21;27;62.815;76.550
1214;27;21;62.815;78.570
1215;21;28;57.365;77.950
1215;28;21;57.365;80.300
1216;21;28;56.402;70.650
1216;28;21;56.402;73.000
1217;21;28;57.138;59.830
1217;28;21;57.138;62.180
1218;21;29;50.893;62.870
1218;29;21;50.893;65.400
1219;21;30;65.912;57.670
1219;30;21;65.912;60.930
1220;21;30;61.410;56.620
1220;30;21;61.410;59.880
1221;21;31;58.514;78.240
1221;31;21;58.514;81.540
1222;21;31;60.312;64.660
1222;31;21;60.312;67.960
1223;21;32;63.034;70.160
1223;32;21;63.034;73.560
1224;21;32;65.783;61.590
1224;32;21;65.783;64.990
1225;21;33;74.834;74.760
1225;33;21;74.834;78.190
1226;21;33;81.644;73.430
1226;33;21;81.644;76.860
1227;21;33;68.824;62.670
1227;33;21;68.824;66.100
1228;21;34;96.627;75.230
1228;34;21;96.627;78.940
1229;21;34;84.890;58.380
1229;34;21;84.890;62.090
1230;21;34;97.545;70.580
1230;34;21;97.545;74.290
1231;21;35;66.699;65.690
1231;35;21;66.699;69.630
1232;21;36;68.529;73.390
1232;36;21;68.529;77.400
1233;21;37;52.708;63.930
1233;37;21;52.708;68.100
1234;21;37;52.577;68.230
1234;37;21;52.577;72.400
1235;21;38;90.399;70.750
1235;38;21;90.399;74.950
1236;21;39;27.562;3.340
1236;39;21;72.562;60.300
1237;21;39;30.095;1.910
1237;39;21;75.095;58.870
1238;22;23;135.886;72.040
1238;23;22;135.886;72.240
1239;22;23;131.424;62.600
1239;23;22;131.424;62.800
1240;22;24;69.469;61.060
1240;24;22;69.469;61.820
1241;22;24;69.494;67.450
1241;24;22;69.494;68.210
1242;22;25;66.427;72.180
1242;25;22;66.427;73.660
1243;22;25;65.790;75.730
1243;25;22;65.790;77.210
1244;22;26;68.888;57.450
1244;26;22;68.888;59.190
1245;22;26;62.940;72.150
1245;26;22;62.940;73.890
1246;22;27;66.427;59.380
1246;27;22;66.427;61.310
1247;22;27;68.834;68.530
1247;27;22;68.834;70.460
1248;22;28;71.949;54.960
1248;28;22;71.949;57.220
1249;22;29;88.935;59.370
1249;29;22;88.935;61.810
1250;22;30;75.057;75.230
1250;30;22;75.057;78.400
1251;22;30;80.472;78.240
1251;30;22;80.472;81.410
1252;22;30;74.804;68.500
1252;30;22;74.804;71.670
1253;22;31;79.798;59.250
1253;31;22;79.798;62.460
1254;22;32;73.791;68.590
1254;32;22;73.791;71.900
1255;22;32;75.195;67.520
1255;32;22;75.195;70.830
1256;22;33;62.176;63.070
1256;33;22;62.176;66.410
1257;22;33;65.327;73.370
1257;33;22;65.327;76.710
1258;22;34;76.508;54.970
1258;34;22;76.508;58.590
1259;22;35;62.206;71.600
1259;35;22;62.206;75.450
1260;22;35;63.317;77.430
1260;35;22;63.317;81.280
1261;22;36;61.168;67.750
1261;36;22;61.168;71.670
1262;22;36;61.768;60.020
1262;36;22;61.768;63.940
1263;22;36;58.523;54.950
1263;36;22;58.523;58.870
1264;22;37;77.075;58.500
1264;37;22;77.075;62.580
1265;22;37;78.813;77.280
1265;37;22;78.813;81.360
1266;22;37;84.378;72.520
1266;37;22;84.378;76.600
1267;22;38;106.346;76.110
1267;38;22;106.346;80.220
1268;22;38;104.263;58.820
1268;38;22;104.263;62.930
1269;22;39;30.026;6.690
1269;39;22;75.026;63.560
1270;22;39;29.467;8.080
1270;39;22;74.467;64.950
1271;22;39;36.500;8.700
1271;39;22;81.500;65.570
1272;23;24;116.392;62.980
1272;24;23;116.392;63.540
1273;23;24;106.337;77.100
1273;24;23;106.337;77.660
1274;23;25;117.184;64.750
1274;25;23;117.184;66.030
1275;23;25;130.227;78.950
1275;25;23;130.227;80.230
1276;23;26;122.863;67.980
1276;26;23;122.863;69.520
1277;23;27;117.184;73.430
1277;27;23;117.184;75.160
1278;23;28;112.256;71.060
1278;28;23;112.256;73.120
1279;23;28;106.099;73.100
1279;28;23;106.099;75.160
1280;23;29;94.535;61.790
1280;29;23;94.535;64.030
1281;23;29;104.779;57.520
1281;29;23;104.779;59.760
1282;23;30;120.540;56.760
1282;30;23;120.540;59.730
1283;23;30;114.910;66.480
1283;30;23;114.910;69.450
1284;23;31;101.111;75.060
1284;31;23;101.111;78.070
1285;23;31;101.043;60.240
1285;31;23;101.043;63.250
1286;23;32;118.127;76.990
1286;32;23;118.127;80.100
1287;23;33;130.129;77.630
1287;33;23;130.129;80.770
1288;23;34;133.290;69.100
1288;34;23;133.290;72.520
1289;23;34;151.775;70.070
1289;34;23;151.775;73.490
1290;23;35;119.479;76.410
1290;35;23;119.479;80.060
1291;23;36;119.775;60.060
1291;36;23;119.775;63.780
1292;23;36;134.205;69.140
1292;36;23;134.205;72.860
1293;23;36;128.817;56.750
1293;36;23;128.817;60.470
1294;23;37;108.095;70.040
1294;37;23;108.095;73.920
1295;23;37;108.573;55.160
1295;37;23;108.573;59.040
1296;23;37;93.028;64.330
1296;37;23;93.028;68.210
1297;23;38;131.713;65.170
1297;38;23;131.713;69.080
1298;23;38;116.295;59.440
1298;38;23;116.295;63.350
1299;23;39;81.991;18.340
1299;39;23;126.991;75.010
1300;23;39;82.426;19.000
1300;39;23;127.426;75.670
1301;24;25;49.002;71.080
1301;25;24;49.002;71.800
1302;24;25;49.232;76.230
1302;25;24;49.232;76.950
1303;24;25;49.761;74.800
1303;25;24;49.761;75.520
1304;24;26;52.652;76.570
1304;26;24;52.652;77.550
1305;24;27;49.002;78.970
1305;27;24;49.002;80.140
1306;24;27;49.804;56.530
1306;27;24;49.804;57.700
1307;24;27;49.927;56.820
1307;27;24;49.927;57.990
1308;24;28;49.319;69.670
1308;28;24;49.319;71.170
1309;24;29;66.973;56.290
1309;29;24;66.973;57.970
1310;24;30;55.358;62.810
1310;30;24;55.358;65.220
1311;24;30;57.705;76.170
1311;30;24;57.705;78.580
1312;24;31;64.896;71.210
1312;31;24;64.896;73.660
1313;24;31;65.366;65.110
1313;31;24;65.366;67.560
1314;24;31;65.404;56.710
1314;31;24;65.404;59.160
1315;24;32;52.079;75.050
1315;32;24;52.079;77.600
1316;24;33;58.737;62.180
1316;33;24;58.737;64.760
1317;24;34;90.330;72.890
1317;34;24;90.330;75.750
1318;24;35;54.332;71.880
1318;35;24;54.332;74.970
1319;24;35;53.844;66.550
1319;35;24;53.844;69.640
1320;24;35;53.581;54.880
1320;35;24;53.581;57.970
1321;24;36;57.675;66.500
1321;36;24;57.675;69.660
1322;24;36;56.117;60.580
1322;36;24;56.117;63.740
1323;24;37;53.507;55.070
1323;37;24;53.507;58.390
1324;24;38;88.259;76.170
1324;38;24;88.259;79.520
1325;24;38;82.457;54.970
1325;38;24;82.457;58.320
1326;24;38;79.945;70.840
1326;38;24;79.945;74.190
1327;24;39;15.608;11.060
1327;39;24;60.608;67.170
1328;24;39;12.790;11.840
1328;39;24;57.790;67.950
1329;24;39;17.594;1.470
1329;39;24;62.594;57.580
1330;25;26;54.975;70.150
1330;26;25;54.975;70.410
1331;25;27;45.000;72.940
1331;27;25;45.000;73.390
1332;25;27;45.000;55.900
1332;27;25;45.000;56.350
1333;25;27;45.000;69.840
1333;27;25;45.000;70.290
1334;25;28;50.552;73.260
1334;28;25;50.552;74.040
1335;25;28;50.799;74.700
1335;28;25;50.799;75.480
1336;25;29;68.314;75.460
1336;29;25;68.314;76.420
1337;25;29;69.795;66.820
1337;29;25;69.795;67.780
1338;25;30;58.977;66.230
1338;30;25;58.977;67.920
1339;25;31;63.593;70.140
1339;31;25;63.593;71.870
1340;25;31;65.278;77.060
1340;31;25;65.278;78.790
1341;25;32;55.906;70.470
1341;32;25;55.906;72.300
1342;25;32;55.893;73.200
1342;32;25;55.893;75.030
1343;25;32;53.417;74.550
1343;32;25;53.417;76.380
1344;25;33;58.646;54.790
1344;33;25;58.646;56.650
1345;25;33;55.354;53.910
1345;33;25;55.354;55.770
1346;25;34;86.339;69.320
1346;34;25;86.339;71.460
1347;25;34;94.379;59.610
1347;34;25;94.379;61.750
1348;25;35;50.368;57.210
1348;35;25;50.368;59.580
1349;25;35;50.292;66.970
1349;35;25;50.292;69.340
1350;25;35;49.142;77.650
1350;35;25;49.142;80.020
1351;25;36;53.673;60.560
1351;36;25;53.673;63.000
1352;25;36;55.781;53.910
1352;36;25;55.781;56.350
1353;25;36;51.575;66.830
1353;36;25;51.575;69.270
1354;25;37;55.664;57.570
1354;37;25;55.664;60.170
1355;25;37;56.766;61.590
1355;37;25;56.766;64.190
1356;25;38;92.138;66.210
1356;38;25;92.138;68.840
1357;25;39;18.520;3.970
1357;39;25;63.520;59.360
1358;26;27;54.975;74.800
1358;27;26;54.975;74.990
1359;26;27;54.773;64.670
1359;27;26;54.773;64.860
1360;26;27;53.188;77.000
1360;27;26;53.188;77.190
1361;26;28;56.840;71.700
1361;28;26;56.840;72.220
1362;26;29;73.348;66.160
1362;29;26;73.348;66.860
1363;26;30;51.171;66.980
1363;30;26;51.171;68.410
1364;26;31;72.548;74.280
1364;31;26;72.548;75.750
1365;26;31;77.046;61.560
1365;31;26;77.046;63.030
1366;26;32;50.626;72.920
1366;32;26;50.626;74.490
1367;26;32;50.270;73.290
1367;32;26;50.270;74.860
1368;26;33;53.509;59.570
1368;33;26;53.509;61.170
1369;26;34;94.403;75.680
1369;34;26;94.403;77.560
1370;26;35;58.779;73.240
1370;35;26;58.779;75.350
1371;26;35;59.564;68.560
1371;35;26;59.564;70.670
1372;26;35;58.918;64.570
1372;35;26;58.918;66.680
1373;26;36;62.196;67.110
1373;36;26;62.196;69.290
1374;26;36;59.121;59.480
1374;36;26;59.121;61.660
1375;26;36;65.642;63.670
1375;36;26;65.642;65.850
1376;26;37;59.887;71.500
1376;37;26;59.887;73.840
1377;26;37;60.585;69.630
1377;37;26;60.585;71.970
1378;26;38;83.904;56.920
1378;38;26;83.904;59.290
1379;26;38;76.197;75.540
1379;38;26;76.197;77.910
1380;26;39;8.647;15.300
1380;39;26;53.647;70.430
1381;27;28;50.552;61.300
1381;28;27;50.552;61.630
1382;27;28;50.184;56.810
1382;28;27;50.184;57.140
1383;27;28;50.833;60.410
1383;28;27;50.833;60.740
1384;27;29;68.314;76.320
1384;29;27;68.314;76.830
1385;27;30;58.977;76.700
1385;30;27;58.977;77.940
1386;27;30;59.951;74.470
1386;30;27;59.951;75.710
1387;27;30;60.827;57.010
1387;30;27;60.827;58.250
1388;27;31;63.593;71.120
1388;31;27;63.593;72.400
1389;27;31;63.733;74.490
1389;31;27;63.733;75.770
1390;27;31;59.370;74.620
1390;31;27;59.370;75.900
1391;27;32;55.906;65.510
1391;32;27;55.906;66.890
1392;27;32;54.537;54.940
1392;32;27;54.537;56.320
1393;27;32;53.635;62.490
1393;32;27;53.635;63.870
1394;27;33;58.646;67.600
1394;33;27;58.646;69.010
1395;27;33;61.572;73.400
1395;33;27;61.572;74.810
1396;27;34;86.339;66.930
1396;34;27;86.339;68.620
1397;27;34;82.146;64.230
1397;34;27;82.146;65.920
1398;27;34;94.016;76.380
1398;34;27;94.016;78.070
1399;27;35;50.368;72.590
1399;35;27;50.368;74.510
1400;27;35;51.632;57.100
1400;35;27;51.632;59.020
1401;27;36;53.673;61.620
1401;36;27;53.673;63.610
1402;27;37;55.664;56.780
1402;37;27;55.664;58.930
1403;27;37;57.210;64.720
1403;37;27;57.210;66.870
1404;27;37;53.933;54.010
1404;37;27;53.933;56.160
1405;27;38;92.138;71.790
1405;38;27;92.138;73.970
1406;27;38;98.745;62.090
1406;38;27;98.745;64.270
1407;27;38;83.404;71.970
1407;38;27;83.404;74.150
1408;27;39;18.520;7.410
1408;39;27;63.520;62.350
1409;28;29;63.012;55.040
1409;29;28;63.012;55.220
1410;28;29;58.777;76.670
1410;29;28;58.777;76.850
1411;28;30;58.365;58.230
1411;30;28;58.365;59.140
1412;28;31;60.850;61.320
1412;31;28;60.850;62.270
1413;28;31;58.651;76.020
1413;31;28;58.651;76.970
1414;28;32;54.857;54.270
1414;32;28;54.857;55.320
1415;28;32;54.934;78.360
1415;32;28;54.934;79.410
1416;28;33;62.927;60.350
1416;33;28;62.927;61.430
1417;28;34;89.744;63.910
1417;34;28;89.744;65.270
1418;28;34;87.779;77.670
1418;34;28;87.779;79.030
1419;28;35;55.255;67.400
1419;35;28;55.255;68.990
1420;28;35;56.793;63.360
1420;35;28;56.793;64.950
1421;28;35;54.386;56.310
1421;35;28;54.386;57.900
1422;28;36;57.986;66.660
1422;36;28;57.986;68.320
1423;28;37;50.126;53.940
1423;37;28;50.126;55.760
1424;28;37;50.462;71.590
1424;37;28;50.462;73.410
1425;28;37;48.927;74.470
1425;37;28;48.927;76.290
1426;28;38;90.011;75.410
1426;38;28;90.011;77.260
1427;28;38;91.479;62.080
1427;38;28;91.479;63.930
1428;28;38;88.676;59.970
1428;38;28;88.676;61.820
1429;28;39;19.290;10.790
1429;39;28;64.290;65.400
1430;28;39;20.534;7.760
1430;39;28;65.534;62.370
1431;28;39;20.772;21.960
1431;39;28;65.772;76.570
1432;29;30;71.600;54.990
1432;30;29;71.600;55.720
1433;29;31;59.211;62.710
1433;31;29;59.211;63.480
1434;29;32;68.842;73.750
1434;32;29;68.842;74.620
1435;29;32;74.674;77.740
1435;32;29;74.674;78.610
1436;29;33;80.678;64.610
1436;33;29;80.678;65.510
1437;29;34;98.889;68.840
1437;34;29;98.889;70.020
1438;29;34;95.108;71.020
1438;34;29;95.108;72.200
1439;29;34;104.603;77.860
1439;34;29;104.603;79.040
1440;29;35;71.738;75.900
1440;35;29;71.738;77.310
1441;29;36;73.152;57.860
1441;36;29;73.152;59.340
1442;29;37;58.572;64.680
1442;37;29;58.572;66.320
1443;29;38;93.597;53.410
1443;38;29;93.597;55.080
1444;29;39;33.232;11.610
1444;39;29;78.232;66.040
1445;29;39;32.548;17.950
1445;39;29;77.548;72.380
1446;30;31;73.942;60.290
1446;31;30;73.942;60.330
1447;30;31;79.174;55.160
1447;31;30;79.174;55.200
1448;30;31;76.622;78.280
1448;31;30;76.622;78.320
1449;30;32;48.511;55.620
1449;32;30;48.511;55.760
1450;30;33;59.098;60.950
1450;33;30;59.098;61.120
1451;30;33;58.025;62.090
1451;33;30;58.025;62.260
1452;30;34;99.858;66.770
1452;34;30;99.858;67.220
1453;30;34;89.598;68.460
1453;34;30;89.598;68.910
1454;30;34;110.439;60.610
1454;34;30;110.439;61.060
1455;30;35;63.747;63.560
1455;35;30;63.747;64.240
1456;30;36;67.231;72.560
1456;36;30;67.231;73.310
1457;30;36;65.060;75.420
1457;36;30;65.060;76.170
1458;30;37;59.274;59.080
1458;37;30;59.274;59.990
1459;30;38;78.346;55.110
1459;38;30;78.346;56.050
1460;30;38;72.375;70.910
1460;38;30;72.375;71.850
1461;30;38;78.054;65.800
1461;38;30;78.054;66.740
1462;30;39;6.651;22.300
1462;39;30;51.651;76.000
1463;31;32;70.458;63.790
1463;32;31;70.458;63.890
1464;31;32;66.770;59.320
1464;32;31;66.770;59.420
1465;31;33;77.193;54.830
1465;33;31;77.193;54.960
1466;31;34;84.809;76.860
1466;34;31;84.809;77.270
1467;31;34;91.560;72.180
1467;34;31;91.560;72.590
1468;31;34;92.646;53.860
1468;34;31;92.646;54.270
1469;31;35;64.096;67.810
1469;35;31;64.096;68.450
1470;31;35;68.461;74.520
1470;35;31;68.461;75.160
1471;31;36;63.795;57.990
1471;36;31;63.795;58.700
1472;31;37;60.322;56.560
1472;37;31;60.322;57.430
1473;31;38;102.987;66.650
1473;38;31;102.987;67.550
1474;31;38;89.542;64.130
1474;38;31;89.542;65.030
1475;31;39;35.108;21.630
1475;39;31;80.108;75.290
1476;32;33;59.133;58.560
1476;33;32;59.133;58.590
1477;32;34;97.136;60.540
1477;34;32;97.136;60.850
1478;32;34;88.063;77.560
1478;34;32;88.063;77.870
1479;32;34;92.139;58.900
1479;34;32;92.139;59.210
1480;32;35;60.957;76.050
1480;35;32;60.957;76.590
1481;32;35;58.522;60.070
1481;35;32;58.522;60.610
1482;32;36;64.418;63.540
1482;36;32;64.418;64.150
1483;32;37;56.015;64.540
1483;37;32;56.015;65.310
1484;32;37;55.888;71.030
1484;37;32;55.888;71.800
1485;32;38;81.232;68.950
1485;38;32;81.232;69.750
1486;32;39;9.829;19.960
1486;39;32;54.829;73.520
1487;32;39;9.753;13.890
1487;39;32;54.753;67.450
1488;33;34;91.073;75.210
1488;34;33;91.073;75.490
1489;33;35;59.370;56.540
1489;35;33;59.370;57.050
1490;33;35;60.963;63.170
1490;35;33;60.963;63.680
1491;33;35;56.682;61.420
1491;35;33;56.682;61.930
1492;33;36;61.910;53.740
1492;36;33;61.910;54.320
1493;33;36;61.293;74.010
1493;36;33;61.293;74.590
1494;33;36;61.334;77.150
1494;36;33;61.334;77.730
1495;33;37;67.127;53.800
1495;37;33;67.127;54.540
1496;33;37;61.909;57.330
1496;37;33;61.909;58.070
1497;33;37;71.944;67.080
1497;37;33;71.944;67.820
1498;33;38;89.173;73.130
1498;38;33;89.173;73.900
1499;33;38;90.529;68.400
1499;38;33;90.529;69.170
1500;33;38;81.761;74.340
1500;38;33;81.761;75.110
1501;33;39;12.868;3.520
1501;39;33;57.868;57.050
1502;33;39;13.282;4.030
1502;39;33;58.282;57.560
1503;33;39;13.072;22.910
1503;39;33;58.072;76.440
1504;34;35;81.181;63.180
1504;35;34;81.181;63.410
1505;34;36;77.720;75.900
1505;36;34;77.720;76.200
1506;34;36;80.400;56.090
1506;36;34;80.400;56.390
1507;34;37;93.598;61.710
1507;37;34;93.598;62.170
1508;34;37;104.299;66.770
1508;37;34;104.299;67.230
1509;34;37;102.411;57.200
1509;37;34;102.411;57.660
1510;34;38;133.195;62.530
1510;38;34;133.195;63.020
1511;34;38;143.208;60.100
1511;38;34;143.208;60.590
1512;34;39;57.583;7.880
1512;39;34;102.583;61.130
1513;35;36;48.485;74.820
1513;36;35;48.485;74.890
1514;35;36;47.833;68.920
1514;36;35;47.833;68.990
1515;35;37;60.282;55.680
1515;37;35;60.282;55.910
1516;35;37;61.643;67.990
1516;37;35;61.643;68.220
1517;35;37;61.845;57.720
1517;37;35;61.845;57.950
1518;35;38;97.082;70.140
1518;38;35;97.082;70.400
1519;35;38;100.624;65.570
1519;38;35;100.624;65.830
1520;35;38;86.817;70.610
1520;38;35;86.817;70.870
1521;35;39;22.391;5.510
1521;39;35;67.391;58.530
1522;35;39;26.546;13.740
1522;39;35;71.546;66.760
1523;36;37;62.776;53.330
1523;37;36;62.776;53.490
1524;36;37;58.772;72.650
1524;37;36;58.772;72.810
1525;36;38;100.565;62.660
1525;38;36;100.565;62.850
1526;36;39;25.770;6.000
1526;39;36;70.770;58.950
1527;36;39;19.624;21.450
1527;39;36;64.624;74.400
1528;36;39;21.976;0.580
1528;39;36;66.976;53.530
1529;37;38;88.076;67.340
1529;38;37;88.076;67.370
1530;37;38;83.574;59.790
1530;38;37;83.574;59.820
1531;37;39;20.827;4.540
1531;39;37;65.827;57.330
1532;38;39;31.387;8.080
1532;39;38;76.387;60.840
1533;38;39;29.511;0.470
1533;39;38;74.511;53.230
1534;38;39;35.997;10.270
1534;39;38;80.997;63.030
