40
480.0
0;0;1;94.491;114.730
0;1;0;49.491;14.730
1;0;1;99.479;107.480
1;1;0;54.479;7.480
2;0;1;89.628;115.340
2;1;0;44.628;15.340
3;0;2;78.232;104.190
3;2;0;33.232;5.760
4;0;2;73.151;113.780
4;2;0;28.151;15.350
5;0;2;79.696;101.720
5;2;0;34.696;3.290
6;0;3;103.284;108.320
6;3;0;58.284;15.780
7;0;4;71.736;104.700
7;4;0;26.736;13.100
8;0;5;94.508;115.130
8;5;0;49.508;23.750
9;0;5;92.844;113.960
9;5;0;47.844;22.580
10;0;5;101.899;104.080
10;5;0;56.899;12.700
11;0;6;69.972;91.940
11;6;0;24.972;2.630
12;0;6;68.452;91.760
12;6;0;23.452;2.450
13;0;6;66.182;108.350
13;6;0;21.182;19.040
14;0;7;75.107;107.720
14;7;0;30.107;21.920
15;0;7;72.004;88.960
15;7;0;27.004;3.160
16;0;8;53.671;105.420
16;8;0;8.671;19.870
17;0;8;55.580;100.240
17;8;0;10.580;14.690
18;0;8;52.509;87.490
18;8;0;7.509;1.940
19;0;9;71.770;91.930
19;9;0;26.770;7.700
20;0;9;71.226;100.900
20;9;0;26.226;16.670
21;0;9;73.861;102.600
21;9;0;28.861;18.370
22;0;10;71.416;87.980
22;10;0;26.416;4.070
23;0;10;73.033;100.250
23;10;0;28.033;16.340
24;0;10;64.984;106.950
24;10;0;19.984;23.040
25;0;11;68.796;96.240
25;11;0;23.796;12.650
26;0;12;141.367;88.000
26;12;0;96.367;6.900
27;0;12;126.311;84.290
27;12;0;81.311;3.190
28;0;12;138.941;102.460
28;12;0;93.941;21.360
29;0;13;53.647;86.520
29;13;0;8.647;9.330
30;0;14;73.285;86.510
30;14;0;28.285;12.370
31;0;15;81.549;96.690
31;15;0;36.549;23.140
32;0;15;81.054;95.060
32;15;0;36.054;21.510
33;0;16;67.688;78.200
33;16;0;22.688;4.920
34;0;17;76.884;82.250
34;17;0;31.884;9.620
35;0;18;74.975;86.970
35;18;0;29.975;14.360
36;0;18;70.566;77.340
36;18;0;25.566;4.730
37;0;19;55.043;83.490
37;19;0;10.043;11.240
38;0;19;55.874;73.400
38;19;0;10.874;1.150
39;0;19;52.696;82.440
39;19;0;7.696;10.190
40;0;20;77.509;89.800
40;20;0;32.509;18.510
41;0;20;70.964;90.340
41;20;0;25.964;19.050
42;0;21;67.308;93.210
42;21;0;22.308;22.490
43;0;21;69.336;85.440
43;21;0;24.336;14.720
44;0;21;66.402;77.190
44;21;0;21.402;6.470
45;0;22;58.217;81.300
45;22;0;13.217;10.700
46;0;23;90.309;92.300
46;23;0;45.309;21.760
47;0;24;76.387;82.410
47;24;0;31.387;12.300
48;0;24;82.163;92.980
48;24;0;37.163;22.870
49;0;25;87.745;85.630
49;25;0;42.745;15.680
50;0;26;62.194;72.250
50;26;0;17.194;2.540
51;0;26;65.371;93.850
51;26;0;20.371;24.140
52;0;26;61.264;74.850
52;26;0;16.264;5.140
53;0;27;86.795;81.470
53;27;0;41.795;12.570
54;0;27;96.391;80.480
54;27;0;51.391;11.580
55;0;28;63.196;78.800
55;28;0;18.196;10.950
56;0;28;61.283;90.320
56;28;0;16.283;22.470
57;0;29;61.208;70.230
57;29;0;16.208;2.990
58;0;29;58.521;79.010
58;29;0;13.521;11.770
59;0;30;67.496;83.870
59;30;0;22.496;16.680
60;0;30;71.336;85.120
60;30;0;26.336;17.930
61;0;30;66.067;70.140
61;30;0;21.067;2.950
62;0;31;72.562;84.530
62;31;0;27.562;17.400
63;0;31;71.371;85.570
63;31;0;26.371;18.440
64;0;31;75.015;70.660
64;31;0;30.015;3.530
65;0;32;64.222;86.230
65;32;0;19.222;19.370
66;0;32;64.211;76.690
66;32;0;19.211;9.830
67;0;33;54.829;72.870
67;33;0;9.829;6.900
68;0;33;54.571;75.780
68;33;0;9.571;9.810
69;0;34;80.108;85.840
69;34;0;35.108;20.680
70;0;34;80.137;74.420
70;34;0;35.137;9.260
71;0;35;58.885;80.030
71;35;0;13.885;17.210
72;0;35;57.881;67.940
72;35;0;12.881;5.120
73;0;36;138.673;83.920
73;36;0;93.673;22.390
74;0;36;117.546;65.080
74;36;0;72.546;3.550
75;0;36;161.443;69.080
75;36;0;116.443;7.550
76;0;37;65.827;75.860
76;37;0;20.827;15.140
77;0;37;68.542;80.390
77;37;0;23.542;19.670
78;0;37;66.168;67.470
78;37;0;21.168;6.750
79;0;38;59.497;81.680
79;38;0;14.497;21.070
80;0;38;60.227;69.040
80;38;0;15.227;8.430
81;0;39;0.000;15.990
81;39;0;0.000;15.990
82;0;39;0.000;12.480
82;39;0;0.000;12.480
83;0;39;0.000;4.530
83;39;0;0.000;4.530
84;1;2;65.896;99.730
84;2;1;65.896;101.300
85;1;2;63.695;119.740
85;2;1;63.695;121.310
86;1;2;67.077;101.040
86;2;1;67.077;102.610
87;1;3;66.975;99.470
87;3;1;66.975;106.930
88;1;4;74.997;100.010
88;4;1;74.997;108.410
89;1;4;76.957;100.960
89;4;1;76.957;109.360
90;1;4;68.489;99.040
90;4;1;68.489;107.440
91;1;5;81.911;96.270
91;5;1;81.911;104.890
92;1;5;84.883;107.200
92;5;1;84.883;115.820
93;1;6;76.517;97.760
93;6;1;76.517;108.450
94;1;6;71.215;92.110
94;6;1;71.215;102.800
95;1;7;65.984;99.220
95;7;1;65.984;113.420
96;1;7;68.252;107.050
96;7;1;68.252;121.250
97;1;8;90.133;91.510
97;8;1;90.133;105.960
98;1;9;71.892;86.680
98;9;1;71.892;102.450
99;1;9;75.782;97.660
99;9;1;75.782;113.430
100;1;10;72.608;103.870
100;10;1;72.608;119.960
101;1;10;70.283;100.580
101;10;1;70.283;116.670
102;1;11;110.336;86.820
102;11;1;110.336;103.230
103;1;12;100.850;82.850
103;12;1;100.850;101.750
104;1;12;105.406;95.010
104;12;1;105.406;113.910
105;1;12;109.687;98.810
105;12;1;109.687;117.710
106;1;13;87.276;85.210
106;13;1;87.276;108.020
107;1;13;92.759;79.980
107;13;1;92.759;102.790
108;1;14;117.069;91.030
108;14;1;117.069;116.890
109;1;15;66.570;92.470
109;15;1;66.570;118.920
110;1;16;86.520;75.650
110;16;1;86.520;102.370
111;1;16;79.193;88.420
111;16;1;79.193;115.140
112;1;17;77.378;74.100
112;17;1;77.378;101.470
113;1;17;69.404;86.770
113;17;1;69.404;114.140
114;1;17;73.938;74.040
114;17;1;73.938;101.410
115;1;18;72.129;92.170
115;18;1;72.129;119.560
116;1;18;73.085;86.620
116;18;1;73.085;114.010
117;1;18;77.767;86.720
117;18;1;77.767;114.110
118;1;19;92.682;77.940
118;19;1;92.682;105.690
119;1;19;96.959;83.720
119;19;1;96.959;111.470
120;1;19;86.037;79.910
120;19;1;86.037;107.660
121;1;20;74.022;90.080
121;20;1;74.022;118.790
122;1;21;78.306;76.810
122;21;1;78.306;106.090
123;1;22;81.604;86.350
123;22;1;81.604;115.750
124;1;22;73.946;88.360
124;22;1;73.946;117.760
125;1;22;89.472;79.100
125;22;1;89.472;108.500
126;1;23;80.955;75.670
126;23;1;80.955;105.130
127;1;24;114.299;85.160
127;24;1;114.299;115.050
128;1;24;128.631;79.690
128;24;1;128.631;109.580
129;1;25;74.925;91.170
129;25;1;74.925;121.220
130;1;26;80.845;79.720
130;26;1;80.845;110.010
131;1;27;70.235;83.070
131;27;1;70.235;114.170
132;1;27;66.763;91.490
132;27;1;66.763;122.590
133;1;27;67.226;82.620
133;27;1;67.226;113.720
134;1;28;78.322;76.240
134;28;1;78.322;108.390
135;1;28;82.411;69.750
135;28;1;82.411;101.900
136;1;28;72.513;70.140
136;28;1;72.513;102.290
137;1;29;79.030;87.270
137;29;1;79.030;120.030
138;1;29;75.949;86.390
138;29;1;75.949;119.150
139;1;30;77.528;79.460
139;30;1;77.528;112.270
140;1;30;79.138;69.310
140;30;1;79.138;102.120
141;1;30;82.018;84.620
141;30;1;82.018;117.430
142;1;31;69.109;72.050
142;31;1;69.109;104.920
143;1;31;67.023;69.640
143;31;1;67.023;102.510
144;1;31;73.887;80.120
144;31;1;73.887;112.990
145;1;32;113.662;74.890
145;32;1;113.662;108.030
146;1;32;114.229;91.680
146;32;1;114.229;124.820
147;1;33;84.694;89.040
147;33;1;84.694;123.070
148;1;33;91.535;81.060
148;33;1;91.535;115.090
149;1;33;92.928;73.780
149;33;1;92.928;107.810
150;1;34;59.867;68.570
150;34;1;59.867;103.410
151;1;34;62.254;75.920
151;34;1;62.254;110.760
152;1;34;63.131;75.370
152;34;1;63.131;110.210
153;1;35;80.952;77.420
153;35;1;80.952;114.600
154;1;35;88.797;86.580
154;35;1;88.797;123.760
155;1;35;78.034;66.410
155;35;1;78.034;103.590
156;1;36;102.209;75.350
156;36;1;102.209;113.820
157;1;37;73.902;66.870
157;37;1;73.902;106.150
158;1;37;72.452;72.090
158;37;1;72.452;111.370
159;1;38;82.382;80.640
159;38;1;82.382;120.030
160;1;39;49.491;19.800
160;39;1;94.491;119.800
161;1;39;53.045;4.990
161;39;1;98.045;104.990
162;2;3;70.157;117.440
162;3;2;70.157;123.330
163;2;3;64.261;95.200
163;3;2;64.261;101.090
164;2;3;65.508;106.500
164;3;2;65.508;112.390
165;2;4;54.199;94.480
165;4;2;54.199;101.310
166;2;4;53.372;92.300
166;4;2;53.372;99.130
167;2;5;69.021;91.620
167;5;2;69.021;98.670
168;2;5;66.415;102.470
168;5;2;66.415;109.520
169;2;5;67.388;91.510
169;5;2;67.388;98.560
170;2;6;55.870;94.640
170;6;2;55.870;103.760
171;2;7;49.830;93.150
171;7;2;49.830;105.780
172;2;7;50.074;94.940
172;7;2;50.074;107.570
173;2;7;49.784;87.110
173;7;2;49.784;99.740
174;2;8;76.950;102.000
174;8;2;76.950;114.880
175;2;8;74.808;103.070
175;8;2;74.808;115.950
176;2;8;73.732;102.520
176;8;2;73.732;115.400
177;2;9;51.816;106.040
177;9;2;51.816;120.240
178;2;9;50.419;88.640
178;9;2;50.419;102.840
179;2;9;52.699;89.750
179;9;2;52.699;103.950
180;2;10;52.399;89.690
180;10;2;52.399;104.210
181;2;10;52.301;88.450
181;10;2;52.301;102.970
182;2;11;90.169;102.260
182;11;2;90.169;117.100
183;2;11;90.187;89.270
183;11;2;90.187;104.110
184;2;12;121.063;96.770
184;12;2;121.063;114.100
185;2;12;130.090;99.700
185;12;2;130.090;117.030
186;2;12;115.520;100.130
186;12;2;115.520;117.460
187;2;13;73.348;85.470
187;13;2;73.348;106.710
188;2;13;79.692;90.790
188;13;2;79.692;112.030
189;2;13;67.616;100.610
189;13;2;67.616;121.850
190;2;14;97.055;78.530
190;14;2;97.055;102.820
191;2;14;109.994;78.680
191;14;2;109.994;102.970
192;2;14;84.399;77.350
192;14;2;84.399;101.640
193;2;15;49.411;95.910
193;15;2;49.411;120.790
194;2;15;48.927;90.980
194;15;2;48.927;115.860
195;2;16;80.092;79.890
195;16;2;80.092;105.040
196;2;17;76.901;90.940
196;17;2;76.901;116.740
197;2;18;51.249;73.670
197;18;2;51.249;99.490
198;2;18;50.047;77.780
198;18;2;50.047;103.600
199;2;18;52.122;79.940
199;18;2;52.122;105.760
200;2;19;80.128;80.380
200;19;2;80.128;106.560
201;2;20;74.210;95.220
201;20;2;74.210;122.360
202;2;20;67.506;73.530
202;20;2;67.506;100.670
203;2;21;71.367;84.260
203;21;2;71.367;111.970
204;2;22;65.207;85.880
204;22;2;65.207;113.710
205;2;23;87.271;71.730
205;23;2;87.271;99.620
206;2;24;93.597;86.300
206;24;2;93.597;114.620
207;2;24;90.457;91.210
207;24;2;90.457;119.530
208;2;25;60.318;89.810
208;25;2;60.318;118.290
209;2;25;63.791;79.180
209;25;2;63.791;107.660
210;2;26;70.659;86.370
210;26;2;70.659;115.090
211;2;26;66.684;86.630
211;26;2;66.684;115.350
212;2;26;69.119;82.230
212;26;2;69.119;110.950
213;2;27;56.583;88.810
213;27;2;56.583;118.340
214;2;27;55.460;91.100
214;27;2;55.460;120.630
215;2;28;67.745;70.790
215;28;2;67.745;101.370
216;2;28;64.642;88.930
216;28;2;64.642;119.510
217;2;28;62.707;91.850
217;28;2;62.707;122.430
218;2;29;66.534;76.380
218;29;2;66.534;107.570
219;2;29;63.355;81.680
219;29;2;63.355;112.870
220;2;29;63.913;87.510
220;29;2;63.913;118.700
221;2;30;70.556;72.750
221;30;2;70.556;103.990
222;2;30;76.277;82.230
222;30;2;76.277;113.470
223;2;30;73.460;68.600
223;30;2;73.460;99.840
224;2;31;50.893;88.370
224;31;2;50.893;119.670
225;2;31;52.148;74.230
225;31;2;52.148;105.530
226;2;32;96.433;87.390
226;32;2;96.433;118.960
227;2;32;95.797;77.110
227;32;2;95.797;108.680
228;2;33;68.842;86.100
228;33;2;68.842;118.560
229;2;33;66.533;89.110
229;33;2;66.533;121.570
230;2;34;59.211;78.410
230;34;2;59.211;111.680
231;2;35;67.228;84.980
231;35;2;67.228;120.590
232;2;35;63.522;68.870
232;35;2;63.522;104.480
233;2;36;106.618;65.420
233;36;2;106.618;102.320
234;2;37;58.572;74.290
234;37;2;58.572;112.000
235;2;38;70.648;67.480
235;38;2;70.648;105.300
236;2;38;74.652;67.430
236;38;2;74.652;105.250
237;2;39;33.232;5.670
237;39;2;78.232;104.100
238;3;4;77.227;94.060
238;4;3;77.227;95.000
239;3;5;67.443;97.930
239;5;3;67.443;99.090
240;3;5;68.747;99.990
240;5;3;68.747;101.150
241;3;6;79.121;107.320
241;6;3;79.121;110.550
242;3;6;80.131;113.430
242;6;3;80.131;116.660
243;3;7;74.047;86.750
243;7;3;74.047;93.490
244;3;7;68.484;110.170
244;7;3;68.484;116.910
245;3;7;71.377;91.270
245;7;3;71.377;98.010
246;3;8;101.963;96.070
246;8;3;101.963;103.060
247;3;8;108.396;100.060
247;8;3;108.396;107.050
248;3;8;114.297;88.660
248;8;3;114.297;95.650
249;3;9;76.525;93.460
249;9;3;76.525;101.770
250;3;9;73.060;93.940
250;9;3;73.060;102.250
251;3;9;73.090;87.340
251;9;3;73.090;95.650
252;3;10;76.918;99.900
252;10;3;76.918;108.530
253;3;10;69.347;89.370
253;10;3;69.347;98.000
254;3;11;111.860;91.160
254;11;3;111.860;100.110
255;3;11;128.364;86.050
255;11;3;128.364;95.000
256;3;11;117.557;104.640
256;11;3;117.557;113.590
257;3;12;115.880;87.930
257;12;3;115.880;99.370
258;3;12;106.091;82.330
258;12;3;106.091;93.770
259;3;12;127.099;92.070
259;12;3;127.099;103.510
260;3;13;98.422;99.050
260;13;3;98.422;114.400
261;3;13;98.371;98.810
261;13;3;98.371;114.160
262;3;14;118.841;75.200
262;14;3;118.841;93.600
263;3;14;109.497;82.690
263;14;3;109.497;101.090
264;3;15;66.784;87.660
264;15;3;66.784;106.650
265;3;16;103.017;82.760
265;16;3;103.017;102.020
266;3;17;96.445;76.910
266;17;3;96.445;96.820
267;3;18;73.729;89.230
267;18;3;73.729;109.160
268;3;18;67.723;93.000
268;18;3;67.723;112.930
269;3;18;79.972;91.570
269;18;3;79.972;111.500
270;3;19;105.077;79.370
270;19;3;105.077;99.660
271;3;19;119.129;76.120
271;19;3;119.129;96.410
272;3;20;93.168;83.490
272;20;3;93.168;104.740
273;3;20;86.935;88.900
273;20;3;86.935;110.150
274;3;20;98.378;84.290
274;20;3;98.378;105.540
275;3;21;94.129;81.400
275;21;3;94.129;103.220
276;3;22;90.358;75.590
276;22;3;90.358;97.530
277;3;23;102.399;91.810
277;23;3;102.399;113.810
278;3;23;110.936;89.820
278;23;3;110.936;111.820
279;3;23;103.115;71.540
279;23;3;103.115;93.540
280;3;24;113.337;77.060
280;24;3;113.337;99.490
281;3;24;118.006;87.600
281;24;3;118.006;110.030
282;3;25;65.472;80.960
282;25;3;65.472;103.550
283;3;26;94.732;86.070
283;26;3;94.732;108.900
284;3;26;101.600;74.200
284;26;3;101.600;97.030
285;3;27;63.228;93.650
285;27;3;63.228;117.290
286;3;28;91.819;81.650
286;28;3;91.819;106.340
287;3;28;101.737;80.220
287;28;3;101.737;104.910
288;3;29;91.165;71.580
288;29;3;91.165;96.880
289;3;30;93.284;80.590
289;30;3;93.284;105.940
290;3;30;93.347;69.940
290;30;3;93.347;95.290
291;3;31;76.010;82.280
291;31;3;76.010;107.690
292;3;32;120.973;72.840
292;32;3;120.973;98.520
293;3;32;118.028;81.160
293;32;3;118.028;106.840
294;3;32;110.025;72.320
294;32;3;110.025;98.000
295;3;33;93.998;71.880
295;33;3;93.998;98.450
296;3;34;76.245;75.200
296;34;3;76.245;102.580
297;3;34;81.448;66.910
297;34;3;81.448;94.290
298;3;35;92.169;82.000
298;35;3;92.169;111.720
299;3;36;82.380;69.930
299;36;3;82.380;100.940
300;3;37;83.546;65.720
300;37;3;83.546;97.540
301;3;38;95.214;82.170
301;38;3;95.214;114.100
302;3;38;93.800;79.530
302;38;3;93.800;111.460
303;3;39;58.284;22.300
303;39;3;103.284;114.840
304;3;39;56.720;3.940
304;39;3;101.720;96.480
305;3;39;59.797;8.700
305;39;3;104.797;101.240
306;4;5;69.134;112.430
306;5;4;69.134;112.650
307;4;5;63.275;113.540
307;5;4;63.275;113.760
308;4;5;74.415;95.380
308;5;4;74.415;95.600
309;4;6;46.897;100.830
309;6;4;46.897;103.120
310;4;6;46.748;95.260
310;6;4;46.748;97.550
311;4;7;55.054;99.030
311;7;4;55.054;104.830
312;4;7;57.092;87.290
312;7;4;57.092;93.090
313;4;7;53.096;105.990
313;7;4;53.096;111.790
314;4;8;72.607;101.720
314;8;4;72.607;107.770
315;4;8;75.491;87.440
315;8;4;75.491;93.490
316;4;9;48.909;104.750
316;9;4;48.909;112.120
317;4;10;48.248;107.580
317;10;4;48.248;115.270
318;4;10;48.003;104.240
318;10;4;48.003;111.930
319;4;11;81.092;86.630
319;11;4;81.092;94.640
320;4;12;129.631;96.200
320;12;4;129.631;106.700
321;4;12;123.882;102.820
321;12;4;123.882;113.320
322;4;12;142.282;96.390
322;12;4;142.282;106.890
323;4;13;68.890;88.650
323;13;4;68.890;103.060
324;4;13;65.324;89.570
324;13;4;65.324;103.980
325;4;14;88.017;79.680
325;14;4;88.017;97.140
326;4;15;55.686;80.830
326;15;4;55.686;98.880
327;4;15;53.331;97.770
327;15;4;53.331;115.820
328;4;16;79.348;84.530
328;16;4;79.348;102.850
329;4;16;73.018;75.370
329;16;4;73.018;93.690
330;4;16;79.378;95.810
330;16;4;79.378;114.130
331;4;17;79.368;80.460
331;17;4;79.368;99.430
332;4;18;48.532;96.610
332;18;4;48.532;115.600
333;4;19;75.900;73.510
333;19;4;75.900;92.860
334;4;19;70.225;93.200
334;19;4;70.225;112.550
335;4;19;76.298;89.940
335;19;4;76.298;109.290
336;4;20;77.326;86.990
336;20;4;77.326;107.300
337;4;21;71.558;73.550
337;21;4;71.558;94.430
338;4;22;60.035;84.840
338;22;4;60.035;105.840
339;4;22;59.153;76.750
339;22;4;59.153;97.750
340;4;23;91.477;78.250
340;23;4;91.477;99.310
341;4;23;86.064;86.370
341;23;4;86.064;107.430
342;4;23;89.092;83.620
342;23;4;89.092;104.680
343;4;24;84.399;86.370
343;24;4;84.399;107.860
344;4;24;82.919;94.070
344;24;4;82.919;115.560
345;4;24;84.265;93.490
345;24;4;84.265;114.980
346;4;25;61.368;76.240
346;25;4;61.368;97.890
347;4;25;59.286;73.180
347;25;4;59.286;94.830
348;4;26;69.083;77.190
348;26;4;69.083;99.080
349;4;27;60.062;69.790
349;27;4;60.062;92.490
350;4;28;66.505;84.350
350;28;4;66.505;108.100
351;4;28;70.638;90.610
351;28;4;70.638;114.360
352;4;29;64.252;68.940
352;29;4;64.252;93.300
353;4;30;70.880;87.610
353;30;4;70.880;112.020
354;4;30;69.332;86.040
354;30;4;69.332;110.450
355;4;30;65.756;83.120
355;30;4;65.756;107.530
356;4;31;52.406;77.170
356;31;4;52.406;101.640
357;4;31;52.053;89.930
357;31;4;52.053;114.400
358;4;31;51.160;89.410
358;31;4;51.160;113.880
359;4;32;88.764;71.090
359;32;4;88.764;95.830
360;4;32;78.820;71.630
360;32;4;78.820;96.370
361;4;33;63.528;79.820
361;33;4;63.528;105.450
362;4;34;65.863;68.210
362;34;4;65.863;94.650
363;4;34;61.264;79.400
363;34;4;61.264;105.840
364;4;34;62.024;70.110
364;34;4;62.024;96.550
365;4;35;63.879;75.960
365;35;4;63.879;104.740
366;4;35;66.818;85.090
366;35;4;66.818;113.870
367;4;36;111.937;81.590
367;36;4;111.937;111.660
368;4;36;101.102;62.610
368;36;4;101.102;92.680
369;4;37;56.648;64.990
369;37;4;56.648;95.870
370;4;37;59.244;67.300
370;37;4;59.244;98.180
371;4;37;54.755;69.900
371;37;4;54.755;100.780
372;4;38;68.075;80.960
372;38;4;68.075;111.950
373;4;38;68.372;78.750
373;38;4;68.372;109.740
374;4;38;73.437;79.860
374;38;4;73.437;110.850
375;4;39;26.736;21.150
375;39;4;71.736;112.750
376;4;39;26.527;5.280
376;39;4;71.527;96.880
377;5;6;70.455;112.540
377;6;5;70.455;114.610
378;5;6;70.517;100.930
378;6;5;70.517;103.000
379;5;6;71.495;104.490
379;6;5;71.495;106.560
380;5;7;73.717;99.890
380;7;5;73.717;105.470
381;5;7;70.829;101.140
381;7;5;70.829;106.720
382;5;8;96.604;104.030
382;8;5;96.604;109.860
383;5;8;106.022;105.340
383;8;5;106.022;111.170
384;5;9;71.323;99.600
384;9;5;71.323;106.750
385;5;10;71.164;99.910
385;10;5;71.164;107.380
386;5;10;69.482;102.360
386;10;5;69.482;109.830
387;5;10;69.375;107.580
387;10;5;69.375;115.050
388;5;11;95.417;99.380
388;11;5;95.417;107.170
389;5;11;85.394;94.850
389;11;5;85.394;102.640
390;5;12;136.357;86.200
390;12;5;136.357;96.480
391;5;12;131.872;101.330
391;12;5;131.872;111.610
392;5;13;92.906;90.530
392;13;5;92.906;104.720
393;5;14;102.108;99.070
393;14;5;102.108;116.310
394;5;14;87.981;80.460
394;14;5;87.981;97.700
395;5;14;111.575;86.330
395;14;5;111.575;103.570
396;5;15;64.858;90.760
396;15;5;64.858;108.590
397;5;16;103.016;89.990
397;16;5;103.016;108.090
398;5;16;96.563;93.380
398;16;5;96.563;111.480
399;5;17;100.908;95.570
399;17;5;100.908;114.320
400;5;18;67.112;78.440
400;18;5;67.112;97.210
401;5;18;63.823;79.150
401;18;5;63.823;97.920
402;5;18;64.880;74.810
402;18;5;64.880;93.580
403;5;19;99.891;78.400
403;19;5;99.891;97.530
404;5;19;108.784;80.130
404;19;5;108.784;99.260
405;5;19;105.016;86.730
405;19;5;105.016;105.860
406;5;20;98.228;93.250
406;20;5;98.228;113.340
407;5;21;94.686;82.410
407;21;5;94.686;103.070
408;5;21;83.488;90.870
408;21;5;83.488;111.530
409;5;22;84.055;75.020
409;22;5;84.055;95.800
410;5;23;110.986;76.280
410;23;5;110.986;97.120
411;5;23;126.032;81.700
411;23;5;126.032;102.540
412;5;24;94.934;90.160
412;24;5;94.934;111.430
413;5;24;90.470;80.100
413;24;5;90.470;101.370
414;5;24;103.579;71.390
414;24;5;103.579;92.660
415;5;25;53.703;75.840
415;25;5;53.703;97.270
416;5;25;53.863;79.120
416;25;5;53.863;100.550
417;5;26;92.930;88.340
417;26;5;92.930;110.010
418;5;26;82.921;89.940
418;26;5;82.921;111.610
419;5;27;57.957;79.530
419;27;5;57.957;102.010
420;5;28;90.195;90.740
420;28;5;90.195;114.270
421;5;28;84.715;77.010
421;28;5;84.715;100.540
422;5;28;89.409;76.210
422;28;5;89.409;99.740
423;5;29;88.212;76.930
423;29;5;88.212;101.070
424;5;30;93.924;76.340
424;30;5;93.924;100.530
425;5;31;73.380;88.410
425;31;5;73.380;112.660
426;5;31;70.800;76.770
426;31;5;70.800;101.020
427;5;31;73.570;73.600
427;31;5;73.570;97.850
428;5;32;108.856;70.600
428;32;5;108.856;95.120
429;5;32;99.363;87.800
429;32;5;99.363;112.320
430;5;33;87.406;85.500
430;33;5;87.406;110.910
431;5;33;95.867;66.390
431;33;5;95.867;91.800
432;5;34;82.429;80.870
432;34;5;82.429;107.090
433;5;34;82.560;89.870
433;34;5;82.560;116.090
434;5;35;87.999;70.530
434;35;5;87.999;99.090
435;5;35;84.148;72.900
435;35;5;84.148;101.460
436;5;36;91.711;82.270
436;36;5;91.711;112.120
437;5;36;86.003;61.640
437;36;5;86.003;91.490
438;5;37;80.236;74.240
438;37;5;80.236;104.900
439;5;37;86.146;80.330
439;37;5;86.146;110.990
440;5;37;74.803;70.030
440;37;5;74.803;100.690
441;5;38;92.140;75.310
441;38;5;92.140;106.080
442;5;38;99.498;81.160
442;38;5;99.498;111.930
443;5;39;49.508;17.880
443;39;5;94.508;109.260
444;5;39;46.881;18.030
444;39;5;91.881;109.410
445;6;7;56.138;92.350
445;7;6;56.138;95.860
446;6;8;71.162;102.330
446;8;6;71.162;106.090
447;6;8;71.544;90.870
447;8;6;71.544;94.630
448;6;9;49.821;108.990
448;9;6;49.821;114.070
449;6;9;50.531;107.030
449;9;6;50.531;112.110
450;6;9;50.745;100.130
450;9;6;50.745;105.210
451;6;10;49.080;90.200
451;10;6;49.080;95.600
452;6;10;48.497;107.920
452;10;6;48.497;113.320
453;6;10;49.381;106.260
453;10;6;49.381;111.660
454;6;11;79.321;108.030
454;11;6;79.321;113.750
455;6;12;130.837;98.530
455;12;6;130.837;106.740
456;6;12;116.735;92.480
456;12;6;116.735;100.690
457;6;13;67.456;78.080
457;13;6;67.456;90.200
458;6;13;66.716;81.790
458;13;6;66.716;93.910
459;6;14;86.229;89.840
459;14;6;86.229;105.010
460;6;14;83.547;87.480
460;14;6;83.547;102.650
461;6;14;85.850;84.380
461;14;6;85.850;99.550
462;6;15;57.572;91.840
462;15;6;57.572;107.600
463;6;16;78.502;83.680
463;16;6;78.502;99.710
464;6;16;84.776;85.770
464;16;6;84.776;101.800
465;6;17;79.163;88.780
465;17;6;79.163;105.460
466;6;17;72.197;86.850
466;17;6;72.197;103.530
467;6;18;50.426;79.580
467;18;6;50.426;96.280
468;6;19;74.452;74.150
468;19;6;74.452;91.210
469;6;20;77.276;93.550
469;20;6;77.276;111.570
470;6;20;72.306;90.720
470;20;6;72.306;108.740
471;6;20;76.580;80.300
471;20;6;76.580;98.320
472;6;21;70.980;83.010
472;21;6;70.980;101.600
473;6;22;58.601;77.600
473;22;6;58.601;96.310
474;6;22;57.348;83.140
474;22;6;57.348;101.850
475;6;23;91.565;71.100
475;23;6;91.565;89.870
476;6;24;82.798;81.470
476;24;6;82.798;100.670
477;6;24;73.929;71.000
477;24;6;73.929;90.200
478;6;24;81.884;84.350
478;24;6;81.884;103.550
479;6;25;62.936;77.950
479;25;6;62.936;97.310
480;6;26;68.190;69.870
480;26;6;68.190;89.470
481;6;26;69.714;76.120
481;26;6;69.714;95.720
482;6;26;66.964;94.230
482;26;6;66.964;113.830
483;6;27;61.863;90.700
483;27;6;61.863;111.110
484;6;27;66.069;91.260
484;27;6;66.069;111.670
485;6;28;65.726;87.380
485;28;6;65.726;108.840
486;6;29;63.311;88.560
486;29;6;63.311;110.630
487;6;29;59.640;89.500
487;29;6;59.640;111.570
488;6;29;66.203;73.180
488;29;6;66.203;95.250
489;6;30;70.339;85.310
489;30;6;70.339;107.430
490;6;30;66.071;90.300
490;30;6;66.071;112.420
491;6;30;67.273;84.050
491;30;6;67.273;106.170
492;6;31;53.231;90.840
492;31;6;53.231;113.020
493;6;31;52.835;82.510
493;31;6;52.835;104.690
494;6;32;86.877;77.460
494;32;6;86.877;99.910
495;6;33;62.004;73.440
495;33;6;62.004;96.780
496;6;33;62.856;75.770
496;33;6;62.856;99.110
497;6;34;66.734;84.740
497;34;6;66.734;108.890
498;6;34;66.698;82.270
498;34;6;66.698;106.420
499;6;35;62.728;65.920
499;35;6;62.728;92.410
500;6;36;113.717;67.530
500;36;6;113.717;95.310
501;6;37;56.104;63.500
501;37;6;56.104;92.090
502;6;38;67.003;77.160
502;38;6;67.003;105.860
503;6;38;62.627;71.760
503;38;6;62.627;100.460
504;6;38;69.017;68.360
504;38;6;69.017;97.060
505;6;39;24.972;5.060
505;39;6;69.972;94.370
506;6;39;26.437;22.590
506;39;6;71.437;111.900
507;6;39;28.293;14.370
507;39;6;73.293;103.680
508;7;8;72.936;88.570
508;8;7;72.936;88.820
509;7;9;51.317;95.560
509;9;7;51.317;97.130
510;7;9;50.567;84.820
510;9;7;50.567;86.390
511;7;10;52.058;93.910
511;10;7;52.058;95.800
512;7;10;52.529;85.410
512;10;7;52.529;87.300
513;7;11;89.354;87.300
513;11;7;89.354;89.510
514;7;11;97.013;92.940
514;11;7;97.013;95.150
515;7;12;119.701;90.830
515;12;7;119.701;95.530
516;7;12;103.877;103.570
516;12;7;103.877;108.270
517;7;13;69.444;88.670
517;13;7;69.444;97.280
518;7;14;96.088;86.910
518;14;7;96.088;98.570
519;7;14;106.237;79.930
519;14;7;106.237;91.590
520;7;15;54.238;82.550
520;15;7;54.238;94.800
521;7;16;75.314;89.740
521;16;7;75.314;102.260
522;7;16;68.869;87.850
522;16;7;68.869;100.370
523;7;16;70.437;77.820
523;16;7;70.437;90.340
524;7;17;72.199;81.420
524;17;7;72.199;94.590
525;7;17;75.170;97.190
525;17;7;75.170;110.360
526;7;17;71.063;90.800
526;17;7;71.063;103.970
527;7;18;53.554;81.050
527;18;7;53.554;94.240
528;7;18;52.922;94.340
528;18;7;52.922;107.530
529;7;19;76.032;92.620
529;19;7;76.032;106.170
530;7;19;76.829;86.110
530;19;7;76.829;99.660
531;7;19;68.423;84.630
531;19;7;68.423;98.180
532;7;20;69.601;86.200
532;20;7;69.601;100.710
533;7;20;64.856;84.970
533;20;7;64.856;99.480
534;7;20;65.836;94.270
534;20;7;65.836;108.780
535;7;21;66.555;94.650
535;21;7;66.555;109.730
536;7;21;62.541;90.290
536;21;7;62.541;105.370
537;7;21;68.622;76.620
537;21;7;68.622;91.700
538;7;22;61.893;92.940
538;22;7;61.893;108.140
539;7;23;82.998;79.780
539;23;7;82.998;95.040
540;7;23;85.076;93.170
540;23;7;85.076;108.430
541;7;23;89.761;92.910
541;23;7;89.761;108.170
542;7;24;93.521;80.440
542;24;7;93.521;96.130
543;7;24;95.146;75.300
543;24;7;95.146;90.990
544;7;24;87.616;81.430
544;24;7;87.616;97.120
545;7;25;65.023;72.150
545;25;7;65.023;88.000
546;7;25;64.924;81.130
546;25;7;64.924;96.980
547;7;26;66.053;78.040
547;26;7;66.053;94.130
548;7;26;65.141;91.980
548;26;7;65.141;108.070
549;7;26;60.816;91.370
549;26;7;60.816;107.460
550;7;27;61.410;77.480
550;27;7;61.410;94.380
551;7;27;58.859;85.520
551;27;7;58.859;102.420
552;7;28;63.125;77.020
552;28;7;63.125;94.970
553;7;29;62.161;71.900
553;29;7;62.161;90.460
554;7;29;58.391;75.370
554;29;7;58.391;93.930
555;7;29;59.672;69.920
555;29;7;59.672;88.480
556;7;30;65.740;88.370
556;30;7;65.740;106.980
557;7;31;48.134;80.670
557;31;7;48.134;99.340
558;7;32;93.824;74.810
558;32;7;93.824;93.750
559;7;32;103.416;88.030
559;32;7;103.416;106.970
560;7;33;65.413;77.860
560;33;7;65.413;97.690
561;7;33;60.973;72.630
561;33;7;60.973;92.460
562;7;34;55.896;68.980
562;34;7;55.896;89.620
563;7;35;63.132;84.090
563;35;7;63.132;107.070
564;7;35;59.426;70.260
564;35;7;59.426;93.240
565;7;35;59.467;74.230
565;35;7;59.467;97.210
566;7;36;110.940;74.500
566;36;7;110.940;98.770
567;7;36;126.034;83.080
567;36;7;126.034;107.350
568;7;36;125.137;72.220
568;36;7;125.137;96.490
569;7;37;54.569;65.050
569;37;7;54.569;90.130
570;7;37;54.480;85.130
570;37;7;54.480;110.210
571;7;38;66.248;64.730
571;38;7;66.248;89.920
572;7;38;66.580;63.070
572;38;7;66.580;88.260
573;7;38;65.033;73.230
573;38;7;65.033;98.420
574;7;39;30.107;14.450
574;39;7;75.107;100.250
575;7;39;32.197;10.300
575;39;7;77.197;96.100
576;7;39;26.352;18.300
576;39;7;71.352;104.100
577;8;9;71.395;88.600
577;9;8;71.395;89.920
578;8;10;71.270;88.730
578;10;8;71.270;90.370
579;8;10;73.779;91.530
579;10;8;73.779;93.170
580;8;10;70.044;102.960
580;10;8;70.044;104.600
581;8;11;77.461;91.640
581;11;8;77.461;93.600
582;8;11;77.336;107.870
582;11;8;77.336;109.830
583;8;11;78.032;86.300
583;11;8;78.032;88.260
584;8;12;133.962;103.170
584;12;8;133.962;107.620
585;8;12;132.079;99.430
585;12;8;132.079;103.880
586;8;13;48.720;81.870
586;13;8;48.720;90.230
587;8;14;81.867;97.540
587;14;8;81.867;108.950
588;8;15;80.886;85.100
588;15;8;80.886;97.100
589;8;15;83.393;76.300
589;15;8;83.393;88.300
590;8;16;59.020;79.620
590;16;8;59.020;91.890
591;8;16;60.416;82.950
591;16;8;60.416;95.220
592;8;17;68.636;78.350
592;17;8;68.636;91.270
593;8;18;75.277;88.670
593;18;8;75.277;101.610
594;8;18;70.752;76.380
594;18;8;70.752;89.320
595;8;18;72.795;82.360
595;18;8;72.795;95.300
596;8;19;48.293;91.050
596;19;8;48.293;104.350
597;8;19;49.045;97.140
597;19;8;49.045;110.440
598;8;20;69.630;75.860
598;20;8;69.630;90.120
599;8;21;59.610;88.480
599;21;8;59.610;103.310
600;8;22;57.574;89.220
600;22;8;57.574;104.170
601;8;22;56.355;93.400
601;22;8;56.355;108.350
602;8;23;81.838;81.550
602;23;8;81.838;96.560
603;8;24;84.983;84.710
603;24;8;84.983;100.150
604;8;24;77.835;83.950
604;24;8;77.835;99.390
605;8;25;88.961;70.000
605;25;8;88.961;85.600
606;8;25;80.736;86.030
606;25;8;80.736;101.630
607;8;26;54.971;78.820
607;26;8;54.971;94.660
608;8;26;57.267;78.830
608;26;8;57.267;94.670
609;8;27;87.092;70.700
609;27;8;87.092;87.350
610;8;27;77.712;87.690
610;27;8;77.712;104.340
611;8;28;56.952;91.280
611;28;8;56.952;108.980
612;8;28;55.490;78.270
612;28;8;55.490;95.970
613;8;29;56.214;67.380
613;29;8;56.214;85.690
614;8;29;57.865;81.230
614;29;8;57.865;99.540
615;8;30;59.979;79.670
615;30;8;59.979;98.030
616;8;31;71.057;67.230
616;31;8;71.057;85.650
617;8;31;71.062;67.890
617;31;8;71.062;86.310
618;8;32;70.626;77.770
618;32;8;70.626;96.460
619;8;33;54.237;69.360
619;33;8;54.237;88.940
620;8;34;75.300;76.220
620;34;8;75.300;96.610
621;8;34;72.091;81.750
621;34;8;72.091;102.140
622;8;35;54.808;81.980
622;35;8;54.808;104.710
623;8;35;55.452;73.460
623;35;8;55.452;96.190
624;8;35;53.826;76.760
624;35;8;53.826;99.490
625;8;36;138.521;73.310
625;36;8;138.521;97.330
626;8;36;161.404;71.020
626;36;8;161.404;95.040
627;8;37;63.422;78.410
627;37;8;63.422;103.240
628;8;37;64.035;65.960
628;37;8;64.035;90.790
629;8;38;52.829;69.480
629;38;8;52.829;94.420
630;8;39;8.671;13.970
630;39;8;53.671;99.520
631;8;39;6.848;0.030
631;39;8;51.848;85.580
632;9;10;45.742;101.170
632;10;9;45.742;101.490
633;9;10;45.851;94.890
633;10;9;45.851;95.210
634;9;10;45.645;87.490
634;10;9;45.645;87.810
635;9;11;83.599;95.320
635;11;9;83.599;95.960
636;9;11;86.081;106.130
636;11;9;86.081;106.770
637;9;11;89.918;87.470
637;11;9;89.918;88.110
638;9;12;126.016;94.340
638;12;9;126.016;97.470
639;9;13;67.698;90.850
639;13;9;67.698;97.890
640;9;13;63.772;95.400
640;13;9;63.772;102.440
641;9;13;73.190;91.400
641;13;9;73.190;98.440
642;9;14;90.434;84.230
642;14;9;90.434;94.320
643;9;14;98.085;85.160
643;14;9;98.085;95.250
644;9;14;92.435;95.730
644;14;9;92.435;105.820
645;9;15;54.785;87.080
645;15;9;54.785;97.760
646;9;15;53.159;82.150
646;15;9;53.159;92.830
647;9;15;54.980;98.290
647;15;9;54.980;108.970
648;9;16;76.705;98.070
648;16;9;76.705;109.020
649;9;16;78.514;97.140
649;16;9;78.514;108.090
650;9;16;68.995;74.770
650;16;9;68.995;85.720
651;9;17;75.866;91.400
651;17;9;75.866;103.000
652;9;18;49.211;89.360
652;18;9;49.211;100.980
653;9;18;48.720;72.670
653;18;9;48.720;84.290
654;9;19;74.659;88.970
654;19;9;74.659;100.950
655;9;19;76.654;86.600
655;19;9;76.654;98.580
656;9;20;73.693;77.490
656;20;9;73.693;90.430
657;9;21;68.546;89.760
657;21;9;68.546;103.270
658;9;21;71.771;86.280
658;21;9;71.771;99.790
659;9;22;59.092;78.230
659;22;9;59.092;91.860
660;9;22;55.804;71.250
660;22;9;55.804;84.880
661;9;22;61.926;78.180
661;22;9;61.926;91.810
662;9;23;87.726;86.630
662;23;9;87.726;100.320
663;9;24;87.419;75.560
663;24;9;87.419;89.680
664;9;24;88.215;93.830
664;24;9;88.215;107.950
665;9;25;63.021;72.690
665;25;9;63.021;86.970
666;9;25;59.105;84.280
666;25;9;59.105;98.560
667;9;25;60.408;88.670
667;25;9;60.408;102.950
668;9;26;66.618;70.680
668;26;9;66.618;85.200
669;9;26;63.132;84.710
669;26;9;63.132;99.230
670;9;27;60.707;82.000
670;27;9;60.707;97.330
671;9;28;63.873;84.640
671;28;9;63.873;101.020
672;9;28;62.235;90.160
672;28;9;62.235;106.540
673;9;28;67.624;89.210
673;28;9;67.624;105.590
674;9;29;61.968;78.000
674;29;9;61.968;94.990
675;9;29;62.045;81.790
675;29;9;62.045;98.780
676;9;29;61.620;75.100
676;29;9;61.620;92.090
677;9;30;67.821;91.520
677;30;9;67.821;108.560
678;9;30;73.139;70.310
678;30;9;73.139;87.350
679;9;30;64.253;79.940
679;30;9;64.253;96.980
680;9;31;48.504;74.920
680;31;9;48.504;92.020
681;9;31;48.644;89.740
681;31;9;48.644;106.840
682;9;31;49.063;79.630
682;31;9;49.063;96.730
683;9;32;89.693;81.530
683;32;9;89.693;98.900
684;9;32;92.797;67.560
684;32;9;92.797;84.930
685;9;33;62.738;74.210
685;33;9;62.738;92.470
686;9;33;63.487;85.780
686;33;9;63.487;104.040
687;9;34;62.000;66.880
687;34;9;62.000;85.950
688;9;34;58.365;75.930
688;34;9;58.365;95.000
689;9;34;62.634;88.160
689;34;9;62.634;107.230
690;9;35;62.054;63.320
690;35;9;62.054;84.730
691;9;36;112.282;81.170
691;36;9;112.282;103.870
692;9;37;53.916;71.220
692;37;9;53.916;94.730
693;9;38;65.987;74.940
693;38;9;65.987;98.560
694;9;38;65.930;75.600
694;38;9;65.930;99.220
695;9;38;63.859;75.950
695;38;9;63.859;99.570
696;9;39;26.770;16.840
696;39;9;71.770;101.070
697;10;11;82.919;93.520
697;11;10;82.919;93.840
698;10;11;74.413;96.590
698;11;10;74.413;96.910
699;10;12;126.758;85.070
699;12;10;126.758;87.880
700;10;12;118.990;85.390
700;12;10;118.990;88.200
701;10;12;126.860;88.310
701;12;10;126.860;91.120
702;10;13;67.563;81.850
702;13;10;67.563;88.570
703;10;14;89.765;79.960
703;14;10;89.765;89.730
704;10;14;97.702;85.240
704;14;10;97.702;95.010
705;10;14;86.756;90.680
705;14;10;86.756;100.450
706;10;15;55.142;81.440
706;15;10;55.142;91.800
707;10;16;76.911;84.150
707;16;10;76.911;94.780
708;10;16;78.254;83.640
708;16;10;78.254;94.270
709;10;16;81.233;88.120
709;16;10;81.233;98.750
710;10;17;76.323;75.790
710;17;10;76.323;87.070
711;10;18;49.095;77.290
711;18;10;49.095;88.590
712;10;18;49.346;85.460
712;18;10;49.346;96.760
713;10;19;74.545;97.160
713;19;10;74.545;108.820
714;10;20;74.198;84.770
714;20;10;74.198;97.390
715;10;20;74.734;90.050
715;20;10;74.734;102.670
716;10;20;80.640;79.980
716;20;10;80.640;92.600
717;10;21;68.844;73.850
717;21;10;68.844;87.040
718;10;21;72.661;85.390
718;21;10;72.661;98.580
719;10;21;69.529;86.690
719;21;10;69.529;99.880
720;10;22;58.879;81.310
720;22;10;58.879;94.620
721;10;23;88.283;89.280
721;23;10;88.283;102.650
722;10;23;97.257;83.970
722;23;10;97.257;97.340
723;10;23;92.938;90.870
723;23;10;92.938;104.240
724;10;24;86.697;84.610
724;24;10;86.697;98.410
725;10;24;96.524;83.330
725;24;10;96.524;97.130
726;10;25;62.955;88.090
726;25;10;62.955;102.050
727;10;26;66.767;81.770
727;26;10;66.767;95.970
728;10;26;65.623;74.340
728;26;10;65.623;88.540
729;10;27;60.826;80.580
729;27;10;60.826;95.590
730;10;27;61.132;71.510
730;27;10;61.132;86.520
731;10;27;62.275;82.140
731;27;10;62.275;97.150
732;10;28;64.060;87.880
732;28;10;64.060;103.940
733;10;28;64.083;71.270
733;28;10;64.083;87.330
734;10;29;62.062;73.950
734;29;10;62.062;90.620
735;10;29;62.107;84.230
735;29;10;62.107;100.900
736;10;29;59.457;83.030
736;29;10;59.457;99.700
737;10;30;68.133;79.690
737;30;10;68.133;96.410
738;10;31;49.209;83.220
738;31;10;49.209;100.000
739;10;31;49.817;67.380
739;31;10;49.817;84.160
740;10;32;89.213;90.540
740;32;10;89.213;107.590
741;10;33;62.511;85.230
741;33;10;62.511;103.170
742;10;33;59.777;82.330
742;33;10;59.777;100.270
743;10;34;62.719;68.620
743;34;10;62.719;87.370
744;10;35;62.040;71.680
744;35;10;62.040;92.770
745;10;36;112.512;70.590
745;36;10;112.512;92.970
746;10;36;103.210;65.540
746;36;10;103.210;87.920
747;10;37;54.092;72.970
747;37;10;54.092;96.160
748;10;37;55.517;82.600
748;37;10;55.517;105.790
749;10;37;55.489;73.060
749;37;10;55.489;96.250
750;10;38;66.044;70.450
750;38;10;66.044;93.750
751;10;38;65.375;85.050
751;38;10;65.375;108.350
752;10;38;65.078;85.470
752;38;10;65.078;108.770
753;10;39;26.416;6.430
753;39;10;71.416;90.340
754;11;12;162.144;82.930
754;12;11;162.144;85.420
755;11;12;186.080;102.760
755;12;11;186.080;105.250
756;11;13;76.730;80.800
756;13;11;76.730;87.200
757;11;13;82.356;94.850
757;13;11;82.356;101.250
758;11;14;51.988;97.070
758;14;11;51.988;106.520
759;11;15;91.542;97.610
759;15;11;91.542;107.650
760;11;16;91.481;95.280
760;16;11;91.481;105.590
761;11;16;89.136;74.900
761;16;11;89.136;85.210
762;11;17;100.020;76.610
762;17;11;100.020;87.570
763;11;17;89.526;75.570
763;17;11;89.526;86.530
764;11;18;84.495;74.250
764;18;11;84.495;85.230
765;11;18;87.279;76.010
765;18;11;87.279;86.990
766;11;18;92.262;78.090
766;18;11;92.262;89.070
767;11;19;78.565;85.000
767;19;11;78.565;96.340
768;11;20;100.131;91.940
768;20;11;100.131;104.240
769;11;20;110.982;73.390
769;20;11;110.982;85.690
770;11;20;97.013;74.410
770;20;11;97.013;86.710
771;11;21;90.082;87.560
771;21;11;90.082;100.430
772;11;22;76.108;74.040
772;22;11;76.108;87.030
773;11;22;76.825;72.460
773;22;11;76.825;85.450
774;11;22;70.097;91.070
774;22;11;70.097;104.060
775;11;23;113.670;73.480
775;23;11;113.670;86.530
776;11;24;53.115;71.270
776;24;11;53.115;84.750
777;11;24;53.571;82.320
777;24;11;53.571;95.800
778;11;25;92.145;90.840
778;25;11;92.145;104.480
779;11;25;89.522;82.860
779;25;11;89.522;96.500
780;11;25;91.298;76.470
780;25;11;91.298;90.110
781;11;26;84.892;85.700
781;26;11;84.892;99.580
782;11;27;93.633;73.560
782;27;11;93.633;88.250
783;11;27;82.555;83.930
783;27;11;82.555;98.620
784;11;27;91.297;82.000
784;27;11;91.297;96.690
785;11;28;84.989;80.900
785;28;11;84.989;96.640
786;11;28;86.411;70.580
786;28;11;86.411;86.320
787;11;29;82.266;69.040
787;29;11;82.266;85.390
788;11;29;82.437;91.620
788;29;11;82.437;107.970
789;11;29;87.255;80.400
789;29;11;87.255;96.750
790;11;30;90.080;84.440
790;30;11;90.080;100.840
791;11;30;84.018;80.390
791;30;11;84.018;96.790
792;11;30;91.880;91.520
792;30;11;91.880;107.920
793;11;31;86.226;81.850
793;31;11;86.226;98.310
794;11;31;82.502;84.260
794;31;11;82.502;100.720
795;11;32;64.619;75.120
795;32;11;64.619;91.850
796;11;32;63.649;85.090
796;32;11;63.649;101.820
797;11;32;68.398;72.890
797;32;11;68.398;89.620
798;11;33;74.708;67.510
798;33;11;74.708;85.130
799;11;33;74.922;80.750
799;33;11;74.922;98.370
800;11;34;98.025;71.920
800;34;11;98.025;90.350
801;11;34;87.075;71.790
801;34;11;87.075;90.220
802;11;34;99.887;76.780
802;34;11;99.887;95.210
803;11;35;79.786;87.180
803;35;11;79.786;107.950
804;11;35;86.199;83.050
804;35;11;86.199;103.820
805;11;35;86.318;71.440
805;35;11;86.318;92.210
806;11;36;142.123;67.870
806;36;11;142.123;89.930
807;11;36;147.645;65.710
807;36;11;147.645;87.770
808;11;37;82.779;81.730
808;37;11;82.779;104.600
809;11;37;78.817;68.890
809;37;11;78.817;91.760
810;11;37;82.728;61.460
810;37;11;82.728;84.330
811;11;38;82.111;76.590
811;38;11;82.111;99.570
812;11;39;23.796;12.700
812;39;11;68.796;96.290
813;12;13;132.759;94.150
813;13;12;132.759;98.060
814;12;13;118.116;77.780
814;13;12;118.116;81.690
815;12;13;130.697;88.080
815;13;12;130.697;91.990
816;12;14;168.244;97.660
816;14;12;168.244;104.620
817;12;14;163.699;86.970
817;14;12;163.699;93.930
818;12;14;166.321;75.130
818;14;12;166.321;82.090
819;12;15;122.350;75.660
819;15;12;122.350;83.210
820;12;16;122.822;83.710
820;16;12;122.822;91.530
821;12;16;131.387;78.870
821;16;12;131.387;86.690
822;12;17;111.004;87.030
822;17;12;111.004;95.500
823;12;17;119.090;92.890
823;17;12;119.090;101.360
824;12;17;125.684;74.040
824;17;12;125.684;82.510
825;12;18;127.258;77.140
825;18;12;127.258;85.630
826;12;18;119.396;76.570
826;18;12;119.396;85.060
827;12;19;135.019;78.420
827;19;12;135.019;87.270
828;12;19;123.797;76.260
828;19;12;123.797;85.110
829;12;20;109.423;77.040
829;20;12;109.423;86.850
830;12;20;103.939;92.290
830;20;12;103.939;102.100
831;12;20;101.546;91.520
831;20;12;101.546;101.330
832;12;21;119.360;79.910
832;21;12;119.360;90.290
833;12;21;115.498;73.640
833;21;12;115.498;84.020
834;12;21;116.912;81.600
834;21;12;116.912;91.980
835;12;22;131.088;92.540
835;22;12;131.088;103.040
836;12;22;129.340;92.060
836;22;12;129.340;102.560
837;12;22;110.310;81.800
837;22;12;110.310;92.300
838;12;23;100.480;89.040
838;23;12;100.480;99.600
839;12;23;97.381;73.120
839;23;12;97.381;83.680
840;12;23;104.450;82.940
840;23;12;104.450;93.500
841;12;24;167.504;81.860
841;24;12;167.504;92.850
842;12;24;179.652;76.540
842;24;12;179.652;87.530
843;12;25;130.388;70.040
843;25;12;130.388;81.190
844;12;26;124.270;93.740
844;26;12;124.270;105.130
845;12;26;117.037;71.100
845;26;12;117.037;82.490
846;12;26;111.018;86.200
846;26;12;111.018;97.590
847;12;27;125.830;83.570
847;27;12;125.830;95.770
848;12;27;111.729;76.260
848;27;12;111.729;88.460
849;12;27;112.024;89.940
849;27;12;112.024;102.140
850;12;28;123.211;92.310
850;28;12;123.211;105.560
851;12;28;133.401;68.550
851;28;12;133.401;81.800
852;12;29;125.517;78.510
852;29;12;125.517;92.370
853;12;29;142.541;91.610
853;29;12;142.541;105.470
854;12;30;119.040;91.990
854;30;12;119.040;105.900
855;12;30;101.957;80.770
855;30;12;101.957;94.680
856;12;30;124.534;77.120
856;30;12;124.534;91.030
857;12;31;122.694;85.120
857;31;12;122.694;99.090
858;12;31;109.906;84.030
858;31;12;109.906;98.000
859;12;31;120.394;77.380
859;31;12;120.394;91.350
860;12;32;159.568;74.030
860;32;12;159.568;88.270
861;12;32;137.569;84.910
861;32;12;137.569;99.150
862;12;33;132.948;74.170
862;33;12;132.948;89.300
863;12;34;109.575;77.750
863;34;12;109.575;93.690
864;12;34;98.410;70.990
864;34;12;98.410;86.930
865;12;34;120.017;73.480
865;34;12;120.017;89.420
866;12;35;127.997;64.910
866;35;12;127.997;83.190
867;12;35;132.602;71.790
867;35;12;132.602;90.070
868;12;36;134.770;66.900
868;36;12;134.770;86.470
869;12;36;113.243;77.940
869;36;12;113.243;97.510
870;12;36;121.125;83.460
870;36;12;121.125;103.030
871;12;37;124.476;65.990
871;37;12;124.476;86.370
872;12;37;139.881;84.790
872;37;12;139.881;105.170
873;12;37;139.435;72.370
873;37;12;139.435;92.750
874;12;38;126.894;71.900
874;38;12;126.894;92.390
875;12;39;96.367;17.950
875;39;12;141.367;99.050
876;12;39;77.480;21.130
876;39;12;122.480;102.230
877;13;14;81.692;92.180
877;14;13;81.692;95.230
878;13;14;87.569;95.180
878;14;13;87.569;98.230
879;13;15;77.233;78.370
879;15;13;77.233;82.010
880;13;15;76.617;86.280
880;15;13;76.617;89.920
881;13;15;81.894;88.520
881;15;13;81.894;92.160
882;13;16;60.381;80.260
882;16;13;60.381;84.170
883;13;17;68.397;95.630
883;17;13;68.397;100.190
884;13;18;71.561;96.120
884;18;13;71.561;100.700
885;13;18;76.940;86.060
885;18;13;76.940;90.640
886;13;19;52.011;80.570
886;19;13;52.011;85.510
887;13;19;52.555;78.970
887;19;13;52.555;83.910
888;13;20;68.885;90.450
888;20;13;68.885;96.350
889;13;20;67.697;81.600
889;20;13;67.697;87.500
890;13;20;64.355;74.510
890;20;13;64.355;80.410
891;13;21;58.682;89.410
891;21;13;58.682;95.880
892;13;21;61.322;90.520
892;21;13;61.322;96.990
893;13;21;58.719;73.480
893;21;13;58.719;79.950
894;13;22;53.861;72.590
894;22;13;53.861;79.180
895;13;22;52.400;75.030
895;22;13;52.400;81.620
896;13;23;81.967;80.070
896;23;13;81.967;86.720
897;13;23;86.740;90.170
897;23;13;86.740;96.820
898;13;23;81.209;85.670
898;23;13;81.209;92.320
899;13;24;83.904;79.350
899;24;13;83.904;86.430
900;13;25;85.242;74.910
900;25;13;85.242;82.150
901;13;25;86.032;77.350
901;25;13;86.032;84.590
902;13;26;53.547;84.810
902;26;13;53.547;92.290
903;13;27;83.387;69.880
903;27;13;83.387;78.170
904;13;27;86.742;72.810
904;27;13;86.742;81.100
905;13;28;54.733;81.450
905;28;13;54.733;90.790
906;13;28;53.851;84.590
906;28;13;53.851;93.930
907;13;29;53.264;69.810
907;29;13;53.264;79.760
908;13;30;58.852;82.350
908;30;13;58.852;92.350
909;13;30;59.387;80.430
909;30;13;59.387;90.430
910;13;30;60.524;86.380
910;30;13;60.524;96.380
911;13;31;67.457;90.070
911;31;13;67.457;100.130
912;13;31;62.328;83.930
912;31;13;62.328;93.990
913;13;31;71.324;69.490
913;31;13;71.324;79.550
914;13;32;72.272;76.560
914;32;13;72.272;86.890
915;13;32;65.749;85.510
915;32;13;65.749;95.840
916;13;32;75.778;67.540
916;32;13;75.778;77.870
917;13;33;50.626;83.380
917;33;13;50.626;94.600
918;13;34;72.548;68.320
918;34;13;72.548;80.350
919;13;35;51.440;82.370
919;35;13;51.440;96.740
920;13;35;51.036;82.420
920;35;13;51.036;96.790
921;13;35;50.570;87.300
921;35;13;50.570;101.670
922;13;36;134.874;63.820
922;36;13;134.874;79.480
923;13;36;119.439;75.950
923;36;13;119.439;91.610
924;13;37;59.887;68.850
924;37;13;59.887;85.320
925;13;38;50.865;77.360
925;38;13;50.865;93.940
926;13;38;50.000;81.410
926;38;13;50.000;97.990
927;13;38;52.155;77.260
927;38;13;52.155;93.840
928;13;39;8.647;1.000
928;39;13;53.647;78.190
929;13;39;8.863;19.970
929;39;13;53.863;97.160
930;14;15;98.504;98.270
930;15;14;98.504;98.860
931;14;15;93.655;95.330
931;15;14;93.655;95.920
932;14;16;95.763;82.030
932;16;14;95.763;82.890
933;14;16;95.717;86.880
933;16;14;95.717;87.740
934;14;17;105.087;76.760
934;17;14;105.087;78.270
935;14;18;91.439;94.360
935;18;14;91.439;95.890
936;14;18;88.679;79.360
936;18;14;88.679;80.890
937;14;18;101.583;81.830
937;18;14;101.583;83.360
938;14;19;82.461;92.260
938;19;14;82.461;94.150
939;14;19;82.852;91.300
939;19;14;82.852;93.190
940;14;20;105.469;72.020
940;20;14;105.469;74.870
941;14;20;107.309;79.020
941;20;14;107.309;81.870
942;14;20;120.016;90.010
942;20;14;120.016;92.860
943;14;21;95.305;80.770
943;21;14;95.305;84.190
944;14;21;90.597;79.990
944;21;14;90.597;83.410
945;14;21;88.173;79.340
945;21;14;88.173;82.760
946;14;22;82.171;72.850
946;22;14;82.171;76.390
947;14;22;88.588;86.780
947;22;14;88.588;90.320
948;14;22;84.276;76.220
948;22;14;84.276;79.760
949;14;23;118.587;75.110
949;23;14;118.587;78.710
950;14;23;111.854;87.390
950;23;14;111.854;90.990
951;14;23;106.275;79.350
951;23;14;106.275;82.950
952;14;24;54.760;80.450
952;24;14;54.760;84.480
953;14;24;55.019;76.670
953;24;14;55.019;80.700
954;14;24;55.930;76.870
954;24;14;55.930;80.900
955;14;25;99.067;82.770
955;25;14;99.067;86.960
956;14;26;90.108;71.360
956;26;14;90.108;75.790
957;14;27;100.613;85.700
957;27;14;100.613;90.940
958;14;27;98.818;76.790
958;27;14;98.818;82.030
959;14;27;110.057;82.950
959;27;14;110.057;88.190
960;14;28;90.512;76.540
960;28;14;90.512;82.830
961;14;29;87.936;75.780
961;29;14;87.936;82.680
962;14;29;87.684;78.980
962;29;14;87.684;85.880
963;14;30;95.384;82.180
963;30;14;95.384;89.130
964;14;31;92.972;85.020
964;31;14;92.972;92.030
965;14;32;63.721;68.880
965;32;14;63.721;76.160
966;14;32;59.983;74.740
966;32;14;59.983;82.020
967;14;33;80.398;68.320
967;33;14;80.398;76.490
968;14;33;74.692;90.020
968;33;14;74.692;98.190
969;14;33;80.389;87.810
969;33;14;80.389;95.980
970;14;34;104.458;82.640
970;34;14;104.458;91.620
971;14;34;108.490;81.070
971;34;14;108.490;90.050
972;14;35;85.440;83.940
972;35;14;85.440;95.260
973;14;36;148.777;73.610
973;36;14;148.777;86.220
974;14;36;155.407;62.520
974;36;14;155.407;75.130
975;14;36;155.855;66.580
975;36;14;155.855;79.190
976;14;37;89.149;81.560
976;37;14;89.149;94.980
977;14;37;93.278;75.370
977;37;14;93.278;88.790
978;14;38;87.331;80.890
978;38;14;87.331;94.420
979;14;39;28.285;6.930
979;39;14;73.285;81.070
980;15;16;84.488;91.480
980;16;15;84.488;91.750
981;15;17;81.182;87.020
981;17;15;81.182;87.940
982;15;17;90.216;85.520
982;17;15;90.216;86.440
983;15;17;75.005;84.850
983;17;15;75.005;85.770
984;15;18;52.159;96.500
984;18;15;52.159;97.440
985;15;19;84.107;91.520
985;19;15;84.107;92.820
986;15;19;81.807;79.170
986;19;15;81.807;80.470
987;15;19;90.126;82.080
987;19;15;90.126;83.380
988;15;20;78.419;76.050
988;20;15;78.419;78.310
989;15;21;75.776;80.040
989;21;15;75.776;82.870
990;15;21;73.559;86.420
990;21;15;73.559;89.250
991;15;22;68.809;95.170
991;22;15;68.809;98.120
992;15;22;67.318;84.340
992;22;15;67.318;87.290
993;15;23;91.181;91.210
993;23;15;91.181;94.220
994;15;23;96.880;95.170
994;23;15;96.880;98.180
995;15;23;94.953;89.310
995;23;15;94.953;92.320
996;15;24;94.291;91.110
996;24;15;94.291;94.550
997;15;24;94.263;89.550
997;24;15;94.263;92.990
998;15;25;56.195;73.560
998;25;15;56.195;77.160
999;15;25;56.296;85.810
999;25;15;56.296;89.410
1000;15;26;74.973;77.980
1000;26;15;74.973;81.820
1001;15;27;52.199;87.640
1001;27;15;52.199;92.290
1002;15;27;51.643;79.560
1002;27;15;51.643;84.210
1003;15;27;50.535;89.470
1003;27;15;50.535;94.120
1004;15;28;72.071;75.310
1004;28;15;72.071;81.010
1005;15;29;70.735;77.570
1005;29;15;70.735;83.880
1006;15;29;69.289;68.240
1006;29;15;69.289;74.550
1007;15;30;74.967;92.130
1007;30;15;74.967;98.490
1008;15;31;54.975;91.860
1008;31;15;54.975;98.280
1009;15;31;57.438;75.840
1009;31;15;57.438;82.260
1010;15;31;53.140;72.910
1010;31;15;53.140;79.330
1011;15;32;99.245;73.970
1011;32;15;99.245;80.660
1012;15;33;72.463;83.980
1012;33;15;72.463;91.560
1013;15;34;62.743;74.270
1013;34;15;62.743;82.660
1014;15;35;71.271;68.180
1014;35;15;71.271;78.910
1015;15;35;77.829;87.170
1015;35;15;77.829;97.900
1016;15;35;71.870;79.500
1016;35;15;71.870;90.230
1017;15;36;102.641;78.880
1017;36;15;102.641;90.900
1018;15;37;62.667;62.190
1018;37;15;62.667;75.020
1019;15;37;61.166;71.890
1019;37;15;61.166;84.720
1020;15;38;74.848;83.120
1020;38;15;74.848;96.060
1021;15;39;36.549;11.870
1021;39;15;81.549;85.420
1022;15;39;40.325;5.530
1022;39;15;85.325;79.080
1023;15;39;40.977;22.580
1023;39;15;85.977;96.130
1024;16;17;57.000;76.850
1024;17;16;57.000;77.500
1025;16;17;54.684;88.600
1025;17;16;54.684;89.250
1026;16;17;56.478;81.630
1026;17;16;56.478;82.280
1027;16;18;80.915;97.350
1027;18;16;80.915;98.020
1028;16;18;73.938;95.910
1028;18;16;73.938;96.580
1029;16;19;58.441;95.470
1029;19;16;58.441;96.500
1030;16;19;56.223;78.240
1030;19;16;56.223;79.270
1031;16;20;59.400;80.420
1031;20;16;59.400;82.410
1032;16;20;60.751;76.030
1032;20;16;60.751;78.020
1033;16;20;56.723;91.450
1033;20;16;56.723;93.440
1034;16;21;53.905;78.070
1034;21;16;53.905;80.630
1035;16;22;66.444;78.010
1035;22;16;66.444;80.690
1036;16;22;66.321;71.840
1036;22;16;66.321;74.520
1037;16;23;68.621;75.110
1037;23;16;68.621;77.850
1038;16;23;73.464;78.600
1038;23;16;73.464;81.340
1039;16;24;98.965;73.490
1039;24;16;98.965;76.660
1040;16;25;94.578;91.940
1040;25;16;94.578;95.270
1041;16;26;55.323;93.580
1041;26;16;55.323;97.150
1042;16;26;56.184;73.270
1042;26;16;56.184;76.840
1043;16;27;91.542;70.670
1043;27;16;91.542;75.050
1044;16;28;57.858;88.620
1044;28;16;57.858;94.050
1045;16;28;56.396;84.500
1045;28;16;56.396;89.930
1046;16;28;57.656;77.140
1046;28;16;57.656;82.570
1047;16;29;60.221;82.110
1047;29;16;60.221;88.150
1048;16;30;54.749;90.240
1048;30;16;54.749;96.330
1049;16;31;74.821;89.270
1049;31;16;74.821;95.420
1050;16;32;82.763;67.060
1050;32;16;82.763;73.480
1051;16;33;64.811;80.980
1051;33;16;64.811;88.290
1052;16;34;72.411;67.570
1052;34;16;72.411;75.690
1053;16;34;74.784;69.890
1053;34;16;74.784;78.010
1054;16;35;61.327;76.710
1054;35;16;61.327;87.170
1055;16;36;140.389;63.780
1055;36;16;140.389;75.530
1056;16;36;132.144;80.460
1056;36;16;132.144;92.210
1057;16;37;67.821;83.550
1057;37;16;67.821;96.110
1058;16;37;68.852;82.590
1058;37;16;68.852;95.150
1059;16;37;72.010;64.650
1059;37;16;72.010;77.210
1060;16;38;57.019;69.570
1060;38;16;57.019;82.240
1061;16;38;57.168;70.730
1061;38;16;57.168;83.400
1062;16;38;54.381;74.640
1062;38;16;54.381;87.310
1063;16;39;22.688;0.140
1063;39;16;67.688;73.420
1064;17;18;79.770;81.440
1064;18;17;79.770;81.460
1065;17;18;87.410;92.150
1065;18;17;87.410;92.170
1066;17;18;87.051;79.780
1066;18;17;87.051;79.800
1067;17;19;69.198;74.860
1067;19;17;69.198;75.240
1068;17;20;48.361;91.120
1068;20;17;48.361;92.460
1069;17;21;55.018;94.050
1069;21;17;55.018;95.960
1070;17;21;55.380;90.720
1070;21;17;55.380;92.630
1071;17;21;54.585;75.520
1071;21;17;54.585;77.430
1072;17;22;70.710;70.750
1072;22;17;70.710;72.780
1073;17;22;71.365;90.660
1073;22;17;71.365;92.690
1074;17;23;58.725;77.440
1074;23;17;58.725;79.530
1075;17;23;61.562;76.850
1075;23;17;61.562;78.940
1076;17;24;106.902;89.650
1076;24;17;106.902;92.170
1077;17;24;94.981;78.300
1077;24;17;94.981;80.820
1078;17;24;100.486;80.440
1078;24;17;100.486;82.960
1079;17;25;92.207;85.620
1079;25;17;92.207;88.300
1080;17;25;85.157;87.530
1080;25;17;85.157;90.210
1081;17;25;88.364;88.310
1081;25;17;88.364;90.990
1082;17;26;60.151;90.860
1082;26;17;60.151;93.780
1083;17;26;62.110;74.830
1083;26;17;62.110;77.750
1084;17;26;61.890;80.830
1084;26;17;61.890;83.750
1085;17;27;88.358;86.450
1085;27;17;88.358;90.180
1086;17;28;60.628;78.070
1086;28;17;60.628;82.850
1087;17;29;63.636;81.570
1087;29;17;63.636;86.960
1088;17;30;55.181;75.680
1088;30;17;55.181;81.120
1089;17;30;55.497;80.970
1089;30;17;55.497;86.410
1090;17;30;54.485;86.650
1090;30;17;54.485;92.090
1091;17;31;72.982;90.430
1091;31;17;72.982;95.930
1092;17;31;69.695;77.730
1092;31;17;69.695;83.230
1093;17;31;67.668;76.070
1093;31;17;67.668;81.570
1094;17;32;93.874;86.630
1094;32;17;93.874;92.400
1095;17;32;96.200;67.050
1095;32;17;96.200;72.820
1096;17;33;70.756;67.980
1096;33;17;70.756;74.640
1097;17;33;67.666;75.190
1097;33;17;67.666;81.850
1098;17;34;65.283;69.320
1098;34;17;65.283;76.790
1099;17;34;68.243;66.080
1099;34;17;68.243;73.550
1100;17;34;69.660;73.950
1100;34;17;69.660;81.420
1101;17;35;65.875;87.030
1101;35;17;65.875;96.840
1102;17;35;69.551;73.000
1102;35;17;69.551;82.810
1103;17;36;133.556;84.300
1103;36;17;133.556;95.400
1104;17;36;121.938;85.980
1104;36;17;121.938;97.080
1105;17;37;68.195;70.470
1105;37;17;68.195;82.380
1106;17;37;65.614;78.850
1106;37;17;65.614;90.760
1107;17;38;62.921;75.420
1107;38;17;62.921;87.440
1108;17;38;63.348;77.600
1108;38;17;63.348;89.620
1109;17;38;63.564;71.350
1109;38;17;63.564;83.370
1110;17;39;31.884;14.320
1110;39;17;76.884;86.950
1111;18;19;78.559;92.180
1111;19;18;78.559;92.540
1112;18;19;80.260;80.020
1112;19;18;80.260;80.380
1113;18;20;77.459;91.440
1113;20;18;77.459;92.760
1114;18;21;72.714;86.970
1114;21;18;72.714;88.860
1115;18;21;73.980;87.190
1115;21;18;73.980;89.080
1116;18;22;62.796;71.390
1116;22;18;62.796;73.400
1117;18;22;59.010;82.900
1117;22;18;59.010;84.910
1118;18;23;91.263;86.130
1118;23;18;91.263;88.200
1119;18;24;87.562;81.020
1119;24;18;87.562;83.520
1120;18;25;58.861;90.810
1120;25;18;58.861;93.470
1121;18;26;70.823;76.310
1121;26;18;70.823;79.210
1122;18;27;56.906;77.280
1122;27;18;56.906;80.990
1123;18;27;56.074;76.970
1123;27;18;56.074;80.680
1124;18;28;68.084;75.290
1124;28;18;68.084;80.050
1125;18;28;66.143;92.730
1125;28;18;66.143;97.490
1126;18;28;66.878;67.970
1126;28;18;66.878;72.730
1127;18;29;66.146;84.090
1127;29;18;66.146;89.460
1128;18;29;67.507;89.470
1128;29;18;67.507;94.840
1129;18;30;71.979;85.250
1129;30;18;71.979;90.670
1130;18;30;74.435;68.570
1130;30;18;74.435;73.990
1131;18;31;51.815;77.540
1131;31;18;51.815;83.020
1132;18;31;52.105;76.110
1132;31;18;52.105;81.590
1133;18;32;92.246;86.930
1133;32;18;92.246;92.680
1134;18;33;66.391;75.410
1134;33;18;66.391;82.050
1135;18;33;71.162;68.720
1135;33;18;71.162;75.360
1136;18;34;64.386;71.480
1136;34;18;64.386;78.930
1137;18;34;60.173;77.180
1137;34;18;60.173;84.630
1138;18;34;68.034;68.360
1138;34;18;68.034;75.810
1139;18;35;66.127;86.370
1139;35;18;66.127;96.160
1140;18;36;108.744;80.220
1140;36;18;108.744;91.300
1141;18;37;58.124;79.880
1141;37;18;58.124;91.770
1142;18;37;57.273;68.190
1142;37;18;57.273;80.080
1143;18;38;70.137;72.200
1143;38;18;70.137;84.200
1144;18;39;29.975;6.060
1144;39;18;74.975;78.670
1145;18;39;27.630;23.300
1145;39;18;72.630;95.910
1146;18;39;36.326;4.650
1146;39;18;81.326;77.260
1147;19;20;70.602;86.110
1147;20;19;70.602;87.070
1148;19;20;73.930;82.600
1148;20;19;73.930;83.560
1149;19;20;76.226;72.190
1149;20;19;76.226;73.150
1150;19;21;61.005;90.200
1150;21;19;61.005;91.730
1151;19;21;61.216;85.920
1151;21;19;61.216;87.450
1152;19;22;60.867;88.880
1152;22;19;60.867;90.530
1153;19;22;58.768;71.770
1153;22;19;58.768;73.420
1154;19;23;81.905;71.900
1154;23;19;81.905;73.610
1155;19;23;84.697;71.120
1155;23;19;84.697;72.830
1156;19;23;80.825;70.640
1156;23;19;80.825;72.350
1157;19;24;86.315;73.970
1157;24;19;86.315;76.110
1158;19;25;92.253;82.450
1158;25;19;92.253;84.750
1159;19;25;90.832;94.820
1159;25;19;90.832;97.120
1160;19;26;56.984;78.900
1160;26;19;56.984;81.440
1161;19;26;59.879;73.370
1161;26;19;59.879;75.910
1162;19;27;90.361;91.580
1162;27;19;90.361;94.930
1163;19;27;82.182;75.330
1163;27;19;82.182;78.680
1164;19;27;79.602;69.910
1164;27;19;79.602;73.260
1165;19;28;59.361;74.280
1165;28;19;59.361;78.680
1166;19;28;59.632;73.220
1166;28;19;59.632;77.620
1167;19;29;59.076;83.550
1167;29;19;59.076;88.560
1168;19;29;62.027;78.440
1168;29;19;62.027;83.450
1169;19;30;61.512;69.360
1169;30;19;61.512;74.420
1170;19;30;62.186;76.000
1170;30;19;62.186;81.060
1171;19;30;59.831;77.460
1171;30;19;59.831;82.520
1172;19;31;74.241;68.260
1172;31;19;74.241;73.380
1173;19;32;69.677;71.420
1173;32;19;69.677;76.810
1174;19;33;57.504;90.820
1174;33;19;57.504;97.100
1175;19;34;77.816;67.120
1175;34;19;77.816;74.210
1176;19;34;84.885;85.900
1176;34;19;84.885;92.990
1177;19;34;77.338;86.450
1177;34;19;77.338;93.540
1178;19;35;57.916;76.790
1178;35;19;57.916;86.220
1179;19;35;55.268;86.510
1179;35;19;55.268;95.940
1180;19;36;141.727;62.690
1180;36;19;141.727;73.410
1181;19;36;154.218;83.190
1181;36;19;154.218;93.910
1182;19;37;66.570;62.950
1182;37;19;66.570;74.480
1183;19;37;71.483;78.420
1183;37;19;71.483;89.950
1184;19;38;55.329;80.230
1184;38;19;55.329;91.870
1185;19;38;55.731;81.860
1185;38;19;55.731;93.500
1186;19;39;10.043;11.860
1186;39;19;55.043;84.110
1187;19;39;8.470;24.910
1187;39;19;53.470;97.160
1188;19;39;11.262;13.970
1188;39;19;56.262;86.220
1189;20;21;55.203;81.680
1189;21;20;55.203;82.250
1190;20;21;53.548;86.450
1190;21;20;53.548;87.020
1191;20;22;70.006;71.550
1191;22;20;70.006;72.240
1192;20;22;73.073;76.180
1192;22;20;73.073;76.870
1193;20;22;70.965;88.010
1193;22;20;70.965;88.700
1194;20;23;59.501;76.190
1194;23;20;59.501;76.940
1195;20;23;59.732;75.880
1195;23;20;59.732;76.630
1196;20;23;58.788;73.030
1196;23;20;58.788;73.780
1197;20;24;106.754;82.750
1197;24;20;106.754;83.930
1198;20;25;89.526;75.570
1198;25;20;89.526;76.910
1199;20;26;60.372;73.510
1199;26;20;60.372;75.090
1200;20;26;62.550;72.960
1200;26;20;62.550;74.540
1201;20;26;57.962;88.570
1201;26;20;57.962;90.150
1202;20;27;85.557;79.470
1202;27;20;85.557;81.860
1203;20;28;60.208;81.110
1203;28;20;60.208;84.550
1204;20;28;59.490;68.770
1204;28;20;59.490;72.210
1205;20;28;59.972;90.330
1205;28;20;59.972;93.770
1206;20;29;63.100;82.450
1206;29;20;63.100;86.500
1207;20;29;60.691;73.190
1207;29;20;60.691;77.240
1208;20;30;55.085;84.930
1208;30;20;55.085;89.030
1209;20;30;53.045;80.630
1209;30;20;53.045;84.730
1210;20;31;70.644;70.430
1210;31;20;70.644;74.590
1211;20;31;64.979;91.720
1211;31;20;64.979;95.880
1212;20;31;66.645;70.200
1212;31;20;66.645;74.360
1213;20;32;95.168;81.530
1213;32;20;95.168;85.960
1214;20;32;104.748;73.340
1214;32;20;104.748;77.770
1215;20;33;70.526;67.770
1215;33;20;70.526;73.090
1216;20;34;62.085;90.110
1216;34;20;62.085;96.240
1217;20;34;60.358;84.260
1217;34;20;60.358;90.390
1218;20;35;65.494;78.140
1218;35;20;65.494;86.610
1219;20;35;64.173;68.770
1219;35;20;64.173;77.240
1220;20;35;60.456;73.040
1220;35;20;60.456;81.510
1221;20;36;130.235;75.750
1221;36;20;130.235;85.510
1222;20;37;66.551;63.930
1222;37;20;66.551;74.500
1223;20;37;63.585;74.750
1223;37;20;63.585;85.320
1224;20;37;70.658;76.490
1224;37;20;70.658;87.060
1225;20;38;63.142;62.620
1225;38;20;63.142;73.300
1226;20;38;63.126;84.930
1226;38;20;63.126;95.610
1227;20;38;62.239;65.840
1227;38;20;62.239;76.520
1228;20;39;32.509;17.160
1228;39;20;77.509;88.450
1229;20;39;26.887;24.830
1229;39;20;71.887;96.120
1230;21;22;60.908;78.520
1230;22;21;60.908;78.640
1231;21;22;63.212;87.110
1231;22;21;63.212;87.230
1232;21;23;68.744;70.920
1232;23;21;68.744;71.100
1233;21;23;64.693;82.940
1233;23;21;64.693;83.120
1234;21;24;96.894;86.850
1234;24;21;96.894;87.460
1235;21;24;84.137;92.950
1235;24;21;84.137;93.560
1236;21;24;95.679;83.800
1236;24;21;95.679;84.410
1237;21;25;86.135;83.150
1237;25;21;86.135;83.920
1238;21;25;91.684;88.090
1238;25;21;91.684;88.860
1239;21;25;88.798;73.040
1239;25;21;88.798;73.810
1240;21;26;50.201;89.610
1240;26;21;50.201;90.620
1241;21;26;50.766;86.550
1241;26;21;50.766;87.560
1242;21;27;82.895;88.050
1242;27;21;82.895;89.870
1243;21;28;50.808;83.970
1243;28;21;50.808;86.840
1244;21;28;51.576;77.740
1244;28;21;51.576;80.610
1245;21;28;52.087;87.030
1245;28;21;52.087;89.900
1246;21;29;53.820;88.860
1246;29;21;53.820;92.340
1247;21;30;45.845;91.410
1247;30;21;45.845;94.940
1248;21;30;45.787;67.290
1248;30;21;45.787;70.820
1249;21;31;66.324;83.210
1249;31;21;66.324;86.800
1250;21;31;65.507;86.960
1250;31;21;65.507;90.550
1251;21;31;64.045;82.870
1251;31;21;64.045;86.460
1252;21;32;85.234;70.460
1252;32;21;85.234;74.320
1253;21;32;82.621;73.640
1253;32;21;82.621;77.500
1254;21;32;79.988;75.230
1254;32;21;79.988;79.090
1255;21;33;60.741;89.660
1255;33;21;60.741;94.410
1256;21;33;60.309;90.140
1256;33;21;60.309;94.890
1257;21;34;63.804;84.910
1257;34;21;63.804;90.470
1258;21;35;55.920;73.060
1258;35;21;55.920;80.960
1259;21;36;131.494;73.140
1259;36;21;131.494;82.330
1260;21;37;59.917;67.260
1260;37;21;59.917;77.260
1261;21;37;58.426;68.950
1261;37;21;58.426;78.950
1262;21;38;52.984;66.010
1262;38;21;52.984;76.120
1263;21;39;22.308;8.930
1263;39;21;67.308;79.650
1264;21;39;18.250;0.530
1264;39;21;63.250;71.250
1265;22;23;84.320;89.060
1265;23;22;84.320;89.120
1266;22;23;74.918;71.100
1266;23;22;74.918;71.160
1267;22;23;84.156;89.690
1267;23;22;84.156;89.750
1268;22;24;82.096;92.830
1268;24;22;82.096;93.320
1269;22;24;80.448;89.480
1269;24;22;80.448;89.970
1270;22;25;76.396;88.040
1270;25;22;76.396;88.690
1271;22;25;73.394;87.000
1271;25;22;73.394;87.650
1272;22;26;56.496;90.020
1272;26;22;56.496;90.910
1273;22;26;54.593;85.240
1273;26;22;54.593;86.130
1274;22;26;56.546;81.890
1274;26;22;56.546;82.780
1275;22;27;74.679;90.900
1275;27;22;74.679;92.600
1276;22;27;79.547;82.730
1276;27;22;79.547;84.430
1277;22;27;69.180;76.090
1277;27;22;69.180;77.790
1278;22;28;55.118;86.820
1278;28;22;55.118;89.570
1279;22;28;54.952;90.110
1279;28;22;54.952;92.860
1280;22;29;52.096;74.080
1280;29;22;52.096;77.440
1281;22;29;53.273;68.690
1281;29;22;53.273;72.050
1282;22;30;60.584;68.950
1282;30;22;60.584;72.360
1283;22;31;59.425;74.620
1283;31;22;59.425;78.090
1284;22;31;61.970;91.800
1284;31;22;61.970;95.270
1285;22;31;57.780;71.320
1285;31;22;57.780;74.790
1286;22;32;77.138;85.420
1286;32;22;77.138;89.160
1287;22;32;71.196;90.740
1287;32;22;71.196;94.480
1288;22;33;48.653;67.800
1288;33;22;48.653;72.430
1289;22;34;67.715;78.310
1289;34;22;67.715;83.750
1290;22;35;50.192;85.810
1290;35;22;50.192;93.590
1291;22;35;50.065;76.680
1291;35;22;50.065;84.460
1292;22;35;50.270;78.430
1292;35;22;50.270;86.210
1293;22;36;126.373;83.680
1293;36;22;126.373;92.750
1294;22;36;127.476;69.830
1294;36;22;127.476;78.900
1295;22;36;112.009;85.620
1295;36;22;112.009;94.690
1296;22;37;52.716;83.430
1296;37;22;52.716;93.310
1297;22;37;51.196;62.450
1297;37;22;51.196;72.330
1298;22;38;54.425;69.360
1298;38;22;54.425;79.350
1299;22;39;13.217;20.960
1299;39;22;58.217;91.560
1300;23;24;120.617;80.920
1300;24;23;120.617;81.350
1301;23;25;102.371;79.980
1301;25;23;102.371;80.570
1302;23;26;73.859;79.540
1302;26;23;73.859;80.370
1303;23;26;78.309;73.640
1303;26;23;78.309;74.470
1304;23;26;71.105;73.550
1304;26;23;71.105;74.380
1305;23;27;98.065;69.150
1305;27;23;98.065;70.790
1306;23;27;108.189;72.490
1306;27;23;108.189;74.130
1307;23;27;104.646;69.360
1307;27;23;104.646;71.000
1308;23;28;74.303;85.460
1308;28;23;74.303;88.150
1309;23;28;69.687;79.520
1309;28;23;69.687;82.210
1310;23;28;78.733;89.080
1310;28;23;78.733;91.770
1311;23;29;77.290;79.140
1311;29;23;77.290;82.440
1312;23;30;68.888;72.910
1312;30;23;68.888;76.260
1313;23;30;71.909;82.280
1313;30;23;71.909;85.630
1314;23;31;84.493;70.710
1314;31;23;84.493;74.120
1315;23;32;106.384;79.370
1315;32;23;106.384;83.050
1316;23;32;106.156;78.550
1316;32;23;106.156;82.230
1317;23;32;108.526;68.650
1317;32;23;108.526;72.330
1318;23;33;84.479;78.750
1318;33;23;84.479;83.320
1319;23;33;90.605;77.860
1319;33;23;90.605;82.430
1320;23;34;73.594;79.960
1320;34;23;73.594;85.340
1321;23;34;69.400;80.840
1321;34;23;69.400;86.220
1322;23;34;76.213;79.410
1322;34;23;76.213;84.790
1323;23;35;79.575;80.630
1323;35;23;79.575;88.350
1324;23;35;83.902;80.920
1324;35;23;83.902;88.640
1325;23;35;78.996;79.520
1325;35;23;78.996;87.240
1326;23;36;138.102;85.150
1326;36;23;138.102;94.160
1327;23;36;123.701;81.450
1327;36;23;123.701;90.460
1328;23;37;81.011;66.430
1328;37;23;81.011;76.250
1329;23;37;76.265;61.460
1329;37;23;76.265;71.280
1330;23;38;76.617;63.750
1330;38;23;76.617;73.680
1331;23;38;84.345;62.770
1331;38;23;84.345;72.700
1332;23;39;45.309;14.630
1332;39;23;90.309;85.170
1333;23;39;45.574;24.070
1333;39;23;90.574;94.610
1334;24;25;93.041;91.600
1334;25;24;93.041;91.760
1335;24;25;99.475;73.180
1335;25;24;99.475;73.340
1336;24;26;91.758;87.020
1336;26;24;91.758;87.420
1337;24;26;84.794;90.450
1337;26;24;84.794;90.850
1338;24;26;98.295;76.800
1338;26;24;98.295;77.200
1339;24;27;95.252;79.480
1339;27;24;95.252;80.690
1340;24;28;91.546;72.100
1340;28;24;91.546;74.360
1341;24;28;102.501;88.270
1341;28;24;102.501;90.530
1342;24;28;95.985;92.280
1342;28;24;95.985;94.540
1343;24;29;88.689;74.280
1343;29;24;88.689;77.150
1344;24;29;88.992;91.870
1344;29;24;88.992;94.740
1345;24;30;96.814;84.030
1345;30;24;96.814;86.950
1346;24;31;90.399;89.050
1346;31;24;90.399;92.030
1347;24;31;86.759;71.100
1347;31;24;86.759;74.080
1348;24;32;72.076;82.010
1348;32;24;72.076;85.260
1349;24;32;76.638;70.780
1349;32;24;76.638;74.030
1350;24;33;81.232;67.500
1350;33;24;81.232;71.640
1351;24;33;82.051;71.730
1351;33;24;82.051;75.870
1352;24;34;102.987;72.350
1352;34;24;102.987;77.300
1353;24;34;90.068;72.330
1353;34;24;90.068;77.280
1354;24;34;101.490;83.380
1354;34;24;101.490;88.330
1355;24;35;86.263;66.680
1355;35;24;86.263;73.970
1356;24;36;141.250;67.680
1356;36;24;141.250;76.260
1357;24;37;88.076;74.580
1357;37;24;88.076;83.970
1358;24;37;90.961;81.450
1358;37;24;90.961;90.840
1359;24;37;97.131;77.760
1359;37;24;97.131;87.150
1360;24;38;89.005;65.640
1360;38;24;89.005;75.140
1361;24;38;99.661;82.380
1361;38;24;99.661;91.880
1362;24;38;98.429;67.520
1362;38;24;98.429;77.020
1363;24;39;31.387;7.350
1363;39;24;76.387;77.460
1364;24;39;37.495;18.410
1364;39;24;82.495;88.520
1365;25;26;84.610;81.850
1365;26;25;84.610;82.090
1366;25;27;49.753;77.800
1366;27;25;49.753;78.850
1367;25;28;81.819;89.080
1367;28;25;81.819;91.180
1368;25;28;81.645;87.540
1368;28;25;81.645;89.640
1369;25;29;79.989;75.290
1369;29;25;79.989;78.000
1370;25;29;75.049;84.990
1370;29;25;75.049;87.700
1371;25;30;85.360;68.230
1371;30;25;85.360;70.990
1372;25;30;76.584;68.860
1372;30;25;76.584;71.620
1373;25;31;64.811;73.860
1373;31;25;64.811;76.680
1374;25;31;64.686;83.900
1374;31;25;64.686;86.720
1375;25;31;67.152;89.120
1375;31;25;67.152;91.940
1376;25;32;103.488;84.930
1376;32;25;103.488;88.020
1377;25;32;99.658;72.330
1377;32;25;99.658;75.420
1378;25;33;79.894;68.500
1378;33;25;79.894;72.480
1379;25;34;73.875;70.360
1379;34;25;73.875;75.150
1380;25;35;79.976;80.150
1380;35;25;79.976;87.280
1381;25;35;82.981;74.640
1381;35;25;82.981;81.770
1382;25;36;96.357;84.330
1382;36;25;96.357;92.750
1383;25;36;105.712;70.380
1383;36;25;105.712;78.800
1384;25;37;71.913;68.640
1384;37;25;71.913;77.870
1385;25;37;70.552;65.700
1385;37;25;70.552;74.930
1386;25;37;67.368;65.020
1386;37;25;67.368;74.250
1387;25;38;83.996;69.140
1387;38;25;83.996;78.480
1388;25;39;42.745;9.320
1388;39;25;87.745;79.270
1389;25;39;37.930;13.720
1389;39;25;82.930;83.670
1390;26;27;81.848;86.410
1390;27;26;81.848;87.220
1391;26;27;79.645;88.390
1391;27;26;79.645;89.200
1392;26;27;76.022;72.440
1392;27;26;76.022;73.250
1393;26;28;47.930;84.040
1393;28;26;47.930;85.900
1394;26;28;48.365;73.510
1394;28;26;48.365;75.370
1395;26;28;48.280;77.260
1395;28;26;48.280;79.120
1396;26;29;49.899;84.510
1396;29;26;49.899;86.980
1397;26;30;50.307;83.720
1397;30;26;50.307;86.240
1398;26;30;49.034;87.720
1398;30;26;49.034;90.240
1399;26;30;50.031;86.960
1399;30;26;50.031;89.480
1400;26;31;65.072;71.920
1400;31;26;65.072;74.500
1401;26;31;61.577;69.670
1401;31;26;61.577;72.250
1402;26;31;62.631;72.280
1402;31;26;62.631;74.860
1403;26;32;80.483;66.890
1403;32;26;80.483;69.740
1404;26;32;88.490;69.610
1404;32;26;88.490;72.460
1405;26;32;75.163;85.940
1405;32;26;75.163;88.790
1406;26;33;55.748;88.830
1406;33;26;55.748;92.570
1407;26;33;55.761;80.370
1407;33;26;55.761;84.110
1408;26;34;65.993;66.750
1408;34;26;65.993;71.300
1409;26;34;63.804;85.800
1409;34;26;63.804;90.350
1410;26;35;51.308;75.380
1410;35;26;51.308;82.270
1411;26;35;52.556;63.080
1411;35;26;52.556;69.970
1412;26;36;131.899;78.220
1412;36;26;131.899;86.400
1413;26;36;132.864;85.700
1413;36;26;132.864;93.880
1414;26;36;150.182;61.770
1414;36;26;150.182;69.950
1415;26;37;57.704;72.330
1415;37;26;57.704;81.320
1416;26;37;55.632;75.250
1416;37;26;55.632;84.240
1417;26;37;59.792;70.990
1417;37;26;59.792;79.980
1418;26;38;47.784;70.130
1418;38;26;47.784;79.230
1419;26;39;17.194;1.070
1419;39;26;62.194;70.780
1420;26;39;13.452;2.170
1420;39;26;58.452;71.880
1421;26;39;13.732;16.100
1421;39;26;58.732;85.810
1422;27;28;78.979;83.170
1422;28;27;78.979;84.220
1423;27;28;72.103;91.460
1423;28;27;72.103;92.510
1424;27;29;77.433;84.650
1424;29;27;77.433;86.310
1425;27;29;73.003;82.910
1425;29;27;73.003;84.570
1426;27;29;72.800;69.210
1426;29;27;72.800;70.870
1427;27;30;82.094;83.780
1427;30;27;82.094;85.490
1428;27;30;81.388;91.800
1428;30;27;81.388;93.510
1429;27;31;61.782;82.590
1429;31;27;61.782;84.360
1430;27;32;103.515;74.180
1430;32;27;103.515;76.220
1431;27;32;95.096;86.920
1431;32;27;95.096;88.960
1432;27;33;78.289;74.570
1432;33;27;78.289;77.500
1433;27;33;85.182;83.930
1433;33;27;85.182;86.860
1434;27;34;69.486;81.820
1434;34;27;69.486;85.560
1435;27;35;77.723;85.020
1435;35;27;77.723;91.100
1436;27;35;71.074;75.560
1436;35;27;71.074;81.640
1437;27;36;96.879;74.300
1437;36;27;96.879;81.670
1438;27;37;69.300;78.980
1438;37;27;69.300;87.160
1439;27;38;81.521;68.490
1439;38;27;81.521;76.780
1440;27;39;41.795;18.860
1440;39;27;86.795;87.760
1441;27;39;31.986;14.820
1441;39;27;76.986;83.720
1442;27;39;50.600;9.100
1442;39;27;95.600;78.000
1443;28;29;48.022;82.010
1443;29;28;48.022;82.620
1444;28;30;50.468;91.010
1444;30;28;50.468;91.670
1445;28;30;49.657;77.630
1445;30;28;49.657;78.290
1446;28;31;62.198;73.240
1446;31;28;62.198;73.960
1447;28;31;60.842;77.740
1447;31;28;60.842;78.460
1448;28;32;82.002;90.930
1448;32;28;82.002;91.920
1449;28;32;76.723;76.460
1449;32;28;76.723;77.450
1450;28;32;77.150;88.150
1450;32;28;77.150;89.140
1451;28;33;55.322;79.020
1451;33;28;55.322;80.900
1452;28;34;63.455;88.430
1452;34;28;63.455;91.120
1453;28;35;50.294;77.840
1453;35;28;50.294;82.870
1454;28;36;128.972;75.270
1454;36;28;128.972;81.590
1455;28;36;109.983;80.520
1455;36;28;109.983;86.840
1456;28;36;115.774;66.480
1456;36;28;115.774;72.800
1457;28;37;54.969;80.670
1457;37;28;54.969;87.800
1458;28;38;49.123;80.710
1458;38;28;49.123;87.950
1459;28;39;18.196;6.200
1459;39;28;63.196;74.050
1460;28;39;17.807;10.670
1460;39;28;62.807;78.520
1461;29;30;53.489;71.380
1461;30;29;53.489;71.430
1462;29;31;60.760;82.500
1462;31;29;60.760;82.610
1463;29;31;61.795;80.270
1463;31;29;61.795;80.380
1464;29;32;80.309;83.970
1464;32;29;80.309;84.350
1465;29;32;86.877;78.880
1465;32;29;86.877;79.260
1466;29;32;75.304;79.160
1466;32;29;75.304;79.540
1467;29;33;52.563;77.050
1467;33;29;52.563;78.320
1468;29;34;64.284;68.640
1468;34;29;64.284;70.720
1469;29;35;47.497;74.000
1469;35;29;47.497;78.420
1470;29;35;47.706;70.720
1470;35;29;47.706;75.140
1471;29;35;47.007;72.410
1471;35;29;47.007;76.830
1472;29;36;128.084;65.480
1472;36;29;128.084;71.190
1473;29;36;145.781;77.050
1473;36;29;145.781;82.760
1474;29;37;53.134;66.000
1474;37;29;53.134;72.520
1475;29;38;49.116;66.940
1475;38;29;49.116;73.570
1476;29;39;16.208;2.930
1476;39;29;61.208;70.170
1477;29;39;13.487;16.560
1477;39;29;58.487;83.800
1478;29;39;12.712;1.260
1478;39;29;57.712;68.500
1479;30;31;65.552;82.770
1479;31;30;65.552;82.830
1480;30;31;61.861;90.660
1480;31;30;61.861;90.720
1481;30;31;63.875;86.180
1481;31;30;63.875;86.240
1482;30;32;85.599;88.220
1482;32;30;85.599;88.550
1483;30;32;75.452;77.300
1483;32;30;75.452;77.630
1484;30;33;60.606;67.440
1484;33;30;60.606;68.660
1485;30;33;62.101;70.490
1485;33;30;62.101;71.710
1486;30;33;60.512;85.980
1486;33;30;60.512;87.200
1487;30;34;62.990;74.950
1487;34;30;62.990;76.980
1488;30;35;55.694;82.240
1488;35;30;55.694;86.610
1489;30;35;56.991;75.300
1489;35;30;56.991;79.670
1490;30;35;53.521;87.040
1490;35;30;53.521;91.410
1491;30;36;130.650;70.160
1491;36;30;130.650;75.820
1492;30;37;59.254;61.860
1492;37;30;59.254;68.330
1493;30;37;58.542;67.670
1493;37;30;58.542;74.140
1494;30;37;59.152;66.760
1494;37;30;59.152;73.230
1495;30;38;53.061;65.780
1495;38;30;53.061;72.360
1496;30;38;54.420;61.660
1496;38;30;54.420;68.240
1497;30;38;53.102;62.240
1497;38;30;53.102;68.820
1498;30;39;22.496;12.440
1498;39;30;67.496;79.630
1499;30;39;21.580;21.200
1499;39;30;66.580;88.390
1500;31;32;91.063;81.340
1500;32;31;91.063;81.610
1501;31;32;90.709;82.310
1501;32;31;90.709;82.580
1502;31;32;83.655;91.140
1502;32;31;83.655;91.410
1503;31;33;63.034;90.070
1503;33;31;63.034;91.230
1504;31;34;58.514;75.760
1504;34;31;58.514;77.730
1505;31;34;56.221;70.270
1505;34;31;56.221;72.240
1506;31;35;61.351;85.820
1506;35;31;61.351;90.130
1507;31;35;61.605;74.670
1507;35;31;61.605;78.980
1508;31;36;112.493;63.260
1508;36;31;112.493;68.860
1509;31;36;116.556;83.180
1509;36;31;116.556;88.780
1510;31;36;105.391;62.020
1510;36;31;105.391;67.620
1511;31;37;52.708;80.370
1511;37;31;52.708;86.780
1512;31;37;51.182;66.900
1512;37;31;51.182;73.310
1513;31;38;64.873;83.460
1513;38;31;64.873;89.980
1514;31;39;27.562;0.770
1514;39;31;72.562;67.900
1515;32;33;73.971;71.300
1515;33;32;73.971;72.190
1516;32;34;99.329;79.060
1516;34;32;99.329;80.760
1517;32;34;101.393;68.830
1517;34;32;101.393;70.530
1518;32;35;78.062;65.610
1518;35;32;78.062;69.650
1519;32;35;72.985;78.340
1519;35;32;72.985;82.380
1520;32;35;84.389;73.200
1520;35;32;84.389;77.240
1521;32;36;154.833;62.590
1521;36;32;154.833;67.920
1522;32;36;159.440;84.470
1522;36;32;159.440;89.800
1523;32;36;148.693;77.250
1523;36;32;148.693;82.580
1524;32;37;84.848;77.490
1524;37;32;84.848;83.630
1525;32;38;78.024;70.650
1525;38;32;78.024;76.900
1526;32;39;19.222;14.770
1526;39;32;64.222;81.630
1527;33;34;70.458;68.370
1527;34;33;70.458;69.180
1528;33;34;68.313;79.630
1528;34;33;68.313;80.440
1529;33;34;69.071;88.650
1529;34;33;69.071;89.460
1530;33;35;50.078;70.630
1530;35;33;50.078;73.780
1531;33;36;130.017;69.990
1531;36;33;130.017;74.430
1532;33;37;56.015;75.590
1532;37;33;56.015;80.840
1533;33;37;54.448;67.760
1533;37;33;54.448;73.010
1534;33;38;53.157;81.830
1534;38;33;53.157;87.190
1535;33;38;53.690;63.290
1535;38;33;53.690;68.650
1536;33;39;9.829;11.120
1536;39;33;54.829;77.090
1537;34;35;66.337;72.410
1537;35;34;66.337;74.750
1538;34;36;113.519;65.410
1538;36;34;113.519;69.040
1539;34;36;111.453;80.180
1539;36;34;111.453;83.810
1540;34;37;60.322;68.580
1540;37;34;60.322;73.020
1541;34;37;60.054;79.820
1541;37;34;60.054;84.260
1542;34;37;62.896;72.570
1542;37;34;62.896;77.010
1543;34;38;67.525;66.080
1543;38;34;67.525;70.630
1544;34;39;35.108;11.570
1544;39;34;80.108;76.730
1545;34;39;36.116;19.490
1545;39;34;81.116;84.650
1546;34;39;40.444;5.660
1546;39;34;85.444;70.820
1547;35;36;128.844;66.840
1547;36;35;128.844;68.130
1548;35;36;124.101;71.450
1548;36;35;124.101;72.740
1549;35;36;147.358;65.820
1549;36;35;147.358;67.110
1550;35;37;53.659;71.550
1550;37;35;53.659;73.650
1551;35;37;51.711;72.880
1551;37;35;51.711;74.980
1552;35;38;49.363;75.010
1552;38;35;49.363;77.220
1553;35;39;13.885;17.570
1553;39;35;58.885;80.390
1554;35;39;10.470;8.910
1554;39;35;55.470;71.730
1555;35;39;13.489;10.410
1555;39;35;58.489;73.230
1556;36;37;120.189;63.880
1556;37;36;120.189;64.690
1557;36;37;111.596;78.440
1557;37;36;111.596;79.250
1558;36;38;132.183;80.330
1558;38;36;132.183;81.250
1559;36;38;148.422;70.680
1559;38;36;148.422;71.600
1560;36;39;93.673;2.080
1560;39;36;138.673;63.610
1561;36;39;113.250;18.700
1561;39;36;158.250;80.230
1562;36;39;79.202;13.030
1562;39;36;124.202;74.560
1563;37;38;57.223;80.590
1563;38;37;57.223;80.700
1564;37;38;56.610;67.960
1564;38;37;56.610;68.070
1565;37;38;55.001;84.450
1565;38;37;55.001;84.560
1566;37;39;20.827;11.420
1566;39;37;65.827;72.140
1567;37;39;21.254;15.760
1567;39;37;66.254;76.480
1568;37;39;24.022;18.500
1568;39;37;69.022;79.220
1569;38;39;14.497;0.750
1569;39;38;59.497;61.360
1570;38;39;11.509;5.280
1570;39;38;56.509;65.890
