40
600.0
0;0;1;75.107;92.610
0;1;0;30.107;8.680
1;0;1;82.231;85.230
1;1;0;37.231;1.300
2;0;1;70.735;95.620
2;1;0;25.735;11.690
3;0;2;94.491;105.390
3;2;0;49.491;22.220
4;0;3;68.796;90.850
4;3;0;23.796;8.600
5;0;4;67.688;100.830
5;4;0;22.688;22.580
6;0;4;73.243;93.820
6;4;0;28.243;15.570
7;0;4;73.052;82.210
7;4;0;28.052;3.960
8;0;5;73.285;86.390
8;5;0;28.285;9.780
9;0;5;71.276;93.610
9;5;0;26.276;17.000
10;0;5;76.919;94.000
10;5;0;31.919;17.390
11;0;6;94.508;87.770
11;6;0;49.508;11.580
12;0;6;84.346;77.080
12;6;0;39.346;0.890
13;0;7;90.309;77.120
13;7;0;45.309;3.140
14;0;8;77.509;82.210
14;8;0;32.509;8.520
15;0;9;124.572;84.040
15;9;0;79.572;10.400
16;0;9;139.272;83.920
16;9;0;94.272;10.280
17;0;10;53.647;76.950
17;10;0;8.647;3.550
18;0;10;55.689;88.100
18;10;0;10.689;14.700
19;0;11;62.194;76.420
19;11;0;17.194;3.470
20;0;11;62.089;86.510
20;11;0;17.089;13.560
21;0;11;59.066;93.600
21;11;0;14.066;20.650
22;0;12;53.671;82.450
22;12;0;8.671;10.120
23;0;12;51.559;86.050
23;12;0;6.559;13.720
24;0;13;71.736;82.210
24;13;0;26.736;11.500
25;0;14;119.442;80.050
25;14;0;74.442;10.990
26;0;15;81.549;70.900
26;15;0;36.549;2.110
27;0;15;89.284;88.560
27;15;0;44.284;19.770
28;0;16;78.232;82.980
28;16;0;33.232;14.890
29;0;16;79.570;81.140
29;16;0;34.570;13.050
30;0;16;78.462;85.990
30;16;0;33.462;17.900
31;0;17;63.315;68.000
31;17;0;18.315;0.160
32;0;17;60.437;72.510
32;17;0;15.437;4.670
33;0;17;58.759;71.040
33;17;0;13.759;3.200
34;0;18;138.673;69.770
34;18;0;93.673;3.600
35;0;19;63.196;73.790
35;19;0;18.196;8.010
36;0;19;65.201;71.160
36;19;0;20.201;5.380
37;0;19;67.322;71.380
37;19;0;22.322;5.600
38;0;20;72.562;87.410
38;20;0;27.562;22.320
39;0;20;77.892;67.790
39;20;0;32.892;2.700
40;0;21;76.387;84.120
40;21;0;31.387;19.580
41;0;22;64.222;73.760
41;22;0;19.222;9.350
42;0;23;76.884;73.500
42;23;0;31.884;9.640
43;0;24;63.686;66.360
43;24;0;18.686;2.750
44;0;24;62.809;84.630
44;24;0;17.809;21.020
45;0;24;68.271;73.600
45;24;0;23.271;9.990
46;0;25;103.284;72.920
46;25;0;58.284;9.570
47;0;26;67.496;63.960
47;26;0;22.496;1.630
48;0;26;72.712;71.250
48;26;0;27.712;8.920
49;0;27;69.972;65.120
49;27;0;24.972;3.510
50;0;28;70.336;65.730
50;28;0;25.336;4.900
51;0;28;72.279;82.540
51;28;0;27.279;21.710
52;0;29;71.770;61.760
52;29;0;26.770;1.420
53;0;29;73.561;80.390
53;29;0;28.561;20.050
54;0;29;67.248;72.000
54;29;0;22.248;11.660
55;0;30;126.991;81.770
55;30;0;81.991;21.960
56;0;30;113.315;78.320
56;30;0;68.315;18.510
57;0;31;75.026;75.440
57;31;0;30.026;16.010
58;0;32;64.290;75.220
58;32;0;19.290;16.050
59;0;32;63.578;59.650
59;32;0;18.578;0.480
60;0;33;65.827;63.170
60;33;0;20.827;4.090
61;0;33;65.211;74.170
61;33;0;20.211;15.090
62;0;33;66.303;66.790
62;33;0;21.303;7.710
63;0;34;80.108;63.870
63;34;0;35.108;4.990
64;0;35;71.416;83.150
64;35;0;26.416;24.590
65;0;36;54.829;61.770
65;36;0;9.829;3.220
66;0;36;56.588;75.130
66;36;0;11.588;16.580
67;0;36;55.469;64.520
67;36;0;10.469;5.970
68;0;37;51.651;61.420
68;37;0;6.651;3.020
69;0;37;52.816;80.650
69;37;0;7.816;22.250
70;0;38;63.520;69.460
70;38;0;18.520;11.390
71;0;38;65.311;79.840
71;38;0;20.311;21.770
72;0;38;67.152;76.630
72;38;0;22.152;18.560
73;0;39;0.000;15.590
73;39;0;0.000;15.590
74;0;39;0.000;24.510
74;39;0;0.000;24.510
75;1;2;65.984;84.340
75;2;1;65.984;85.100
76;1;3;89.354;98.480
76;3;1;89.354;100.160
77;1;4;75.314;96.930
77;4;1;75.314;102.610
78;1;4;72.478;92.290
78;4;1;72.478;97.970
79;1;5;96.088;81.130
79;5;1;96.088;88.450
80;1;5;86.972;90.530
80;5;1;86.972;97.850
81;1;6;73.717;79.300
81;6;1;73.717;87.040
82;1;7;82.998;91.520
82;7;1;82.998;101.470
83;1;7;85.473;78.730
83;7;1;85.473;88.680
84;1;8;69.601;92.030
84;8;1;69.601;102.270
85;1;8;64.174;93.250
85;8;1;64.174;103.490
86;1;9;110.123;79.180
86;9;1;110.123;89.470
87;1;9;97.230;74.060
87;9;1;97.230;84.350
88;1;9;94.132;97.350
88;9;1;94.132;107.640
89;1;10;69.444;76.120
89;10;1;69.444;86.650
90;1;10;74.637;93.140
90;10;1;74.637;103.670
91;1;11;66.053;88.120
91;11;1;66.053;99.100
92;1;11;65.879;85.780
92;11;1;65.879;96.760
93;1;12;72.936;80.040
93;12;1;72.936;91.640
94;1;13;55.054;89.460
94;13;1;55.054;102.680
95;1;13;52.720;89.720
95;13;1;52.720;102.940
96;1;13;52.894;84.440
96;13;1;52.894;97.660
97;1;14;108.137;90.450
97;14;1;108.137;105.320
98;1;15;54.238;92.800
98;15;1;54.238;107.940
99;1;15;55.505;86.170
99;15;1;55.505;101.310
100;1;16;49.830;91.290
100;16;1;49.830;107.130
101;1;17;79.073;92.540
101;17;1;79.073;108.630
102;1;18;110.940;75.310
102;18;1;110.940;93.070
103;1;18;113.094;75.610
103;18;1;113.094;93.370
104;1;18;126.149;77.210
104;18;1;126.149;94.970
105;1;19;63.125;70.070
105;19;1;63.125;88.220
106;1;19;67.641;72.770
106;19;1;67.641;90.920
107;1;19;60.536;65.960
107;19;1;60.536;84.110
108;1;20;48.134;71.920
108;20;1;48.134;90.760
109;1;20;48.638;66.110
109;20;1;48.638;84.950
110;1;20;47.716;65.290
110;20;1;47.716;84.130
111;1;21;93.521;75.760
111;21;1;93.521;95.150
112;1;21;101.262;69.860
112;21;1;101.262;89.250
113;1;22;93.824;66.560
113;22;1;93.824;86.080
114;1;22;86.009;78.260
114;22;1;86.009;97.780
115;1;22;86.462;66.800
115;22;1;86.462;86.320
116;1;23;72.199;78.170
116;23;1;72.199;98.240
117;1;24;64.813;68.090
117;24;1;64.813;88.410
118;1;24;69.428;73.820
118;24;1;69.428;94.140
119;1;25;74.047;88.290
119;25;1;74.047;108.870
120;1;25;76.487;65.800
120;25;1;76.487;86.380
121;1;26;65.740;77.920
121;26;1;65.740;99.520
122;1;26;64.745;72.660
122;26;1;64.745;94.260
123;1;26;63.139;74.010
123;26;1;63.139;95.610
124;1;27;56.138;85.770
124;27;1;56.138;108.090
125;1;28;84.813;73.400
125;28;1;84.813;96.500
126;1;29;51.317;78.180
126;29;1;51.317;101.770
127;1;29;50.214;70.260
127;29;1;50.214;93.850
128;1;30;98.755;60.680
128;30;1;98.755;84.800
129;1;31;84.115;84.210
129;31;1;84.115;108.710
130;1;31;85.495;78.850
130;31;1;85.495;103.350
131;1;32;58.515;72.040
131;32;1;58.515;96.800
132;1;33;54.569;73.920
132;33;1;54.569;98.770
133;1;33;53.457;64.490
133;33;1;53.457;89.340
134;1;34;55.896;71.000
134;34;1;55.896;96.050
135;1;34;56.134;77.930
135;34;1;56.134;102.980
136;1;35;52.058;68.640
136;35;1;52.058;94.010
137;1;35;50.680;61.020
137;35;1;50.680;86.390
138;1;36;65.413;72.050
138;36;1;65.413;97.430
139;1;36;69.758;77.710
139;36;1;69.758;103.090
140;1;36;69.478;78.560
140;36;1;69.478;103.940
141;1;37;68.466;62.790
141;37;1;68.466;88.320
142;1;38;63.660;72.170
142;38;1;63.660;98.030
143;1;39;30.107;10.150
143;39;1;75.107;94.080
144;1;39;22.617;0.730
144;39;1;67.617;84.660
145;2;3;110.336;101.990
145;3;2;110.336;102.910
146;2;3;103.961;103.930
146;3;2;103.961;104.850
147;2;3;122.997;94.540
147;3;2;122.997;95.460
148;2;4;86.520;92.260
148;4;2;86.520;97.180
149;2;5;117.069;81.610
149;5;2;117.069;88.170
150;2;5;127.383;89.430
150;5;2;127.383;95.990
151;2;6;81.911;88.510
151;6;2;81.911;95.490
152;2;6;75.599;99.470
152;6;2;75.599;106.450
153;2;7;80.955;87.090
153;7;2;80.955;96.280
154;2;8;74.022;82.370
154;8;2;74.022;91.850
155;2;8;67.796;93.500
155;8;2;67.796;102.980
156;2;9;96.851;94.920
156;9;2;96.851;104.450
157;2;9;98.495;92.540
157;9;2;98.495;102.070
158;2;9;105.504;97.210
158;9;2;105.504;106.740
159;2;10;87.276;92.580
159;10;2;87.276;102.350
160;2;11;80.845;91.490
160;11;2;80.845;101.710
161;2;12;90.133;79.490
161;12;2;90.133;90.330
162;2;13;74.997;81.570
162;13;2;74.997;94.030
163;2;13;74.593;71.530
163;13;2;74.593;83.990
164;2;14;97.504;71.440
164;14;2;97.504;85.550
165;2;14;103.912;87.460
165;14;2;103.912;101.570
166;2;15;66.570;82.200
166;15;2;66.570;96.580
167;2;16;65.896;81.870
167;16;2;65.896;96.950
168;2;16;70.553;92.070
168;16;2;70.553;107.150
169;2;17;92.752;85.710
169;17;2;92.752;101.040
170;2;17;98.810;68.070
170;17;2;98.810;83.400
171;2;18;102.209;72.180
171;18;2;102.209;89.180
172;2;18;113.028;71.140
172;18;2;113.028;88.140
173;2;18;93.388;82.860
173;18;2;93.388;99.860
174;2;19;78.322;78.450
174;19;2;78.322;95.840
175;2;19;77.572;86.290
175;19;2;77.572;103.680
176;2;19;82.439;74.150
176;19;2;82.439;91.540
177;2;20;69.109;80.870
177;20;2;69.109;98.950
178;2;20;64.477;82.790
178;20;2;64.477;100.870
179;2;20;69.122;72.660
179;20;2;69.122;90.740
180;2;21;114.299;64.720
180;21;2;114.299;83.350
181;2;21;119.569;77.100
181;21;2;119.569;95.730
182;2;21;111.103;80.770
182;21;2;111.103;99.400
183;2;22;113.662;82.180
183;22;2;113.662;100.940
184;2;22;103.014;68.810
184;22;2;103.014;87.570
185;2;22;105.188;74.580
185;22;2;105.188;93.340
186;2;23;77.378;88.660
186;23;2;77.378;107.970
187;2;23;78.921;88.230
187;23;2;78.921;107.540
188;2;23;73.941;79.130
188;23;2;73.941;98.440
189;2;24;79.129;71.450
189;24;2;79.129;91.010
190;2;24;71.318;88.070
190;24;2;71.318;107.630
191;2;24;79.164;71.450
191;24;2;79.164;91.010
192;2;25;66.975;73.680
192;25;2;66.975;93.500
193;2;26;77.528;69.840
193;26;2;77.528;90.680
194;2;26;71.247;72.970
194;26;2;71.247;93.810
195;2;26;83.322;84.090
195;26;2;83.322;104.930
196;2;27;76.517;70.960
196;27;2;76.517;92.520
197;2;27;70.558;69.600
197;27;2;70.558;91.160
198;2;28;105.577;82.910
198;28;2;105.577;105.250
199;2;29;71.892;60.510
199;29;2;71.892;83.340
200;2;29;65.309;78.180
200;29;2;65.309;101.010
201;2;30;89.955;72.200
201;30;2;89.955;95.560
202;2;30;91.526;60.510
202;30;2;91.526;83.870
203;2;30;83.658;82.420
203;30;2;83.658;105.780
204;2;31;92.913;76.180
204;31;2;92.913;99.920
205;2;31;101.066;66.090
205;31;2;101.066;89.830
206;2;32;75.463;63.040
206;32;2;75.463;87.040
207;2;33;73.902;78.710
207;33;2;73.902;102.800
208;2;33;71.843;82.040
208;33;2;71.843;106.130
209;2;34;59.867;70.930
209;34;2;59.867;95.220
210;2;34;57.775;72.220
210;34;2;57.775;96.510
211;2;34;60.196;82.560
211;34;2;60.196;106.850
212;2;35;72.608;66.790
212;35;2;72.608;91.400
213;2;35;72.499;77.080
213;35;2;72.499;101.690
214;2;36;84.694;75.850
214;36;2;84.694;100.470
215;2;36;89.940;75.250
215;36;2;89.940;99.870
216;2;36;94.388;78.160
216;36;2;94.388;102.780
217;2;37;88.091;76.510
217;37;2;88.091;101.280
218;2;37;90.729;77.860
218;37;2;90.729;102.630
219;2;37;85.982;69.090
219;37;2;85.982;93.860
220;2;38;78.457;76.410
220;38;2;78.457;101.510
221;2;38;78.531;67.080
221;38;2;78.531;92.180
222;2;38;82.331;76.860
222;38;2;82.331;101.960
223;2;39;49.491;17.620
223;39;2;94.491;100.790
224;3;4;91.481;99.860
224;4;3;91.481;103.860
225;3;4;94.534;89.360
225;4;3;94.534;93.360
226;3;4;96.741;91.470
226;4;3;96.741;95.470
227;3;5;51.988;98.720
227;5;3;51.988;104.360
228;3;6;95.417;84.210
228;6;3;95.417;90.270
229;3;6;88.454;86.000
229;6;3;88.454;92.060
230;3;7;113.670;78.700
230;7;3;113.670;86.970
231;3;7;101.568;96.190
231;7;3;101.568;104.460
232;3;7;112.530;81.500
232;7;3;112.530;89.770
233;3;8;100.131;87.250
233;8;3;100.131;95.810
234;3;8;92.779;97.950
234;8;3;92.779;106.510
235;3;9;147.414;93.690
235;9;3;147.414;102.300
236;3;10;76.730;86.550
236;10;3;76.730;95.400
237;3;10;81.107;83.470
237;10;3;81.107;92.320
238;3;11;84.892;89.760
238;11;3;84.892;99.060
239;3;12;77.461;72.690
239;12;3;77.461;82.610
240;3;13;81.092;89.320
240;13;3;81.092;100.860
241;3;13;72.666;95.170
241;13;3;72.666;106.710
242;3;13;89.690;88.640
242;13;3;89.690;100.180
243;3;14;142.767;85.310
243;14;3;142.767;98.500
244;3;14;139.950;77.280
244;14;3;139.950;90.470
245;3;14;165.464;73.560
245;14;3;165.464;86.750
246;3;15;91.542;84.860
246;15;3;91.542;98.320
247;3;16;90.169;71.990
247;16;3;90.169;86.150
248;3;16;86.203;84.900
248;16;3;86.203;99.060
249;3;16;84.856;70.680
249;16;3;84.856;84.840
250;3;17;86.710;68.300
250;17;3;86.710;82.710
251;3;17;86.461;77.100
251;17;3;86.461;91.510
252;3;18;142.123;70.230
252;18;3;142.123;86.310
253;3;19;84.989;67.530
253;19;3;84.989;84.000
254;3;20;86.226;72.040
254;20;3;86.226;89.200
255;3;21;53.115;89.050
255;21;3;53.115;106.760
256;3;21;53.247;70.810
256;21;3;53.247;88.520
257;3;21;52.644;73.190
257;21;3;52.644;90.900
258;3;22;64.619;81.980
258;22;3;64.619;99.820
259;3;23;100.020;78.380
259;23;3;100.020;96.770
260;3;23;102.192;69.860
260;23;3;102.192;88.250
261;3;23;104.273;78.200
261;23;3;104.273;96.590
262;3;24;86.065;82.130
262;24;3;86.065;100.770
263;3;24;86.224;68.620
263;24;3;86.224;87.260
264;3;24;83.759;63.900
264;24;3;83.759;82.540
265;3;25;111.860;75.530
265;25;3;111.860;94.430
266;3;26;90.080;72.790
266;26;3;90.080;92.710
267;3;26;93.121;63.600
267;26;3;93.121;83.520
268;3;27;79.321;75.790
268;27;3;79.321;96.430
269;3;27;73.042;75.180
269;27;3;73.042;95.820
270;3;27;76.094;78.220
270;27;3;76.094;98.860
271;3;28;53.171;74.190
271;28;3;53.171;95.610
272;3;28;53.741;80.670
272;28;3;53.741;102.090
273;3;29;83.599;67.600
273;29;3;83.599;89.510
274;3;30;131.923;74.900
274;30;3;131.923;97.340
275;3;30;117.008;73.270
275;30;3;117.008;95.710
276;3;31;98.562;76.190
276;31;3;98.562;99.010
277;3;31;96.542;60.430
277;31;3;96.542;83.250
278;3;32;84.024;73.930
278;32;3;84.024;97.010
279;3;33;82.779;75.340
279;33;3;82.779;98.510
280;3;33;85.209;81.190
280;33;3;85.209;104.360
281;3;34;98.025;78.410
281;34;3;98.025;101.780
282;3;35;82.919;59.880
282;35;3;82.919;83.570
283;3;36;74.708;73.320
283;36;3;74.708;97.020
284;3;36;69.521;81.120
284;36;3;69.521;104.820
285;3;36;73.068;67.950
285;36;3;73.068;91.650
286;3;37;71.558;77.010
286;37;3;71.558;100.860
287;3;37;71.784;66.320
287;37;3;71.784;90.170
288;3;37;65.537;68.300
288;37;3;65.537;92.150
289;3;38;85.525;60.340
289;38;3;85.525;84.520
290;3;38;94.306;76.390
290;38;3;94.306;100.570
291;3;38;78.364;79.930
291;38;3;78.364;104.110
292;3;39;23.796;8.270
292;39;3;68.796;90.520
293;4;5;95.763;96.550
293;5;4;95.763;98.190
294;4;5;87.144;79.330
294;5;4;87.144;80.970
295;4;5;92.069;85.610
295;5;4;92.069;87.250
296;4;6;103.016;81.890
296;6;4;103.016;83.950
297;4;7;68.621;87.620
297;7;4;68.621;91.890
298;4;7;72.441;78.690
298;7;4;72.441;82.960
299;4;8;59.400;98.590
299;8;4;59.400;103.150
300;4;8;57.004;74.490
300;8;4;57.004;79.050
301;4;8;61.972;84.590
301;8;4;61.972;89.150
302;4;9;103.279;95.890
302;9;4;103.279;100.500
303;4;9;89.858;86.210
303;9;4;89.858;90.820
304;4;9;96.421;91.550
304;9;4;96.421;96.160
305;4;10;60.381;73.460
305;10;4;60.381;78.310
306;4;11;55.323;74.990
306;11;4;55.323;80.290
307;4;12;59.020;80.250
307;12;4;59.020;86.170
308;4;12;56.773;87.810
308;12;4;56.773;93.730
309;4;13;79.348;78.090
309;13;4;79.348;85.630
310;4;14;97.433;75.570
310;14;4;97.433;84.760
311;4;14;105.120;81.680
311;14;4;105.120;90.870
312;4;14;92.248;83.120
312;14;4;92.248;92.310
313;4;15;84.488;85.780
313;15;4;84.488;95.240
314;4;16;80.092;85.890
314;16;4;80.092;96.050
315;4;16;87.899;68.950
315;16;4;87.899;79.110
316;4;17;52.549;75.440
316;17;4;52.549;85.850
317;4;18;140.389;66.930
317;18;4;140.389;79.010
318;4;19;57.858;75.040
318;19;4;57.858;87.510
319;4;20;74.821;81.030
319;20;4;74.821;94.190
320;4;20;68.917;67.070
320;20;4;68.917;80.230
321;4;21;98.965;86.670
321;21;4;98.965;100.380
322;4;21;92.575;82.310
322;21;4;92.575;96.020
323;4;22;82.763;87.260
323;22;4;82.763;101.100
324;4;22;86.180;65.380
324;22;4;86.180;79.220
325;4;23;57.000;68.060
325;23;4;57.000;82.450
326;4;23;55.806;81.540
326;23;4;55.806;95.930
327;4;23;56.272;86.980
327;23;4;56.272;101.370
328;4;24;55.905;64.710
328;24;4;55.905;79.350
329;4;25;103.017;66.350
329;25;4;103.017;81.250
330;4;26;54.749;84.920
330;26;4;54.749;100.840
331;4;26;55.703;81.900
331;26;4;55.703;97.820
332;4;27;78.502;67.480
332;27;4;78.502;84.120
333;4;27;77.556;61.690
333;27;4;77.556;78.330
334;4;27;71.860;72.380
334;27;4;71.860;89.020
335;4;28;92.282;74.100
335;28;4;92.282;91.520
336;4;28;86.793;78.280
336;28;4;86.793;95.700
337;4;28;89.452;84.980
337;28;4;89.452;102.400
338;4;29;76.705;80.520
338;29;4;76.705;98.430
339;4;29;76.067;80.970
339;29;4;76.067;98.880
340;4;29;72.700;71.070
340;29;4;72.700;88.980
341;4;30;128.027;82.250
341;30;4;128.027;100.690
342;4;30;107.849;78.750
342;30;4;107.849;97.190
343;4;31;54.344;75.730
343;31;4;54.344;94.550
344;4;31;52.831;81.980
344;31;4;52.831;100.800
345;4;31;54.852;70.240
345;31;4;54.852;89.060
346;4;32;62.705;62.870
346;32;4;62.705;81.950
347;4;32;58.825;73.920
347;32;4;58.825;93.000
348;4;33;67.821;75.870
348;33;4;67.821;95.040
349;4;34;72.411;79.650
349;34;4;72.411;99.020
350;4;34;69.370;82.350
350;34;4;69.370;101.720
351;4;35;76.911;74.820
351;35;4;76.911;94.510
352;4;35;78.177;72.560
352;35;4;78.177;92.250
353;4;35;78.503;72.010
353;35;4;78.503;91.700
354;4;36;64.811;69.890
354;36;4;64.811;89.590
355;4;37;66.487;70.000
355;37;4;66.487;89.850
356;4;37;63.243;75.770
356;37;4;63.243;95.620
357;4;37;65.499;77.490
357;37;4;65.499;97.340
358;4;38;57.156;76.140
358;38;4;57.156;96.320
359;4;38;59.871;58.130
359;38;4;59.871;78.310
360;4;39;22.688;7.620
360;39;4;67.688;85.870
361;5;6;102.108;84.010
361;6;5;102.108;84.430
362;5;6;105.549;95.770
362;6;5;105.549;96.190
363;5;7;118.587;98.620
363;7;5;118.587;101.250
364;5;7;114.224;80.680
364;7;5;114.224;83.310
365;5;8;105.469;74.390
365;8;5;105.469;77.310
366;5;9;152.715;89.840
366;9;5;152.715;92.810
367;5;10;81.692;84.610
367;10;5;81.692;87.820
368;5;10;85.892;91.300
368;10;5;85.892;94.510
369;5;11;90.108;80.920
369;11;5;90.108;84.580
370;5;11;99.606;87.360
370;11;5;99.606;91.020
371;5;12;81.867;93.490
371;12;5;81.867;97.770
372;5;12;88.861;76.450
372;12;5;88.861;80.730
373;5;12;77.325;73.220
373;12;5;77.325;77.500
374;5;13;88.017;94.060
374;13;5;88.017;99.960
375;5;13;98.488;77.150
375;13;5;98.488;83.050
376;5;13;90.063;82.050
376;13;5;90.063;87.950
377;5;14;147.722;79.060
377;14;5;147.722;86.610
378;5;15;98.504;88.640
378;15;5;98.504;96.460
379;5;15;111.037;76.200
379;15;5;111.037;84.020
380;5;16;97.055;86.550
380;16;5;97.055;95.070
381;5;17;90.296;92.010
381;17;5;90.296;100.780
382;5;18;148.777;71.530
382;18;5;148.777;81.970
383;5;19;90.512;82.780
383;19;5;90.512;93.610
384;5;19;101.369;80.130
384;19;5;101.369;90.960
385;5;19;86.303;69.450
385;19;5;86.303;80.280
386;5;20;92.972;75.030
386;20;5;92.972;86.550
387;5;21;54.760;88.650
387;21;5;54.760;100.720
388;5;21;53.699;77.670
388;21;5;53.699;89.740
389;5;21;54.354;66.080
389;21;5;54.354;78.150
390;5;22;63.721;67.310
390;22;5;63.721;79.510
391;5;22;66.754;74.260
391;22;5;66.754;86.460
392;5;22;67.759;89.230
392;22;5;67.759;101.430
393;5;23;105.087;73.690
393;23;5;105.087;86.440
394;5;23;95.963;69.480
394;23;5;95.963;82.230
395;5;24;91.414;74.960
395;24;5;91.414;87.960
396;5;24;97.425;82.790
396;24;5;97.425;95.790
397;5;25;118.841;69.820
397;25;5;118.841;83.080
398;5;25;102.748;84.110
398;25;5;102.748;97.370
399;5;26;95.384;64.450
399;26;5;95.384;78.730
400;5;27;86.229;75.790
400;27;5;86.229;90.790
401;5;27;76.290;72.320
401;27;5;76.290;87.320
402;5;28;59.458;83.000
402;28;5;59.458;98.780
403;5;28;61.839;72.940
403;28;5;61.839;88.720
404;5;29;90.434;74.620
404;29;5;90.434;90.890
405;5;29;95.149;63.330
405;29;5;95.149;79.600
406;5;30;138.718;76.470
406;30;5;138.718;93.270
407;5;30;150.164;81.040
407;30;5;150.164;97.840
408;5;31;102.121;79.410
408;31;5;102.121;96.590
409;5;32;89.999;63.150
409;32;5;89.999;80.590
410;5;32;81.821;65.800
410;32;5;81.821;83.240
411;5;33;89.149;61.180
411;33;5;89.149;78.710
412;5;34;104.458;65.540
412;34;5;104.458;83.270
413;5;34;105.894;60.450
413;34;5;105.894;78.180
414;5;34;106.796;80.270
414;34;5;106.796;98.000
415;5;35;89.765;64.430
415;35;5;89.765;82.480
416;5;35;88.197;83.550
416;35;5;88.197;101.600
417;5;35;83.706;82.570
417;35;5;83.706;100.620
418;5;36;80.398;64.770
418;36;5;80.398;82.830
419;5;36;81.613;65.800
419;36;5;81.613;83.860
420;5;36;74.767;59.150
420;36;5;74.767;77.210
421;5;37;77.067;75.280
421;37;5;77.067;93.490
422;5;37;80.588;63.580
422;37;5;80.588;81.790
423;5;38;90.992;62.250
423;38;5;90.992;80.790
424;5;39;28.285;20.870
424;39;5;73.285;97.480
425;5;39;28.546;2.780
425;39;5;73.546;79.390
426;5;39;22.238;9.160
426;39;5;67.238;85.770
427;6;7;110.986;77.280
427;7;6;110.986;79.490
428;6;7;105.518;93.140
428;7;6;105.518;95.350
429;6;7;123.444;79.320
429;7;6;123.444;81.530
430;6;8;98.228;92.980
430;8;6;98.228;95.480
431;6;9;133.529;81.180
431;9;6;133.529;83.730
432;6;9;140.629;85.500
432;9;6;140.629;88.050
433;6;9;133.513;77.990
433;9;6;133.513;80.540
434;6;10;92.906;79.110
434;10;6;92.906;81.900
435;6;11;92.930;83.510
435;11;6;92.930;86.750
436;6;12;96.604;93.260
436;12;6;96.604;97.120
437;6;13;69.134;95.270
437;13;6;69.134;100.750
438;6;14;133.328;80.430
438;14;6;133.328;87.560
439;6;14;146.944;79.760
439;14;6;146.944;86.890
440;6;15;64.858;68.950
440;15;6;64.858;76.350
441;6;15;68.603;79.900
441;15;6;68.603;87.300
442;6;15;63.177;69.160
442;15;6;63.177;76.560
443;6;16;69.021;90.160
443;16;6;69.021;98.260
444;6;16;69.160;69.120
444;16;6;69.160;77.220
445;6;17;105.227;87.710
445;17;6;105.227;96.060
446;6;17;102.856;87.810
446;17;6;102.856;96.160
447;6;18;91.711;77.260
447;18;6;91.711;87.280
448;6;19;90.195;72.540
448;19;6;90.195;82.950
449;6;19;100.057;90.410
449;19;6;100.057;100.820
450;6;19;80.866;74.170
450;19;6;80.866;84.580
451;6;20;73.380;84.650
451;20;6;73.380;95.750
452;6;21;94.934;68.100
452;21;6;94.934;79.750
453;6;21;101.607;85.420
453;21;6;101.607;97.070
454;6;22;108.856;82.790
454;22;6;108.856;94.570
455;6;22;101.401;68.260
455;22;6;101.401;80.040
456;6;22;108.960;79.040
456;22;6;108.960;90.820
457;6;23;100.908;79.640
457;23;6;100.908;91.970
458;6;23;114.588;77.190
458;23;6;114.588;89.520
459;6;23;95.579;68.250
459;23;6;95.579;80.580
460;6;24;92.122;82.230
460;24;6;92.122;94.810
461;6;24;84.410;73.850
461;24;6;84.410;86.430
462;6;25;67.443;69.160
462;25;6;67.443;82.000
463;6;25;68.872;77.570
463;25;6;68.872;90.410
464;6;25;64.266;72.070
464;25;6;64.266;84.910
465;6;26;93.924;71.590
465;26;6;93.924;85.450
466;6;26;90.263;80.920
466;26;6;90.263;94.780
467;6;27;70.455;66.830
467;27;6;70.455;81.410
468;6;27;76.122;62.060
468;27;6;76.122;76.640
469;6;27;76.255;69.750
469;27;6;76.255;84.330
470;6;28;87.680;70.860
470;28;6;87.680;86.220
471;6;28;88.570;67.660
471;28;6;88.570;83.020
472;6;29;71.323;70.620
472;29;6;71.323;86.470
473;6;29;77.440;64.130
473;29;6;77.440;79.980
474;6;30;81.779;66.920
474;30;6;81.779;83.300
475;6;31;112.183;77.150
475;31;6;112.183;93.910
476;6;32;85.323;65.640
476;32;6;85.323;82.660
477;6;33;80.236;78.510
477;33;6;80.236;95.620
478;6;34;82.429;80.990
478;34;6;82.429;98.300
479;6;35;71.164;67.290
479;35;6;71.164;84.920
480;6;36;87.406;69.760
480;36;6;87.406;87.400
481;6;36;95.226;62.740
481;36;6;95.226;80.380
482;6;36;87.826;61.550
482;36;6;87.826;79.190
483;6;37;88.814;67.470
483;37;6;88.814;85.260
484;6;37;79.401;61.210
484;37;6;79.401;79.000
485;6;38;90.875;64.390
485;38;6;90.875;82.510
486;6;38;95.498;79.640
486;38;6;95.498;97.760
487;6;39;49.508;18.470
487;39;6;94.508;94.660
488;7;8;59.501;93.970
488;8;7;59.501;94.260
489;7;8;60.432;94.560
489;8;7;60.432;94.850
490;7;9;79.657;95.340
490;9;7;79.657;95.680
491;7;9;77.336;91.180
491;9;7;77.336;91.520
492;7;9;76.488;91.560
492;9;7;76.488;91.900
493;7;10;81.967;93.060
493;10;7;81.967;93.640
494;7;10;74.332;76.890
494;10;7;74.332;77.470
495;7;11;73.859;95.650
495;11;7;73.859;96.680
496;7;11;72.745;96.330
496;11;7;72.745;97.360
497;7;11;75.174;75.980
497;11;7;75.174;77.010
498;7;12;81.838;85.310
498;12;7;81.838;86.960
499;7;13;91.477;72.840
499;13;7;91.477;76.110
500;7;13;97.141;94.720
500;13;7;97.141;97.990
501;7;14;74.136;86.190
501;14;7;74.136;91.110
502;7;14;76.181;82.150
502;14;7;76.181;87.070
503;7;14;74.111;69.680
503;14;7;74.111;74.600
504;7;15;91.181;88.760
504;15;7;91.181;93.950
505;7;15;92.740;81.050
505;15;7;92.740;86.240
506;7;15;79.640;77.350
506;15;7;79.640;82.540
507;7;16;87.271;86.390
507;16;7;87.271;92.280
508;7;16;91.878;74.400
508;16;7;91.878;80.290
509;7;17;75.731;89.740
509;17;7;75.731;95.880
510;7;18;138.102;66.990
510;18;7;138.102;74.800
511;7;18;156.413;80.650
511;18;7;156.413;88.460
512;7;19;74.303;84.810
512;19;7;74.303;93.010
513;7;20;84.493;69.380
513;20;7;84.493;78.270
514;7;20;81.525;80.040
514;20;7;81.525;88.930
515;7;21;120.617;67.060
515;21;7;120.617;76.500
516;7;22;106.384;83.160
516;22;7;106.384;92.730
517;7;22;119.633;71.380
517;22;7;119.633;80.950
518;7;22;115.189;72.690
518;22;7;115.189;82.260
519;7;23;58.725;84.730
519;23;7;58.725;94.850
520;7;24;72.879;84.250
520;24;7;72.879;94.620
521;7;25;102.399;77.290
521;25;7;102.399;87.920
522;7;25;94.426;75.440
522;25;7;94.426;86.070
523;7;26;68.888;75.900
523;26;7;68.888;87.550
524;7;26;71.795;71.800
524;26;7;71.795;83.450
525;7;27;91.565;81.320
525;27;7;91.565;93.690
526;7;28;113.074;79.420
526;28;7;113.074;92.570
527;7;29;87.726;81.030
527;29;7;87.726;94.670
528;7;29;89.912;81.390
528;29;7;89.912;95.030
529;7;29;93.242;63.630
529;29;7;93.242;77.270
530;7;30;125.897;63.430
530;30;7;125.897;77.600
531;7;30;129.097;76.710
531;30;7;129.097;90.880
532;7;31;67.057;81.590
532;31;7;67.057;96.140
533;7;32;77.050;75.220
533;32;7;77.050;90.030
534;7;33;81.011;75.360
534;33;7;81.011;90.260
535;7;34;73.594;77.940
535;34;7;73.594;93.040
536;7;35;88.283;60.760
536;35;7;88.283;76.180
537;7;36;84.479;76.410
537;36;7;84.479;91.840
538;7;37;87.272;69.870
538;37;7;87.272;85.450
539;7;38;73.647;69.520
539;38;7;73.647;85.430
540;7;38;71.417;79.090
540;38;7;71.417;95.000
541;7;38;79.911;58.640
541;38;7;79.911;74.550
542;7;39;45.309;12.660
542;39;7;90.309;86.640
543;7;39;51.840;0.250
543;39;7;96.840;74.230
544;7;39;52.105;15.230
544;39;7;97.105;89.210
545;8;9;92.290;89.050
545;9;8;92.290;89.100
546;8;9;96.396;90.830
546;9;8;96.396;90.880
547;8;9;93.194;85.490
547;9;8;93.194;85.540
548;8;10;68.885;93.040
548;10;8;68.885;93.330
549;8;10;64.334;97.000
549;10;8;64.334;97.290
550;8;11;60.372;91.840
550;11;8;60.372;92.580
551;8;12;69.630;79.880
551;12;8;69.630;81.240
552;8;12;63.584;77.790
552;12;8;63.584;79.150
553;8;13;77.326;87.400
553;13;8;77.326;90.380
554;8;13;69.373;89.110
554;13;8;69.373;92.090
555;8;14;87.910;76.600
555;14;8;87.910;81.230
556;8;14;83.739;74.500
556;14;8;83.739;79.130
557;8;15;78.419;90.660
557;15;8;78.419;95.560
558;8;16;74.210;89.900
558;16;8;74.210;95.500
559;8;17;66.825;72.340
559;17;8;66.825;78.190
560;8;17;68.918;76.460
560;17;8;68.918;82.310
561;8;17;70.416;79.440
561;17;8;70.416;85.290
562;8;18;130.235;82.140
562;18;8;130.235;89.660
563;8;18;142.870;78.410
563;18;8;142.870;85.930
564;8;18;132.698;88.630
564;18;8;132.698;96.150
565;8;19;60.208;89.860
565;19;8;60.208;97.770
566;8;19;58.680;67.920
566;19;8;58.680;75.830
567;8;19;61.738;66.670
567;19;8;61.738;74.580
568;8;20;70.644;83.360
568;20;8;70.644;91.960
569;8;20;74.712;76.150
569;20;8;74.712;84.750
570;8;21;106.754;71.450
570;21;8;106.754;80.600
571;8;21;102.606;85.300
571;21;8;102.606;94.450
572;8;22;95.168;80.240
572;22;8;95.168;89.520
573;8;22;85.749;80.760
573;22;8;85.749;90.040
574;8;23;48.361;88.730
574;23;8;48.361;98.560
575;8;23;48.877;68.320
575;23;8;48.877;78.150
576;8;23;47.816;80.510
576;23;8;47.816;90.340
577;8;24;59.075;86.910
577;24;8;59.075;96.990
578;8;24;60.835;66.280
578;24;8;60.835;76.360
579;8;25;93.168;82.420
579;25;8;93.168;92.760
580;8;25;90.235;82.860
580;25;8;90.235;93.200
581;8;26;55.085;73.320
581;26;8;55.085;84.680
582;8;27;77.276;81.840
582;27;8;77.276;93.920
583;8;28;98.966;71.370
583;28;8;98.966;84.230
584;8;29;73.693;67.490
584;29;8;73.693;80.840
585;8;29;70.379;68.440
585;29;8;70.379;81.790
586;8;30;117.833;81.900
586;30;8;117.833;95.780
587;8;31;63.996;66.560
587;31;8;63.996;80.820
588;8;31;66.799;69.160
588;31;8;66.799;83.420
589;8;31;62.741;66.990
589;31;8;62.741;81.250
590;8;32;62.568;66.600
590;32;8;62.568;81.120
591;8;33;66.551;73.220
591;33;8;66.551;87.830
592;8;34;62.085;72.050
592;34;8;62.085;86.860
593;8;35;74.198;64.640
593;35;8;74.198;79.770
594;8;35;78.094;63.330
594;35;8;78.094;78.460
595;8;36;70.526;80.340
595;36;8;70.526;95.480
596;8;36;71.481;58.640
596;36;8;71.481;73.780
597;8;36;66.318;77.680
597;36;8;66.318;92.820
598;8;37;73.573;62.450
598;37;8;73.573;77.740
599;8;38;59.627;58.410
599;38;8;59.627;74.030
600;8;38;63.225;62.950
600;38;8;63.225;78.570
601;8;38;63.126;66.340
601;38;8;63.126;81.960
602;8;39;32.509;10.260
602;39;8;77.509;83.950
603;8;39;33.390;18.150
603;39;8;78.390;91.840
604;8;39;25.512;22.580
604;39;8;70.512;96.270
605;9;10;116.038;98.090
605;10;9;116.038;98.330
606;9;10;99.254;95.900
606;10;9;99.254;96.140
607;9;10;112.225;81.230
607;10;9;112.225;81.470
608;9;11;107.614;94.490
608;11;9;107.614;95.180
609;9;11;103.305;80.660
609;11;9;103.305;81.350
610;9;12;116.280;90.000
610;12;9;116.280;91.310
611;9;12;120.515;85.800
611;12;9;120.515;87.110
612;9;13;120.007;88.230
612;13;9;120.007;91.160
613;9;13;130.692;89.510
613;13;9;130.692;92.440
614;9;13;115.427;74.240
614;13;9;115.427;77.170
615;9;14;53.891;88.750
615;14;9;53.891;93.330
616;9;14;52.327;91.910
616;14;9;52.327;96.490
617;9;15;115.732;84.530
617;15;9;115.732;89.380
618;9;16;113.043;85.800
618;16;9;113.043;91.350
619;9;16;116.077;77.380
619;16;9;116.077;82.930
620;9;17;110.310;78.760
620;17;9;110.310;84.560
621;9;17;117.285;78.490
621;17;9;117.285;84.290
622;9;18;145.386;78.540
622;18;9;145.386;86.010
623;9;19;107.439;73.160
623;19;9;107.439;81.020
624;9;19;104.575;73.370
624;19;9;104.575;81.230
625;9;20;112.603;69.300
625;20;9;112.603;77.850
626;9;20;126.135;70.090
626;20;9;126.135;78.640
627;9;21;153.905;68.820
627;21;9;153.905;77.920
628;9;21;154.284;86.310
628;21;9;154.284;95.410
629;9;22;141.041;86.320
629;22;9;141.041;95.550
630;9;23;92.692;67.650
630;23;9;92.692;77.430
631;9;23;89.336;85.530
631;23;9;89.336;95.310
632;9;24;106.364;71.790
632;24;9;106.364;81.820
633;9;25;117.272;78.700
633;25;9;117.272;88.990
634;9;26;102.363;63.880
634;26;9;102.363;75.190
635;9;26;96.061;77.720
635;26;9;96.061;89.030
636;9;27;120.698;82.560
636;27;9;120.698;94.590
637;9;28;145.892;85.420
637;28;9;145.892;98.230
638;9;28;161.992;74.410
638;28;9;161.992;87.220
639;9;29;116.106;82.840
639;29;9;116.106;96.140
640;9;29;109.100;65.160
640;29;9;109.100;78.460
641;9;30;134.838;77.700
641;30;9;134.838;91.530
642;9;30;117.838;79.270
642;30;9;117.838;93.100
643;9;31;100.587;69.450
643;31;9;100.587;83.660
644;9;32;109.018;71.670
644;32;9;109.018;86.140
645;9;32;95.364;80.490
645;32;9;95.364;94.960
646;9;32;113.976;61.000
646;32;9;113.976;75.470
647;9;33;111.786;76.910
647;33;9;111.786;91.470
648;9;33;115.115;79.930
648;33;9;115.115;94.490
649;9;33;106.373;62.950
649;33;9;106.373;77.510
650;9;34;99.228;64.470
650;34;9;99.228;79.230
651;9;35;116.800;78.150
651;35;9;116.800;93.230
652;9;35;112.220;75.770
652;35;9;112.220;90.850
653;9;36;117.753;82.680
653;36;9;117.753;97.770
654;9;36;113.105;65.070
654;36;9;113.105;80.160
655;9;36;114.799;68.100
655;36;9;114.799;83.190
656;9;37;120.858;63.890
656;37;9;120.858;79.130
657;9;37;138.357;80.370
657;37;9;138.357;95.610
658;9;37;124.665;82.660
658;37;9;124.665;97.900
659;9;38;106.891;72.600
659;38;9;106.891;88.170
660;9;39;79.572;3.160
660;39;9;124.572;76.800
661;10;11;53.547;79.600
661;11;10;53.547;80.050
662;10;12;48.720;77.920
662;12;10;48.720;78.990
663;10;12;48.632;97.200
663;12;10;48.632;98.270
664;10;12;48.411;88.590
664;12;10;48.411;89.660
665;10;13;68.890;87.650
665;13;10;68.890;90.340
666;10;13;66.322;90.500
666;13;10;66.322;93.190
667;10;13;68.257;77.950
667;13;10;68.257;80.640
668;10;14;111.092;72.880
668;14;10;111.092;77.220
669;10;15;77.233;75.510
669;15;10;77.233;80.120
670;10;15;78.919;93.690
670;15;10;78.919;98.300
671;10;16;73.348;83.920
671;16;10;73.348;89.230
672;10;16;68.727;85.310
672;16;10;68.727;90.620
673;10;16;69.791;74.990
673;16;10;69.791;80.300
674;10;17;58.400;77.070
674;17;10;58.400;82.630
675;10;17;55.470;89.840
675;17;10;55.470;95.400
676;10;18;134.874;82.320
676;18;10;134.874;89.550
677;10;18;136.169;73.230
677;18;10;136.169;80.460
678;10;18;132.124;82.620
678;18;10;132.124;89.850
679;10;19;54.733;90.510
679;19;10;54.733;98.130
680;10;19;56.541;86.540
680;19;10;56.541;94.160
681;10;19;52.525;69.580
681;19;10;52.525;77.200
682;10;20;67.457;66.690
682;20;10;67.457;75.000
683;10;20;63.674;68.520
683;20;10;63.674;76.830
684;10;21;83.904;70.650
684;21;10;83.904;79.510
685;10;21;76.226;84.470
685;21;10;76.226;93.330
686;10;22;72.272;82.890
686;22;10;72.272;91.880
687;10;22;79.024;78.350
687;22;10;79.024;87.340
688;10;22;71.253;87.910
688;22;10;71.253;96.900
689;10;23;68.397;81.990
689;23;10;68.397;91.530
690;10;23;65.808;80.960
690;23;10;65.808;90.500
691;10;23;67.687;85.410
691;23;10;67.687;94.950
692;10;24;55.056;67.850
692;24;10;55.056;77.640
693;10;25;98.422;76.390
693;25;10;98.422;86.440
694;10;25;88.209;87.590
694;25;10;88.209;97.640
695;10;25;93.287;63.620
695;25;10;93.287;73.670
696;10;26;58.852;85.080
696;26;10;58.852;96.150
697;10;26;59.843;62.410
697;26;10;59.843;73.480
698;10;26;58.462;70.150
698;26;10;58.462;81.220
699;10;27;67.456;84.110
699;27;10;67.456;95.900
700;10;27;67.689;62.890
700;27;10;67.689;74.680
701;10;28;76.945;79.170
701;28;10;76.945;91.740
702;10;29;67.698;64.350
702;29;10;67.698;77.410
703;10;29;66.364;68.950
703;29;10;66.364;82.010
704;10;30;122.863;66.060
704;30;10;122.863;79.650
705;10;30;133.633;82.310
705;30;10;133.633;95.900
706;10;30;118.861;64.360
706;30;10;118.861;77.950
707;10;31;68.888;77.660
707;31;10;68.888;91.630
708;10;32;56.840;75.570
708;32;10;56.840;89.800
709;10;33;59.887;82.500
709;33;10;59.887;96.820
710;10;33;56.571;64.640
710;33;10;56.571;78.960
711;10;34;72.548;67.660
711;34;10;72.548;82.180
712;10;34;76.102;74.680
712;34;10;76.102;89.200
713;10;35;67.563;75.320
713;35;10;67.563;90.160
714;10;35;71.323;74.470
714;35;10;71.323;89.310
715;10;36;50.626;73.660
715;36;10;50.626;88.510
716;10;37;51.171;69.700
716;37;10;51.171;84.700
717;10;37;50.515;75.830
717;37;10;50.515;90.830
718;10;37;50.744;83.070
718;37;10;50.744;98.070
719;10;38;54.975;60.680
719;38;10;54.975;76.010
720;10;39;8.647;5.540
720;39;10;53.647;78.940
721;11;12;54.971;83.670
721;12;11;54.971;84.290
722;11;12;53.025;76.420
722;12;11;53.025;77.040
723;11;13;69.083;79.850
723;13;11;69.083;82.090
724;11;13;63.093;72.100
724;13;11;63.093;74.340
725;11;13;73.192;78.120
725;13;11;73.192;80.360
726;11;14;102.892;83.640
726;14;11;102.892;87.530
727;11;15;74.973;92.260
727;15;11;74.973;96.420
728;11;15;75.304;92.790
728;15;11;75.304;96.950
729;11;16;70.659;81.290
729;16;11;70.659;86.150
730;11;17;58.035;75.930
730;17;11;58.035;81.040
731;11;17;57.158;91.180
731;17;11;57.158;96.290
732;11;18;131.899;72.760
732;18;11;131.899;79.540
733;11;18;115.593;89.500
733;18;11;115.593;96.280
734;11;18;115.971;77.630
734;18;11;115.971;84.410
735;11;19;47.930;76.330
735;19;11;47.930;83.500
736;11;20;65.072;85.550
736;20;11;65.072;93.410
737;11;20;63.083;67.210
737;20;11;63.083;75.070
738;11;20;62.828;75.820
738;20;11;62.828;83.680
739;11;21;91.758;66.780
739;21;11;91.758;75.190
740;11;22;80.483;72.080
740;22;11;80.483;80.620
741;11;22;78.554;78.170
741;22;11;78.554;86.710
742;11;23;60.151;67.130
742;23;11;60.151;76.220
743;11;23;62.048;72.190
743;23;11;62.048;81.280
744;11;23;61.485;76.150
744;23;11;61.485;85.240
745;11;24;46.755;76.030
745;24;11;46.755;85.370
746;11;25;94.732;63.590
746;25;11;94.732;73.190
747;11;26;50.307;72.230
747;26;11;50.307;82.850
748;11;26;50.968;66.430
748;26;11;50.968;77.050
749;11;26;51.361;67.630
749;26;11;51.361;78.250
750;11;27;68.190;64.290
750;27;11;68.190;75.630
751;11;27;65.977;66.470
751;27;11;65.977;77.810
752;11;28;84.311;68.970
752;28;11;84.311;81.090
753;11;28;87.354;66.490
753;28;11;87.354;78.610
754;11;28;87.584;75.770
754;28;11;87.584;87.890
755;11;29;66.618;62.840
755;29;11;66.618;75.450
756;11;29;67.328;73.310
756;29;11;67.328;85.920
757;11;30;119.643;63.110
757;30;11;119.643;76.250
758;11;30;129.381;79.640
758;30;11;129.381;92.780
759;11;30;113.503;74.630
759;30;11;113.503;87.770
760;11;31;64.667;67.620
760;31;11;64.667;81.140
761;11;32;52.711;62.100
761;32;11;52.711;75.880
762;11;32;50.810;82.140
762;32;11;50.810;95.920
763;11;33;57.704;79.340
763;33;11;57.704;93.210
764;11;34;65.993;74.310
764;34;11;65.993;88.380
765;11;34;61.823;68.980
765;34;11;61.823;83.050
766;11;34;64.922;71.720
766;34;11;64.922;85.790
767;11;35;66.767;64.980
767;35;11;66.767;79.370
768;11;36;55.748;72.440
768;36;11;55.748;86.840
769;11;37;58.413;74.180
769;37;11;58.413;88.730
770;11;38;47.493;61.650
770;38;11;47.493;76.530
771;11;39;17.194;6.340
771;39;11;62.194;79.290
772;11;39;20.890;5.910
772;39;11;65.890;78.860
773;11;39;17.078;13.260
773;39;11;62.078;86.210
774;12;13;72.607;93.630
774;13;12;72.607;95.250
775;12;13;74.411;83.650
775;13;12;74.411;85.270
776;12;13;70.624;90.870
776;13;12;70.624;92.490
777;12;14;110.940;78.370
777;14;12;110.940;81.640
778;12;14;109.663;71.810
778;14;12;109.663;75.080
779;12;15;80.886;86.620
779;15;12;80.886;90.160
780;12;15;75.515;90.190
780;15;12;75.515;93.730
781;12;15;78.016;75.100
781;15;12;78.016;78.640
782;12;16;76.950;68.350
782;16;12;76.950;72.590
783;12;16;72.113;92.720
783;16;12;72.113;96.960
784;12;17;55.457;74.980
784;17;12;55.457;79.470
785;12;17;53.588;72.810
785;17;12;53.588;77.300
786;12;18;138.521;75.300
786;18;12;138.521;81.460
787;12;18;137.198;89.540
787;18;12;137.198;95.700
788;12;18;137.078;67.740
788;18;12;137.078;73.900
789;12;19;56.952;78.310
789;19;12;56.952;84.860
790;12;20;71.057;69.020
790;20;12;71.057;76.260
791;12;21;84.983;71.240
791;21;12;84.983;79.030
792;12;22;70.626;86.820
792;22;12;70.626;94.740
793;12;23;68.636;72.280
793;23;12;68.636;80.750
794;12;23;72.036;66.130
794;23;12;72.036;74.600
795;12;23;65.228;74.120
795;23;12;65.228;82.590
796;12;24;56.693;70.730
796;24;12;56.693;79.450
797;12;24;56.417;66.470
797;24;12;56.417;75.190
798;12;24;55.928;86.780
798;24;12;55.928;95.500
799;12;25;101.963;73.060
799;25;12;101.963;82.040
800;12;25;112.211;85.220
800;25;12;112.211;94.200
801;12;25;110.988;79.690
801;25;12;110.988;88.670
802;12;26;59.979;85.550
802;26;12;59.979;95.550
803;12;26;58.116;83.650
803;26;12;58.116;93.650
804;12;27;71.162;81.490
804;27;12;71.162;92.210
805;12;28;78.563;67.280
805;28;12;78.563;78.780
806;12;29;71.395;70.440
806;29;12;71.395;82.430
807;12;29;74.582;61.850
807;29;12;74.582;73.840
808;12;29;75.334;72.720
808;29;12;75.334;84.710
809;12;30;126.482;63.000
809;30;12;126.482;75.520
810;12;30;109.921;70.620
810;30;12;109.921;83.140
811;12;30;139.941;61.270
811;30;12;139.941;73.790
812;12;31;66.705;61.230
812;31;12;66.705;74.130
813;12;32;59.945;74.980
813;32;12;59.945;88.140
814;12;32;59.726;78.490
814;32;12;59.726;91.650
815;12;33;63.422;65.330
815;33;12;63.422;78.580
816;12;33;66.412;84.020
816;33;12;66.412;97.270
817;12;33;58.841;78.710
817;33;12;58.841;91.960
818;12;34;75.300;65.760
818;34;12;75.300;79.210
819;12;35;71.270;63.290
819;35;12;71.270;77.060
820;12;35;73.779;67.510
820;35;12;73.779;81.280
821;12;35;74.033;64.810
821;35;12;74.033;78.580
822;12;36;54.237;80.150
822;36;12;54.237;93.930
823;12;36;53.086;81.620
823;36;12;53.086;95.400
824;12;37;53.953;80.110
824;37;12;53.953;94.040
825;12;37;54.170;64.750
825;37;12;54.170;78.680
826;12;38;56.984;67.070
826;38;12;56.984;81.330
827;12;38;54.094;59.720
827;38;12;54.094;73.980
828;12;39;8.671;9.670
828;39;12;53.671;82.000
829;12;39;10.675;16.800
829;39;12;55.675;89.130
830;12;39;10.381;4.990
830;39;12;55.381;77.320
831;13;14;117.712;86.480
831;14;13;117.712;88.130
832;13;14;125.456;70.830
832;14;13;125.456;72.480
833;13;15;55.686;84.880
833;15;13;55.686;86.800
834;13;16;54.199;73.820
834;16;13;54.199;76.440
835;13;16;54.066;70.520
835;16;13;54.066;73.140
836;13;17;81.110;71.650
836;17;13;81.110;74.520
837;13;18;111.937;72.440
837;18;13;111.937;76.980
838;13;19;66.505;90.610
838;19;13;66.505;95.540
839;13;19;70.598;89.240
839;19;13;70.598;94.170
840;13;19;71.362;79.220
840;19;13;71.362;84.150
841;13;20;52.406;66.980
841;20;13;52.406;72.600
842;13;20;53.307;85.850
842;20;13;53.307;91.470
843;13;21;84.399;75.260
843;21;13;84.399;81.430
844;13;22;88.764;85.490
844;22;13;88.764;91.790
845;13;22;99.174;76.320
845;22;13;99.174;82.620
846;13;23;79.368;82.920
846;23;13;79.368;89.770
847;13;23;72.187;75.680
847;23;13;72.187;82.530
848;13;24;68.479;72.630
848;24;13;68.479;79.730
849;13;25;77.227;85.620
849;25;13;77.227;92.980
850;13;25;82.123;81.810
850;25;13;82.123;89.170
851;13;26;70.880;83.390
851;26;13;70.880;91.770
852;13;26;67.814;63.720
852;26;13;67.814;72.100
853;13;26;65.995;79.530
853;26;13;65.995;87.910
854;13;27;46.897;75.740
854;27;13;46.897;84.840
855;13;27;46.871;81.540
855;27;13;46.871;90.640
856;13;27;47.108;78.910
856;27;13;47.108;88.010
857;13;28;75.687;79.750
857;28;13;75.687;89.630
858;13;28;72.798;85.240
858;28;13;72.798;95.120
859;13;28;70.046;85.080
859;28;13;70.046;94.960
860;13;29;48.909;69.420
860;29;13;48.909;79.790
861;13;29;47.991;60.800
861;29;13;47.991;71.170
862;13;30;100.307;82.410
862;30;13;100.307;93.310
863;13;30;97.730;79.580
863;30;13;97.730;90.480
864;13;31;88.651;83.290
864;31;13;88.651;94.570
865;13;31;96.711;62.280
865;31;13;96.711;73.560
866;13;31;91.258;76.780
866;31;13;91.258;88.060
867;13;32;61.748;83.790
867;32;13;61.748;95.330
868;13;33;56.648;60.520
868;33;13;56.648;72.150
869;13;34;65.863;68.980
869;34;13;65.863;80.810
870;13;34;63.834;78.590
870;34;13;63.834;90.420
871;13;35;48.248;76.740
871;35;13;48.248;88.890
872;13;35;47.498;67.140
872;35;13;47.498;79.290
873;13;36;63.528;82.330
873;36;13;63.528;94.490
874;13;37;65.445;81.980
874;37;13;65.445;94.290
875;13;37;67.438;81.710
875;37;13;67.438;94.020
876;13;38;67.227;82.890
876;38;13;67.227;95.530
877;13;38;70.846;70.350
877;38;13;70.846;82.990
878;13;38;61.874;71.230
878;38;13;61.874;83.870
879;13;39;26.736;22.250
879;39;13;71.736;92.960
880;13;39;27.951;5.790
880;39;13;72.951;76.500
881;14;15;114.654;93.100
881;15;14;114.654;93.370
882;14;15;112.427;82.450
882;15;14;112.427;82.720
883;14;16;111.540;86.580
883;16;14;111.540;87.550
884;14;16;97.956;77.630
884;16;14;97.956;78.600
885;14;16;99.183;92.930
885;16;14;99.183;93.900
886;14;17;104.115;91.320
886;17;14;104.115;92.540
887;14;18;149.258;87.560
887;18;14;149.258;90.450
888;14;18;134.004;84.660
888;18;14;134.004;87.550
889;14;18;144.133;89.600
889;18;14;144.133;92.490
890;14;19;103.090;68.430
890;19;14;103.090;71.710
891;14;20;110.343;67.450
891;20;14;110.343;71.420
892;14;20;102.784;68.320
892;20;14;102.784;72.290
893;14;20;122.221;84.740
893;20;14;122.221;88.710
894;14;21;149.601;80.090
894;21;14;149.601;84.610
895;14;21;173.836;67.860
895;21;14;173.836;72.380
896;14;22;135.045;86.060
896;22;14;135.045;90.710
897;14;22;117.321;79.570
897;22;14;117.321;84.220
898;14;22;120.716;70.600
898;22;14;120.716;75.250
899;14;23;87.748;65.090
899;23;14;87.748;70.290
900;14;24;101.809;84.200
900;24;14;101.809;89.650
901;14;24;115.977;69.300
901;24;14;115.977;74.750
902;14;25;118.873;81.640
902;25;14;118.873;87.350
903;14;25;132.103;87.020
903;25;14;132.103;92.730
904;14;25;129.934;64.500
904;25;14;129.934;70.210
905;14;26;97.787;73.800
905;26;14;97.787;80.530
906;14;26;105.116;81.640
906;26;14;105.116;88.370
907;14;27;118.195;72.510
907;27;14;118.195;79.960
908;14;27;132.177;80.340
908;27;14;132.177;87.790
909;14;27;128.663;73.440
909;27;14;128.663;80.890
910;14;28;141.875;82.150
910;28;14;141.875;90.380
911;14;29;113.810;84.370
911;29;14;113.810;93.090
912;14;30;138.199;63.350
912;30;14;138.199;72.600
913;14;30;134.917;79.440
913;30;14;134.917;88.690
914;14;31;93.727;59.440
914;31;14;93.727;69.070
915;14;32;105.251;63.730
915;32;14;105.251;73.620
916;14;32;111.413;69.340
916;32;14;111.413;79.230
917;14;33;108.550;67.610
917;33;14;108.550;77.590
918;14;33;114.148;70.400
918;33;14;114.148;80.380
919;14;33;120.900;63.780
919;33;14;120.900;73.760
920;14;34;97.388;62.580
920;34;14;97.388;72.760
921;14;34;89.242;75.990
921;34;14;89.242;86.170
922;14;35;114.467;71.690
922;35;14;114.467;82.190
923;14;35;118.219;70.750
923;35;14;118.219;81.250
924;14;35;128.534;80.160
924;35;14;128.534;90.660
925;14;36;113.379;63.750
925;36;14;113.379;74.260
926;14;36;107.506;59.240
926;36;14;107.506;69.750
927;14;37;116.292;74.410
927;37;14;116.292;85.070
928;14;38;102.478;80.130
928;38;14;102.478;91.120
929;14;39;74.442;7.840
929;39;14;119.442;76.900
930;14;39;63.360;5.790
930;39;14;108.360;74.850
931;15;16;49.411;89.680
931;16;15;49.411;90.380
932;15;16;50.250;91.940
932;16;15;50.250;92.640
933;15;16;50.113;82.880
933;16;15;50.113;83.580
934;15;17;87.897;75.280
934;17;15;87.897;76.230
935;15;18;102.641;71.310
935;18;15;102.641;73.930
936;15;18;104.751;66.350
936;18;15;104.751;68.970
937;15;19;72.071;69.140
937;19;15;72.071;72.150
938;15;19;68.171;90.740
938;19;15;68.171;93.750
939;15;20;54.975;80.480
939;20;15;54.975;84.180
940;15;21;94.291;89.350
940;21;15;94.291;93.600
941;15;21;99.075;82.040
941;21;15;99.075;86.290
942;15;22;99.245;89.140
942;22;15;99.245;93.520
943;15;23;81.182;81.290
943;23;15;81.182;86.220
944;15;23;85.558;68.140
944;23;15;85.558;73.070
945;15;23;76.441;71.390
945;23;15;76.441;76.320
946;15;24;73.847;76.630
946;24;15;73.847;81.810
947;15;24;77.194;73.710
947;24;15;77.194;78.890
948;15;25;66.784;87.030
948;25;15;66.784;92.470
949;15;25;70.707;84.000
949;25;15;70.707;89.440
950;15;25;62.934;76.490
950;25;15;62.934;81.930
951;15;26;74.967;82.690
951;26;15;74.967;89.150
952;15;26;71.982;72.590
952;26;15;71.982;79.050
953;15;26;78.705;68.820
953;26;15;78.705;75.280
954;15;27;57.572;71.480
954;27;15;57.572;78.660
955;15;27;59.693;63.940
955;27;15;59.693;71.120
956;15;28;85.666;82.560
956;28;15;85.666;90.520
957;15;29;54.785;83.930
957;29;15;54.785;92.380
958;15;29;52.625;68.590
958;29;15;52.625;77.040
959;15;29;52.723;84.250
959;29;15;52.723;92.700
960;15;30;90.674;67.360
960;30;15;90.674;76.340
961;15;31;93.346;78.820
961;31;15;93.346;88.180
962;15;32;67.291;77.540
962;32;15;67.291;87.160
963;15;32;63.461;77.150
963;32;15;63.461;86.770
964;15;33;62.667;61.160
964;33;15;62.667;70.870
965;15;33;59.216;75.890
965;33;15;59.216;85.600
966;15;34;62.743;71.280
966;34;15;62.743;81.190
967;15;34;60.619;69.590
967;34;15;60.619;79.500
968;15;34;60.342;72.210
968;34;15;60.342;82.120
969;15;35;55.142;71.780
969;35;15;55.142;82.010
970;15;35;56.526;64.910
970;35;15;56.526;75.140
971;15;35;53.982;77.160
971;35;15;53.982;87.390
972;15;36;72.463;62.020
972;36;15;72.463;72.260
973;15;37;74.991;64.680
973;37;15;74.991;75.070
974;15;38;72.657;76.520
974;38;15;72.657;87.240
975;15;38;74.892;58.460
975;38;15;74.892;69.180
976;15;38;67.698;70.940
976;38;15;67.698;81.660
977;15;39;36.549;21.010
977;39;15;81.549;89.800
978;15;39;36.796;9.090
978;39;15;81.796;77.880
979;16;17;83.629;73.230
979;17;16;83.629;73.480
980;16;18;106.618;83.620
980;18;16;106.618;85.540
981;16;19;67.745;79.520
981;19;16;67.745;81.830
982;16;20;50.893;87.110
982;20;16;50.893;90.110
983;16;20;50.006;84.660
983;20;16;50.006;87.660
984;16;20;51.721;69.950
984;20;16;51.721;72.950
985;16;21;93.597;88.190
985;21;16;93.597;91.740
986;16;21;93.218;72.010
986;21;16;93.218;75.560
987;16;22;96.433;86.130
987;22;16;96.433;89.810
988;16;22;91.965;77.310
988;22;16;91.965;80.990
989;16;23;76.901;72.680
989;23;16;76.901;76.910
990;16;23;71.966;73.840
990;23;16;71.966;78.070
991;16;24;69.494;81.090
991;24;16;69.494;85.570
992;16;25;70.157;82.190
992;25;16;70.157;86.930
993;16;25;63.986;76.140
993;25;16;63.986;80.880
994;16;26;70.556;73.310
994;26;16;70.556;79.070
995;16;27;55.870;68.330
995;27;16;55.870;74.810
996;16;28;84.886;77.960
996;28;16;84.886;85.220
997;16;29;51.816;78.680
997;29;16;51.816;86.430
998;16;30;94.535;81.940
998;30;16;94.535;90.220
999;16;30;103.126;60.550
999;30;16;103.126;68.830
1000;16;30;88.111;72.300
1000;30;16;88.111;80.580
1001;16;31;88.935;81.390
1001;31;16;88.935;90.050
1002;16;32;63.012;62.490
1002;32;16;63.012;71.410
1003;16;32;64.970;77.710
1003;32;16;64.970;86.630
1004;16;33;58.572;78.350
1004;33;16;58.572;87.360
1005;16;33;61.571;74.220
1005;33;16;61.571;83.230
1006;16;33;57.256;73.490
1006;33;16;57.256;82.500
1007;16;34;59.211;75.970
1007;34;16;59.211;85.180
1008;16;34;61.390;63.640
1008;34;16;61.390;72.850
1009;16;34;61.767;65.630
1009;34;16;61.767;74.840
1010;16;35;52.399;69.330
1010;35;16;52.399;78.860
1011;16;35;54.109;58.680
1011;35;16;54.109;68.210
1012;16;35;53.603;63.860
1012;35;16;53.603;73.390
1013;16;36;68.842;75.640
1013;36;16;68.842;85.180
1014;16;37;71.600;64.280
1014;37;16;71.600;73.970
1015;16;37;69.404;75.120
1015;37;16;69.404;84.810
1016;16;37;75.467;80.580
1016;37;16;75.467;90.270
1017;16;38;68.314;74.190
1017;38;16;68.314;84.210
1018;16;39;33.232;2.170
1018;39;16;78.232;70.260
1019;17;18;144.932;78.280
1019;18;17;144.932;79.950
1020;17;19;60.964;72.400
1020;19;17;60.964;74.460
1021;17;19;61.981;87.770
1021;19;17;61.981;89.830
1022;17;19;62.062;69.940
1022;19;17;62.062;72.000
1023;17;20;77.940;73.790
1023;20;17;77.940;76.540
1024;17;20;82.694;70.270
1024;20;17;82.694;73.020
1025;17;20;78.373;83.770
1025;20;17;78.373;86.520
1026;17;21;94.527;88.080
1026;21;17;94.527;91.380
1027;17;21;96.982;75.390
1027;21;17;96.982;78.690
1028;17;21;83.360;86.490
1028;21;17;83.360;89.790
1029;17;22;75.947;67.760
1029;22;17;75.947;71.190
1030;17;23;64.544;68.630
1030;23;17;64.544;72.610
1031;17;23;59.910;64.490
1031;23;17;59.910;68.470
1032;17;23;63.182;77.510
1032;23;17;63.182;81.490
1033;17;24;59.427;69.250
1033;24;17;59.427;73.480
1034;17;24;61.962;83.580
1034;24;17;61.962;87.810
1035;17;25;107.732;73.950
1035;25;17;107.732;78.440
1036;17;25;113.405;78.450
1036;25;17;113.405;82.940
1037;17;25;97.629;72.250
1037;25;17;97.629;76.740
1038;17;26;60.226;82.530
1038;26;17;60.226;88.040
1039;17;27;79.924;75.910
1039;27;17;79.924;82.140
1040;17;27;71.742;66.190
1040;27;17;71.742;72.420
1041;17;28;88.638;63.530
1041;28;17;88.638;70.540
1042;17;29;79.137;81.570
1042;29;17;79.137;89.070
1043;17;29;76.037;83.550
1043;29;17;76.037;91.050
1044;17;29;82.054;64.220
1044;29;17;82.054;71.720
1045;17;30;132.667;80.130
1045;30;17;132.667;88.160
1046;17;31;56.863;79.010
1046;31;17;56.863;87.420
1047;17;32;65.617;71.640
1047;32;17;65.617;80.310
1048;17;33;70.351;62.660
1048;33;17;70.351;71.420
1049;17;33;67.100;75.810
1049;33;17;67.100;84.570
1050;17;34;78.169;82.730
1050;34;17;78.169;91.690
1051;17;34;78.253;65.070
1051;34;17;78.253;74.030
1052;17;35;79.184;74.790
1052;35;17;79.184;84.070
1053;17;35;77.635;83.030
1053;35;17;77.635;92.310
1054;17;36;63.896;65.460
1054;36;17;63.896;74.750
1055;17;36;61.580;76.880
1055;36;17;61.580;86.170
1056;17;37;64.327;72.270
1056;37;17;64.327;81.710
1057;17;37;64.575;75.730
1057;37;17;64.575;85.170
1058;17;37;59.730;66.790
1058;37;17;59.730;76.230
1059;17;38;60.483;79.970
1059;38;17;60.483;89.740
1060;17;38;58.484;68.120
1060;38;17;58.484;77.890
1061;17;38;58.056;67.300
1061;38;17;58.056;77.070
1062;17;39;18.315;24.310
1062;39;17;63.315;92.150
1063;17;39;16.263;6.030
1063;39;17;61.263;73.870
1064;18;19;128.972;66.620
1064;19;18;128.972;67.010
1065;18;20;112.493;72.360
1065;20;18;112.493;73.440
1066;18;20;113.091;69.040
1066;20;18;113.091;70.120
1067;18;20;112.965;87.080
1067;20;18;112.965;88.160
1068;18;21;141.250;69.950
1068;21;18;141.250;71.580
1069;18;21;147.011;76.240
1069;21;18;147.011;77.870
1070;18;22;154.833;84.310
1070;22;18;154.833;86.070
1071;18;23;133.556;78.950
1071;23;18;133.556;81.260
1072;18;23;114.933;77.500
1072;23;18;114.933;79.810
1073;18;24;130.535;68.740
1073;24;18;130.535;71.300
1074;18;24;128.461;88.070
1074;24;18;128.461;90.630
1075;18;25;82.380;66.110
1075;25;18;82.380;68.930
1076;18;25;74.584;70.750
1076;25;18;74.584;73.570
1077;18;25;88.670;76.710
1077;25;18;88.670;79.530
1078;18;26;130.650;78.300
1078;26;18;130.650;82.140
1079;18;26;112.646;69.900
1079;26;18;112.646;73.740
1080;18;26;111.280;69.620
1080;26;18;111.280;73.460
1081;18;27;113.717;69.660
1081;27;18;113.717;74.220
1082;18;27;126.091;85.050
1082;27;18;126.091;89.610
1083;18;27;100.997;66.860
1083;27;18;100.997;71.420
1084;18;28;134.327;62.320
1084;28;18;134.327;67.660
1085;18;28;153.307;62.920
1085;28;18;153.307;68.260
1086;18;29;112.282;69.440
1086;29;18;112.282;75.270
1087;18;29;127.690;81.070
1087;29;18;127.690;86.900
1088;18;29;100.245;74.110
1088;29;18;100.245;79.940
1089;18;30;57.409;61.860
1089;30;18;57.409;68.220
1090;18;30;56.765;75.370
1090;30;18;56.765;81.730
1091;18;31;148.288;74.380
1091;31;18;148.288;81.120
1092;18;32;124.454;68.230
1092;32;18;124.454;75.230
1093;18;32;115.251;78.920
1093;32;18;115.251;85.920
1094;18;33;120.189;60.560
1094;33;18;120.189;67.650
1095;18;33;118.542;75.720
1095;33;18;118.542;82.810
1096;18;33;121.354;78.370
1096;33;18;121.354;85.460
1097;18;34;113.519;75.730
1097;34;18;113.519;83.020
1098;18;34;105.984;71.010
1098;34;18;105.984;78.300
1099;18;35;112.512;62.920
1099;35;18;112.512;70.530
1100;18;35;120.768;74.030
1100;35;18;120.768;81.640
1101;18;35;105.729;83.500
1101;35;18;105.729;91.110
1102;18;36;130.017;76.520
1102;36;18;130.017;84.140
1103;18;37;132.307;66.130
1103;37;18;132.307;73.900
1104;18;37;144.464;81.190
1104;37;18;144.464;88.960
1105;18;38;129.450;80.820
1105;38;18;129.450;88.920
1106;18;39;93.673;11.470
1106;39;18;138.673;77.640
1107;18;39;102.752;24.720
1107;39;18;147.752;90.890
1108;19;20;62.198;78.260
1108;20;19;62.198;78.950
1109;19;20;61.688;78.230
1109;20;19;61.688;78.920
1110;19;20;64.187;73.740
1110;20;19;64.187;74.430
1111;19;21;91.546;77.840
1111;21;19;91.546;79.080
1112;19;21;88.604;69.140
1112;21;19;88.604;70.380
1113;19;21;81.928;76.050
1113;21;19;81.928;77.290
1114;19;22;82.002;75.510
1114;22;19;82.002;76.880
1115;19;22;79.322;67.310
1115;22;19;79.322;68.680
1116;19;23;60.628;88.080
1116;23;19;60.628;90.000
1117;19;23;63.998;67.170
1117;23;19;63.998;69.090
1118;19;24;46.983;75.230
1118;24;19;46.983;77.400
1119;19;24;47.439;78.190
1119;24;19;47.439;80.360
1120;19;24;47.328;72.530
1120;24;19;47.328;74.700
1121;19;25;91.819;76.180
1121;25;19;91.819;78.610
1122;19;25;91.710;87.640
1122;25;19;91.710;90.070
1123;19;26;50.468;86.920
1123;26;19;50.468;90.370
1124;19;26;51.100;72.340
1124;26;19;51.100;75.790
1125;19;27;65.726;82.200
1125;27;19;65.726;86.370
1126;19;28;83.807;66.950
1126;28;19;83.807;71.900
1127;19;29;63.873;69.960
1127;29;19;63.873;75.400
1128;19;29;59.456;68.430
1128;29;19;59.456;73.870
1129;19;30;116.720;61.420
1129;30;19;116.720;67.390
1130;19;31;67.147;66.960
1130;31;19;67.147;73.310
1131;19;31;66.019;59.870
1131;31;19;66.019;66.220
1132;19;32;49.879;74.470
1132;32;19;49.879;81.080
1133;19;32;51.079;83.890
1133;32;19;51.079;90.500
1134;19;32;50.491;80.480
1134;32;19;50.491;87.090
1135;19;33;54.969;78.890
1135;33;19;54.969;85.590
1136;19;33;54.750;64.090
1136;33;19;54.750;70.790
1137;19;33;53.879;82.620
1137;33;19;53.879;89.320
1138;19;34;63.455;83.610
1138;34;19;63.455;90.510
1139;19;35;64.060;64.200
1139;35;19;64.060;71.420
1140;19;36;55.322;65.740
1140;36;19;55.322;72.970
1141;19;36;53.134;64.320
1141;36;19;53.134;71.550
1142;19;36;57.135;68.480
1142;36;19;57.135;75.710
1143;19;37;58.464;79.600
1143;37;19;58.464;86.980
1144;19;37;55.855;63.170
1144;37;19;55.855;70.550
1145;19;38;45.760;66.710
1145;38;19;45.760;74.420
1146;19;38;45.875;67.500
1146;38;19;45.875;75.210
1147;19;38;45.840;67.090
1147;38;19;45.840;74.800
1148;19;39;18.196;8.070
1148;39;19;63.196;73.850
1149;20;21;90.399;78.180
1149;21;20;90.399;78.730
1150;20;22;91.063;85.720
1150;22;20;91.063;86.400
1151;20;23;72.982;69.030
1151;23;20;72.982;70.260
1152;20;23;71.601;69.750
1152;23;20;71.601;70.980
1153;20;23;79.958;82.210
1153;23;20;79.958;83.440
1154;20;24;64.032;87.280
1154;24;20;64.032;88.760
1155;20;25;76.010;83.500
1155;25;20;76.010;85.240
1156;20;25;75.800;76.890
1156;25;20;75.800;78.630
1157;20;25;77.905;68.350
1157;25;20;77.905;70.090
1158;20;26;65.552;84.010
1158;26;20;65.552;86.770
1159;20;27;53.231;71.540
1159;27;20;53.231;75.020
1160;20;27;53.673;84.180
1160;27;20;53.673;87.660
1161;20;27;53.485;66.950
1161;27;20;53.485;70.430
1162;20;28;81.695;81.730
1162;28;20;81.695;85.990
1163;20;29;48.504;76.210
1163;29;20;48.504;80.960
1164;20;30;100.425;84.470
1164;30;20;100.425;89.750
1165;20;31;83.871;82.990
1165;31;20;83.871;88.650
1166;20;32;57.365;77.440
1166;32;20;57.365;83.360
1167;20;32;58.968;80.470
1167;32;20;58.968;86.390
1168;20;33;52.708;75.330
1168;33;20;52.708;81.340
1169;20;33;53.126;69.510
1169;33;20;53.126;75.520
1170;20;34;58.514;68.270
1170;34;20;58.514;74.480
1171;20;34;59.916;79.420
1171;34;20;59.916;85.630
1172;20;35;49.209;63.820
1172;35;20;49.209;70.350
1173;20;35;48.866;72.350
1173;35;20;48.866;78.880
1174;20;36;63.034;63.700
1174;36;20;63.034;70.240
1175;20;36;67.143;60.140
1175;36;20;67.143;66.680
1176;20;37;65.912;81.600
1176;37;20;65.912;88.290
1177;20;37;62.250;78.570
1177;37;20;62.250;85.260
1178;20;38;62.815;74.240
1178;38;20;62.815;81.260
1179;20;39;27.562;20.630
1179;39;20;72.562;85.720
1180;20;39;27.088;18.650
1180;39;20;72.088;83.740
1181;20;39;28.948;1.670
1181;39;20;73.948;66.760
1182;21;22;72.076;69.480
1182;22;21;72.076;69.610
1183;21;22;65.588;71.970
1183;22;21;65.588;72.100
1184;21;22;72.083;64.520
1184;22;21;72.083;64.650
1185;21;23;106.902;70.210
1185;23;21;106.902;70.890
1186;21;23;120.598;79.260
1186;23;21;120.598;79.940
1187;21;24;92.793;86.740
1187;24;21;92.793;87.670
1188;21;25;113.337;75.040
1188;25;21;113.337;76.230
1189;21;25;102.638;87.860
1189;25;21;102.638;89.050
1190;21;25;124.226;79.220
1190;25;21;124.226;80.410
1191;21;26;96.814;84.040
1191;26;21;96.814;86.250
1192;21;27;82.798;84.650
1192;27;21;82.798;87.580
1193;21;28;53.722;61.760
1193;28;21;53.722;65.470
1194;21;29;87.419;67.920
1194;29;21;87.419;72.120
1195;21;29;83.444;69.640
1195;29;21;83.444;73.840
1196;21;29;94.209;67.720
1196;29;21;94.209;71.920
1197;21;30;131.713;81.810
1197;30;21;131.713;86.540
1198;21;30;132.575;83.930
1198;30;21;132.575;88.660
1199;21;30;146.750;83.790
1199;30;21;146.750;88.520
1200;21;31;106.346;78.490
1200;31;21;106.346;83.600
1201;21;31;121.271;70.390
1201;31;21;121.271;75.500
1202;21;31;115.007;75.660
1202;31;21;115.007;80.770
1203;21;32;90.011;74.620
1203;32;21;90.011;79.990
1204;21;32;87.904;78.340
1204;32;21;87.904;83.710
1205;21;32;91.991;76.450
1205;32;21;91.991;81.820
1206;21;33;88.076;78.320
1206;33;21;88.076;83.780
1207;21;33;95.323;63.790
1207;33;21;95.323;69.250
1208;21;33;79.331;64.390
1208;33;21;79.331;69.850
1209;21;34;102.987;75.540
1209;34;21;102.987;81.200
1210;21;34;93.665;66.310
1210;34;21;93.665;71.970
1211;21;35;86.697;78.780
1211;35;21;86.697;84.760
1212;21;36;81.232;82.160
1212;36;21;81.232;88.150
1213;21;36;82.513;59.050
1213;36;21;82.513;65.040
1214;21;37;78.346;77.360
1214;37;21;78.346;83.500
1215;21;37;71.290;64.300
1215;37;21;71.290;70.440
1216;21;38;92.138;71.740
1216;38;21;92.138;78.210
1217;21;39;31.387;0.130
1217;39;21;76.387;64.670
1218;21;39;37.101;8.580
1218;39;21;82.101;73.120
1219;21;39;24.044;10.540
1219;39;21;69.044;75.080
1220;22;23;93.874;80.220
1220;23;22;93.874;80.770
1221;22;24;82.142;74.120
1221;24;22;82.142;74.920
1222;22;24;89.051;77.240
1222;24;22;89.051;78.040
1223;22;25;120.973;75.530
1223;25;22;120.973;76.590
1224;22;25;138.974;68.700
1224;25;22;138.974;69.760
1225;22;25;130.642;88.270
1225;25;22;130.642;89.330
1226;22;26;85.599;75.700
1226;26;22;85.599;77.780
1227;22;26;85.765;80.790
1227;26;22;85.765;82.870
1228;22;27;86.877;80.780
1228;27;22;86.877;83.580
1229;22;28;71.588;81.220
1229;28;22;71.588;84.800
1230;22;28;72.391;75.160
1230;28;22;72.391;78.740
1231;22;29;89.693;74.950
1231;29;22;89.693;79.020
1232;22;29;98.623;81.510
1232;29;22;98.623;85.580
1233;22;29;80.167;69.010
1233;29;22;80.167;73.080
1234;22;30;143.653;72.240
1234;30;22;143.653;76.840
1235;22;31;87.085;66.230
1235;31;22;87.085;71.210
1236;22;32;83.502;64.540
1236;32;22;83.502;69.780
1237;22;33;84.848;65.940
1237;33;22;84.848;71.270
1238;22;33;84.355;63.160
1238;33;22;84.355;68.490
1239;22;33;94.608;73.410
1239;33;22;94.608;78.740
1240;22;34;99.329;61.050
1240;34;22;99.329;66.580
1241;22;34;89.532;73.140
1241;34;22;89.532;78.670
1242;22;34;91.577;71.390
1242;34;22;91.577;76.920
1243;22;35;89.213;65.930
1243;35;22;89.213;71.780
1244;22;36;73.971;62.210
1244;36;22;73.971;68.070
1245;22;36;79.314;80.480
1245;36;22;79.314;86.340
1246;22;36;75.521;69.640
1246;36;22;75.521;75.500
1247;22;37;70.585;58.940
1247;37;22;70.585;64.950
1248;22;38;82.210;73.200
1248;38;22;82.210;79.540
1249;22;39;19.222;21.670
1249;39;22;64.222;86.080
1250;22;39;15.400;17.930
1250;39;22;60.400;82.340
1251;23;24;59.157;75.710
1251;24;23;59.157;75.960
1252;23;25;96.445;79.320
1252;25;23;96.445;79.830
1253;23;25;94.807;87.490
1253;25;23;94.807;88.000
1254;23;26;55.181;74.490
1254;26;23;55.181;76.020
1255;23;26;55.020;72.170
1255;26;23;55.020;73.700
1256;23;26;56.289;83.570
1256;26;23;56.289;85.100
1257;23;27;79.163;72.220
1257;27;23;79.163;74.470
1258;23;28;99.354;69.470
1258;28;23;99.354;72.500
1259;23;29;75.866;79.560
1259;29;23;75.866;83.080
1260;23;30;121.152;71.500
1260;30;23;121.152;75.550
1261;23;30;109.674;70.560
1261;30;23;109.674;74.610
1262;23;31;60.711;75.700
1262;31;23;60.711;80.130
1263;23;32;63.772;77.480
1263;32;23;63.772;82.170
1264;23;32;61.745;67.950
1264;32;23;61.745;72.640
1265;23;33;68.195;82.670
1265;33;23;68.195;87.450
1266;23;33;69.788;65.090
1266;33;23;69.788;69.870
1267;23;33;73.872;69.850
1267;33;23;73.872;74.630
1268;23;34;65.283;69.800
1268;34;23;65.283;74.780
1269;23;34;70.227;65.230
1269;34;23;70.227;70.210
1270;23;34;63.814;76.310
1270;34;23;63.814;81.290
1271;23;35;76.323;73.800
1271;35;23;76.323;79.100
1272;23;35;76.676;70.140
1272;35;23;76.676;75.440
1273;23;36;70.756;71.590
1273;36;23;70.756;76.900
1274;23;37;73.563;80.010
1274;37;23;73.563;85.470
1275;23;37;67.424;80.390
1275;37;23;67.424;85.850
1276;23;37;66.641;66.270
1276;37;23;66.641;71.730
1277;23;38;59.954;60.610
1277;38;23;59.954;66.400
1278;23;38;57.214;79.820
1278;38;23;57.214;85.610
1279;23;39;31.884;18.810
1279;39;23;76.884;82.670
1280;23;39;35.112;8.570
1280;39;23;80.112;72.430
1281;24;25;93.307;85.190
1281;25;24;93.307;85.450
1282;24;25;99.872;85.580
1282;25;24;99.872;85.840
1283;24;26;49.023;84.460
1283;26;24;49.023;85.740
1284;24;26;50.000;66.770
1284;26;24;50.000;68.050
1285;24;26;48.395;70.970
1285;26;24;48.395;72.250
1286;24;27;67.709;79.200
1286;27;24;67.709;81.200
1287;24;28;85.197;65.040
1287;28;24;85.197;67.820
1288;24;28;82.872;84.940
1288;28;24;82.872;87.720
1289;24;28;80.724;74.890
1289;28;24;80.724;77.670
1290;24;29;65.804;67.060
1290;29;24;65.804;70.330
1291;24;29;70.731;84.840
1291;29;24;70.731;88.110
1292;24;30;118.254;83.610
1292;30;24;118.254;87.410
1293;24;31;65.174;73.260
1293;31;24;65.174;77.440
1294;24;32;51.801;63.080
1294;32;24;51.801;67.520
1295;24;33;56.916;64.200
1295;33;24;56.916;68.730
1296;24;33;54.253;80.590
1296;33;24;54.253;85.120
1297;24;34;64.289;71.380
1297;34;24;64.289;76.110
1298;24;35;66.006;63.050
1298;35;24;66.006;68.100
1299;24;35;60.777;71.220
1299;35;24;60.777;76.270
1300;24;35;63.197;65.640
1300;35;24;63.197;70.690
1301;24;36;56.600;76.270
1301;36;24;56.600;81.330
1302;24;37;59.514;60.130
1302;37;24;59.514;65.340
1303;24;37;61.851;71.580
1303;37;24;61.851;76.790
1304;24;38;46.253;78.020
1304;38;24;46.253;83.560
1305;24;38;46.156;62.670
1305;38;24;46.156;68.210
1306;24;39;18.686;8.740
1306;39;24;63.686;72.350
1307;24;39;15.056;0.270
1307;39;24;60.056;63.880
1308;24;39;20.620;2.370
1308;39;24;65.620;65.980
1309;25;26;93.284;66.670
1309;26;25;93.284;67.690
1310;25;26;91.867;85.250
1310;26;25;91.867;86.270
1311;25;26;97.931;77.690
1311;26;25;97.931;78.710
1312;25;27;79.121;83.100
1312;27;25;79.121;84.840
1313;25;27;79.684;71.720
1313;27;25;79.684;73.460
1314;25;27;84.884;75.670
1314;27;25;84.884;77.410
1315;25;28;105.114;66.330
1315;28;25;105.114;68.850
1316;25;28;101.844;67.020
1316;28;25;101.844;69.540
1317;25;29;76.525;79.870
1317;29;25;76.525;82.880
1318;25;29;81.166;80.680
1318;29;25;81.166;83.690
1319;25;29;83.188;77.990
1319;29;25;83.188;81.000
1320;25;30;70.010;72.800
1320;30;25;70.010;76.340
1321;25;31;110.942;78.480
1321;31;25;110.942;82.400
1322;25;31;110.563;71.510
1322;31;25;110.563;75.430
1323;25;31;98.642;65.450
1323;31;25;98.642;69.370
1324;25;32;87.459;59.790
1324;32;25;87.459;63.970
1325;25;32;93.159;67.210
1325;32;25;93.159;71.390
1326;25;33;83.546;63.480
1326;33;25;83.546;67.750
1327;25;33;74.273;70.330
1327;33;25;74.273;74.600
1328;25;34;76.245;60.160
1328;34;25;76.245;64.630
1329;25;35;76.918;69.440
1329;35;25;76.918;74.230
1330;25;35;77.390;60.650
1330;35;25;77.390;65.440
1331;25;36;93.998;67.830
1331;36;25;93.998;72.630
1332;25;36;99.122;70.680
1332;36;25;99.122;75.480
1333;25;37;96.688;73.600
1333;37;25;96.688;78.550
1334;25;37;92.651;80.740
1334;37;25;92.651;85.690
1335;25;38;92.259;61.210
1335;38;25;92.259;66.490
1336;25;39;58.284;24.590
1336;39;25;103.284;87.940
1337;26;27;70.339;71.230
1337;27;26;70.339;71.950
1338;26;27;67.571;78.630
1338;27;26;67.571;79.350
1339;26;28;89.188;81.360
1339;28;26;89.188;82.860
1340;26;29;67.821;75.500
1340;29;26;67.821;77.490
1341;26;29;68.204;62.380
1341;29;26;68.204;64.370
1342;26;29;72.687;81.490
1342;29;26;72.687;83.480
1343;26;30;118.294;80.570
1343;30;26;118.294;83.090
1344;26;31;63.382;69.710
1344;31;26;63.382;72.610
1345;26;31;66.644;76.630
1345;31;26;66.644;79.530
1346;26;32;54.290;63.320
1346;32;26;54.290;66.480
1347;26;32;54.517;71.500
1347;32;26;54.517;74.660
1348;26;33;59.254;59.270
1348;33;26;59.254;62.520
1349;26;34;62.990;83.060
1349;34;26;62.990;86.510
1350;26;34;65.710;61.860
1350;34;26;65.710;65.310
1351;26;35;68.133;60.560
1351;35;26;68.133;64.330
1352;26;35;62.355;80.750
1352;35;26;62.355;84.520
1353;26;36;60.606;79.910
1353;36;26;60.606;83.690
1354;26;37;63.534;67.230
1354;37;26;63.534;71.160
1355;26;38;49.777;72.860
1355;38;26;49.777;77.120
1356;26;38;49.273;71.900
1356;38;26;49.273;76.160
1357;26;39;22.496;14.110
1357;39;26;67.496;76.440
1358;26;39;19.340;22.010
1358;39;26;64.340;84.340
1359;26;39;28.073;14.880
1359;39;26;73.073;77.210
1360;27;28;74.078;84.570
1360;28;27;74.078;85.350
1361;27;28;79.997;77.350
1361;28;27;79.997;78.130
1362;27;28;71.076;80.010
1362;28;27;71.076;80.790
1363;27;29;49.821;68.860
1363;29;27;49.821;70.130
1364;27;30;102.129;80.480
1364;30;27;102.129;82.280
1365;27;30;110.118;68.510
1365;30;27;110.118;70.310
1366;27;30;108.861;67.700
1366;30;27;108.861;69.500
1367;27;31;87.835;77.110
1367;31;27;87.835;79.290
1368;27;31;89.103;62.980
1368;31;27;89.103;65.160
1369;27;32;61.093;59.580
1369;32;27;61.093;62.020
1370;27;32;57.595;76.180
1370;32;27;57.595;78.620
1371;27;33;56.104;73.070
1371;33;27;56.104;75.600
1372;27;33;57.057;77.120
1372;33;27;57.057;79.650
1373;27;33;57.110;79.140
1373;33;27;57.110;81.670
1374;27;34;66.734;66.860
1374;34;27;66.734;69.590
1375;27;35;49.080;73.940
1375;35;27;49.080;76.990
1376;27;35;49.930;66.340
1376;35;27;49.930;69.390
1377;27;36;62.004;60.250
1377;36;27;62.004;63.310
1378;27;36;59.521;78.960
1378;36;27;59.521;82.020
1379;27;36;58.435;74.660
1379;36;27;58.435;77.720
1380;27;37;63.760;73.870
1380;37;27;63.760;77.080
1381;27;37;59.356;78.900
1381;37;27;59.356;82.110
1382;27;38;66.465;64.370
1382;38;27;66.465;67.910
1383;27;39;24.972;9.190
1383;39;27;69.972;70.800
1384;27;39;30.664;21.100
1384;39;27;75.664;82.710
1385;27;39;21.039;13.490
1385;39;27;66.039;75.100
1386;28;29;78.698;71.390
1386;29;28;78.698;71.880
1387;28;29;74.435;84.630
1387;29;28;74.435;85.120
1388;28;30;124.353;82.340
1388;30;28;124.353;83.360
1389;28;30;125.307;67.530
1389;30;28;125.307;68.550
1390;28;31;100.244;75.810
1390;31;28;100.244;77.210
1391;28;31;113.134;63.380
1391;31;28;113.134;64.780
1392;28;31;91.754;71.860
1392;31;28;91.754;73.260
1393;28;32;81.879;72.770
1393;32;28;81.879;74.430
1394;28;32;77.471;83.010
1394;32;28;77.471;84.670
1395;28;32;73.522;68.590
1395;32;28;73.522;70.250
1396;28;33;79.629;60.030
1396;33;28;79.629;61.780
1397;28;34;94.387;69.930
1397;34;28;94.387;71.880
1398;28;34;92.842;68.200
1398;34;28;92.842;70.150
1399;28;35;77.976;59.590
1399;35;28;77.976;61.860
1400;28;35;72.477;59.400
1400;35;28;72.477;61.670
1401;28;36;73.603;61.860
1401;36;28;73.603;64.140
1402;28;36;73.240;71.920
1402;36;28;73.240;74.200
1403;28;36;75.364;77.590
1403;36;28;75.364;79.870
1404;28;37;71.038;65.950
1404;37;28;71.038;68.380
1405;28;37;66.681;73.200
1405;37;28;66.681;75.630
1406;28;37;75.218;60.190
1406;37;28;75.218;62.620
1407;28;38;84.442;63.990
1407;38;28;84.442;66.750
1408;28;38;85.053;82.490
1408;38;28;85.053;85.250
1409;28;38;88.762;63.670
1409;38;28;88.762;66.430
1410;28;39;25.336;2.420
1410;39;28;70.336;63.250
1411;28;39;23.188;2.790
1411;39;28;68.188;63.620
1412;28;39;26.099;9.790
1412;39;28;71.099;70.620
1413;29;30;100.399;82.420
1413;30;29;100.399;82.950
1414;29;31;85.916;69.920
1414;31;29;85.916;70.830
1415;29;31;85.649;83.520
1415;31;29;85.649;84.430
1416;29;31;87.214;64.260
1416;31;29;87.214;65.170
1417;29;32;59.003;81.590
1417;32;29;59.003;82.760
1418;29;32;57.475;83.190
1418;32;29;57.475;84.360
1419;29;33;53.916;68.090
1419;33;29;53.916;69.350
1420;29;33;53.564;71.710
1420;33;29;53.564;72.970
1421;29;34;62.000;78.520
1421;34;29;62.000;79.980
1422;29;34;65.128;74.800
1422;34;29;65.128;76.260
1423;29;35;45.742;61.430
1423;35;29;45.742;63.210
1424;29;36;62.738;62.900
1424;36;29;62.738;64.690
1425;29;37;65.207;75.370
1425;37;29;65.207;77.310
1426;29;37;64.200;80.820
1426;37;29;64.200;82.760
1427;29;38;64.555;82.790
1427;38;29;64.555;85.060
1428;29;39;26.770;11.360
1428;39;29;71.770;71.700
1429;29;39;24.746;8.120
1429;39;29;69.746;68.460
1430;29;39;25.010;15.980
1430;39;29;70.010;76.320
1431;30;31;135.886;77.140
1431;31;30;135.886;77.520
1432;30;31;131.938;59.690
1432;31;30;131.938;60.070
1433;30;31;134.306;69.880
1433;31;30;134.306;70.260
1434;30;32;112.256;77.420
1434;32;30;112.256;78.060
1435;30;33;108.095;82.480
1435;33;30;108.095;83.210
1436;30;34;101.111;79.220
1436;34;30;101.111;80.150
1437;30;34;109.744;73.380
1437;34;30;109.744;74.310
1438;30;35;100.671;74.330
1438;35;30;100.671;75.580
1439;30;36;118.127;64.470
1439;36;30;118.127;65.730
1440;30;37;120.540;78.040
1440;37;30;120.540;79.450
1441;30;37;107.518;65.470
1441;37;30;107.518;66.880
1442;30;38;117.184;73.960
1442;38;30;117.184;75.700
1443;30;38;109.094;68.180
1443;38;30;109.094;69.920
1444;30;38;103.262;83.010
1444;38;30;103.262;84.750
1445;30;39;81.991;21.750
1445;39;30;126.991;81.560
1446;30;39;81.448;20.690
1446;39;30;126.448;80.500
1447;31;32;71.949;59.600
1447;32;31;71.949;59.860
1448;31;32;75.667;60.810
1448;32;31;75.667;61.070
1449;31;32;73.966;69.710
1449;32;31;73.966;69.970
1450;31;33;77.075;59.800
1450;33;31;77.075;60.150
1451;31;34;79.798;70.030
1451;34;31;79.798;70.580
1452;31;35;86.151;80.120
1452;35;31;86.151;80.990
1453;31;35;85.271;75.270
1453;35;31;85.271;76.140
1454;31;35;77.120;65.140
1454;35;31;77.120;66.010
1455;31;36;73.791;82.570
1455;36;31;73.791;83.450
1456;31;36;76.601;65.440
1456;36;31;76.601;66.320
1457;31;37;75.057;77.490
1457;37;31;75.057;78.520
1458;31;38;66.427;62.670
1458;38;31;66.427;64.030
1459;31;38;61.895;58.480
1459;38;31;61.895;59.840
1460;31;38;68.375;74.980
1460;38;31;68.375;76.340
1461;31;39;30.026;6.820
1461;39;31;75.026;66.250
1462;32;33;50.126;78.560
1462;33;32;50.126;78.650
1463;32;33;51.293;73.030
1463;33;32;51.293;73.120
1464;32;33;48.900;63.520
1464;33;32;48.900;63.610
1465;32;34;60.850;58.910
1465;34;32;60.850;59.200
1466;32;34;62.675;74.200
1466;34;32;62.675;74.490
1467;32;34;63.608;66.050
1467;34;32;63.608;66.340
1468;32;35;59.209;83.500
1468;35;32;59.209;84.110
1469;32;35;56.976;71.850
1469;35;32;56.976;72.460
1470;32;36;54.857;70.980
1470;36;32;54.857;71.600
1471;32;36;57.184;58.720
1471;36;32;57.184;59.340
1472;32;37;58.365;59.290
1472;37;32;58.365;60.060
1473;32;38;50.552;73.260
1473;38;32;50.552;74.360
1474;32;38;50.365;73.730
1474;38;32;50.365;74.830
1475;32;39;19.290;5.760
1475;39;32;64.290;64.930
1476;32;39;22.234;6.960
1476;39;32;67.234;66.130
1477;32;39;17.400;24.090
1477;39;32;62.400;83.260
1478;33;34;60.322;71.740
1478;34;33;60.322;71.940
1479;33;34;57.652;82.840
1479;34;33;57.652;83.040
1480;33;35;54.092;59.000
1480;35;33;54.092;59.520
1481;33;36;56.015;76.850
1481;36;33;56.015;77.380
1482;33;37;59.274;82.400
1482;37;33;59.274;83.080
1483;33;37;56.819;70.400
1483;37;33;56.819;71.080
1484;33;37;57.916;58.700
1484;37;33;57.916;59.380
1485;33;38;55.664;64.750
1485;38;33;55.664;65.760
1486;33;38;55.932;73.410
1486;38;33;55.932;74.420
1487;33;38;54.274;82.230
1487;38;33;54.274;83.240
1488;33;39;20.827;6.050
1488;39;33;65.827;65.130
1489;33;39;17.797;24.050
1489;39;33;62.797;83.130
1490;34;35;62.719;74.670
1490;35;34;62.719;74.990
1491;34;36;70.458;68.160
1491;36;34;70.458;68.490
1492;34;36;64.223;78.560
1492;36;34;64.223;78.890
1493;34;36;66.402;77.160
1493;36;34;66.402;77.490
1494;34;37;73.942;67.850
1494;37;34;73.942;68.330
1495;34;37;79.675;76.090
1495;37;34;79.675;76.570
1496;34;38;63.593;71.770
1496;38;34;63.593;72.580
1497;34;38;64.124;62.000
1497;38;34;64.124;62.810
1498;34;38;65.099;82.650
1498;38;34;65.099;83.460
1499;34;39;35.108;23.220
1499;39;34;80.108;82.100
1500;34;39;35.220;14.610
1500;39;34;80.220;73.490
1501;34;39;36.007;17.450
1501;39;34;81.007;76.330
1502;35;36;62.511;71.820
1502;36;35;62.511;71.830
1503;35;36;61.163;76.480
1503;36;35;61.163;76.490
1504;35;37;64.886;77.390
1504;37;35;64.886;77.550
1505;35;38;64.755;67.620
1505;38;35;64.755;68.110
1506;35;39;26.416;4.140
1506;39;35;71.416;62.700
1507;36;37;48.511;74.390
1507;37;36;48.511;74.540
1508;36;37;49.072;63.950
1508;37;36;49.072;64.100
1509;36;38;55.906;80.030
1509;38;36;55.906;80.510
1510;36;39;9.829;7.090
1510;39;36;54.829;65.640
1511;36;39;10.735;7.590
1511;39;36;55.735;66.140
1512;36;39;8.310;24.970
1512;39;36;53.310;83.520
1513;37;38;58.977;60.180
1513;38;37;58.977;60.510
1514;37;38;59.057;59.560
1514;38;37;59.057;59.890
1515;37;38;57.947;82.330
1515;38;37;57.947;82.660
1516;37;39;6.651;12.640
1516;39;37;51.651;71.040
1517;37;39;6.025;5.670
1517;39;37;51.025;64.070
1518;37;39;6.985;15.250
1518;39;37;51.985;73.650
1519;38;39;18.520;5.780
1519;39;38;63.520;63.850
1520;38;39;22.023;2.300
1520;39;38;67.023;60.370
1521;38;39;18.110;14.830
1521;39;38;63.110;72.900
