40
360.0
0;0;1;94.491;100.450
0;1;0;49.491;0.450
1;0;2;53.647;87.350
1;2;0;8.647;0.570
2;0;2;55.346;95.980
2;2;0;10.346;9.200
3;0;3;68.796;101.090
3;3;0;23.796;15.130
4;0;4;81.549;104.730
4;4;0;36.549;19.390
5;0;5;73.285;92.630
5;5;0;28.285;11.090
6;0;5;68.863;101.550
6;5;0;23.863;20.010
7;0;5;75.118;94.110
7;5;0;30.118;12.570
8;0;6;76.387;99.320
8;6;0;31.387;21.990
9;0;7;64.222;97.600
9;7;0;19.222;21.720
10;0;7;61.955;76.630
10;7;0;16.955;0.750
11;0;7;63.851;97.080
11;7;0;18.851;21.200
12;0;8;72.562;73.670
12;8;0;27.562;2.090
13;0;9;77.509;83.000
13;9;0;32.509;11.750
14;0;10;62.194;92.580
14;10;0;17.194;21.650
15;0;11;67.688;95.250
15;11;0;22.688;24.390
16;0;12;74.690;89.640
16;12;0;29.690;19.020
17;0;12;76.647;83.990
17;12;0;31.647;13.370
18;0;12;73.570;71.940
18;12;0;28.570;1.320
19;0;13;116.350;84.920
19;13;0;71.350;15.770
20;0;13;119.233;85.120
20;13;0;74.233;15.970
21;0;14;54.829;86.230
21;14;0;9.829;17.590
22;0;15;90.309;92.910
22;15;0;45.309;24.650
23;0;15;96.026;69.420
23;15;0;51.026;1.160
24;0;15;84.759;70.550
24;15;0;39.759;2.290
25;0;16;75.107;86.050
25;16;0;30.107;18.260
26;0;16;72.894;72.270
26;16;0;27.894;4.480
27;0;17;66.172;72.490
27;17;0;21.172;7.540
28;0;17;63.081;73.280
28;17;0;18.081;8.330
29;0;18;67.496;83.700
29;18;0;22.496;19.500
30;0;18;68.471;78.370
30;18;0;23.471;14.170
31;0;19;63.196;70.370
31;19;0;18.196;10.360
32;0;19;61.457;71.980
32;19;0;16.457;11.970
33;0;20;63.520;59.760
33;20;0;18.520;0.530
34;0;21;99.909;78.270
34;21;0;54.909;19.500
35;0;22;65.827;64.570
35;22;0;20.827;7.310
36;0;23;138.673;62.210
36;23;0;93.673;6.030
37;0;23;140.570;70.610
37;23;0;95.570;14.430
38;0;23;134.219;80.230
38;23;0;89.219;24.050
39;0;24;52.648;62.070
39;24;0;7.648;7.330
40;0;25;63.520;60.790
40;25;0;18.520;6.970
41;0;26;64.290;57.850
41;26;0;19.290;4.670
42;0;27;51.651;54.730
42;27;0;6.651;1.910
43;0;28;97.651;57.890
43;28;0;52.651;5.980
44;0;29;80.994;73.180
44;29;0;35.994;22.280
45;0;29;77.861;71.200
45;29;0;32.861;20.300
46;0;30;121.973;64.840
46;30;0;76.973;14.080
47;0;31;76.884;69.830
47;31;0;31.884;19.080
48;0;31;70.960;58.140
48;31;0;25.960;7.390
49;0;31;75.382;62.080
49;31;0;30.382;11.330
50;0;32;63.686;58.830
50;32;0;18.686;11.030
51;0;32;67.295;52.170
51;32;0;22.295;4.370
52;0;32;61.338;68.060
52;32;0;16.338;20.260
53;0;33;70.336;63.650
53;33;0;25.336;16.510
54;0;33;65.709;68.710
54;33;0;20.709;21.570
55;0;34;69.350;52.200
55;34;0;24.350;5.330
56;0;35;66.985;49.400
56;35;0;21.985;2.980
57;0;35;62.592;55.770
57;35;0;17.592;9.350
58;0;36;60.608;64.820
58;36;0;15.608;18.420
59;0;37;73.590;62.250
59;37;0;28.590;15.950
60;0;37;69.621;65.510
60;37;0;24.621;19.210
61;0;38;61.089;68.810
61;38;0;16.089;23.010
62;0;38;63.379;55.380
62;38;0;18.379;9.580
63;0;38;59.541;58.390
63;38;0;14.541;12.590
64;0;39;0.000;1.440
64;39;0;0.000;1.440
65;0;39;0.000;2.050
65;39;0;0.000;2.050
66;1;2;87.276;106.120
66;2;1;87.276;119.340
67;1;3;110.336;97.420
67;3;1;110.336;111.460
68;1;3;98.003;108.750
68;3;1;98.003;122.790
69;1;3;125.323;87.230
69;3;1;125.323;101.270
70;1;4;66.570;96.290
70;4;1;66.570;110.950
71;1;4;71.952;90.620
71;4;1;71.952;105.280
72;1;5;117.069;98.020
72;5;1;117.069;116.480
73;1;5;107.466;98.840
73;5;1;107.466;117.300
74;1;5;126.686;91.500
74;5;1;126.686;109.960
75;1;6;114.299;89.180
75;6;1;114.299;111.850
76;1;7;113.662;95.680
76;7;1;113.662;119.800
77;1;7;129.484;97.590
77;7;1;129.484;121.710
78;1;7;105.885;80.630
78;7;1;105.885;104.750
79;1;8;69.109;78.470
79;8;1;69.109;106.890
80;1;8;73.770;91.720
80;8;1;73.770;120.140
81;1;9;74.022;92.820
81;9;1;74.022;121.570
82;1;9;70.491;79.900
82;9;1;70.491;108.650
83;1;10;80.845;87.830
83;10;1;80.845;116.900
84;1;10;89.356;89.280
84;10;1;89.356;118.350
85;1;11;86.520;71.080
85;11;1;86.520;100.220
86;1;12;68.587;78.940
86;12;1;68.587;108.320
87;1;12;66.583;70.910
87;12;1;66.583;100.290
88;1;12;64.740;77.970
88;12;1;64.740;107.350
89;1;13;79.185;71.930
89;13;1;79.185;102.780
90;1;13;75.211;89.330
90;13;1;75.211;120.180
91;1;13;87.634;93.240
91;13;1;87.634;124.090
92;1;14;84.694;86.020
92;14;1;84.694;117.380
93;1;14;83.088;83.780
93;14;1;83.088;115.140
94;1;14;86.050;89.700
94;14;1;86.050;121.060
95;1;15;80.955;80.240
95;15;1;80.955;111.980
96;1;15;73.714;90.990
96;15;1;73.714;122.730
97;1;15;75.232;81.460
97;15;1;75.232;113.200
98;1;16;65.984;80.530
98;16;1;65.984;112.740
99;1;17;80.589;77.350
99;17;1;80.589;112.400
100;1;18;77.528;80.910
100;18;1;77.528;116.710
101;1;18;81.606;80.040
101;18;1;81.606;115.840
102;1;18;80.061;67.770
102;18;1;80.061;103.570
103;1;19;78.322;68.090
103;19;1;78.322;108.080
104;1;19;72.872;62.830
104;19;1;72.872;102.820
105;1;20;78.457;66.120
105;20;1;78.457;106.890
106;1;20;76.494;79.550
106;20;1;76.494;120.320
107;1;21;75.486;71.250
107;21;1;75.486;112.480
108;1;21;75.166;73.550
108;21;1;75.166;114.780
109;1;21;74.037;60.320
109;21;1;74.037;101.550
110;1;22;73.902;81.450
110;22;1;73.902;124.190
111;1;22;78.138;72.660
111;22;1;78.138;115.400
112;1;22;73.479;60.690
112;22;1;73.479;103.430
113;1;23;102.209;66.610
113;23;1;102.209;110.430
114;1;24;93.438;55.830
114;24;1;93.438;101.090
115;1;25;78.457;65.600
115;25;1;78.457;111.780
116;1;26;75.463;62.670
116;26;1;75.463;109.490
117;1;26;72.151;61.690
117;26;1;72.151;108.510
118;1;27;88.091;62.090
118;27;1;88.091;109.270
119;1;27;84.943;71.680
119;27;1;84.943;118.860
120;1;28;82.436;67.270
120;28;1;82.436;115.360
121;1;28;73.291;67.410
121;28;1;73.291;115.500
122;1;29;63.132;55.890
122;29;1;63.132;104.990
123;1;29;62.397;67.920
123;29;1;62.397;117.020
124;1;29;63.641;70.120
124;29;1;63.641;119.220
125;1;30;76.549;59.200
125;30;1;76.549;108.440
126;1;30;79.256;57.710
126;30;1;79.256;106.950
127;1;30;72.605;70.050
127;30;1;72.605;119.290
128;1;31;77.378;58.960
128;31;1;77.378;108.210
129;1;31;77.996;51.120
129;31;1;77.996;100.370
130;1;32;79.129;70.870
130;32;1;79.129;123.070
131;1;32;78.809;50.400
131;32;1;78.809;102.600
132;1;33;105.577;57.560
132;33;1;105.577;110.420
133;1;33;91.424;48.570
133;33;1;91.424;101.430
134;1;34;107.636;71.100
134;34;1;107.636;124.230
135;1;34;96.157;68.610
135;34;1;96.157;121.740
136;1;34;113.537;57.360
136;34;1;113.537;110.490
137;1;35;80.493;61.660
137;35;1;80.493;115.240
138;1;35;75.861;61.820
138;35;1;75.861;115.400
139;1;36;79.637;62.060
139;36;1;79.637;115.660
140;1;36;74.226;46.440
140;36;1;74.226;100.040
141;1;37;69.081;55.220
141;37;1;69.081;108.920
142;1;38;80.914;53.140
142;38;1;80.914;107.340
143;1;39;49.491;22.120
143;39;1;94.491;122.120
144;2;3;76.730;97.100
144;3;2;76.730;97.920
145;2;4;77.233;95.230
145;4;2;77.233;96.670
146;2;4;79.011;109.680
146;4;2;79.011;111.120
147;2;5;81.692;83.440
147;5;2;81.692;88.680
148;2;6;83.904;91.910
148;6;2;83.904;101.360
149;2;6;92.997;81.720
149;6;2;92.997;91.170
150;2;7;72.272;82.530
150;7;2;72.272;93.430
151;2;7;73.948;88.750
151;7;2;73.948;99.650
152;2;7;77.171;83.220
152;7;2;77.171;94.120
153;2;8;67.457;83.700
153;8;2;67.457;98.900
154;2;8;65.875;82.320
154;8;2;65.875;97.520
155;2;9;68.885;86.060
155;9;2;68.885;101.590
156;2;9;69.344;72.180
156;9;2;69.344;87.710
157;2;10;53.547;91.020
157;10;2;53.547;106.870
158;2;11;60.381;73.130
158;11;2;60.381;89.050
159;2;12;70.001;80.410
159;12;2;70.001;96.570
160;2;12;72.618;93.690
160;12;2;72.618;109.850
161;2;12;73.310;95.090
161;12;2;73.310;111.250
162;2;13;111.918;90.830
162;13;2;111.918;108.460
163;2;13;100.875;69.620
163;13;2;100.875;87.250
164;2;13;126.637;73.360
164;13;2;126.637;90.990
165;2;14;50.626;74.450
165;14;2;50.626;92.590
166;2;14;49.604;75.230
166;14;2;49.604;93.370
167;2;15;81.967;92.810
167;15;2;81.967;111.330
168;2;15;90.421;88.250
168;15;2;90.421;106.770
169;2;16;69.444;80.230
169;16;2;69.444;99.220
170;2;17;57.678;83.780
170;17;2;57.678;105.610
171;2;17;59.140;86.130
171;17;2;59.140;107.960
172;2;18;58.852;68.900
172;18;2;58.852;91.480
173;2;19;54.733;76.530
173;19;2;54.733;103.300
174;2;20;54.975;83.110
174;20;2;54.975;110.660
175;2;20;56.942;67.490
175;20;2;56.942;95.040
176;2;20;52.728;65.940
176;20;2;52.728;93.490
177;2;21;96.710;63.190
177;21;2;96.710;91.200
178;2;22;59.887;57.920
178;22;2;59.887;87.440
179;2;22;63.349;67.340
179;22;2;63.349;96.860
180;2;22;59.010;69.080
180;22;2;59.010;98.600
181;2;23;134.874;72.430
181;23;2;134.874;103.030
182;2;24;51.574;59.820
182;24;2;51.574;91.860
183;2;24;52.221;73.970
183;24;2;52.221;106.010
184;2;24;52.236;59.790
184;24;2;52.236;91.830
185;2;25;54.975;66.920
185;25;2;54.975;99.880
186;2;26;56.840;53.220
186;26;2;56.840;86.820
187;2;27;51.171;74.090
187;27;2;51.171;108.050
188;2;28;89.241;55.610
188;28;2;89.241;90.480
189;2;28;99.278;75.960
189;28;2;99.278;110.830
190;2;28;96.809;53.210
190;28;2;96.809;88.080
191;2;29;75.763;56.460
191;29;2;75.763;92.340
192;2;29;82.652;72.140
192;29;2;82.652;108.020
193;2;30;116.122;50.790
193;30;2;116.122;86.810
194;2;30;109.743;69.270
194;30;2;109.743;105.290
195;2;31;68.397;74.860
195;31;2;68.397;110.890
196;2;32;55.056;55.670
196;32;2;55.056;94.650
197;2;32;52.986;51.130
197;32;2;52.986;90.110
198;2;32;54.311;49.960
198;32;2;54.311;88.940
199;2;33;76.945;48.660
199;33;2;76.945;88.300
200;2;33;82.086;48.500
200;33;2;82.086;88.140
201;2;33;79.858;69.720
201;33;2;79.858;109.360
202;2;34;76.617;54.180
202;34;2;76.617;94.090
203;2;34;81.817;57.390
203;34;2;81.817;97.300
204;2;35;58.520;65.580
204;35;2;58.520;105.940
205;2;35;61.163;66.030
205;35;2;61.163;106.390
206;2;35;56.975;52.630
206;35;2;56.975;92.990
207;2;36;52.652;69.550
207;36;2;52.652;109.930
208;2;36;53.787;65.240
208;36;2;53.787;105.620
209;2;37;68.811;47.770
209;37;2;68.811;88.250
210;2;38;52.478;58.280
210;38;2;52.478;99.260
211;2;39;8.647;6.000
211;39;2;53.647;92.780
212;3;4;91.542;98.210
212;4;3;91.542;98.830
213;3;5;51.988;88.960
213;5;3;51.988;93.380
214;3;5;52.530;86.920
214;5;3;52.530;91.340
215;3;5;51.251;95.700
215;5;3;51.251;100.120
216;3;6;53.115;93.670
216;6;3;53.115;102.300
217;3;6;53.148;88.480
217;6;3;53.148;97.110
218;3;6;51.355;87.930
218;6;3;51.355;96.560
219;3;7;64.619;86.750
219;7;3;64.619;96.830
220;3;7;59.807;84.960
220;7;3;59.807;95.040
221;3;7;67.401;91.440
221;7;3;67.401;101.520
222;3;8;86.226;74.390
222;8;3;86.226;88.770
223;3;9;100.131;89.070
223;9;3;100.131;103.780
224;3;9;101.935;83.750
224;9;3;101.935;98.460
225;3;10;84.892;95.650
225;10;3;84.892;110.680
226;3;10;91.423;95.630
226;10;3;91.423;110.660
227;3;10;77.327;92.740
227;10;3;77.327;107.770
228;3;11;91.481;79.340
228;11;3;91.481;94.440
229;3;11;89.409;82.350
229;11;3;89.409;97.450
230;3;11;96.712;88.770
230;11;3;96.712;103.870
231;3;12;86.989;91.770
231;12;3;86.989;107.110
232;3;12;83.031;72.550
232;12;3;83.031;87.890
233;3;13;122.761;69.510
233;13;3;122.761;86.320
234;3;14;74.708;91.320
234;14;3;74.708;108.640
235;3;15;113.670;84.440
235;15;3;113.670;102.140
236;3;16;89.354;80.320
236;16;3;89.354;98.490
237;3;16;94.784;74.970
237;16;3;94.784;93.140
238;3;17;89.356;82.070
238;17;3;89.356;103.080
239;3;17;90.139;73.500
239;17;3;90.139;94.510
240;3;18;90.080;83.480
240;18;3;90.080;105.240
241;3;18;79.688;83.030
241;18;3;79.688;104.790
242;3;18;97.631;77.310
242;18;3;97.631;99.070
243;3;19;84.989;76.220
243;19;3;84.989;102.170
244;3;20;85.525;69.860
244;20;3;85.525;96.590
245;3;20;81.472;62.810
245;20;3;81.472;89.540
246;3;21;104.345;78.970
246;21;3;104.345;106.160
247;3;21;91.026;59.260
247;21;3;91.026;86.450
248;3;21;118.766;64.480
248;21;3;118.766;91.670
249;3;22;82.779;82.170
249;22;3;82.779;110.870
250;3;22;74.859;63.930
250;22;3;74.859;92.630
251;3;23;142.123;61.940
251;23;3;142.123;91.720
252;3;23;152.804;68.880
252;23;3;152.804;98.660
253;3;24;76.099;79.370
253;24;3;76.099;110.590
254;3;24;81.196;75.880
254;24;3;81.196;107.100
255;3;25;85.525;74.510
255;25;3;85.525;106.650
256;3;25;85.175;61.330
256;25;3;85.175;93.470
257;3;26;84.024;73.330
257;26;3;84.024;106.110
258;3;27;71.558;77.120
258;27;3;71.558;110.260
259;3;27;65.009;57.190
259;27;3;65.009;90.330
260;3;28;120.887;53.690
260;28;3;120.887;87.740
261;3;28;117.321;60.160
261;28;3;117.321;94.210
262;3;28;117.846;70.260
262;28;3;117.846;104.310
263;3;29;93.206;60.510
263;29;3;93.206;95.570
264;3;29;102.854;63.180
264;29;3;102.854;98.240
265;3;30;132.213;54.830
265;30;3;132.213;90.030
266;3;30;114.378;67.720
266;30;3;114.378;102.920
267;3;31;100.020;58.650
267;31;3;100.020;93.860
268;3;31;111.001;54.460
268;31;3;111.001;89.670
269;3;31;101.499;52.800
269;31;3;101.499;88.010
270;3;32;86.065;53.630
270;32;3;86.065;91.790
271;3;32;87.117;65.900
271;32;3;87.117;104.060
272;3;32;80.603;55.300
272;32;3;80.603;93.460
273;3;33;53.171;53.290
273;33;3;53.171;92.110
274;3;34;49.525;70.100
274;34;3;49.525;109.190
275;3;34;49.104;61.700
275;34;3;49.104;100.790
276;3;34;50.602;50.890
276;34;3;50.602;89.980
277;3;35;90.212;54.370
277;35;3;90.212;93.910
278;3;35;99.825;70.810
278;35;3;99.825;110.350
279;3;36;81.786;64.300
279;36;3;81.786;103.860
280;3;36;76.180;59.010
280;36;3;76.180;98.570
281;3;37;86.344;70.370
281;37;3;86.344;110.030
282;3;37;90.415;56.470
282;37;3;90.415;96.130
283;3;38;83.506;66.170
283;38;3;83.506;106.330
284;3;38;77.158;65.630
284;38;3;77.158;105.790
285;3;39;23.796;2.730
285;39;3;68.796;88.690
286;3;39;25.076;22.210
286;39;3;70.076;108.170
287;3;39;27.255;20.350
287;39;3;72.255;106.310
288;4;5;98.504;99.380
288;5;4;98.504;103.180
289;4;5;109.079;87.400
289;5;4;109.079;91.200
290;4;5;100.780;95.550
290;5;4;100.780;99.350
291;4;6;94.291;92.180
291;6;4;94.291;100.190
292;4;6;93.072;78.700
292;6;4;93.072;86.710
293;4;6;103.695;98.760
293;6;4;103.695;106.770
294;4;7;99.245;90.600
294;7;4;99.245;100.060
295;4;7;93.027;82.070
295;7;4;93.027;91.530
296;4;7;98.198;88.070
296;7;4;98.198;97.530
297;4;8;54.975;73.170
297;8;4;54.975;86.930
298;4;8;56.734;77.570
298;8;4;56.734;91.330
299;4;8;53.739;81.730
299;8;4;53.739;95.490
300;4;9;78.419;77.810
300;9;4;78.419;91.900
301;4;9;86.490;78.630
301;9;4;86.490;92.720
302;4;10;74.973;80.070
302;10;4;74.973;94.480
303;4;11;84.488;80.270
303;11;4;84.488;94.750
304;4;12;52.264;87.480
304;12;4;52.264;102.200
305;4;12;53.116;71.290
305;12;4;53.116;86.010
306;4;12;52.393;85.470
306;12;4;52.393;100.190
307;4;13;79.854;77.320
307;13;4;79.854;93.510
308;4;13;81.241;77.320
308;13;4;81.241;93.510
309;4;13;78.416;82.490
309;13;4;78.416;98.680
310;4;14;72.463;78.260
310;14;4;72.463;94.960
311;4;15;91.181;90.660
311;15;4;91.181;107.740
312;4;15;84.512;73.520
312;15;4;84.512;90.600
313;4;15;99.092;79.360
313;15;4;99.092;96.440
314;4;16;54.238;81.160
314;16;4;54.238;98.710
315;4;16;54.154;73.410
315;16;4;54.154;90.960
316;4;17;77.631;68.930
316;17;4;77.631;89.320
317;4;17;73.965;69.990
317;17;4;73.965;90.380
318;4;17;78.333;68.650
318;17;4;78.333;89.040
319;4;18;74.967;73.970
319;18;4;74.967;95.110
320;4;19;72.071;71.340
320;19;4;72.071;96.670
321;4;19;78.241;77.530
321;19;4;78.241;102.860
322;4;19;67.691;62.720
322;19;4;67.691;88.050
323;4;20;72.657;83.910
323;20;4;72.657;110.020
324;4;20;70.354;66.290
324;20;4;70.354;92.400
325;4;20;66.042;67.940
325;20;4;66.042;94.050
326;4;21;64.964;60.940
326;21;4;64.964;87.510
327;4;21;69.435;75.200
327;21;4;69.435;101.770
328;4;22;62.667;71.890
328;22;4;62.667;99.970
329;4;22;62.648;64.030
329;22;4;62.648;92.110
330;4;22;60.684;62.950
330;22;4;60.684;91.030
331;4;23;102.641;68.930
331;23;4;102.641;98.090
332;4;23;109.473;68.660
332;23;4;109.473;97.820
333;4;23;114.765;62.840
333;23;4;114.765;92.000
334;4;24;83.752;71.450
334;24;4;83.752;102.050
335;4;24;92.844;61.830
335;24;4;92.844;92.430
336;4;24;79.309;77.890
336;24;4;79.309;108.490
337;4;25;72.657;70.340
337;25;4;72.657;101.860
338;4;25;77.868;65.270
338;25;4;77.868;96.790
339;4;26;67.291;63.570
339;26;4;67.291;95.730
340;4;26;69.145;55.370
340;26;4;69.145;87.530
341;4;26;61.809;57.620
341;26;4;61.809;89.780
342;4;27;74.991;69.860
342;27;4;74.991;102.380
343;4;27;80.888;57.980
343;27;4;80.888;90.500
344;4;28;95.588;64.390
344;28;4;95.588;97.820
345;4;28;95.367;66.880
345;28;4;95.367;100.310
346;4;28;107.189;71.240
346;28;4;107.189;104.670
347;4;29;49.410;74.760
347;29;4;49.410;109.200
348;4;29;49.424;70.150
348;29;4;49.424;104.590
349;4;29;48.785;51.960
349;29;4;48.785;86.400
350;4;30;86.270;56.280
350;30;4;86.270;90.860
351;4;31;81.182;60.080
351;31;4;81.182;94.670
352;4;31;86.367;54.360
352;31;4;86.367;88.950
353;4;32;73.847;54.330
353;32;4;73.847;91.870
354;4;33;85.666;56.500
354;33;4;85.666;94.700
355;4;33;79.977;70.470
355;33;4;79.977;108.670
356;4;33;76.532;68.260
356;33;4;76.532;106.460
357;4;34;88.215;69.950
357;34;4;88.215;108.420
358;4;34;78.175;46.920
358;34;4;78.175;85.390
359;4;34;96.288;49.170
359;34;4;96.288;87.640
360;4;35;78.071;58.880
360;35;4;78.071;97.800
361;4;36;71.148;50.800
361;36;4;71.148;89.740
362;4;36;65.425;54.200
362;36;4;65.425;93.140
363;4;36;64.960;48.640
363;36;4;64.960;87.580
364;4;37;53.465;50.410
364;37;4;53.465;89.450
365;4;38;74.083;66.240
365;38;4;74.083;105.780
366;4;38;70.243;58.140
366;38;4;70.243;97.680
367;4;39;36.549;12.660
367;39;4;81.549;98.000
368;5;6;54.760;85.140
368;6;5;54.760;89.350
369;5;6;54.818;97.560
369;6;5;54.818;101.770
370;5;6;56.573;86.480
370;6;5;56.573;90.690
371;5;7;63.721;84.760
371;7;5;63.721;90.420
372;5;8;92.972;86.440
372;8;5;92.972;96.400
373;5;8;87.975;87.020
373;8;5;87.975;96.980
374;5;8;88.650;83.540
374;8;5;88.650;93.500
375;5;9;105.469;79.050
375;9;5;105.469;89.340
376;5;10;90.108;95.140
376;10;5;90.108;105.750
377;5;10;100.540;89.610
377;10;5;100.540;100.220
378;5;10;88.706;91.500
378;10;5;88.706;102.110
379;5;11;95.763;79.980
379;11;5;95.763;90.660
380;5;11;94.776;82.510
380;11;5;94.776;93.190
381;5;11;105.470;89.680
381;11;5;105.470;100.360
382;5;12;93.832;73.190
382;12;5;93.832;84.110
383;5;13;129.661;90.980
383;13;5;129.661;103.370
384;5;13;127.558;82.140
384;13;5;127.558;94.530
385;5;14;80.398;85.610
385;14;5;80.398;98.510
386;5;15;118.587;79.290
386;15;5;118.587;92.570
387;5;16;96.088;78.230
387;16;5;96.088;91.980
388;5;17;94.364;80.710
388;17;5;94.364;97.300
389;5;18;95.384;83.350
389;18;5;95.384;100.690
390;5;18;93.125;79.740
390;18;5;93.125;97.080
391;5;19;90.512;64.120
391;19;5;90.512;85.650
392;5;19;95.751;63.690
392;19;5;95.751;85.220
393;5;20;90.992;74.400
393;20;5;90.992;96.710
394;5;20;88.281;78.550
394;20;5;88.281;100.860
395;5;20;100.079;72.640
395;20;5;100.079;94.950
396;5;21;111.208;67.660
396;21;5;111.208;90.430
397;5;21;112.872;80.880
397;21;5;112.872;103.650
398;5;21;103.312;70.160
398;21;5;103.312;92.930
399;5;22;89.149;70.740
399;22;5;89.149;95.020
400;5;22;80.775;57.340
400;22;5;80.775;81.620
401;5;23;148.777;63.940
401;23;5;148.777;89.300
402;5;23;131.928;69.890
402;23;5;131.928;95.250
403;5;24;80.025;61.440
403;24;5;80.025;88.240
404;5;24;75.415;58.560
404;24;5;75.415;85.360
405;5;24;71.727;68.890
405;24;5;71.727;95.690
406;5;25;90.992;78.540
406;25;5;90.992;106.260
407;5;25;83.294;69.740
407;25;5;83.294;97.460
408;5;25;100.982;70.650
408;25;5;100.982;98.370
409;5;26;89.999;53.420
409;26;5;89.999;81.780
410;5;26;91.014;65.730
410;26;5;91.014;94.090
411;5;27;77.067;66.570
411;27;5;77.067;95.290
412;5;27;77.994;61.810
412;27;5;77.994;90.530
413;5;27;69.161;56.680
413;27;5;69.161;85.400
414;5;28;125.908;52.870
414;28;5;125.908;82.500
415;5;28;133.772;64.990
415;28;5;133.772;94.620
416;5;29;100.097;68.130
416;29;5;100.097;98.770
417;5;29;87.485;72.210
417;29;5;87.485;102.850
418;5;29;107.535;52.240
418;29;5;107.535;82.880
419;5;30;139.200;71.420
419;30;5;139.200;102.200
420;5;30;157.495;67.760
420;30;5;157.495;98.540
421;5;30;139.195;63.180
421;30;5;139.195;93.960
422;5;31;105.087;58.050
422;31;5;105.087;88.840
423;5;31;114.964;59.570
423;31;5;114.964;90.360
424;5;32;91.414;57.120
424;32;5;91.414;90.860
425;5;33;59.458;56.580
425;33;5;59.458;90.980
426;5;33;56.125;57.080
426;33;5;56.125;91.480
427;5;34;55.992;69.270
427;34;5;55.992;103.940
428;5;34;57.759;65.330
428;34;5;57.759;100.000
429;5;34;57.222;48.910
429;34;5;57.222;83.580
430;5;35;95.197;52.530
430;35;5;95.197;87.650
431;5;35;86.728;47.810
431;35;5;86.728;82.930
432;5;36;87.419;51.120
432;36;5;87.419;86.260
433;5;37;93.153;60.130
433;37;5;93.153;95.370
434;5;38;88.814;59.900
434;38;5;88.814;95.640
435;5;39;28.285;5.370
435;39;5;73.285;86.910
436;6;7;72.076;79.300
436;7;6;72.076;80.750
437;6;8;90.399;93.810
437;8;6;90.399;99.560
438;6;8;97.583;80.420
438;8;6;97.583;86.170
439;6;9;106.754;76.930
439;9;6;106.754;83.010
440;6;9;113.823;75.130
440;9;6;113.823;81.210
441;6;9;97.290;94.380
441;9;6;97.290;100.460
442;6;10;91.758;79.460
442;10;6;91.758;85.860
443;6;10;81.704;82.870
443;10;6;81.704;89.270
444;6;10;98.597;74.140
444;10;6;98.597;80.540
445;6;11;98.965;74.630
445;11;6;98.965;81.100
446;6;11;102.388;87.250
446;11;6;102.388;93.720
447;6;11;105.484;79.600
447;11;6;105.484;86.070
448;6;12;90.714;89.080
448;12;6;90.714;95.790
449;6;12;88.199;74.240
449;12;6;88.199;80.950
450;6;12;95.765;78.670
450;12;6;95.765;85.380
451;6;13;123.233;83.600
451;13;6;123.233;91.780
452;6;14;81.232;89.250
452;14;6;81.232;97.940
453;6;14;86.022;73.580
453;14;6;86.022;82.270
454;6;15;120.617;84.390
454;15;6;120.617;93.460
455;6;16;93.521;67.930
455;16;6;93.521;77.470
456;6;16;91.810;80.190
456;16;6;91.810;89.730
457;6;17;96.362;79.500
457;17;6;96.362;91.880
458;6;17;100.174;86.130
458;17;6;100.174;98.510
459;6;18;96.814;85.030
459;18;6;96.814;98.160
460;6;19;91.546;74.710
460;19;6;91.546;92.030
461;6;20;92.138;61.250
461;20;6;92.138;79.350
462;6;21;104.672;61.940
462;21;6;104.672;80.500
463;6;21;101.512;71.860
463;21;6;101.512;90.420
464;6;22;88.076;77.420
464;22;6;88.076;97.490
465;6;22;90.247;70.180
465;22;6;90.247;90.250
466;6;23;141.250;58.060
466;23;6;141.250;79.210
467;6;24;83.857;61.740
467;24;6;83.857;84.330
468;6;24;84.235;76.090
468;24;6;84.235;98.680
469;6;25;92.138;77.960
469;25;6;92.138;101.470
470;6;25;84.978;67.930
470;25;6;84.978;91.440
471;6;26;90.011;74.740
471;26;6;90.011;98.890
472;6;26;94.412;69.330
472;26;6;94.412;93.480
473;6;27;78.346;74.850
473;27;6;78.346;99.360
474;6;27;80.187;55.770
474;27;6;80.187;80.280
475;6;28;127.719;72.250
475;28;6;127.719;97.670
476;6;28;111.673;61.900
476;28;6;111.673;87.320
477;6;29;96.562;68.650
477;29;6;96.562;95.080
478;6;29;108.430;52.280
478;29;6;108.430;78.710
479;6;30;133.825;51.260
479;30;6;133.825;77.830
480;6;30;143.441;65.090
480;30;6;143.441;91.660
481;6;30;143.115;70.150
481;30;6;143.115;96.720
482;6;31;106.902;55.870
482;31;6;106.902;82.450
483;6;31;103.983;62.430
483;31;6;103.983;89.010
484;6;31;99.616;51.980
484;31;6;99.616;78.560
485;6;32;92.793;54.060
485;32;6;92.793;83.590
486;6;32;84.621;51.460
486;32;6;84.621;80.990
487;6;32;101.765;60.920
487;32;6;101.765;90.450
488;6;33;53.722;69.040
488;33;6;53.722;99.230
489;6;34;52.390;59.880
489;34;6;52.390;90.340
490;6;35;97.231;64.180
490;35;6;97.231;95.090
491;6;35;88.919;57.980
491;35;6;88.919;88.890
492;6;36;88.259;52.370
492;36;6;88.259;83.300
493;6;36;97.986;54.810
493;36;6;97.986;85.740
494;6;36;79.194;64.870
494;36;6;79.194;95.800
495;6;37;90.243;64.080
495;37;6;90.243;95.110
496;6;37;87.008;67.320
496;37;6;87.008;98.350
497;6;37;93.180;63.690
497;37;6;93.180;94.720
498;6;38;90.302;65.790
498;38;6;90.302;97.320
499;6;38;89.776;66.770
499;38;6;89.776;98.300
500;6;39;31.387;24.520
500;39;6;76.387;101.850
501;6;39;34.869;9.780
501;39;6;79.869;87.110
502;6;39;37.746;14.530
502;39;6;82.746;91.860
503;7;8;91.063;73.550
503;8;7;91.063;77.850
504;7;9;95.168;87.230
504;9;7;95.168;91.860
505;7;9;89.751;85.590
505;9;7;89.751;90.220
506;7;10;80.483;73.010
506;10;7;80.483;77.960
507;7;10;86.968;84.240
507;10;7;86.968;89.190
508;7;11;82.763;85.880
508;11;7;82.763;90.900
509;7;11;85.433;81.570
509;11;7;85.433;86.590
510;7;12;92.882;80.800
510;12;7;92.882;86.060
511;7;12;95.118;74.300
511;12;7;95.118;79.560
512;7;12;94.609;84.590
512;12;7;94.609;89.850
513;7;13;133.461;80.950
513;13;7;133.461;87.680
514;7;13;123.150;69.800
514;13;7;123.150;76.530
515;7;14;73.971;89.250
515;14;7;73.971;96.490
516;7;15;106.384;73.700
516;15;7;106.384;81.320
517;7;16;93.824;90.950
517;16;7;93.824;99.040
518;7;17;83.631;81.290
518;17;7;83.631;92.220
519;7;18;85.599;77.160
519;18;7;85.599;88.840
520;7;19;82.002;82.040
520;19;7;82.002;97.910
521;7;19;88.754;70.010
521;19;7;88.754;85.880
522;7;20;82.210;77.460
522;20;7;82.210;94.110
523;7;20;78.061;60.400
523;20;7;78.061;77.050
524;7;21;115.996;81.880
524;21;7;115.996;98.990
525;7;21;106.531;71.330
525;21;7;106.531;88.440
526;7;22;84.848;61.640
526;22;7;84.848;80.260
527;7;22;88.880;73.930
527;22;7;88.880;92.550
528;7;22;90.931;75.680
528;22;7;90.931;94.300
529;7;23;154.833;77.340
529;23;7;154.833;97.040
530;7;24;67.692;60.840
530;24;7;67.692;81.980
531;7;24;63.465;54.750
531;24;7;63.465;75.890
532;7;24;65.112;73.560
532;24;7;65.112;94.700
533;7;25;82.210;70.940
533;25;7;82.210;93.000
534;7;25;73.657;76.980
534;25;7;73.657;99.040
535;7;25;79.332;68.410
535;25;7;79.332;90.470
536;7;26;83.502;59.160
536;26;7;83.502;81.860
537;7;26;84.506;75.140
537;26;7;84.506;97.840
538;7;27;70.585;65.470
538;27;7;70.585;88.530
539;7;27;76.433;74.350
539;27;7;76.433;97.410
540;7;27;72.741;61.180
540;27;7;72.741;84.240
541;7;28;113.826;54.700
541;28;7;113.826;78.670
542;7;28;108.301;52.370
542;28;7;108.301;76.340
543;7;29;99.347;70.380
543;29;7;99.347;95.360
544;7;30;140.326;60.090
544;30;7;140.326;85.210
545;7;31;93.874;73.190
545;31;7;93.874;98.320
546;7;32;82.142;53.840
546;32;7;82.142;81.920
547;7;32;81.234;66.000
547;32;7;81.234;94.080
548;7;32;74.263;68.330
548;32;7;74.263;96.410
549;7;33;71.588;65.980
549;33;7;71.588;94.720
550;7;33;76.177;63.780
550;33;7;76.177;92.520
551;7;34;68.396;66.490
551;34;7;68.396;95.500
552;7;34;69.670;50.320
552;34;7;69.670;79.330
553;7;35;84.322;71.210
553;35;7;84.322;100.670
554;7;36;79.699;58.180
554;36;7;79.699;87.660
555;7;36;82.780;57.580
555;36;7;82.780;87.060
556;7;37;91.875;67.550
556;37;7;91.875;97.130
557;7;38;79.657;56.070
557;38;7;79.657;86.150
558;7;39;19.222;15.050
558;39;7;64.222;90.930
559;8;9;70.644;71.850
559;9;8;70.644;72.180
560;8;10;65.072;80.850
560;10;8;65.072;81.500
561;8;10;64.496;89.640
561;10;8;64.496;90.290
562;8;10;68.886;71.570
562;10;8;68.886;72.220
563;8;11;74.821;72.910
563;11;8;74.821;73.630
564;8;12;47.805;77.610
564;12;8;47.805;78.570
565;8;12;48.376;84.030
565;12;8;48.376;84.990
566;8;12;47.608;73.200
566;12;8;47.608;74.160
567;8;13;89.461;89.160
567;13;8;89.461;91.590
568;8;14;63.034;83.180
568;14;8;63.034;86.120
569;8;14;65.797;89.570
569;14;8;65.797;92.510
570;8;15;84.493;85.430
570;15;8;84.493;88.750
571;8;15;91.504;70.470
571;15;8;91.504;73.790
572;8;16;48.134;74.180
572;16;8;48.134;77.970
573;8;16;47.802;89.020
573;16;8;47.802;92.810
574;8;17;68.020;77.770
574;17;8;68.020;84.400
575;8;18;65.552;88.570
575;18;8;65.552;95.950
576;8;19;62.198;61.960
576;19;8;62.198;73.530
577;8;19;66.202;60.030
577;19;8;66.202;71.600
578;8;20;62.815;61.000
578;20;8;62.815;73.350
579;8;20;64.625;73.550
579;20;8;64.625;85.900
580;8;20;65.391;75.900
580;20;8;65.391;88.250
581;8;21;74.895;77.960
581;21;8;74.895;90.770
582;8;21;75.335;75.580
582;21;8;75.335;88.390
583;8;22;52.708;76.120
583;22;8;52.708;90.440
584;8;23;112.493;69.120
584;23;8;112.493;84.520
585;8;23;100.082;67.440
585;23;8;100.082;82.840
586;8;23;119.876;81.030
586;23;8;119.876;96.430
587;8;24;74.019;56.410
587;24;8;74.019;73.250
588;8;25;62.815;67.300
588;25;8;62.815;85.060
589;8;26;57.365;66.590
589;26;8;57.365;84.990
590;8;27;65.912;64.270
590;27;8;65.912;83.030
591;8;27;67.333;75.430
591;27;8;67.333;94.190
592;8;28;89.869;71.540
592;28;8;89.869;91.210
593;8;28;86.281;53.660
593;28;8;86.281;73.330
594;8;29;53.447;51.840
594;29;8;53.447;72.520
595;8;30;94.420;71.790
595;30;8;94.420;92.610
596;8;31;72.982;67.620
596;31;8;72.982;88.450
597;8;31;67.616;52.650
597;31;8;67.616;73.480
598;8;32;64.032;55.280
598;32;8;64.032;79.060
599;8;32;62.845;62.370
599;32;8;62.845;86.150
600;8;32;67.415;69.670
600;32;8;67.415;93.450
601;8;33;81.695;65.490
601;33;8;81.695;89.930
602;8;34;83.592;71.550
602;34;8;83.592;96.260
603;8;35;68.534;59.960
603;35;8;68.534;85.120
604;8;36;61.173;63.070
604;36;8;61.173;88.250
605;8;36;62.874;47.230
605;36;8;62.874;72.410
606;8;37;46.678;61.080
606;37;8;46.678;86.360
607;8;38;64.131;53.650
607;38;8;64.131;79.430
608;8;39;27.562;17.570
608;39;8;72.562;89.150
609;8;39;29.385;0.960
609;39;8;74.385;72.540
610;8;39;26.817;0.560
610;39;8;71.817;72.140
611;9;10;60.372;90.680
611;10;9;60.372;91.000
612;9;10;61.297;88.330
612;10;9;61.297;88.650
613;9;11;59.400;92.860
613;11;9;59.400;93.250
614;9;11;56.770;90.060
614;11;9;56.770;90.450
615;9;11;59.572;93.570
615;11;9;59.572;93.960
616;9;12;73.044;95.050
616;12;9;73.044;95.680
617;9;12;66.266;80.890
617;12;9;66.266;81.520
618;9;12;79.114;92.580
618;12;9;79.114;93.210
619;9;13;106.687;74.890
619;13;9;106.687;76.990
620;9;14;70.526;75.550
620;14;9;70.526;78.160
621;9;14;67.405;72.150
621;14;9;67.405;74.760
622;9;14;74.055;91.780
622;14;9;74.055;94.390
623;9;15;59.501;85.070
623;15;9;59.501;88.060
624;9;15;62.221;92.170
624;15;9;62.221;95.160
625;9;16;69.601;75.840
625;16;9;69.601;79.300
626;9;17;56.546;67.170
626;17;9;56.546;73.470
627;9;17;56.186;68.300
627;17;9;56.186;74.600
628;9;17;54.891;84.200
628;17;9;54.891;90.500
629;9;18;55.085;86.290
629;18;9;55.085;93.340
630;9;18;55.599;80.660
630;18;9;55.599;87.710
631;9;18;57.445;64.440
631;18;9;57.445;71.490
632;9;19;60.208;73.690
632;19;9;60.208;84.930
633;9;20;59.627;81.970
633;20;9;59.627;93.990
634;9;21;97.053;59.410
634;21;9;97.053;71.890
635;9;21;101.426;72.940
635;21;9;101.426;85.420
636;9;21;107.979;81.580
636;21;9;107.979;94.060
637;9;22;66.551;74.710
637;22;9;66.551;88.700
638;9;23;130.235;68.590
638;23;9;130.235;83.660
639;9;23;146.770;68.160
639;23;9;146.770;83.230
640;9;24;72.476;67.270
640;24;9;72.476;83.780
641;9;24;66.838;78.120
641;24;9;66.838;94.630
642;9;24;77.941;76.220
642;24;9;77.941;92.730
643;9;25;59.627;60.850
643;25;9;59.627;78.280
644;9;25;59.304;64.190
644;25;9;59.304;81.620
645;9;25;60.013;70.970
645;25;9;60.013;88.400
646;9;26;62.568;74.640
646;26;9;62.568;92.710
647;9;26;59.678;59.340
647;26;9;59.678;77.410
648;9;27;73.573;65.490
648;27;9;73.573;83.920
649;9;27;80.031;75.800
649;27;9;80.031;94.230
650;9;28;66.106;60.760
650;28;9;66.106;80.100
651;9;28;60.851;64.950
651;28;9;60.851;84.290
652;9;28;62.913;64.160
652;28;9;62.913;83.500
653;9;29;74.451;66.390
653;29;9;74.451;86.740
654;9;30;105.565;74.590
654;30;9;105.565;95.080
655;9;31;48.361;67.950
655;31;9;48.361;88.450
656;9;31;48.347;70.490
656;31;9;48.347;90.990
657;9;32;59.075;65.270
657;32;9;59.075;88.720
658;9;32;56.908;52.720
658;32;9;56.908;76.170
659;9;33;98.966;69.190
659;33;9;98.966;93.300
660;9;33;112.157;63.560
660;33;9;112.157;87.670
661;9;34;99.364;62.670
661;34;9;99.364;87.050
662;9;34;111.262;60.370
662;34;9;111.262;84.750
663;9;34;91.305;53.690
663;34;9;91.305;78.070
664;9;35;55.847;54.370
664;35;9;55.847;79.200
665;9;36;63.504;64.950
665;36;9;63.504;89.800
666;9;37;72.211;64.530
666;37;9;72.211;89.480
667;9;37;65.576;47.030
667;37;9;65.576;71.980
668;9;37;66.432;47.290
668;37;9;66.432;72.240
669;9;38;61.661;66.240
669;38;9;61.661;91.690
670;9;38;59.299;56.940
670;38;9;59.299;82.390
671;9;39;32.509;16.010
671;39;9;77.509;87.260
672;9;39;27.466;5.410
672;39;9;72.466;76.660
673;10;11;55.323;83.560
673;11;10;55.323;83.630
674;10;12;67.870;73.740
674;12;10;67.870;74.050
675;10;12;73.055;92.750
675;12;10;73.055;93.060
676;10;13;108.490;74.560
676;13;10;108.490;76.340
677;10;14;55.748;68.690
677;14;10;55.748;70.980
678;10;14;56.016;73.710
678;14;10;56.016;76.000
679;10;14;53.576;72.660
679;14;10;53.576;74.950
680;10;15;73.859;85.130
680;15;10;73.859;87.800
681;10;16;66.053;91.270
681;16;10;66.053;94.410
682;10;16;64.253;91.410
682;16;10;64.253;94.550
683;10;17;49.784;73.500
683;17;10;49.784;79.480
684;10;17;48.938;79.270
684;17;10;48.938;85.250
685;10;17;50.323;80.860
685;17;10;50.323;86.840
686;10;18;50.307;81.720
686;18;10;50.307;88.450
687;10;18;51.183;69.920
687;18;10;51.183;76.650
688;10;18;50.131;85.140
688;18;10;50.131;91.870
689;10;19;47.930;68.910
689;19;10;47.930;79.830
690;10;19;48.657;71.180
690;19;10;48.657;82.100
691;10;19;47.838;82.460
691;19;10;47.838;93.380
692;10;20;47.493;72.060
692;20;10;47.493;83.760
693;10;20;47.195;69.390
693;20;10;47.195;81.090
694;10;20;47.537;73.570
694;20;10;47.537;85.270
695;10;21;94.936;62.360
695;21;10;94.936;74.520
696;10;21;90.057;62.770
696;21;10;90.057;74.930
697;10;22;57.704;79.930
697;22;10;57.704;93.600
698;10;22;54.681;80.400
698;22;10;54.681;94.070
699;10;22;56.478;73.120
699;22;10;56.478;86.790
700;10;23;131.899;72.620
700;23;10;131.899;87.370
701;10;23;152.214;68.170
701;23;10;152.214;82.920
702;10;24;58.189;71.510
702;24;10;58.189;87.700
703;10;25;47.493;66.500
703;25;10;47.493;83.610
704;10;25;47.138;69.940
704;25;10;47.138;87.050
705;10;25;47.128;61.810
705;25;10;47.128;78.920
706;10;26;52.711;60.740
706;26;10;52.711;78.490
707;10;26;52.664;75.220
707;26;10;52.664;92.970
708;10;27;58.413;56.540
708;27;10;58.413;74.650
709;10;27;60.789;73.850
709;27;10;60.789;91.960
710;10;28;81.006;62.810
710;28;10;81.006;81.830
711;10;29;72.449;59.070
711;29;10;72.449;79.100
712;10;30;111.028;55.950
712;30;10;111.028;76.120
713;10;30;108.775;69.750
713;30;10;108.775;89.920
714;10;31;60.151;59.410
714;31;10;60.151;79.590
715;10;32;46.755;54.490
715;32;10;46.755;77.620
716;10;32;46.318;71.170
716;32;10;46.318;94.300
717;10;32;46.667;66.680
717;32;10;46.667;89.810
718;10;33;84.311;62.920
718;33;10;84.311;86.710
719;10;33;89.478;61.600
719;33;10;89.478;85.390
720;10;34;84.390;61.970
720;34;10;84.390;86.030
721;10;34;88.950;62.230
721;34;10;88.950;86.290
722;10;35;50.652;48.000
722;35;10;50.652;72.510
723;10;36;49.840;46.580
723;36;10;49.840;71.110
724;10;37;66.696;67.830
724;37;10;66.696;92.460
725;10;38;46.576;55.980
725;38;10;46.576;81.110
726;10;39;17.194;7.860
726;39;10;62.194;78.790
727;10;39;18.493;23.550
727;39;10;63.493;94.480
728;11;12;77.620;91.570
728;12;11;77.620;91.810
729;11;12;70.276;83.250
729;12;11;70.276;83.490
730;11;12;75.470;83.910
730;12;11;75.470;84.150
731;11;13;116.810;80.410
731;13;11;116.810;82.120
732;11;14;64.811;89.920
732;14;11;64.811;92.140
733;11;14;68.153;81.420
733;14;11;68.153;83.640
734;11;15;68.621;81.350
734;15;11;68.621;83.950
735;11;15;66.379;75.160
735;15;11;66.379;77.760
736;11;15;67.562;86.980
736;15;11;67.562;89.580
737;11;16;75.314;73.350
737;16;11;75.314;76.420
738;11;17;51.869;72.750
738;17;11;51.869;78.660
739;11;17;51.230;85.880
739;17;11;51.230;91.790
740;11;18;54.749;76.620
740;18;11;54.749;83.280
741;11;18;56.548;76.240
741;18;11;56.548;82.900
742;11;19;57.858;62.280
742;19;11;57.858;73.130
743;11;19;57.217;73.140
743;19;11;57.217;83.990
744;11;19;54.808;84.120
744;19;11;54.808;94.970
745;11;20;57.156;82.110
745;20;11;57.156;93.740
746;11;20;55.248;80.800
746;20;11;55.248;92.430
747;11;20;54.398;71.920
747;20;11;54.398;83.550
748;11;21;104.384;66.620
748;21;11;104.384;78.710
749;11;22;67.821;70.900
749;22;11;67.821;84.500
750;11;23;140.389;67.170
750;23;11;140.389;81.850
751;11;23;151.854;66.070
751;23;11;151.854;80.750
752;11;23;120.101;78.500
752;23;11;120.101;93.180
753;11;24;60.801;78.310
753;24;11;60.801;94.430
754;11;24;58.983;74.430
754;24;11;58.983;90.550
755;11;24;64.701;71.630
755;24;11;64.701;87.750
756;11;25;57.156;54.150
756;25;11;57.156;71.190
757;11;26;62.705;55.720
757;26;11;62.705;73.400
758;11;27;66.487;68.730
758;27;11;66.487;86.770
759;11;27;68.635;63.470
759;27;11;68.635;81.510
760;11;27;69.588;55.690
760;27;11;69.588;73.730
761;11;28;76.063;71.530
761;28;11;76.063;90.480
762;11;28;82.727;63.940
762;28;11;82.727;82.890
763;11;28;69.919;71.610
763;28;11;69.919;90.560
764;11;29;81.496;57.890
764;29;11;81.496;77.850
765;11;29;86.664;73.340
765;29;11;86.664;93.300
766;11;30;117.778;50.840
766;30;11;117.778;70.940
767;11;31;57.000;69.070
767;31;11;57.000;89.180
768;11;31;59.516;56.560
768;31;11;59.516;76.670
769;11;31;57.536;69.740
769;31;11;57.536;89.850
770;11;32;55.905;62.810
770;32;11;55.905;85.870
771;11;32;54.054;66.560
771;32;11;54.054;89.620
772;11;33;92.282;49.330
772;33;11;92.282;73.050
773;11;34;91.777;53.980
773;34;11;91.777;77.970
774;11;34;97.559;53.980
774;34;11;97.559;77.970
775;11;34;87.003;67.430
775;34;11;87.003;91.420
776;11;35;51.533;65.070
776;35;11;51.533;89.510
777;11;36;60.128;62.930
777;36;11;60.128;87.390
778;11;37;76.487;58.390
778;37;11;76.487;82.950
779;11;37;84.316;52.790
779;37;11;84.316;77.350
780;11;38;56.738;61.210
780;38;11;56.738;86.270
781;11;38;55.893;55.460
781;38;11;55.893;80.520
782;11;38;56.395;46.970
782;38;11;56.395;72.030
783;11;39;22.688;19.860
783;39;11;67.688;90.720
784;12;13;86.967;73.960
784;13;12;86.967;75.430
785;12;13;94.789;74.280
785;13;12;94.789;75.750
786;12;14;65.363;68.810
786;14;12;65.363;70.790
787;12;15;86.666;84.390
787;15;12;86.666;86.750
788;12;15;95.691;82.720
788;15;12;95.691;85.080
789;12;15;94.523;86.680
789;15;12;94.523;89.040
790;12;16;48.827;74.190
790;16;12;48.827;77.020
791;12;16;48.711;79.480
791;16;12;48.711;82.310
792;12;16;48.187;87.450
792;16;12;48.187;90.280
793;12;17;70.811;87.180
793;17;12;70.811;92.850
794;12;17;64.922;66.430
794;17;12;64.922;72.100
795;12;18;68.312;86.640
795;18;12;68.312;93.060
796;12;19;65.000;82.220
796;19;12;65.000;92.830
797;12;20;65.620;79.720
797;20;12;65.620;91.110
798;12;20;66.225;69.250
798;20;12;66.225;80.640
799;12;21;72.123;79.450
799;21;12;72.123;91.300
800;12;22;55.416;81.910
800;22;12;55.416;95.270
801;12;23;109.881;80.980
801;23;12;109.881;95.420
802;12;23;111.693;79.940
802;23;12;111.693;94.380
803;12;23;97.892;59.950
803;23;12;97.892;74.390
804;12;24;76.539;71.650
804;24;12;76.539;87.530
805;12;24;71.777;65.080
805;24;12;71.777;80.960
806;12;24;73.414;70.490
806;24;12;73.414;86.370
807;12;25;65.620;77.690
807;25;12;65.620;94.490
808;12;25;69.073;65.570
808;25;12;69.073;82.370
809;12;26;60.161;58.650
809;26;12;60.161;76.090
810;12;26;59.844;73.000
810;26;12;59.844;90.440
811;12;26;61.193;75.570
811;26;12;61.193;93.010
812;12;27;68.066;67.710
812;27;12;68.066;85.510
813;12;27;72.708;61.400
813;27;12;72.708;79.200
814;12;27;73.028;72.290
814;27;12;73.028;90.090
815;12;28;91.809;71.080
815;28;12;91.809;89.790
816;12;28;89.322;65.190
816;28;12;89.322;83.900
817;12;28;80.458;62.070
817;28;12;80.458;80.780
818;12;29;51.496;72.660
818;29;12;51.496;92.380
819;12;29;50.947;64.790
819;29;12;50.947;84.510
820;12;30;92.454;72.000
820;30;12;92.454;91.860
821;12;30;103.602;70.130
821;30;12;103.602;89.990
822;12;30;93.303;62.280
822;30;12;93.303;82.140
823;12;31;75.495;71.680
823;31;12;75.495;91.550
824;12;31;82.781;72.460
824;31;12;82.781;92.330
825;12;31;69.956;58.430
825;31;12;69.956;78.300
826;12;32;66.837;71.320
826;32;12;66.837;94.140
827;12;33;81.992;54.290
827;33;12;81.992;77.770
828;12;33;80.954;69.330
828;33;12;80.954;92.810
829;12;34;84.112;53.230
829;34;12;84.112;76.980
830;12;34;91.794;61.470
830;34;12;91.794;85.220
831;12;34;83.824;49.950
831;34;12;83.824;73.700
832;12;35;71.316;61.920
832;35;12;71.316;86.120
833;12;36;63.914;67.680
833;36;12;63.914;91.900
834;12;37;46.201;60.040
834;37;12;46.201;84.360
835;12;38;66.913;63.020
835;38;12;66.913;87.840
836;12;38;65.230;49.630
836;38;12;65.230;74.450
837;12;38;71.831;47.320
837;38;12;71.831;72.140
838;12;39;29.690;15.120
838;39;12;74.690;85.740
839;12;39;25.533;8.540
839;39;12;70.533;79.160
840;12;39;22.782;10.730
840;39;12;67.782;81.350
841;13;14;107.303;83.740
841;14;13;107.303;84.250
842;13;14;121.496;91.830
842;14;13;121.496;92.340
843;13;15;115.123;70.800
843;15;13;115.123;71.690
844;13;15;123.706;89.830
844;15;13;123.706;90.720
845;13;16;87.679;86.050
845;16;13;87.679;87.410
846;13;16;84.436;78.620
846;16;13;84.436;79.980
847;13;17;110.084;72.590
847;17;13;110.084;76.790
848;13;17;109.245;73.990
848;17;13;109.245;78.190
849;13;17;115.562;69.770
849;17;13;115.562;73.970
850;13;18;107.080;70.370
850;18;13;107.080;75.320
851;13;18;113.867;79.180
851;18;13;113.867;84.130
852;13;19;105.572;79.310
852;19;13;105.572;88.450
853;13;20;106.024;68.600
853;20;13;106.024;78.520
854;13;20;117.873;67.640
854;20;13;117.873;77.560
855;13;20;99.772;69.890
855;20;13;99.772;79.810
856;13;21;63.562;73.270
856;21;13;63.562;83.650
857;13;21;66.896;81.600
857;21;13;66.896;91.980
858;13;22;97.091;75.140
858;22;13;97.091;87.030
859;13;22;94.808;75.080
859;22;13;94.808;86.970
860;13;23;68.616;59.230
860;23;13;68.616;72.200
861;13;24;118.478;60.050
861;24;13;118.478;74.460
862;13;24;109.532;62.590
862;24;13;109.532;77.000
863;13;25;106.024;68.750
863;25;13;106.024;84.080
864;13;25;116.338;64.550
864;25;13;116.338;79.880
865;13;26;101.153;62.590
865;26;13;101.153;78.560
866;13;27;109.830;72.820
866;27;13;109.830;89.150
867;13;28;116.407;67.570
867;28;13;116.407;84.810
868;13;29;81.251;67.190
868;29;13;81.251;85.440
869;13;30;60.436;56.080
869;30;13;60.436;74.470
870;13;30;59.627;69.000
870;30;13;59.627;87.390
871;13;30;64.016;55.390
871;30;13;64.016;73.780
872;13;31;109.996;73.680
872;31;13;109.996;92.080
873;13;31;122.662;58.800
873;31;13;122.662;77.200
874;13;32;107.083;66.660
874;32;13;107.083;88.010
875;13;32;115.650;50.700
875;32;13;115.650;72.050
876;13;32;99.605;69.490
876;32;13;99.605;90.840
877;13;33;115.480;54.290
877;33;13;115.480;76.300
878;13;33;98.464;50.050
878;33;13;98.464;72.060
879;13;33;121.878;49.000
879;33;13;121.878;71.010
880;13;34;118.718;65.260
880;34;13;118.718;87.540
881;13;34;100.420;49.160
881;34;13;100.420;71.440
882;13;35;110.297;68.830
882;35;13;110.297;91.560
883;13;36;105.322;46.500
883;36;13;105.322;69.250
884;13;36;99.088;56.020
884;36;13;99.088;78.770
885;13;36;105.244;64.180
885;36;13;105.244;86.930
886;13;37;88.140;47.080
886;37;13;88.140;69.930
887;13;37;84.791;46.740
887;37;13;84.791;69.590
888;13;37;86.980;54.470
888;37;13;86.980;77.320
889;13;38;107.890;48.930
889;38;13;107.890;72.280
890;13;39;71.350;3.980
890;39;13;116.350;73.130
891;14;15;84.479;82.590
891;15;14;84.479;82.970
892;14;15;92.431;92.950
892;15;14;92.431;93.330
893;14;16;65.413;68.530
893;16;14;65.413;69.380
894;14;16;67.919;82.870
894;16;14;67.919;83.720
895;14;16;60.603;74.380
895;16;14;60.603;75.230
896;14;17;60.512;80.630
896;17;14;60.512;84.320
897;14;18;60.606;65.740
897;18;14;60.606;70.180
898;14;19;55.322;63.820
898;19;14;55.322;72.450
899;14;20;55.906;75.250
899;20;14;55.906;84.660
900;14;20;57.476;63.510
900;20;14;57.476;72.920
901;14;21;91.588;67.090
901;21;14;91.588;76.960
902;14;22;56.015;57.930
902;22;14;56.015;69.310
903;14;22;54.889;69.500
903;22;14;54.889;80.880
904;14;22;54.739;79.190
904;22;14;54.739;90.570
905;14;23;130.017;76.130
905;23;14;130.017;88.590
906;14;23;144.056;62.710
906;23;14;144.056;75.170
907;14;24;56.562;58.820
907;24;14;56.562;72.720
908;14;25;55.906;78.410
908;25;14;55.906;93.230
909;14;26;54.857;74.390
909;26;14;54.857;89.850
910;14;27;48.511;71.620
910;27;14;48.511;87.440
911;14;27;47.778;60.330
911;27;14;47.778;76.150
912;14;27;48.991;56.960
912;27;14;48.991;72.780
913;14;28;91.506;66.560
913;28;14;91.506;83.290
914;14;28;100.005;65.200
914;28;14;100.005;81.930
915;14;29;71.476;75.480
915;29;14;71.476;93.220
916;14;29;69.581;74.950
916;29;14;69.581;92.690
917;14;29;65.791;67.350
917;29;14;65.791;85.090
918;14;30;112.324;71.820
918;30;14;112.324;89.700
919;14;30;123.447;66.990
919;30;14;123.447;84.870
920;14;30;115.265;59.420
920;30;14;115.265;77.300
921;14;31;70.756;52.300
921;31;14;70.756;70.190
922;14;31;76.936;50.790
922;31;14;76.936;68.680
923;14;31;68.632;59.230
923;31;14;68.632;77.120
924;14;32;56.600;68.100
924;32;14;56.600;88.940
925;14;32;54.376;50.310
925;32;14;54.376;71.150
926;14;33;73.603;60.090
926;33;14;73.603;81.590
927;14;33;73.573;70.000
927;33;14;73.573;91.500
928;14;33;69.504;65.780
928;33;14;69.504;87.280
929;14;34;73.843;59.300
929;34;14;73.843;81.070
930;14;35;61.386;70.430
930;35;14;61.386;92.650
931;14;35;65.277;67.360
931;35;14;65.277;89.580
932;14;36;52.079;47.050
932;36;14;52.079;69.290
933;14;37;64.211;68.250
933;37;14;64.211;90.590
934;14;37;65.373;56.230
934;37;14;65.373;78.570
935;14;37;66.844;60.270
935;37;14;66.844;82.610
936;14;38;54.212;46.010
936;38;14;54.212;68.850
937;14;39;9.829;15.370
937;39;14;54.829;84.010
938;14;39;9.977;15.100
938;39;14;54.977;83.740
939;15;16;82.998;88.210
939;16;15;82.998;88.680
940;15;16;73.788;91.270
940;16;15;73.788;91.740
941;15;17;69.314;73.220
941;17;15;69.314;76.530
942;15;17;71.506;86.250
942;17;15;71.506;89.560
943;15;18;68.888;69.970
943;18;15;68.888;74.030
944;15;19;74.303;60.830
944;19;15;74.303;69.080
945;15;19;75.868;64.580
945;19;15;75.868;72.830
946;15;20;73.647;63.570
946;20;15;73.647;72.600
947;15;20;78.987;67.130
947;20;15;78.987;76.160
948;15;20;79.528;62.660
948;20;15;79.528;71.690
949;15;21;108.342;63.540
949;21;15;108.342;73.030
950;15;21;118.317;73.830
950;21;15;118.317;83.320
951;15;21;117.905;68.890
951;21;15;117.905;78.380
952;15;22;81.011;66.220
952;22;15;81.011;77.220
953;15;22;80.799;71.200
953;22;15;80.799;82.200
954;15;22;89.856;74.290
954;22;15;89.856;85.290
955;15;23;138.102;80.820
955;23;15;138.102;92.900
956;15;23;126.293;72.400
956;23;15;126.293;84.480
957;15;24;84.149;73.960
957;24;15;84.149;87.480
958;15;25;73.647;73.270
958;25;15;73.647;87.710
959;15;25;72.056;72.610
959;25;15;72.056;87.050
960;15;26;77.050;64.030
960;26;15;77.050;79.110
961;15;27;87.272;56.780
961;27;15;87.272;72.220
962;15;27;80.007;53.100
962;27;15;80.007;68.540
963;15;27;83.426;59.540
963;27;15;83.426;74.980
964;15;28;52.444;76.400
964;28;15;52.444;92.750
965;15;28;52.640;64.790
965;28;15;52.640;81.140
966;15;29;86.918;63.210
966;29;15;86.918;80.570
967;15;30;111.005;51.480
967;30;15;111.005;68.980
968;15;30;103.788;68.850
968;30;15;103.788;86.350
969;15;31;58.725;58.260
969;31;15;58.725;75.770
970;15;32;72.879;64.270
970;32;15;72.879;84.730
971;15;32;78.519;53.420
971;32;15;78.519;73.880
972;15;32;71.110;65.820
972;32;15;71.110;86.280
973;15;33;113.074;67.250
973;33;15;113.074;88.370
974;15;34;113.247;55.640
974;34;15;113.247;77.030
975;15;34;116.209;60.250
975;34;15;116.209;81.640
976;15;35;68.458;46.690
976;35;15;68.458;68.530
977;15;35;72.937;70.340
977;35;15;72.937;92.180
978;15;36;77.631;54.320
978;36;15;77.631;76.180
979;15;37;85.964;58.990
979;37;15;85.964;80.950
980;15;37;82.553;63.790
980;37;15;82.553;85.750
981;15;38;75.323;68.060
981;38;15;75.323;90.520
982;15;39;45.309;1.530
982;39;15;90.309;69.790
983;15;39;55.293;24.340
983;39;15;100.293;92.600
984;16;17;68.447;76.730
984;17;16;68.447;79.570
985;16;17;70.727;68.260
985;17;16;70.727;71.100
986;16;17;63.486;69.040
986;17;16;63.486;71.880
987;16;18;65.740;74.840
987;18;16;65.740;78.430
988;16;19;63.125;78.050
988;19;16;63.125;85.830
989;16;20;63.660;81.800
989;20;16;63.660;90.360
990;16;21;74.071;64.230
990;21;16;74.071;73.250
991;16;21;74.901;81.760
991;21;16;74.901;90.780
992;16;21;73.967;74.630
992;21;16;73.967;83.650
993;16;22;54.569;78.900
993;22;16;54.569;89.430
994;16;22;54.795;74.340
994;22;16;54.795;84.870
995;16;23;110.940;69.810
995;23;16;110.940;81.420
996;16;24;76.014;69.060
996;24;16;76.014;82.110
997;16;25;63.660;69.940
997;25;16;63.660;83.910
998;16;25;61.519;62.240
998;25;16;61.519;76.210
999;16;26;58.515;63.690
999;26;16;58.515;78.300
1000;16;26;56.403;66.770
1000;26;16;56.403;81.380
1001;16;26;55.637;75.620
1001;26;16;55.637;90.230
1002;16;27;68.466;57.700
1002;27;16;68.466;72.670
1003;16;27;70.144;60.930
1003;27;16;70.144;75.900
1004;16;27;68.702;63.360
1004;27;16;68.702;78.330
1005;16;28;88.031;53.910
1005;28;16;88.031;69.790
1006;16;29;51.439;68.830
1006;29;16;51.439;85.720
1007;16;29;50.707;53.660
1007;29;16;50.707;70.550
1008;16;30;91.911;55.370
1008;30;16;91.911;72.400
1009;16;30;100.340;56.290
1009;30;16;100.340;73.320
1010;16;31;72.199;70.190
1010;31;16;72.199;87.230
1011;16;31;69.861;67.450
1011;31;16;69.861;84.490
1012;16;32;64.813;64.110
1012;32;16;64.813;84.100
1013;16;33;84.813;64.590
1013;33;16;84.813;85.240
1014;16;33;81.845;66.220
1014;33;16;81.845;86.870
1015;16;34;86.726;64.990
1015;34;16;86.726;85.910
1016;16;34;84.818;64.600
1016;34;16;84.818;85.520
1017;16;35;68.863;65.790
1017;35;16;68.863;87.160
1018;16;35;67.926;63.230
1018;35;16;67.926;84.600
1019;16;35;62.994;64.300
1019;35;16;62.994;85.670
1020;16;36;62.643;54.970
1020;36;16;62.643;76.360
1021;16;36;66.589;58.030
1021;36;16;66.589;79.420
1022;16;37;48.584;47.140
1022;37;16;48.584;68.630
1023;16;37;48.482;64.220
1023;37;16;48.482;85.710
1024;16;37;48.752;68.190
1024;37;16;48.752;89.680
1025;16;38;65.307;61.120
1025;38;16;65.307;83.110
1026;16;39;30.107;22.970
1026;39;16;75.107;90.760
1027;17;18;48.090;81.730
1027;18;17;48.090;82.480
1028;17;18;47.524;81.880
1028;18;17;47.524;82.630
1029;17;18;48.513;81.670
1029;18;17;48.513;82.420
1030;17;19;51.494;60.940
1030;19;17;51.494;65.880
1031;17;20;50.739;77.220
1031;20;17;50.739;82.940
1032;17;21;97.517;75.380
1032;21;17;97.517;81.560
1033;17;22;61.247;78.990
1033;22;17;61.247;86.680
1034;17;22;61.389;69.000
1034;22;17;61.389;76.690
1035;17;23;133.638;65.760
1035;23;17;133.638;74.530
1036;17;23;130.991;76.510
1036;23;17;130.991;85.280
1037;17;24;60.946;61.770
1037;24;17;60.946;71.980
1038;17;24;57.415;76.750
1038;24;17;57.415;86.960
1039;17;24;58.886;59.910
1039;24;17;58.886;70.120
1040;17;25;50.739;53.990
1040;25;17;50.739;65.120
1041;17;25;50.555;71.290
1041;25;17;50.555;82.420
1042;17;25;50.405;55.300
1042;25;17;50.405;66.430
1043;17;26;56.129;61.160
1043;26;17;56.129;72.930
1044;17;26;56.960;60.510
1044;26;17;56.960;72.280
1045;17;27;63.039;68.730
1045;27;17;63.039;80.860
1046;17;27;59.760;64.610
1046;27;17;59.760;76.740
1047;17;28;76.563;57.320
1047;28;17;76.563;70.360
1048;17;29;74.633;68.350
1048;29;17;74.633;82.400
1049;17;29;77.760;64.560
1049;29;17;77.760;78.610
1050;17;29;72.639;67.380
1050;29;17;72.639;81.430
1051;17;30;111.528;67.170
1051;30;17;111.528;81.360
1052;17;31;55.724;58.670
1052;31;17;55.724;72.870
1053;17;31;56.285;71.040
1053;31;17;56.285;85.240
1054;17;31;55.831;67.640
1054;31;17;55.831;81.840
1055;17;32;49.534;56.070
1055;32;17;49.534;73.220
1056;17;32;49.207;58.540
1056;32;17;49.207;75.690
1057;17;32;48.791;68.870
1057;32;17;48.791;86.020
1058;17;33;89.025;51.960
1058;33;17;89.025;69.770
1059;17;34;89.013;50.110
1059;34;17;89.013;68.190
1060;17;34;96.657;66.940
1060;34;17;96.657;85.020
1061;17;35;45.875;65.990
1061;35;17;45.875;84.520
1062;17;35;45.738;57.170
1062;35;17;45.738;75.700
1063;17;36;54.394;64.730
1063;36;17;54.394;83.280
1064;17;36;55.327;53.780
1064;36;17;55.327;72.330
1065;17;36;53.429;49.320
1065;36;17;53.429;67.870
1066;17;37;69.692;70.850
1066;37;17;69.692;89.500
1067;17;37;69.091;70.550
1067;37;17;69.091;89.200
1068;17;38;51.354;62.000
1068;38;17;51.354;81.150
1069;17;38;51.105;56.890
1069;38;17;51.105;76.040
1070;17;38;51.016;51.440
1070;38;17;51.016;70.590
1071;17;39;21.172;13.660
1071;39;17;66.172;78.610
1072;17;39;24.885;0.610
1072;39;17;69.885;65.560
1073;18;19;50.468;81.550
1073;19;18;50.468;85.740
1074;18;20;49.777;75.920
1074;20;18;49.777;80.890
1075;18;21;94.773;82.210
1075;21;18;94.773;87.640
1076;18;22;59.254;77.990
1076;22;18;59.254;84.930
1077;18;23;130.650;70.700
1077;23;18;130.650;78.720
1078;18;23;134.181;59.220
1078;23;18;134.181;67.240
1079;18;24;63.056;70.080
1079;24;18;63.056;79.540
1080;18;24;61.983;60.160
1080;24;18;61.983;69.620
1081;18;24;67.121;59.770
1081;24;18;67.121;69.230
1082;18;25;49.777;57.430
1082;25;18;49.777;67.810
1083;18;25;50.565;71.190
1083;25;18;50.565;81.570
1084;18;26;54.290;76.970
1084;26;18;54.290;87.990
1085;18;26;53.243;55.180
1085;26;18;53.243;66.200
1086;18;26;55.611;74.520
1086;26;18;55.611;85.540
1087;18;27;63.534;61.010
1087;27;18;63.534;72.390
1088;18;28;75.906;58.370
1088;28;18;75.906;70.660
1089;18;28;73.013;62.520
1089;28;18;73.013;74.810
1090;18;28;76.978;62.850
1090;28;18;76.978;75.140
1091;18;29;71.818;70.620
1091;29;18;71.818;83.920
1092;18;29;70.552;66.590
1092;29;18;70.552;79.890
1093;18;30;108.438;52.550
1093;30;18;108.438;65.990
1094;18;30;109.322;74.240
1094;30;18;109.322;87.680
1095;18;31;55.181;54.270
1095;31;18;55.181;67.720
1096;18;32;49.023;57.080
1096;32;18;49.023;73.480
1097;18;32;48.481;62.510
1097;32;18;48.481;78.910
1098;18;32;48.933;56.860
1098;32;18;48.933;73.260
1099;18;33;89.188;67.490
1099;33;18;89.188;84.550
1100;18;33;97.947;58.320
1100;33;18;97.947;75.380
1101;18;33;87.949;51.480
1101;33;18;87.949;68.540
1102;18;34;89.430;58.340
1102;34;18;89.430;75.670
1103;18;34;79.076;51.990
1103;34;18;79.076;69.320
1104;18;35;48.218;60.110
1104;35;18;48.218;77.890
1105;18;35;47.846;59.440
1105;35;18;47.846;77.220
1106;18;35;48.541;51.510
1106;35;18;48.541;69.290
1107;18;36;53.778;53.840
1107;36;18;53.778;71.640
1108;18;36;53.174;66.550
1108;36;18;53.174;84.350
1109;18;36;55.347;51.290
1109;36;18;55.347;69.090
1110;18;37;67.231;59.720
1110;37;18;67.231;77.620
1111;18;38;51.581;54.250
1111;38;18;51.581;72.650
1112;18;39;22.496;18.880
1112;39;18;67.496;83.080
1113;18;39;19.754;1.590
1113;39;18;64.754;65.790
1114;19;20;45.760;60.960
1114;20;19;45.760;61.740
1115;19;21;92.035;81.520
1115;21;19;92.035;82.760
1116;19;21;83.903;63.910
1116;21;19;83.903;65.150
1117;19;21;94.898;68.630
1117;21;19;94.898;69.870
1118;19;22;54.969;72.200
1118;22;19;54.969;74.950
1119;19;22;56.787;59.030
1119;22;19;56.787;61.780
1120;19;23;128.972;65.700
1120;23;19;128.972;69.530
1121;19;23;111.018;75.010
1121;23;19;111.018;78.840
1122;19;24;60.254;62.490
1122;24;19;60.254;67.760
1123;19;25;45.760;62.700
1123;25;19;45.760;68.890
1124;19;25;45.675;77.430
1124;25;19;45.675;83.620
1125;19;25;45.598;70.820
1125;25;19;45.598;77.010
1126;19;26;49.879;76.270
1126;26;19;49.879;83.100
1127;19;26;49.788;59.820
1127;26;19;49.788;66.650
1128;19;26;50.923;72.600
1128;26;19;50.923;79.430
1129;19;27;58.464;69.950
1129;27;19;58.464;77.140
1130;19;27;60.776;57.590
1130;27;19;60.776;64.780
1131;19;28;81.234;60.520
1131;28;19;81.234;68.620
1132;19;28;82.010;69.190
1132;28;19;82.010;77.290
1133;19;29;69.519;51.350
1133;29;19;69.519;60.460
1134;19;29;65.781;68.310
1134;29;19;65.781;77.420
1135;19;30;108.257;51.650
1135;30;19;108.257;60.900
1136;19;31;60.628;70.250
1136;31;19;60.628;79.510
1137;19;31;58.222;58.590
1137;31;19;58.222;67.850
1138;19;32;46.983;58.130
1138;32;19;46.983;70.340
1139;19;32;47.000;53.960
1139;32;19;47.000;66.170
1140;19;32;46.706;70.950
1140;32;19;46.706;83.160
1141;19;33;83.807;60.560
1141;33;19;83.807;73.430
1142;19;33;77.534;65.730
1142;33;19;77.534;78.600
1143;19;34;84.156;64.250
1143;34;19;84.156;77.390
1144;19;34;78.696;48.040
1144;34;19;78.696;61.180
1145;19;34;81.842;66.720
1145;34;19;81.842;79.860
1146;19;35;52.248;52.840
1146;35;19;52.248;66.430
1147;19;35;52.370;59.790
1147;35;19;52.370;73.380
1148;19;36;48.328;64.280
1148;36;19;48.328;77.890
1149;19;36;48.744;56.560
1149;36;19;48.744;70.170
1150;19;37;63.835;63.100
1150;37;19;63.835;76.810
1151;19;38;47.593;66.590
1151;38;19;47.593;80.800
1152;19;39;18.196;14.490
1152;39;19;63.196;74.500
1153;20;21;92.619;83.230
1153;21;20;92.619;83.690
1154;20;21;89.982;64.800
1154;21;20;89.982;65.260
1155;20;21;98.427;82.470
1155;21;20;98.427;82.930
1156;20;22;55.664;66.780
1156;22;20;55.664;68.750
1157;20;23;129.450;77.190
1157;23;20;129.450;80.240
1158;20;24;60.269;56.880
1158;24;20;60.269;61.370
1159;20;24;59.496;58.070
1159;24;20;59.496;62.560
1160;20;24;57.946;61.260
1160;24;20;57.946;65.750
1161;20;25;45.000;73.780
1161;25;20;45.000;79.190
1162;20;26;50.552;68.850
1162;26;20;50.552;74.900
1163;20;26;51.222;77.970
1163;26;20;51.222;84.020
1164;20;26;51.197;55.500
1164;26;20;51.197;61.550
1165;20;27;58.977;77.630
1165;27;20;58.977;84.040
1166;20;28;80.612;76.770
1166;28;20;80.612;84.090
1167;20;29;70.033;66.060
1167;29;20;70.033;74.390
1168;20;29;68.375;68.530
1168;29;20;68.375;76.860
1169;20;29;67.032;70.460
1169;29;20;67.032;78.790
1170;20;30;108.546;55.720
1170;30;20;108.546;64.190
1171;20;31;59.954;58.960
1171;31;20;59.954;67.440
1172;20;31;60.459;63.310
1172;31;20;60.459;71.790
1173;20;31;61.442;53.650
1173;31;20;61.442;62.130
1174;20;32;46.253;70.150
1174;32;20;46.253;81.580
1175;20;33;84.442;62.320
1175;33;20;84.442;74.410
1176;20;33;80.900;68.980
1176;33;20;80.900;81.070
1177;20;34;84.749;64.330
1177;34;20;84.749;76.690
1178;20;34;76.245;53.820
1178;34;20;76.245;66.180
1179;20;35;51.489;68.270
1179;35;20;51.489;81.080
1180;20;36;49.002;57.760
1180;36;20;49.002;70.590
1181;20;37;64.461;54.130
1181;37;20;64.461;67.060
1182;20;38;47.584;59.500
1182;38;20;47.584;72.930
1183;20;38;47.962;59.000
1183;38;20;47.962;72.430
1184;20;38;47.056;55.350
1184;38;20;47.056;68.780
1185;20;39;18.520;8.140
1185;39;20;63.520;67.370
1186;20;39;20.432;20.330
1186;39;20;65.432;79.560
1187;21;22;82.522;60.940
1187;22;21;82.522;62.450
1188;21;22;74.421;61.310
1188;22;21;74.421;62.820
1189;21;23;83.888;71.520
1189;23;21;83.888;74.110
1190;21;23;91.651;81.130
1190;23;21;91.651;83.720
1191;21;23;86.579;71.700
1191;23;21;86.579;74.290
1192;21;24;103.104;79.570
1192;24;21;103.104;83.600
1193;21;24;105.655;61.420
1193;24;21;105.655;65.450
1194;21;25;92.619;67.030
1194;25;21;92.619;71.980
1195;21;26;87.246;65.760
1195;26;21;87.246;71.350
1196;21;27;93.658;53.740
1196;27;21;93.658;59.690
1197;21;27;102.853;72.330
1197;27;21;102.853;78.280
1198;21;28;111.473;69.850
1198;28;21;111.473;76.710
1199;21;29;68.013;53.290
1199;29;21;68.013;61.160
1200;21;30;75.799;67.350
1200;30;21;75.799;75.360
1201;21;30;71.617;54.830
1201;30;21;71.617;62.840
1202;21;31;100.082;64.960
1202;31;21;100.082;72.980
1203;21;32;93.806;65.840
1203;32;21;93.806;76.810
1204;21;33;96.963;67.570
1204;33;21;96.963;79.200
1205;21;33;92.328;62.760
1205;33;21;92.328;74.390
1206;21;34;100.241;66.370
1206;34;21;100.241;78.270
1207;21;34;105.085;61.180
1207;34;21;105.085;73.080
1208;21;35;97.921;48.780
1208;35;21;97.921;61.130
1209;21;35;106.524;53.770
1209;35;21;106.524;66.120
1210;21;35;92.553;68.650
1210;35;21;92.553;81.000
1211;21;36;91.029;68.790
1211;36;21;91.029;81.160
1212;21;36;87.416;62.790
1212;36;21;87.416;75.160
1213;21;36;86.820;65.850
1213;36;21;86.820;78.220
1214;21;37;73.316;58.860
1214;37;21;73.316;71.330
1215;21;37;74.304;67.910
1215;37;21;74.304;80.380
1216;21;37;77.801;47.650
1216;37;21;77.801;60.120
1217;21;38;94.026;52.070
1217;38;21;94.026;65.040
1218;21;39;54.909;6.200
1218;39;21;99.909;64.970
1219;21;39;48.331;14.920
1219;39;21;93.331;73.690
1220;22;23;120.189;59.330
1220;23;22;120.189;60.410
1221;22;23;134.455;80.640
1221;23;22;134.455;81.720
1222;22;23;128.562;75.030
1222;23;22;128.562;76.110
1223;22;24;66.460;57.980
1223;24;22;66.460;60.500
1224;22;25;55.664;57.840
1224;25;22;55.664;61.280
1225;22;25;55.646;57.520
1225;25;22;55.646;60.960
1226;22;26;50.126;75.520
1226;26;22;50.126;79.600
1227;22;26;49.721;71.190
1227;26;22;49.721;75.270
1228;22;26;49.983;68.460
1228;26;22;49.983;72.540
1229;22;27;59.274;65.100
1229;27;22;59.274;69.540
1230;22;27;61.833;73.680
1230;27;22;61.833;78.120
1231;22;27;58.812;65.240
1231;27;22;58.812;69.680
1232;22;28;87.199;59.930
1232;28;22;87.199;65.280
1233;22;28;93.562;68.690
1233;28;22;93.562;74.040
1234;22;29;60.883;51.080
1234;29;22;60.883;57.440
1235;22;29;60.263;52.540
1235;29;22;60.263;58.900
1236;22;30;101.410;68.440
1236;30;22;101.410;74.940
1237;22;30;91.167;61.150
1237;30;22;91.167;67.650
1238;22;31;68.195;55.990
1238;31;22;68.195;62.500
1239;22;31;66.975;65.440
1239;31;22;66.975;71.950
1240;22;32;56.916;53.920
1240;32;22;56.916;63.380
1241;22;33;79.629;70.310
1241;33;22;79.629;80.430
1242;22;34;80.865;63.000
1242;34;22;80.865;73.390
1243;22;34;79.691;48.220
1243;34;22;79.691;58.610
1244;22;34;88.810;55.580
1244;34;22;88.810;65.970
1245;22;35;61.888;49.110
1245;35;22;61.888;59.950
1246;22;36;53.507;63.090
1246;36;22;53.507;73.950
1247;22;37;54.217;53.590
1247;37;22;54.217;64.550
1248;22;37;53.082;52.700
1248;37;22;53.082;63.660
1249;22;37;55.917;46.840
1249;37;22;55.917;57.800
1250;22;38;56.609;54.890
1250;38;22;56.609;66.350
1251;22;38;54.762;66.900
1251;38;22;54.762;78.360
1252;22;39;20.827;13.680
1252;39;22;65.827;70.940
1253;22;39;20.086;24.870
1253;39;22;65.086;82.130
1254;22;39;17.768;1.710
1254;39;22;62.768;58.970
1255;23;24;141.388;55.980
1255;24;23;141.388;57.420
1256;23;24;156.734;58.320
1256;24;23;156.734;59.760
1257;23;25;129.450;56.490
1257;25;23;129.450;58.850
1258;23;25;131.575;59.650
1258;25;23;131.575;62.010
1259;23;25;123.176;61.430
1259;25;23;123.176;63.790
1260;23;26;124.454;57.180
1260;26;23;124.454;60.180
1261;23;26;136.635;64.630
1261;26;23;136.635;67.630
1262;23;26;111.223;64.640
1262;26;23;111.223;67.640
1263;23;27;132.307;62.110
1263;27;23;132.307;65.470
1264;23;27;129.354;64.300
1264;27;23;129.354;67.660
1265;23;27;146.775;55.600
1265;27;23;146.775;58.960
1266;23;28;138.798;55.100
1266;28;23;138.798;59.370
1267;23;29;104.503;70.680
1267;29;23;104.503;75.960
1268;23;29;93.009;73.440
1268;29;23;93.009;78.720
1269;23;30;74.586;74.750
1269;30;23;74.586;80.170
1270;23;30;71.227;58.820
1270;30;23;71.227;64.240
1271;23;30;80.860;69.220
1271;30;23;80.860;74.640
1272;23;31;133.556;59.790
1272;31;23;133.556;65.220
1273;23;32;130.535;59.050
1273;32;23;130.535;67.430
1274;23;32;150.126;52.760
1274;32;23;150.126;61.140
1275;23;32;115.302;48.930
1275;32;23;115.302;57.310
1276;23;33;134.327;48.140
1276;33;23;134.327;57.180
1277;23;33;143.916;47.160
1277;33;23;143.916;56.200
1278;23;34;137.806;68.480
1278;34;23;137.806;77.790
1279;23;34;148.092;54.380
1279;34;23;148.092;63.690
1280;23;34;158.595;68.910
1280;34;23;158.595;78.220
1281;23;35;133.868;68.390
1281;35;23;133.868;78.150
1282;23;35;118.056;65.570
1282;35;23;118.056;75.330
1283;23;36;128.549;67.470
1283;36;23;128.549;77.250
1284;23;36;139.944;46.690
1284;36;23;139.944;56.470
1285;23;36;145.376;54.660
1285;36;23;145.376;64.440
1286;23;37;111.075;59.260
1286;37;23;111.075;69.140
1287;23;38;131.233;58.570
1287;38;23;131.233;68.950
1288;23;38;149.521;65.210
1288;38;23;149.521;75.590
1289;23;38;112.345;59.320
1289;38;23;112.345;69.700
1290;23;39;93.673;14.990
1290;39;23;138.673;71.170
1291;23;39;109.962;23.820
1291;39;23;154.962;80.000
1292;24;25;60.269;74.160
1292;25;24;60.269;75.080
1293;24;25;60.544;62.540
1293;25;24;60.544;63.460
1294;24;25;57.760;76.010
1294;25;24;57.760;76.930
1295;24;26;63.193;64.440
1295;26;24;63.193;66.000
1296;24;26;59.227;54.520
1296;26;24;59.227;56.080
1297;24;27;55.342;61.810
1297;27;24;55.342;63.730
1298;24;27;53.166;52.990
1298;27;24;53.166;54.910
1299;24;28;91.577;70.510
1299;28;24;91.577;73.340
1300;24;28;84.272;63.920
1300;28;24;84.272;66.750
1301;24;29;82.336;54.800
1301;29;24;82.336;58.640
1302;24;30;122.629;74.030
1302;30;24;122.629;78.010
1303;24;30;110.792;66.250
1303;30;24;110.792;70.230
1304;24;30;141.392;54.100
1304;30;24;141.392;58.080
1305;24;31;71.250;63.510
1305;31;24;71.250;67.500
1306;24;31;76.398;52.960
1306;31;24;76.398;56.950
1307;24;31;69.103;68.430
1307;31;24;69.103;72.420
1308;24;32;59.928;65.700
1308;32;24;59.928;72.640
1309;24;32;63.546;72.490
1309;32;24;63.546;79.430
1310;24;32;56.300;60.310
1310;32;24;56.300;67.250
1311;24;33;77.982;68.840
1311;33;24;77.982;76.440
1312;24;33;86.026;57.480
1312;33;24;86.026;65.080
1313;24;34;76.925;53.130
1313;34;24;76.925;61.000
1314;24;35;61.630;70.810
1314;35;24;61.630;79.130
1315;24;36;58.893;66.870
1315;36;24;58.893;75.210
1316;24;36;58.841;53.480
1316;36;24;58.841;61.820
1317;24;36;58.865;61.400
1317;36;24;58.865;69.740
1318;24;37;75.354;68.990
1318;37;24;75.354;77.430
1319;24;37;78.204;57.610
1319;37;24;78.204;66.050
1320;24;37;77.066;54.030
1320;37;24;77.066;62.470
1321;24;38;57.698;50.610
1321;38;24;57.698;59.550
1322;24;39;7.648;14.840
1322;39;24;52.648;69.580
1323;24;39;8.069;13.700
1323;39;24;53.069;68.440
1324;24;39;7.192;10.270
1324;39;24;52.192;65.010
1325;25;26;50.552;63.320
1325;26;25;50.552;63.960
1326;25;27;58.977;77.760
1326;27;25;58.977;78.760
1327;25;27;55.621;69.820
1327;27;25;55.621;70.820
1328;25;27;60.396;72.840
1328;27;25;60.396;73.840
1329;25;28;80.612;63.680
1329;28;25;80.612;65.590
1330;25;28;88.684;61.380
1330;28;25;88.684;63.290
1331;25;29;70.033;59.830
1331;29;25;70.033;62.750
1332;25;29;72.117;55.760
1332;29;25;72.117;58.680
1333;25;30;108.546;51.740
1333;30;25;108.546;54.800
1334;25;30;103.628;55.800
1334;30;25;103.628;58.860
1335;25;31;59.954;68.920
1335;31;25;59.954;71.990
1336;25;32;46.253;54.240
1336;32;25;46.253;60.260
1337;25;32;46.336;50.320
1337;32;25;46.336;56.340
1338;25;32;46.077;67.050
1338;32;25;46.077;73.070
1339;25;33;84.442;64.240
1339;33;25;84.442;70.920
1340;25;34;84.749;64.040
1340;34;25;84.749;70.990
1341;25;34;86.492;51.850
1341;34;25;86.492;58.800
1342;25;35;51.489;49.350
1342;35;25;51.489;56.750
1343;25;36;49.002;67.780
1343;36;25;49.002;75.200
1344;25;37;64.461;53.560
1344;37;25;64.461;61.080
1345;25;37;62.912;68.990
1345;37;25;62.912;76.510
1346;25;38;47.584;54.680
1346;38;25;47.584;62.700
1347;25;38;47.309;61.050
1347;38;25;47.309;69.070
1348;25;39;18.520;1.570
1348;39;25;63.520;55.390
1349;26;27;58.365;77.100
1349;27;26;58.365;77.460
1350;26;28;83.597;75.210
1350;28;26;83.597;76.480
1351;26;28;78.464;64.080
1351;28;26;78.464;65.350
1352;26;28;74.399;56.380
1352;28;26;74.399;57.650
1353;26;29;64.951;66.000
1353;29;26;64.951;68.280
1354;26;29;67.363;67.820
1354;29;26;67.363;70.100
1355;26;30;104.499;61.550
1355;30;26;104.499;63.970
1356;26;30;90.326;53.030
1356;30;26;90.326;55.450
1357;26;30;115.792;51.990
1357;30;26;115.792;54.410
1358;26;31;63.772;64.130
1358;31;26;63.772;66.560
1359;26;32;51.801;51.820
1359;32;26;51.801;57.200
1360;26;33;81.879;57.780
1360;33;26;81.879;63.820
1361;26;34;82.659;64.730
1361;34;26;82.659;71.040
1362;26;35;56.787;66.770
1362;35;26;56.787;73.530
1363;26;35;54.988;48.010
1363;35;26;54.988;54.770
1364;26;36;49.319;64.700
1364;36;26;49.319;71.480
1365;26;36;49.484;46.420
1365;36;26;49.484;53.200
1366;26;36;48.254;51.300
1366;36;26;48.254;58.080
1367;26;37;58.986;56.630
1367;37;26;58.986;63.510
1368;26;38;51.809;53.800
1368;38;26;51.809;61.180
1369;26;39;19.290;0.980
1369;39;26;64.290;54.160
1370;26;39;16.017;3.450
1370;39;26;61.017;56.630
1371;27;28;94.405;54.920
1371;28;27;94.405;55.830
1372;27;29;74.347;55.510
1372;29;27;74.347;57.430
1373;27;29;76.812;71.430
1373;29;27;76.812;73.350
1374;27;29;78.755;58.810
1374;29;27;78.755;60.730
1375;27;30;115.322;58.210
1375;30;27;115.322;60.270
1376;27;30;109.043;57.870
1376;30;27;109.043;59.930
1377;27;31;73.563;50.860
1377;31;27;73.563;52.930
1378;27;31;76.972;64.320
1378;31;27;76.972;66.390
1379;27;31;72.537;64.830
1379;31;27;72.537;66.900
1380;27;32;59.514;56.560
1380;32;27;59.514;61.580
1381;27;32;59.407;59.380
1381;32;27;59.407;64.400
1382;27;33;71.038;59.770
1382;33;27;71.038;65.450
1383;27;33;73.611;53.520
1383;33;27;73.611;59.200
1384;27;33;75.023;47.240
1384;33;27;75.023;52.920
1385;27;34;70.983;63.190
1385;34;27;70.983;69.140
1386;27;34;66.943;64.250
1386;34;27;66.943;70.200
1387;27;34;66.187;57.780
1387;34;27;66.187;63.730
1388;27;35;63.911;59.040
1388;35;27;63.911;65.440
1389;27;36;55.358;62.060
1389;36;27;55.358;68.480
1390;27;36;53.436;68.680
1390;36;27;53.436;75.100
1391;27;37;66.956;63.890
1391;37;27;66.956;70.410
1392;27;37;64.585;69.430
1392;37;27;64.585;75.950
1393;27;37;65.775;69.900
1393;37;27;65.775;76.420
1394;27;38;56.976;53.360
1394;38;27;56.976;60.380
1395;27;38;59.091;66.960
1395;38;27;59.091;73.980
1396;27;39;6.651;8.070
1396;39;27;51.651;60.890
1397;27;39;7.022;19.770
1397;39;27;52.022;72.590
1398;28;29;91.214;70.680
1398;29;28;91.214;71.690
1399;28;29;80.775;51.240
1399;29;28;80.775;52.250
1400;28;30;110.697;57.610
1400;30;28;110.697;58.760
1401;28;30;111.921;61.550
1401;30;28;111.921;62.700
1402;28;30;125.560;68.950
1402;30;28;125.560;70.100
1403;28;31;65.867;70.980
1403;31;28;65.867;72.140
1404;28;32;79.926;54.220
1404;32;28;79.926;58.330
1405;28;32;82.810;67.690
1405;32;28;82.810;71.800
1406;28;33;120.039;66.390
1406;33;28;120.039;71.160
1407;28;33;103.807;49.070
1407;33;28;103.807;53.840
1408;28;33;103.950;61.230
1408;33;28;103.950;66.000
1409;28;34;120.336;61.230
1409;34;28;120.336;66.270
1410;28;35;75.721;66.030
1410;35;28;75.721;71.520
1411;28;36;84.554;70.320
1411;36;28;84.554;75.830
1412;28;36;78.401;64.670
1412;36;28;78.401;70.180
1413;28;36;92.526;64.110
1413;36;28;92.526;69.620
1414;28;37;91.230;54.710
1414;37;28;91.230;60.320
1415;28;37;83.604;49.370
1415;37;28;83.604;54.980
1416;28;38;82.429;53.290
1416;38;28;82.429;59.400
1417;28;38;85.988;57.720
1417;38;28;85.988;63.830
1418;28;39;52.651;7.700
1418;39;28;97.651;59.610
1419;28;39;50.634;12.520
1419;39;28;95.634;64.430
1420;29;30;86.023;54.490
1420;30;29;86.023;54.630
1421;29;31;77.328;59.930
1421;31;29;77.328;60.080
1422;29;32;71.162;66.610
1422;32;29;71.162;69.710
1423;29;32;65.722;64.130
1423;32;29;65.722;67.230
1424;29;32;74.229;69.570
1424;32;29;74.229;72.670
1425;29;33;87.859;53.800
1425;33;29;87.859;57.560
1426;29;34;90.161;50.730
1426;34;29;90.161;54.760
1427;29;35;74.993;52.550
1427;35;29;74.993;57.030
1428;29;36;69.077;53.810
1428;36;29;69.077;58.310
1429;29;36;64.337;66.630
1429;36;29;64.337;71.130
1430;29;37;52.472;62.970
1430;37;29;52.472;67.570
1431;29;38;71.735;57.720
1431;38;29;71.735;62.820
1432;29;38;76.006;69.180
1432;38;29;76.006;74.280
1433;29;38;72.448;58.580
1433;38;29;72.448;63.680
1434;29;39;35.994;19.650
1434;39;29;80.994;70.550
1435;30;31;108.918;55.470
1435;31;30;108.918;55.480
1436;30;31;93.013;51.910
1436;31;30;93.013;51.920
1437;30;31;103.156;63.400
1437;31;30;103.156;63.410
1438;30;32;109.413;69.900
1438;32;30;109.413;72.860
1439;30;32;98.168;72.160
1439;32;30;98.168;75.120
1440;30;32;94.145;61.530
1440;32;30;94.145;64.490
1441;30;33;125.577;61.230
1441;33;30;125.577;64.850
1442;30;34;128.520;52.110
1442;34;30;128.520;56.000
1443;30;34;119.369;70.900
1443;34;30;119.369;74.790
1444;30;35;111.538;48.400
1444;35;30;111.538;52.740
1445;30;35;107.157;46.490
1445;35;30;107.157;50.830
1446;30;36;108.818;71.270
1446;36;30;108.818;75.630
1447;30;36;113.219;65.960
1447;36;30;113.219;70.320
1448;30;37;93.486;67.420
1448;37;30;93.486;71.880
1449;30;37;90.479;50.130
1449;37;30;90.479;54.590
1450;30;37;90.172;51.010
1450;37;30;90.172;55.470
1451;30;38;110.785;61.360
1451;38;30;110.785;66.320
1452;30;39;76.973;10.100
1452;39;30;121.973;60.860
1453;30;39;66.478;16.530
1453;39;30;111.478;67.290
1454;31;32;59.157;55.520
1454;32;31;59.157;58.470
1455;31;32;57.663;52.180
1455;32;31;57.663;55.130
1456;31;32;59.809;64.830
1456;32;31;59.809;67.780
1457;31;33;99.354;61.850
1457;33;31;99.354;65.460
1458;31;34;99.528;57.200
1458;34;31;99.528;61.080
1459;31;34;102.950;66.750
1459;34;31;102.950;70.630
1460;31;34;88.764;53.880
1460;34;31;88.764;57.760
1461;31;35;54.900;70.910
1461;35;31;54.900;75.240
1462;31;36;63.951;49.960
1462;36;31;63.951;54.310
1463;31;37;74.595;51.930
1463;37;31;74.595;56.380
1464;31;37;71.869;62.340
1464;37;31;71.869;66.790
1465;31;38;61.602;47.310
1465;38;31;61.602;52.260
1466;31;39;31.884;15.180
1466;39;31;76.884;65.930
1467;31;39;27.025;5.540
1467;39;31;72.025;56.290
1468;32;33;85.197;49.600
1468;33;32;85.197;50.260
1469;32;33;84.937;61.680
1469;33;32;84.937;62.340
1470;32;34;85.410;55.020
1470;34;32;85.410;55.950
1471;32;35;50.314;62.220
1471;35;32;50.314;63.600
1472;32;35;49.680;59.540
1472;35;32;49.680;60.920
1473;32;36;49.963;65.300
1473;36;32;49.963;66.700
1474;32;36;48.828;63.150
1474;36;32;48.828;64.550
1475;32;36;50.871;61.160
1475;36;32;50.871;62.560
1476;32;37;65.682;49.740
1476;37;32;65.682;51.240
1477;32;37;64.507;55.310
1477;37;32;64.507;56.810
1478;32;37;62.923;70.710
1478;37;32;62.923;72.210
1479;32;38;47.612;53.170
1479;38;32;47.612;55.170
1480;32;38;47.085;47.590
1480;38;32;47.085;49.590
1481;32;38;47.327;54.010
1481;38;32;47.327;56.010
1482;32;39;18.686;15.400
1482;39;32;63.686;63.200
1483;32;39;21.259;5.360
1483;39;32;66.259;53.160
1484;32;39;20.144;13.010
1484;39;32;65.144;60.810
1485;33;34;48.646;47.990
1485;34;33;48.646;48.260
1486;33;34;49.192;67.470
1486;34;33;49.192;67.740
1487;33;34;48.678;51.200
1487;34;33;48.678;51.470
1488;33;35;89.899;48.870
1488;35;33;89.899;49.590
1489;33;36;80.485;48.420
1489;36;33;80.485;49.160
1490;33;37;81.524;56.990
1490;37;33;81.524;57.830
1491;33;38;82.800;57.580
1491;38;33;82.800;58.920
1492;33;39;25.336;13.370
1492;39;33;70.336;60.510
1493;33;39;21.962;24.190
1493;39;33;66.962;71.330
1494;33;39;25.730;11.400
1494;39;33;70.730;58.540
1495;34;35;89.883;69.440
1495;35;34;89.883;69.890
1496;34;36;80.869;53.570
1496;36;34;80.869;54.040
1497;34;36;73.172;64.810
1497;36;34;73.172;65.280
1498;34;36;87.521;55.580
1498;36;34;87.521;56.050
1499;34;37;83.557;60.460
1499;37;34;83.557;61.030
1500;34;38;82.927;59.050
1500;38;34;82.927;60.120
1501;34;38;91.814;68.500
1501;38;34;91.814;69.570
1502;34;39;24.350;15.000
1502;39;34;69.350;61.870
1503;35;36;55.218;66.530
1503;36;35;55.218;66.550
1504;35;36;55.372;53.010
1504;36;35;55.372;53.030
1505;35;37;70.210;55.890
1505;37;35;70.210;56.010
1506;35;38;52.219;54.070
1506;38;35;52.219;54.690
1507;35;39;21.985;23.460
1507;39;35;66.985;69.880
1508;35;39;19.649;3.290
1508;39;35;64.649;49.710
1509;35;39;17.299;18.420
1509;39;35;62.299;64.840
1510;36;37;62.717;68.910
1510;37;36;62.717;69.010
1511;36;37;66.602;66.280
1511;37;36;66.602;66.380
1512;36;37;58.854;70.510
1512;37;36;58.854;70.610
1513;36;38;48.396;46.240
1513;38;36;48.396;46.840
1514;36;38;47.946;70.260
1514;38;36;47.946;70.860
1515;36;39;15.608;0.720
1515;39;36;60.608;47.120
1516;37;38;65.727;66.130
1516;38;37;65.727;66.630
1517;37;38;69.994;47.970
1517;38;37;69.994;48.470
1518;37;39;28.590;13.250
1518;39;37;73.590;59.550
1519;37;39;33.535;18.920
1519;39;37;78.535;65.220
1520;38;39;16.089;7.000
1520;39;38;61.089;52.800
