40
240.0
0;0;1;68.796;113.710
0;1;0;23.796;13.710
1;0;2;67.496;96.650
1;2;0;22.496;10.590
2;0;2;66.580;99.740
2;2;0;21.580;13.680
3;0;2;66.800;92.230
3;2;0;21.800;6.170
4;0;3;78.232;94.710
4;3;0;33.232;10.720
5;0;4;103.284;85.480
5;4;0;58.284;5.450
6;0;4;98.613;97.980
6;4;0;53.613;17.950
7;0;4;103.691;95.080
7;4;0;58.691;15.050
8;0;5;71.736;82.510
8;5;0;26.736;4.690
9;0;5;72.392;91.850
9;5;0;27.392;14.030
10;0;6;69.972;78.180
10;6;0;24.972;2.200
11;0;6;63.769;94.600
11;6;0;18.769;18.620
12;0;6;68.456;88.370
12;6;0;23.456;12.390
13;0;7;94.508;76.310
13;7;0;49.508;1.290
14;0;7;106.491;88.920
14;7;0;61.491;13.900
15;0;7;97.996;97.300
15;7;0;52.996;22.280
16;0;8;141.367;95.710
16;8;0;96.367;21.010
17;0;9;67.688;81.290
17;9;0;22.688;9.170
18;0;9;70.584;84.750
18;9;0;25.584;12.630
19;0;10;71.770;75.240
19;10;0;26.770;3.140
20;0;11;75.107;77.180
20;11;0;30.107;5.190
21;0;11;79.880;81.140
21;11;0;34.880;9.150
22;0;12;71.416;86.900
22;12;0;26.416;15.580
23;0;12;71.371;77.340
23;12;0;26.371;6.020
24;0;12;69.003;71.360
24;12;0;24.003;0.040
25;0;13;53.671;72.010
25;13;0;8.671;2.060
26;0;14;94.491;69.720
26;14;0;49.491;3.600
27;0;14;106.742;80.740
27;14;0;61.742;14.620
28;0;15;63.196;80.990
28;15;0;18.196;17.250
29;0;15;63.268;79.420
29;15;0;18.268;15.680
30;0;16;74.975;70.070
30;16;0;29.975;7.880
31;0;16;70.623;79.530
31;16;0;25.623;17.340
32;0;16;73.488;67.440
32;16;0;28.488;5.250
33;0;17;67.308;70.310
33;17;0;22.308;8.630
34;0;17;67.680;74.280
34;17;0;22.680;12.600
35;0;17;70.754;75.540
35;17;0;25.754;13.860
36;0;18;76.884;78.890
36;18;0;31.884;17.340
37;0;18;77.427;63.500
37;18;0;32.427;1.950
38;0;18;77.239;84.550
38;18;0;32.239;23.000
39;0;19;55.043;66.280
39;19;0;10.043;4.750
40;0;20;86.795;73.400
40;20;0;41.795;11.910
41;0;20;96.657;67.880
41;20;0;51.657;6.390
42;0;20;82.085;61.780
42;20;0;37.085;0.290
43;0;21;58.217;65.100
43;21;0;13.217;5.520
44;0;22;87.745;61.660
44;22;0;42.745;2.690
45;0;23;59.300;72.510
45;23;0;14.300;13.550
46;0;23;58.293;75.460
46;23;0;13.293;16.500
47;0;24;61.208;76.070
47;24;0;16.208;19.010
48;0;24;57.578;63.710
48;24;0;12.578;6.650
49;0;24;61.845;66.360
49;24;0;16.845;9.300
50;0;25;76.553;79.960
50;25;0;31.553;23.090
51;0;25;76.895;69.480
51;25;0;31.895;12.610
52;0;25;83.379;72.500
52;25;0;38.379;15.630
53;0;26;58.885;63.790
53;26;0;13.885;8.980
54;0;27;72.064;58.340
54;27;0;27.064;4.680
55;0;27;67.816;71.620
55;27;0;22.816;17.960
56;0;27;77.624;66.890
56;27;0;32.624;13.230
57;0;28;138.673;64.990
57;28;0;93.673;11.350
58;0;29;80.108;54.710
58;29;0;35.108;1.200
59;0;30;63.520;74.740
59;30;0;18.520;21.400
60;0;30;64.437;77.680
60;30;0;19.437;24.340
61;0;30;59.989;63.220
61;30;0;14.989;9.880
62;0;31;134.706;60.430
62;31;0;89.706;7.530
63;0;32;77.509;65.810
63;32;0;32.509;14.100
64;0;32;80.996;68.710
64;32;0;35.996;17.000
65;0;32;80.005;52.230
65;32;0;35.005;0.520
66;0;33;59.497;55.870
66;33;0;14.497;4.280
67;0;34;54.829;68.080
67;34;0;9.829;16.970
68;0;34;56.328;62.170
68;34;0;11.328;11.060
69;0;35;127.655;52.640
69;35;0;82.655;2.670
70;0;35;138.924;58.610
70;35;0;93.924;8.640
71;0;36;62.275;67.330
71;36;0;17.275;17.460
72;0;36;60.511;50.050
72;36;0;15.511;0.180
73;0;37;63.686;71.140
73;37;0;18.686;22.250
74;0;38;90.309;70.710
74;38;0;45.309;22.050
75;0;38;93.625;58.440
75;38;0;48.625;9.780
76;0;39;0.000;20.410
76;39;0;0.000;20.410
77;1;2;90.080;92.500
77;2;1;90.080;106.440
78;1;3;90.169;101.070
78;3;1;90.169;117.080
79;1;3;84.163;87.140
79;3;1;84.163;103.150
80;1;4;111.860;99.760
80;4;1;111.860;119.730
81;1;5;81.092;81.230
81;5;1;81.092;103.410
82;1;6;79.321;78.230
82;6;1;79.321;102.250
83;1;6;87.569;81.980
83;6;1;87.569;106.000
84;1;6;87.444;80.850
84;6;1;87.444;104.870
85;1;7;95.417;90.520
85;7;1;95.417;115.500
86;1;7;101.947;96.860
86;7;1;101.947;121.840
87;1;7;105.488;88.360
87;7;1;105.488;113.340
88;1;8;162.144;85.800
88;8;1;162.144;111.100
89;1;9;91.481;74.410
89;9;1;91.481;102.290
90;1;10;83.599;93.070
90;10;1;83.599;120.970
91;1;11;89.354;95.330
91;11;1;89.354;123.340
92;1;11;95.816;86.800
92;11;1;95.816;114.810
93;1;12;82.919;86.960
93;12;1;82.919;115.640
94;1;12;81.673;84.080
94;12;1;81.673;112.760
95;1;12;82.859;92.310
95;12;1;82.859;120.990
96;1;13;77.461;79.680
96;13;1;77.461;109.730
97;1;13;84.731;79.530
97;13;1;84.731;109.580
98;1;13;71.146;76.180
98;13;1;71.146;106.230
99;1;14;110.336;86.130
99;14;1;110.336;120.010
100;1;14;123.971;83.530
100;14;1;123.971;117.410
101;1;15;84.989;82.330
101;15;1;84.989;118.590
102;1;15;75.153;72.060
102;15;1;75.153;108.320
103;1;15;81.004;79.650
103;15;1;81.004;115.910
104;1;16;84.495;74.310
104;16;1;84.495;112.120
105;1;16;79.601;85.510
105;16;1;79.601;123.320
106;1;16;75.215;72.430
106;16;1;75.215;110.240
107;1;17;90.082;75.760
107;17;1;90.082;114.080
108;1;17;92.328;79.680
108;17;1;92.328;118.000
109;1;17;93.513;76.460
109;17;1;93.513;114.780
110;1;18;100.020;65.660
110;18;1;100.020;104.110
111;1;18;90.261;86.390
111;18;1;90.261;124.840
112;1;18;103.220;78.790
112;18;1;103.220;117.240
113;1;19;78.565;86.260
113;19;1;78.565;124.730
114;1;19;74.315;71.150
114;19;1;74.315;109.620
115;1;19;85.619;67.540
115;19;1;85.619;106.010
116;1;20;93.633;70.100
116;20;1;93.633;108.610
117;1;20;87.270;81.560
117;20;1;87.270;120.070
118;1;20;94.193;72.710
118;20;1;94.193;111.220
119;1;21;76.108;83.610
119;21;1;76.108;124.030
120;1;22;92.145;81.610
120;22;1;92.145;122.640
121;1;22;97.300;77.580
121;22;1;97.300;118.610
122;1;22;90.047;71.860
122;22;1;90.047;112.890
123;1;23;74.467;82.430
123;23;1;74.467;123.470
124;1;24;82.266;74.700
124;24;1;82.266;117.640
125;1;25;53.558;60.360
125;25;1;53.558;103.490
126;1;25;53.723;59.210
126;25;1;53.723;102.340
127;1;25;53.946;64.630
127;25;1;53.946;107.760
128;1;26;79.786;60.000
128;26;1;79.786;105.190
129;1;26;81.529;70.610
129;26;1;81.529;115.800
130;1;27;51.582;73.470
130;27;1;51.582;119.810
131;1;28;142.123;74.140
131;28;1;142.123;120.500
132;1;28;135.731;62.730
132;28;1;135.731;109.090
133;1;29;98.025;57.930
133;29;1;98.025;104.420
134;1;29;107.928;70.650
134;29;1;107.928;117.140
135;1;29;108.894;75.080
135;29;1;108.894;121.570
136;1;30;85.525;71.740
136;30;1;85.525;118.400
137;1;30;83.986;76.350
137;30;1;83.986;123.010
138;1;30;95.372;61.310
138;30;1;95.372;107.970
139;1;31;157.538;61.340
139;31;1;157.538;108.440
140;1;32;100.131;71.050
140;32;1;100.131;119.340
141;1;32;91.274;57.900
141;32;1;91.274;106.190
142;1;32;108.184;67.440
142;32;1;108.184;115.730
143;1;33;82.111;75.590
143;33;1;82.111;124.000
144;1;33;86.537;70.000
144;33;1;86.537;118.410
145;1;34;74.708;52.160
145;34;1;74.708;101.050
146;1;34;68.422;69.810
146;34;1;68.422;118.700
147;1;34;70.754;73.510
147;34;1;70.754;122.400
148;1;35;126.186;55.870
148;35;1;126.186;105.900
149;1;35;145.336;62.000
149;35;1;145.336;112.030
150;1;35;124.284;58.680
150;35;1;124.284;108.710
151;1;36;83.974;58.290
151;36;1;83.974;108.420
152;1;36;91.937;69.970
152;36;1;91.937;120.100
153;1;37;86.065;49.490
153;37;1;86.065;100.600
154;1;37;90.693;67.010
154;37;1;90.693;118.120
155;1;37;82.301;67.880
155;37;1;82.301;118.990
156;1;38;113.670;52.670
156;38;1;113.670;104.010
157;1;38;126.192;61.130
157;38;1;126.192;112.470
158;1;39;23.796;11.900
158;39;1;68.796;111.900
159;2;3;70.556;105.070
159;3;2;70.556;107.140
160;2;3;74.459;95.980
160;3;2;74.459;98.050
161;2;3;71.725;97.390
161;3;2;71.725;99.460
162;2;4;93.284;104.290
162;4;2;93.284;110.320
163;2;4;97.317;81.070
163;4;2;97.317;87.100
164;2;4;97.295;97.380
164;4;2;97.295;103.410
165;2;5;70.880;90.970
165;5;2;70.880;99.210
166;2;5;72.145;96.620
166;5;2;72.145;104.860
167;2;5;65.955;97.870
167;5;2;65.955;106.110
168;2;6;70.339;88.970
168;6;2;70.339;99.050
169;2;7;93.924;80.320
169;7;2;93.924;91.360
170;2;7;96.029;84.600
170;7;2;96.029;95.640
171;2;8;119.040;96.350
171;8;2;119.040;107.710
172;2;9;54.749;95.030
172;9;2;54.749;108.970
173;2;10;67.821;86.450
173;10;2;67.821;100.410
174;2;10;73.244;76.980
174;10;2;73.244;90.940
175;2;10;63.948;92.650
175;10;2;63.948;106.610
176;2;11;65.740;89.000
176;11;2;65.740;103.070
177;2;12;68.133;92.310
177;12;2;68.133;107.050
178;2;12;66.194;93.500
178;12;2;66.194;108.240
179;2;12;64.726;79.760
179;12;2;64.726;94.500
180;2;13;59.979;88.390
180;13;2;59.979;104.500
181;2;13;62.515;94.180
181;13;2;62.515;110.290
182;2;13;62.449;89.970
182;13;2;62.449;106.080
183;2;14;77.528;81.510
183;14;2;77.528;101.450
184;2;14;77.250;78.380
184;14;2;77.250;98.320
185;2;15;50.468;76.270
185;15;2;50.468;98.590
186;2;15;50.672;80.570
186;15;2;50.672;102.890
187;2;16;71.979;74.550
187;16;2;71.979;98.420
188;2;16;65.495;76.820
188;16;2;65.495;100.690
189;2;17;45.845;85.550
189;17;2;45.845;109.930
190;2;18;55.181;81.530
190;18;2;55.181;106.040
191;2;19;61.512;67.560
191;19;2;61.512;92.090
192;2;19;61.929;66.710
192;19;2;61.929;91.240
193;2;19;58.652;74.250
193;19;2;58.652;98.780
194;2;20;82.094;83.700
194;20;2;82.094;108.270
195;2;21;60.584;79.240
195;21;2;60.584;105.720
196;2;21;57.178;82.300
196;21;2;57.178;108.780
197;2;22;85.360;79.160
197;22;2;85.360;106.250
198;2;22;79.639;69.970
198;22;2;79.639;97.060
199;2;23;63.595;79.950
199;23;2;63.595;107.050
200;2;24;53.489;74.550
200;24;2;53.489;103.550
201;2;24;52.201;75.090
201;24;2;52.201;104.090
202;2;24;51.710;65.060
202;24;2;51.710;94.060
203;2;25;96.773;79.920
203;25;2;96.773;109.110
204;2;26;55.694;74.410
204;26;2;55.694;105.660
205;2;26;57.376;77.250
205;26;2;57.376;108.500
206;2;26;55.164;75.150
206;26;2;55.164;106.400
207;2;27;91.711;70.420
207;27;2;91.711;102.820
208;2;28;130.650;61.380
208;28;2;130.650;93.800
209;2;29;62.990;59.180
209;29;2;62.990;91.730
210;2;30;49.777;56.550
210;30;2;49.777;89.270
211;2;30;48.761;59.160
211;30;2;48.761;91.880
212;2;30;49.839;63.000
212;30;2;49.839;95.720
213;2;31;112.495;67.500
213;31;2;112.495;100.660
214;2;31;122.321;74.780
214;31;2;122.321;107.940
215;2;32;55.085;62.190
215;32;2;55.085;96.540
216;2;33;53.061;66.570
216;33;2;53.061;101.040
217;2;34;60.606;56.550
217;34;2;60.606;91.500
218;2;34;63.607;63.530
218;34;2;63.607;98.480
219;2;34;60.636;52.310
219;34;2;60.636;87.260
220;2;35;125.059;72.580
220;35;2;125.059;108.670
221;2;35;120.533;55.540
221;35;2;120.533;91.630
222;2;35;138.625;59.080
222;35;2;138.625;95.170
223;2;36;51.441;50.650
223;36;2;51.441;86.840
224;2;37;49.023;59.900
224;37;2;49.023;97.070
225;2;37;49.501;64.130
225;37;2;49.501;101.300
226;2;38;68.888;51.450
226;38;2;68.888;88.850
227;2;39;22.496;7.010
227;39;2;67.496;93.070
228;3;4;70.157;93.120
228;4;3;70.157;97.080
229;3;5;54.199;92.400
229;5;3;54.199;98.570
230;3;6;55.870;80.240
230;6;3;55.870;88.250
231;3;6;55.249;78.780
231;6;3;55.249;86.790
232;3;6;55.488;84.170
232;6;3;55.488;92.180
233;3;7;69.021;94.100
233;7;3;69.021;103.070
234;3;8;121.063;94.970
234;8;3;121.063;104.260
235;3;8;107.221;89.920
235;8;3;107.221;99.210
236;3;9;80.092;92.430
236;9;3;80.092;104.300
237;3;9;87.473;82.830
237;9;3;87.473;94.700
238;3;10;51.816;76.830
238;10;3;51.816;88.720
239;3;10;51.835;82.400
239;10;3;51.835;94.290
240;3;11;49.830;87.650
240;11;3;49.830;99.650
241;3;11;50.277;84.510
241;11;3;50.277;96.510
242;3;12;52.399;89.010
242;12;3;52.399;101.680
243;3;12;53.648;82.630
243;12;3;53.648;95.300
244;3;12;50.785;83.670
244;12;3;50.785;96.340
245;3;13;76.950;79.420
245;13;3;76.950;93.460
246;3;13;74.702;77.390
246;13;3;74.702;91.430
247;3;13;71.112;85.420
247;13;3;71.112;99.460
248;3;14;65.896;68.610
248;14;3;65.896;86.480
249;3;14;68.155;86.960
249;14;3;68.155;104.830
250;3;14;65.054;86.190
250;14;3;65.054;104.060
251;3;15;67.745;81.290
251;15;3;67.745;101.540
252;3;15;63.262;69.430
252;15;3;63.262;89.680
253;3;16;51.249;63.250
253;16;3;51.249;85.050
254;3;17;71.367;83.230
254;17;3;71.367;105.540
255;3;17;76.586;70.700
255;17;3;76.586;93.010
256;3;17;71.103;84.110
256;17;3;71.103;106.420
257;3;18;76.901;79.050
257;18;3;76.901;101.490
258;3;18;75.293;75.100
258;18;3;75.293;97.540
259;3;18;71.601;76.450
259;18;3;71.601;98.890
260;3;19;80.128;71.430
260;19;3;80.128;93.890
261;3;19;73.928;81.530
261;19;3;73.928;103.990
262;3;20;56.583;61.510
262;20;3;56.583;84.010
263;3;20;59.235;71.040
263;20;3;59.235;93.540
264;3;20;55.289;76.460
264;20;3;55.289;98.960
265;3;21;65.207;62.480
265;21;3;65.207;86.890
266;3;21;61.238;76.060
266;21;3;61.238;100.470
267;3;22;60.318;72.270
267;22;3;60.318;97.290
268;3;23;64.038;73.010
268;23;3;64.038;98.040
269;3;23;59.389;78.880
269;23;3;59.389;103.910
270;3;24;66.534;78.490
270;24;3;66.534;105.420
271;3;24;68.486;61.990
271;24;3;68.486;88.920
272;3;25;93.138;76.700
272;25;3;93.138;103.820
273;3;25;105.154;57.100
273;25;3;105.154;84.220
274;3;25;85.991;74.360
274;25;3;85.991;101.480
275;3;26;67.228;76.590
275;26;3;67.228;105.770
276;3;26;68.274;76.020
276;26;3;68.274;105.200
277;3;27;88.073;53.980
277;27;3;88.073;84.310
278;3;27;82.205;63.490
278;27;3;82.205;93.820
279;3;27;79.342;64.860
279;27;3;79.342;95.190
280;3;28;106.618;62.720
280;28;3;106.618;93.070
281;3;29;59.211;57.430
281;29;3;59.211;87.910
282;3;30;68.314;76.870
282;30;3;68.314;107.520
283;3;30;62.837;72.200
283;30;3;62.837;102.850
284;3;31;122.466;60.750
284;31;3;122.466;91.840
285;3;31;138.945;70.740
285;31;3;138.945;101.830
286;3;32;74.210;58.690
286;32;3;74.210;90.970
287;3;32;75.610;52.400
287;32;3;75.610;84.680
288;3;32;69.076;56.130
288;32;3;69.076;88.410
289;3;33;70.648;54.600
289;33;3;70.648;87.000
290;3;34;68.842;61.890
290;34;3;68.842;94.770
291;3;35;99.514;63.640
291;35;3;99.514;97.660
292;3;35;92.889;69.750
292;35;3;92.889;103.770
293;3;35;101.951;62.450
293;35;3;101.951;96.470
294;3;36;67.653;55.110
294;36;3;67.653;89.230
295;3;36;71.436;59.530
295;36;3;71.436;93.650
296;3;36;65.987;64.860
296;36;3;65.987;98.980
297;3;37;69.494;70.690
297;37;3;69.494;105.790
298;3;37;73.701;69.830
298;37;3;73.701;104.930
299;3;38;87.271;69.600
299;38;3;87.271;104.930
300;3;38;83.383;65.480
300;38;3;83.383;100.810
301;3;39;33.232;6.950
301;39;3;78.232;90.940
302;4;5;77.227;79.390
302;5;4;77.227;81.600
303;4;5;72.466;90.800
303;5;4;72.466;93.010
304;4;6;79.121;93.340
304;6;4;79.121;97.390
305;4;6;76.571;99.220
305;6;4;76.571;103.270
306;4;7;67.443;88.230
306;7;4;67.443;93.240
307;4;7;65.108;80.500
307;7;4;65.108;85.510
308;4;7;68.963;91.970
308;7;4;68.963;96.980
309;4;8;115.880;95.410
309;8;4;115.880;100.740
310;4;8;104.835;91.350
310;8;4;104.835;96.680
311;4;9;103.017;83.540
311;9;4;103.017;91.450
312;4;10;76.525;88.600
312;10;4;76.525;96.530
313;4;10;71.953;87.570
313;10;4;71.953;95.500
314;4;10;69.712;79.640
314;10;4;69.712;87.570
315;4;11;74.047;91.110
315;11;4;74.047;99.150
316;4;11;80.957;90.530
316;11;4;80.957;98.570
317;4;12;76.918;91.220
317;12;4;76.918;99.930
318;4;12;84.472;82.650
318;12;4;84.472;91.360
319;4;12;73.900;95.940
319;12;4;73.900;104.650
320;4;13;101.963;91.480
320;13;4;101.963;101.560
321;4;13;102.842;82.020
321;13;4;102.842;92.100
322;4;13;101.846;85.590
322;13;4;101.846;95.670
323;4;14;66.975;84.540
323;14;4;66.975;98.450
324;4;15;91.819;83.810
324;15;4;91.819;100.100
325;4;15;101.988;72.290
325;15;4;101.988;88.580
326;4;16;73.729;67.720
326;16;4;73.729;85.560
327;4;17;94.129;67.340
327;17;4;94.129;85.690
328;4;18;96.445;75.740
328;18;4;96.445;94.220
329;4;18;94.651;81.200
329;18;4;94.651;99.680
330;4;19;105.077;70.110
330;19;4;105.077;88.610
331;4;19;103.070;71.860
331;19;4;103.070;90.360
332;4;19;111.618;71.410
332;19;4;111.618;89.910
333;4;20;63.228;78.230
333;20;4;63.228;96.770
334;4;20;61.386;67.800
334;20;4;61.386;86.340
335;4;20;60.559;62.730
335;20;4;60.559;81.270
336;4;21;90.358;66.010
336;21;4;90.358;86.460
337;4;22;65.472;71.110
337;22;4;65.472;92.170
338;4;22;62.471;73.570
338;22;4;62.471;94.630
339;4;23;89.000;77.360
339;23;4;89.000;98.430
340;4;23;84.425;75.580
340;23;4;84.425;96.650
341;4;24;91.165;77.650
341;24;4;91.165;100.620
342;4;24;86.832;80.880
342;24;4;86.832;103.850
343;4;24;99.737;81.520
343;24;4;99.737;104.490
344;4;25;112.696;60.920
344;25;4;112.696;84.080
345;4;25;112.955;72.950
345;25;4;112.955;96.110
346;4;25;118.055;67.460
346;25;4;118.055;90.620
347;4;26;92.169;55.320
347;26;4;92.169;80.540
348;4;26;101.885;59.480
348;26;4;101.885;84.700
349;4;26;84.582;76.280
349;26;4;84.582;101.500
350;4;27;108.227;74.690
350;27;4;108.227;101.060
351;4;27;109.613;71.540
351;27;4;109.613;97.910
352;4;27;104.330;63.520
352;27;4;104.330;89.890
353;4;28;82.380;71.810
353;28;4;82.380;98.200
354;4;28;75.133;66.020
354;28;4;75.133;92.410
355;4;28;78.784;66.020
355;28;4;78.784;92.410
356;4;29;76.245;56.890
356;29;4;76.245;83.410
357;4;29;78.730;56.190
357;29;4;78.730;82.710
358;4;30;92.259;58.800
358;30;4;92.259;85.490
359;4;30;90.038;74.610
359;30;4;90.038;101.300
360;4;30;99.759;58.730
360;30;4;99.759;85.420
361;4;31;124.928;53.600
361;31;4;124.928;80.730
362;4;31;115.269;67.020
362;31;4;115.269;94.150
363;4;31;105.138;53.650
363;31;4;105.138;80.780
364;4;32;93.168;68.300
364;32;4;93.168;96.620
365;4;33;95.214;62.140
365;33;4;95.214;90.580
366;4;34;93.998;56.200
366;34;4;93.998;85.120
367;4;35;81.316;52.140
367;35;4;81.316;82.200
368;4;35;89.575;73.380
368;35;4;89.575;103.440
369;4;35;72.781;61.800
369;35;4;72.781;91.860
370;4;36;91.943;61.850
370;36;4;91.943;92.010
371;4;37;93.307;67.010
371;37;4;93.307;98.150
372;4;37;98.367;60.340
372;37;4;98.367;91.480
373;4;37;95.637;69.250
373;37;4;95.637;100.390
374;4;38;102.399;69.380
374;38;4;102.399;100.750
375;4;38;95.451;72.550
375;38;4;95.451;103.920
376;4;39;58.284;1.430
376;39;4;103.284;81.460
377;4;39;70.903;6.430
377;39;4;115.903;86.460
378;4;39;69.344;21.070
378;39;4;114.344;101.100
379;5;6;46.897;93.050
379;6;5;46.897;94.890
380;5;6;47.303;77.750
380;6;5;47.303;79.590
381;5;7;69.134;87.700
381;7;5;69.134;90.500
382;5;7;63.204;90.520
382;7;5;63.204;93.320
383;5;7;71.138;77.170
383;7;5;71.138;79.970
384;5;8;129.631;85.300
384;8;5;129.631;88.420
385;5;9;79.348;76.980
385;9;5;79.348;82.680
386;5;9;75.188;87.030
386;9;5;75.188;92.730
387;5;9;72.927;86.390
387;9;5;72.927;92.090
388;5;10;48.909;74.680
388;10;5;48.909;80.400
389;5;11;55.054;75.270
389;11;5;55.054;81.100
390;5;11;53.034;83.530
390;11;5;53.034;89.360
391;5;12;48.248;75.680
391;12;5;48.248;82.180
392;5;12;48.749;76.900
392;12;5;48.749;83.400
393;5;12;47.751;82.340
393;12;5;47.751;88.840
394;5;13;72.607;76.480
394;13;5;72.607;84.350
395;5;14;74.997;77.240
395;14;5;74.997;88.940
396;5;15;66.505;84.920
396;15;5;66.505;99.000
397;5;15;65.028;83.640
397;15;5;65.028;97.720
398;5;15;71.326;84.070
398;15;5;71.326;98.150
399;5;16;48.532;83.920
399;16;5;48.532;99.550
400;5;17;71.558;86.340
400;17;5;71.558;102.480
401;5;17;73.932;67.820
401;17;5;73.932;83.960
402;5;17;77.596;66.010
402;17;5;77.596;82.150
403;5;18;79.368;68.330
403;18;5;79.368;84.600
404;5;18;82.936;64.270
404;18;5;82.936;80.540
405;5;19;75.900;79.680
405;19;5;75.900;95.970
406;5;19;74.255;68.350
406;19;5;74.255;84.640
407;5;19;73.169;69.960
407;19;5;73.169;86.250
408;5;20;60.062;79.800
408;20;5;60.062;96.130
409;5;20;57.127;82.470
409;20;5;57.127;98.800
410;5;21;60.035;74.000
410;21;5;60.035;92.240
411;5;22;61.368;78.090
411;22;5;61.368;96.940
412;5;22;63.585;59.800
412;22;5;63.585;78.650
413;5;23;57.681;83.410
413;23;5;57.681;102.270
414;5;23;60.388;66.810
414;23;5;60.388;85.670
415;5;23;55.168;60.490
415;23;5;55.168;79.350
416;5;24;64.252;79.170
416;24;5;64.252;99.930
417;5;25;83.943;59.510
417;25;5;83.943;80.460
418;5;25;85.535;68.330
418;25;5;85.535;89.280
419;5;26;63.879;57.630
419;26;5;63.879;80.640
420;5;27;78.875;66.460
420;27;5;78.875;90.620
421;5;28;111.937;64.740
421;28;5;111.937;88.920
422;5;29;65.863;54.930
422;29;5;65.863;79.240
423;5;29;69.183;66.010
423;29;5;69.183;90.320
424;5;30;67.227;57.640
424;30;5;67.227;82.120
425;5;30;67.240;78.080
425;30;5;67.240;102.560
426;5;31;129.689;75.740
426;31;5;129.689;100.660
427;5;31;143.607;54.460
427;31;5;143.607;79.380
428;5;31;146.546;61.840
428;31;5;146.546;86.760
429;5;32;77.326;62.920
429;32;5;77.326;89.030
430;5;32;76.018;57.030
430;32;5;76.018;83.140
431;5;32;83.873;56.880
431;32;5;83.873;82.990
432;5;33;68.075;56.010
432;33;5;68.075;82.240
433;5;33;63.103;67.130
433;33;5;63.103;93.360
434;5;34;63.528;53.330
434;34;5;63.528;80.040
435;5;34;61.382;63.080
435;34;5;61.382;89.790
436;5;34;59.756;67.590
436;34;5;59.756;94.300
437;5;35;101.894;50.560
437;35;5;101.894;78.410
438;5;36;66.011;51.540
438;36;5;66.011;79.490
439;5;36;64.020;54.660
439;36;5;64.020;82.610
440;5;36;67.388;57.480
440;36;5;67.388;85.430
441;5;37;68.479;65.050
441;37;5;68.479;93.980
442;5;38;91.477;65.490
442;38;5;91.477;94.650
443;5;38;91.336;65.930
443;38;5;91.336;95.090
444;5;38;89.672;60.450
444;38;5;89.672;89.610
445;5;39;26.736;0.830
445;39;5;71.736;78.650
446;5;39;32.122;3.530
446;39;5;77.122;81.350
447;5;39;20.231;16.770
447;39;5;65.231;94.590
448;6;7;70.455;98.130
448;7;6;70.455;99.090
449;6;8;130.837;85.870
449;8;6;130.837;87.150
450;6;8;120.725;89.790
450;8;6;120.725;91.070
451;6;8;147.213;77.630
451;8;6;147.213;78.910
452;6;9;78.502;96.650
452;9;6;78.502;100.510
453;6;9;71.621;79.790
453;9;6;71.621;83.650
454;6;10;49.821;75.090
454;10;6;49.821;78.970
455;6;11;56.138;91.350
455;11;6;56.138;95.340
456;6;11;55.394;86.180
456;11;6;55.394;90.170
457;6;12;49.080;84.230
457;12;6;49.080;88.890
458;6;13;71.162;75.940
458;13;6;71.162;81.970
459;6;14;76.517;84.110
459;14;6;76.517;93.970
460;6;14;73.862;66.860
460;14;6;73.862;76.720
461;6;14;78.330;69.030
461;14;6;78.330;78.890
462;6;15;65.726;78.790
462;15;6;65.726;91.030
463;6;15;61.453;72.630
463;15;6;61.453;84.870
464;6;15;62.397;86.110
464;15;6;62.397;98.350
465;6;16;50.426;75.060
465;16;6;50.426;88.850
466;6;16;50.677;63.060
466;16;6;50.677;76.850
467;6;16;49.348;84.650
467;16;6;49.348;98.440
468;6;17;70.980;82.640
468;17;6;70.980;96.940
469;6;17;67.995;82.220
469;17;6;67.995;96.520
470;6;18;79.163;62.980
470;18;6;79.163;77.410
471;6;18;86.708;82.660
471;18;6;86.708;97.090
472;6;19;74.452;73.530
472;19;6;74.452;87.980
473;6;19;67.723;80.770
473;19;6;67.723;95.220
474;6;19;70.045;79.460
474;19;6;70.045;93.910
475;6;20;61.863;76.560
475;20;6;61.863;91.050
476;6;21;58.601;61.470
476;21;6;58.601;77.870
477;6;22;62.936;60.730
477;22;6;62.936;77.740
478;6;22;64.256;67.250
478;22;6;64.256;84.260
479;6;23;56.061;82.620
479;23;6;56.061;99.640
480;6;23;58.289;66.610
480;23;6;58.289;83.630
481;6;23;53.657;61.310
481;23;6;53.657;78.330
482;6;24;63.311;77.380
482;24;6;63.311;96.300
483;6;25;82.362;81.610
483;25;6;82.362;100.720
484;6;25;77.900;79.300
484;25;6;77.900;98.410
485;6;25;83.178;60.020
485;25;6;83.178;79.130
486;6;26;62.728;70.660
486;26;6;62.728;91.830
487;6;27;77.257;65.180
487;27;6;77.257;87.500
488;6;28;113.717;77.530
488;28;6;113.717;99.870
489;6;28;108.163;65.040
489;28;6;108.163;87.380
490;6;28;101.327;76.070
490;28;6;101.327;98.410
491;6;29;66.734;56.270
491;29;6;66.734;78.740
492;6;29;63.456;76.810
492;29;6;63.456;99.280
493;6;29;62.940;73.020
493;29;6;62.940;95.490
494;6;30;66.465;63.430
494;30;6;66.465;86.070
495;6;30;67.261;69.430
495;30;6;67.261;92.070
496;6;30;61.247;56.040
496;30;6;61.247;78.680
497;6;31;130.443;55.070
497;31;6;130.443;78.150
498;6;31;142.689;53.970
498;31;6;142.689;77.050
499;6;32;77.276;65.820
499;32;6;77.276;90.090
500;6;32;83.920;59.080
500;32;6;83.920;83.350
501;6;32;79.883;61.270
501;32;6;79.883;85.540
502;6;33;67.003;55.950
502;33;6;67.003;80.340
503;6;33;67.566;57.010
503;33;6;67.566;81.400
504;6;33;72.484;64.390
504;33;6;72.484;88.780
505;6;34;62.004;59.040
505;34;6;62.004;83.910
506;6;34;58.553;51.240
506;34;6;58.553;76.110
507;6;34;60.962;54.340
507;34;6;60.962;79.210
508;6;35;103.368;60.090
508;35;6;103.368;86.100
509;6;35;117.917;70.930
509;35;6;117.917;96.940
510;6;36;65.160;69.230
510;36;6;65.160;95.340
511;6;37;67.709;72.370
511;37;6;67.709;99.460
512;6;37;68.087;52.380
512;37;6;68.087;79.470
513;6;38;91.565;59.820
513;38;6;91.565;87.140
514;6;39;24.972;15.200
514;39;6;69.972;91.180
515;6;39;27.215;4.200
515;39;6;72.215;80.180
516;6;39;20.245;17.740
516;39;6;65.245;93.720
517;7;8;136.357;85.240
517;8;7;136.357;85.560
518;7;8;125.855;94.830
518;8;7;125.855;95.150
519;7;8;155.158;84.180
519;8;7;155.158;84.500
520;7;9;103.016;88.480
520;9;7;103.016;91.380
521;7;9;113.646;77.330
521;9;7;113.646;80.230
522;7;9;88.837;88.400
522;9;7;88.837;91.300
523;7;10;71.323;75.870
523;10;7;71.323;78.790
524;7;10;71.369;82.170
524;10;7;71.369;85.090
525;7;10;70.613;95.440
525;10;7;70.613;98.360
526;7;11;73.717;84.160
526;11;7;73.717;87.190
527;7;11;67.307;75.030
527;11;7;67.307;78.060
528;7;12;71.164;77.050
528;12;7;71.164;80.750
529;7;12;72.523;72.250
529;12;7;72.523;75.950
530;7;12;65.964;83.170
530;12;7;65.964;86.870
531;7;13;96.604;70.950
531;13;7;96.604;76.020
532;7;13;89.221;91.550
532;13;7;89.221;96.620
533;7;14;81.911;76.900
533;14;7;81.911;85.800
534;7;14;90.194;67.020
534;14;7;90.194;75.920
535;7;14;73.269;82.990
535;14;7;73.269;91.890
536;7;15;90.195;84.550
536;15;7;90.195;95.830
537;7;15;91.345;65.000
537;15;7;91.345;76.280
538;7;16;67.112;78.680
538;16;7;67.112;91.510
539;7;16;65.136;66.550
539;16;7;65.136;79.380
540;7;16;61.688;63.020
540;16;7;61.688;75.850
541;7;17;94.686;71.820
541;17;7;94.686;85.160
542;7;17;104.417;79.840
542;17;7;104.417;93.180
543;7;17;90.039;77.270
543;17;7;90.039;90.610
544;7;18;100.908;83.870
544;18;7;100.908;97.340
545;7;19;99.891;83.200
545;19;7;99.891;96.690
546;7;20;57.957;66.240
546;20;7;57.957;79.770
547;7;21;84.055;78.130
547;21;7;84.055;93.570
548;7;22;53.703;78.540
548;22;7;53.703;94.590
549;7;23;81.387;67.220
549;23;7;81.387;83.280
550;7;23;85.993;71.880
550;23;7;85.993;87.940
551;7;23;83.152;82.090
551;23;7;83.152;98.150
552;7;24;88.212;64.250
552;24;7;88.212;82.210
553;7;25;94.181;69.910
553;25;7;94.181;88.060
554;7;25;92.121;60.930
554;25;7;92.121;79.080
555;7;26;87.999;62.640
555;26;7;87.999;82.850
556;7;26;81.790;67.150
556;26;7;81.790;87.360
557;7;27;90.491;68.270
557;27;7;90.491;89.630
558;7;27;81.273;75.440
558;27;7;81.273;96.800
559;7;28;91.711;58.120
559;28;7;91.711;79.500
560;7;28;101.792;56.710
560;28;7;101.792;78.090
561;7;28;96.036;55.070
561;28;7;96.036;76.450
562;7;29;82.429;60.350
562;29;7;82.429;81.860
563;7;30;90.875;67.080
563;30;7;90.875;88.760
564;7;31;142.238;65.300
564;31;7;142.238;87.420
565;7;31;131.318;68.010
565;31;7;131.318;90.130
566;7;32;98.228;54.300
566;32;7;98.228;77.610
567;7;33;92.140;70.980
567;33;7;92.140;94.410
568;7;33;103.583;76.580
568;33;7;103.583;100.010
569;7;34;87.406;55.610
569;34;7;87.406;79.520
570;7;34;97.786;74.500
570;34;7;97.786;98.410
571;7;34;78.563;55.510
571;34;7;78.563;79.420
572;7;35;78.148;61.850
572;35;7;78.148;86.900
573;7;36;89.827;73.640
573;36;7;89.827;98.790
574;7;36;98.165;56.580
574;36;7;98.165;81.730
575;7;36;82.753;59.210
575;36;7;82.753;84.360
576;7;37;92.122;54.350
576;37;7;92.122;80.480
577;7;37;84.016;64.820
577;37;7;84.016;90.950
578;7;37;91.494;68.320
578;37;7;91.494;94.450
579;7;38;110.986;54.350
579;38;7;110.986;80.710
580;7;38;110.543;58.390
580;38;7;110.543;84.750
581;7;39;49.508;17.060
581;39;7;94.508;92.080
582;7;39;59.761;19.570
582;39;7;104.761;94.590
583;7;39;60.965;21.680
583;39;7;105.965;96.700
584;8;9;122.822;80.930
584;9;8;122.822;83.510
585;8;10;126.016;89.670
585;10;8;126.016;92.270
586;8;11;119.701;89.880
586;11;8;119.701;92.590
587;8;11;126.107;82.990
587;11;8;126.107;85.700
588;8;12;126.758;95.180
588;12;8;126.758;98.560
589;8;13;133.962;79.160
589;13;8;133.962;83.910
590;8;14;100.850;73.980
590;14;8;100.850;82.560
591;8;15;123.211;88.420
591;15;8;123.211;99.380
592;8;15;122.150;83.150
592;15;8;122.150;94.110
593;8;15;112.519;79.190
593;15;8;112.519;90.150
594;8;16;127.258;81.120
594;16;8;127.258;93.630
595;8;17;119.360;71.020
595;17;8;119.360;84.040
596;8;17;132.903;75.710
596;17;8;132.903;88.730
597;8;17;122.912;66.010
597;17;8;122.912;79.030
598;8;18;111.004;66.830
598;18;8;111.004;79.980
599;8;18;103.358;82.750
599;18;8;103.358;95.900
600;8;18;126.924;64.960
600;18;8;126.924;78.110
601;8;19;135.019;83.210
601;19;8;135.019;96.380
602;8;19;127.546;85.840
602;19;8;127.546;99.010
603;8;19;126.161;84.020
603;19;8;126.161;97.190
604;8;20;125.830;71.110
604;20;8;125.830;84.320
605;8;20;125.395;64.200
605;20;8;125.395;77.410
606;8;20;118.772;62.190
606;20;8;118.772;75.400
607;8;21;131.088;62.320
607;21;8;131.088;77.440
608;8;22;130.388;67.840
608;22;8;130.388;83.570
609;8;22;116.971;75.880
609;22;8;116.971;91.610
610;8;22;135.805;76.630
610;22;8;135.805;92.360
611;8;23;132.714;78.130
611;23;8;132.714;93.870
612;8;24;125.517;71.950
612;24;8;125.517;89.590
613;8;24;132.858;76.750
613;24;8;132.858;94.390
614;8;24;107.886;68.590
614;24;8;107.886;86.230
615;8;25;167.224;65.570
615;25;8;167.224;83.400
616;8;25;190.415;67.050
616;25;8;190.415;84.880
617;8;26;127.997;66.610
617;26;8;127.997;86.500
618;8;26;141.850;67.000
618;26;8;141.850;86.890
619;8;26;143.575;55.580
619;26;8;143.575;75.470
620;8;27;161.972;60.990
620;27;8;161.972;82.030
621;8;27;187.211;60.800
621;27;8;187.211;81.840
622;8;27;138.950;68.510
622;27;8;138.950;89.550
623;8;28;134.770;64.670
623;28;8;134.770;85.730
624;8;28;128.664;69.120
624;28;8;128.664;90.180
625;8;29;109.575;77.380
625;29;8;109.575;98.570
626;8;29;119.896;55.230
626;29;8;119.896;76.420
627;8;29;111.386;74.390
627;29;8;111.386;95.580
628;8;30;122.853;72.980
628;30;8;122.853;94.340
629;8;31;68.740;54.210
629;31;8;68.740;76.010
630;8;31;64.691;77.520
630;31;8;64.691;99.320
631;8;31;67.005;70.710
631;31;8;67.005;92.510
632;8;32;109.423;74.520
632;32;8;109.423;97.510
633;8;32;121.972;52.640
633;32;8;121.972;75.630
634;8;33;126.894;74.490
634;33;8;126.894;97.600
635;8;33;109.855;67.570
635;33;8;109.855;90.680
636;8;33;114.581;72.750
636;33;8;114.581;95.860
637;8;34;132.948;75.740
637;34;8;132.948;99.330
638;8;34;117.003;72.020
638;34;8;117.003;95.610
639;8;34;111.665;56.430
639;34;8;111.665;80.020
640;8;35;147.506;56.980
640;35;8;147.506;81.710
641;8;35;153.990;64.590
641;35;8;153.990;89.320
642;8;35;126.676;61.410
642;35;8;126.676;86.140
643;8;36;124.166;56.830
643;36;8;124.166;81.660
644;8;37;122.704;65.330
644;37;8;122.704;91.140
645;8;38;100.480;67.710
645;38;8;100.480;93.750
646;8;38;113.376;62.440
646;38;8;113.376;88.480
647;8;39;96.367;17.400
647;39;8;141.367;92.100
648;9;10;76.705;94.630
648;10;9;76.705;94.650
649;9;11;75.314;75.600
649;11;9;75.314;75.730
650;9;11;74.125;84.920
650;11;9;74.125;85.050
651;9;11;70.652;93.290
651;11;9;70.652;93.420
652;9;12;76.911;87.760
652;12;9;76.911;88.560
653;9;12;84.230;74.600
653;12;9;84.230;75.400
654;9;13;59.020;73.220
654;13;9;59.020;75.390
655;9;14;86.520;66.600
655;14;9;86.520;72.600
656;9;14;88.536;84.910
656;14;9;88.536;90.910
657;9;14;80.733;75.640
657;14;9;80.733;81.640
658;9;15;57.858;65.060
658;15;9;57.858;73.440
659;9;15;56.714;78.100
659;15;9;56.714;86.480
660;9;16;80.915;77.200
660;16;9;80.915;87.130
661;9;17;53.905;72.890
661;17;9;53.905;83.330
662;9;17;52.825;62.600
662;17;9;52.825;73.040
663;9;17;52.845;73.920
663;17;9;52.845;84.360
664;9;18;57.000;68.890
664;18;9;57.000;79.460
665;9;18;59.479;63.960
665;18;9;59.479;74.530
666;9;18;59.730;67.000
666;18;9;59.730;77.570
667;9;19;58.441;84.410
667;19;9;58.441;95.000
668;9;19;55.359;64.060
668;19;9;55.359;74.650
669;9;19;57.349;80.160
669;19;9;57.349;90.750
670;9;20;91.542;78.140
670;20;9;91.542;88.770
671;9;20;84.854;72.060
671;20;9;84.854;82.690
672;9;20;83.777;63.230
672;20;9;83.777;73.860
673;9;21;66.444;63.820
673;21;9;66.444;76.360
674;9;21;68.506;67.240
674;21;9;68.506;79.780
675;9;21;66.590;75.590
675;21;9;66.590;88.130
676;9;22;94.578;62.960
676;22;9;94.578;76.110
677;9;22;86.845;71.420
677;22;9;86.845;84.570
678;9;22;86.189;77.020
678;22;9;86.189;90.170
679;9;23;69.713;69.380
679;23;9;69.713;82.540
680;9;23;65.571;76.660
680;23;9;65.571;89.820
681;9;24;60.221;61.340
681;24;9;60.221;76.400
682;9;25;99.080;81.450
682;25;9;99.080;96.700
683;9;26;61.327;62.160
683;26;9;61.327;79.470
684;9;26;61.201;67.120
684;26;9;61.201;84.430
685;9;26;62.260;63.240
685;26;9;62.260;80.550
686;9;27;94.368;73.200
686;27;9;94.368;91.660
687;9;27;101.483;75.840
687;27;9;101.483;94.300
688;9;27;89.243;58.340
688;27;9;89.243;76.800
689;9;28;140.389;66.380
689;28;9;140.389;84.860
690;9;28;157.105;69.650
690;28;9;157.105;88.130
691;9;29;72.411;61.510
691;29;9;72.411;80.120
692;9;30;57.156;74.640
692;30;9;57.156;93.420
693;9;30;55.957;60.850
693;30;9;55.957;79.630
694;9;31;113.332;67.570
694;31;9;113.332;86.790
695;9;31;98.701;62.900
695;31;9;98.701;82.120
696;9;32;59.400;75.650
696;32;9;59.400;96.060
697;9;33;57.019;72.290
697;33;9;57.019;92.820
698;9;33;56.131;54.000
698;33;9;56.131;74.530
699;9;33;55.180;56.560
699;33;9;55.180;77.090
700;9;34;64.811;62.150
700;34;9;64.811;83.160
701;9;34;62.061;74.100
701;34;9;62.061;95.110
702;9;35;134.595;58.870
702;35;9;134.595;81.020
703;9;35;152.591;52.520
703;35;9;152.591;74.670
704;9;35;137.745;69.380
704;35;9;137.745;91.530
705;9;36;58.347;50.550
705;36;9;58.347;72.800
706;9;36;57.991;63.020
706;36;9;57.991;85.270
707;9;36;57.657;52.650
707;36;9;57.657;74.900
708;9;37;55.905;63.800
708;37;9;55.905;87.030
709;9;38;68.621;70.220
709;38;9;68.621;93.680
710;9;38;67.307;55.900
710;38;9;67.307;79.360
711;9;39;22.688;7.480
711;39;9;67.688;79.600
712;9;39;26.600;13.570
712;39;9;71.600;85.690
713;9;39;17.117;20.310
713;39;9;62.117;92.430
714;10;11;51.317;95.650
714;11;10;51.317;95.760
715;10;11;52.571;79.530
715;11;10;52.571;79.640
716;10;12;45.742;75.730
716;12;10;45.742;76.510
717;10;12;45.622;89.430
717;12;10;45.622;90.210
718;10;13;71.395;84.260
718;13;10;71.395;86.410
719;10;13;75.475;84.270
719;13;10;75.475;86.420
720;10;14;71.892;83.420
720;14;10;71.892;89.400
721;10;14;76.363;69.610
721;14;10;76.363;75.590
722;10;14;76.204;75.410
722;14;10;76.204;81.390
723;10;15;63.873;80.480
723;15;10;63.873;88.840
724;10;15;64.685;81.070
724;15;10;64.685;89.430
725;10;16;49.211;77.470
725;16;10;49.211;87.380
726;10;16;49.095;75.540
726;16;10;49.095;85.450
727;10;17;68.546;81.040
727;17;10;68.546;91.460
728;10;17;68.516;69.190
728;17;10;68.516;79.610
729;10;18;75.866;85.630
729;18;10;75.866;96.180
730;10;18;76.178;83.730
730;18;10;76.178;94.280
731;10;18;72.757;69.580
731;18;10;72.757;80.130
732;10;19;74.659;71.950
732;19;10;74.659;82.520
733;10;20;60.707;71.340
733;20;10;60.707;81.950
734;10;20;60.410;61.920
734;20;10;60.410;72.530
735;10;20;58.474;79.930
735;20;10;58.474;90.540
736;10;21;59.092;68.840
736;21;10;59.092;81.360
737;10;21;58.775;68.130
737;21;10;58.775;80.650
738;10;22;63.021;63.820
738;22;10;63.021;76.950
739;10;23;57.476;78.260
739;23;10;57.476;91.400
740;10;24;61.968;71.510
740;24;10;61.968;86.550
741;10;25;87.008;75.210
741;25;10;87.008;90.440
742;10;25;80.724;75.720
742;25;10;80.724;90.950
743;10;26;62.054;68.470
743;26;10;62.054;85.760
744;10;26;59.047;59.380
744;26;10;59.047;76.670
745;10;26;60.524;61.830
745;26;10;60.524;79.120
746;10;27;81.860;59.270
746;27;10;81.860;77.710
747;10;28;112.282;61.470
747;28;10;112.282;79.930
748;10;28;122.289;56.340
748;28;10;122.289;74.800
749;10;28;107.620;54.580
749;28;10;107.620;73.040
750;10;29;62.000;63.550
750;29;10;62.000;82.140
751;10;30;64.555;65.590
751;30;10;64.555;84.350
752;10;31;125.801;72.650
752;31;10;125.801;91.850
753;10;31;129.981;61.980
753;31;10;129.981;81.180
754;10;31;108.339;76.660
754;31;10;108.339;95.860
755;10;32;73.693;56.890
755;32;10;73.693;77.280
756;10;32;77.664;54.060
756;32;10;77.664;74.450
757;10;33;65.987;58.470
757;33;10;65.987;78.980
758;10;33;64.763;58.500
758;33;10;64.763;79.010
759;10;33;71.099;58.560
759;33;10;71.099;79.070
760;10;34;62.738;68.970
760;34;10;62.738;89.960
761;10;34;66.897;58.400
761;34;10;66.897;79.390
762;10;34;60.956;54.350
762;34;10;60.956;75.340
763;10;35;103.500;59.240
763;35;10;103.500;81.370
764;10;36;63.515;65.900
764;36;10;63.515;88.130
765;10;37;65.804;65.990
765;37;10;65.804;89.200
766;10;38;87.726;64.060
766;38;10;87.726;87.500
767;10;38;91.646;69.570
767;38;10;91.646;93.010
768;10;39;26.770;8.370
768;39;10;71.770;80.470
769;10;39;29.996;10.190
769;39;10;74.996;82.290
770;11;12;52.058;74.030
770;12;11;52.058;74.700
771;11;12;53.064;89.910
771;12;11;53.064;90.580
772;11;12;52.087;95.370
772;12;11;52.087;96.040
773;11;13;72.936;86.170
773;13;11;72.936;88.210
774;11;14;65.984;85.180
774;14;11;65.984;91.050
775;11;15;63.125;87.780
775;15;11;63.125;96.030
776;11;15;62.621;71.450
776;15;11;62.621;79.700
777;11;15;66.863;64.550
777;15;11;66.863;72.800
778;11;16;53.554;65.680
778;16;11;53.554;75.480
779;11;16;53.107;81.120
779;16;11;53.107;90.920
780;11;17;66.555;78.220
780;17;11;66.555;88.530
781;11;17;63.425;72.010
781;17;11;63.425;82.320
782;11;17;65.328;66.260
782;17;11;65.328;76.570
783;11;18;72.199;72.570
783;18;11;72.199;83.010
784;11;18;78.965;75.810
784;18;11;78.965;86.250
785;11;19;76.032;71.080
785;19;11;76.032;81.540
786;11;19;76.864;74.280
786;19;11;76.864;84.740
787;11;20;61.410;73.270
787;20;11;61.410;83.770
788;11;21;61.893;74.460
788;21;11;61.893;86.870
789;11;21;61.541;82.000
789;21;11;61.541;94.410
790;11;21;65.041;64.960
790;21;11;65.041;77.370
791;11;22;65.023;61.070
791;22;11;65.023;74.090
792;11;22;68.327;79.880
792;22;11;68.327;92.900
793;11;23;61.387;80.290
793;23;11;61.387;93.320
794;11;23;61.263;64.080
794;23;11;61.263;77.110
795;11;24;62.161;68.410
795;24;11;62.161;83.340
796;11;24;65.947;80.860
796;24;11;65.947;95.790
797;11;24;58.996;66.920
797;24;11;58.996;81.850
798;11;25;93.137;65.500
798;25;11;93.137;80.620
799;11;25;95.229;70.330
799;25;11;95.229;85.450
800;11;26;63.132;78.880
800;26;11;63.132;96.060
801;11;26;62.027;68.160
801;26;11;62.027;85.340
802;11;27;87.953;53.840
802;27;11;87.953;72.170
803;11;27;80.020;60.110
803;27;11;80.020;78.440
804;11;27;85.272;76.200
804;27;11;85.272;94.530
805;11;28;110.940;57.960
805;28;11;110.940;76.310
806;11;28;114.234;63.750
806;28;11;114.234;82.100
807;11;28;113.236;57.630
807;28;11;113.236;75.980
808;11;29;55.896;54.060
808;29;11;55.896;72.540
809;11;29;54.868;59.160
809;29;11;54.868;77.640
810;11;29;57.328;68.840
810;29;11;57.328;87.320
811;11;30;63.660;58.470
811;30;11;63.660;77.120
812;11;30;67.072;54.500
812;30;11;67.072;73.150
813;11;30;60.519;63.990
813;30;11;60.519;82.640
814;11;31;119.737;53.500
814;31;11;119.737;72.590
815;11;31;117.787;73.530
815;31;11;117.787;92.620
816;11;32;69.601;69.580
816;32;11;69.601;89.860
817;11;33;66.248;67.120
817;33;11;66.248;87.520
818;11;33;64.585;52.000
818;33;11;64.585;72.400
819;11;34;65.413;61.060
819;34;11;65.413;81.940
820;11;34;65.545;58.790
820;34;11;65.545;79.670
821;11;35;104.320;62.190
821;35;11;104.320;84.210
822;11;36;63.109;58.380
822;36;11;63.109;80.500
823;11;36;60.017;70.460
823;36;11;60.017;92.580
824;11;37;64.813;54.600
824;37;11;64.813;77.700
825;11;38;82.998;58.870
825;38;11;82.998;82.200
826;11;38;90.650;67.750
826;38;11;90.650;91.080
827;11;39;30.107;13.650
827;39;11;75.107;85.640
828;12;13;71.270;87.190
828;13;12;71.270;88.560
829;12;13;75.168;83.470
829;13;12;75.168;84.840
830;12;14;72.608;76.350
830;14;12;72.608;81.550
831;12;15;64.060;79.310
831;15;12;64.060;86.890
832;12;15;67.507;74.910
832;15;12;67.507;82.490
833;12;16;49.095;77.750
833;16;12;49.095;86.880
834;12;16;49.513;64.820
834;16;12;49.513;73.950
835;12;16;48.978;66.450
835;16;12;48.978;75.580
836;12;17;68.844;85.540
836;17;12;68.844;95.180
837;12;17;70.120;68.270
837;17;12;70.120;77.910
838;12;17;64.327;67.480
838;17;12;64.327;77.120
839;12;18;76.323;83.060
839;18;12;76.323;92.830
840;12;19;74.545;66.450
840;19;12;74.545;76.240
841;12;20;60.826;81.480
841;20;12;60.826;91.310
842;12;20;61.682;68.070
842;20;12;61.682;77.900
843;12;21;58.879;72.430
843;21;12;58.879;84.170
844;12;22;62.955;79.100
844;22;12;62.955;91.450
845;12;22;59.368;78.290
845;22;12;59.368;90.640
846;12;23;57.117;70.270
846;23;12;57.117;82.630
847;12;23;58.713;61.810
847;23;12;58.713;74.170
848;12;24;62.062;78.670
848;24;12;62.062;92.930
849;12;24;62.044;61.410
849;24;12;62.044;75.670
850;12;25;86.284;61.710
850;25;12;86.284;76.160
851;12;26;62.040;77.260
851;26;12;62.040;93.770
852;12;26;61.625;57.810
852;26;12;61.625;74.320
853;12;27;81.140;73.230
853;27;12;81.140;90.890
854;12;27;76.837;67.850
854;27;12;76.837;85.510
855;12;27;86.021;57.530
855;27;12;86.021;75.190
856;12;28;112.512;72.380
856;28;12;112.512;90.060
857;12;28;118.857;77.810
857;28;12;118.857;95.490
858;12;29;62.719;70.960
858;29;12;62.719;88.770
859;12;29;59.428;64.960
859;29;12;59.428;82.770
860;12;29;62.827;61.710
860;29;12;62.827;79.520
861;12;30;64.755;59.270
861;30;12;64.755;77.250
862;12;31;126.504;57.120
862;31;12;126.504;75.540
863;12;31;143.894;71.550
863;31;12;143.894;89.970
864;12;31;133.005;66.850
864;31;12;133.005;85.270
865;12;32;74.198;63.070
865;32;12;74.198;82.680
866;12;32;79.526;53.870
866;32;12;79.526;73.480
867;12;32;68.452;58.880
867;32;12;68.452;78.490
868;12;33;66.044;73.060
868;33;12;66.044;92.790
869;12;33;69.589;53.880
869;33;12;69.589;73.610
870;12;33;66.653;66.100
870;33;12;66.653;85.830
871;12;34;62.511;74.320
871;34;12;62.511;94.530
872;12;34;65.023;75.140
872;34;12;65.023;95.350
873;12;34;61.545;54.580
873;34;12;61.545;74.790
874;12;35;103.486;52.500
874;35;12;103.486;73.850
875;12;35;100.656;59.090
875;35;12;100.656;80.440
876;12;35;92.348;50.480
876;35;12;92.348;71.830
877;12;36;63.666;64.420
877;36;12;63.666;85.870
878;12;36;62.625;71.960
878;36;12;62.625;93.410
879;12;36;63.656;56.790
879;36;12;63.656;78.240
880;12;37;66.006;57.920
880;37;12;66.006;80.350
881;12;38;88.283;51.160
881;38;12;88.283;73.820
882;12;38;78.592;66.930
882;38;12;78.592;89.590
883;12;39;26.416;8.680
883;39;12;71.416;80.000
884;13;14;90.133;90.290
884;14;13;90.133;94.120
885;13;14;83.577;67.550
885;14;13;83.577;71.380
886;13;14;88.574;84.910
886;14;13;88.574;88.740
887;13;15;56.952;75.090
887;15;13;56.952;81.300
888;13;16;75.277;67.330
888;16;13;75.277;75.090
889;13;16;80.739;76.500
889;16;13;80.739;84.260
890;13;17;59.610;69.590
890;17;13;59.610;77.860
891;13;18;68.636;71.080
891;18;13;68.636;79.480
892;13;18;67.153;69.390
892;18;13;67.153;77.790
893;13;18;69.818;76.070
893;18;13;69.818;84.470
894;13;19;48.293;80.790
894;19;13;48.293;89.210
895;13;19;47.739;72.160
895;19;13;47.739;80.580
896;13;19;48.580;82.820
896;19;13;48.580;91.240
897;13;20;87.092;81.160
897;20;13;87.092;89.620
898;13;20;93.730;69.190
898;20;13;93.730;77.650
899;13;21;57.574;60.650
899;21;13;57.574;71.020
900;13;21;55.479;77.230
900;21;13;55.479;87.600
901;13;21;58.446;82.530
901;21;13;58.446;92.900
902;13;22;88.961;76.810
902;22;13;88.961;87.790
903;13;22;84.235;68.330
903;22;13;84.235;79.310
904;13;22;94.263;70.170
904;22;13;94.263;81.150
905;13;23;60.282;79.890
905;23;13;60.282;90.880
906;13;23;58.214;77.870
906;23;13;58.214;88.860
907;13;24;56.214;72.110
907;24;13;56.214;85.000
908;13;25;85.119;64.360
908;25;13;85.119;77.440
909;13;26;54.808;78.420
909;26;13;54.808;93.560
910;13;26;53.509;58.090
910;26;13;53.509;73.230
911;13;27;80.498;76.260
911;27;13;80.498;92.550
912;13;27;78.156;61.980
912;27;13;78.156;78.270
913;13;28;138.521;61.890
913;28;13;138.521;78.200
914;13;29;75.300;67.170
914;29;13;75.300;83.610
915;13;29;79.913;65.970
915;29;13;79.913;82.410
916;13;30;56.984;57.090
916;30;13;56.984;73.700
917;13;31;126.402;71.040
917;31;13;126.402;88.090
918;13;31;113.486;72.250
918;31;13;113.486;89.300
919;13;32;69.630;52.540
919;32;13;69.630;70.780
920;13;32;72.943;67.320
920;32;13;72.943;85.560
921;13;33;52.829;59.300
921;33;13;52.829;77.660
922;13;33;53.682;53.650
922;33;13;53.682;72.010
923;13;34;54.237;64.830
923;34;13;54.237;83.670
924;13;35;129.500;69.920
924;35;13;129.500;89.900
925;13;35;134.826;70.770
925;35;13;134.826;90.750
926;13;35;146.175;57.200
926;35;13;146.175;77.180
927;13;36;56.296;50.590
927;36;13;56.296;70.670
928;13;36;56.904;69.280
928;36;13;56.904;89.360
929;13;37;56.693;71.750
929;37;13;56.693;92.810
930;13;37;56.635;50.990
930;37;13;56.635;72.050
931;13;38;81.838;48.710
931;38;13;81.838;70.000
932;13;38;89.110;52.070
932;38;13;89.110;73.360
933;13;38;83.664;49.110
933;38;13;83.664;70.400
934;13;39;8.671;22.530
934;39;13;53.671;92.480
935;13;39;8.033;18.400
935;39;13;53.033;88.350
936;13;39;9.780;6.420
936;39;13;54.780;76.370
937;14;15;78.322;66.310
937;15;14;78.322;68.690
938;14;16;72.129;64.960
938;16;14;72.129;68.890
939;14;17;78.306;73.910
939;17;14;78.306;78.350
940;14;17;76.220;69.020
940;17;14;76.220;73.460
941;14;18;77.378;80.300
941;18;14;77.378;84.870
942;14;18;78.738;70.380
942;18;14;78.738;74.950
943;14;19;92.682;71.980
943;19;14;92.682;76.570
944;14;19;85.747;63.930
944;19;14;85.747;68.520
945;14;19;96.243;61.750
945;19;14;96.243;66.340
946;14;20;70.235;69.230
946;20;14;70.235;73.860
947;14;21;81.604;77.390
947;21;14;81.604;83.930
948;14;22;74.925;72.890
948;22;14;74.925;80.040
949;14;23;81.875;59.340
949;23;14;81.875;66.500
950;14;23;76.629;82.750
950;23;14;76.629;89.910
951;14;24;79.030;73.760
951;24;14;79.030;82.820
952;14;25;113.875;66.680
952;25;14;113.875;75.930
953;14;26;80.952;78.100
953;26;14;80.952;89.410
954;14;26;81.470;58.170
954;26;14;81.470;69.480
955;14;27;108.746;74.300
955;27;14;108.746;86.760
956;14;27;115.547;76.620
956;27;14;115.547;89.080
957;14;27;99.480;60.070
957;27;14;99.480;72.530
958;14;28;102.209;54.060
958;28;14;102.209;66.540
959;14;29;59.867;77.440
959;29;14;59.867;90.050
960;14;30;78.457;75.880
960;30;14;78.457;88.660
961;14;30;71.931;54.370
961;30;14;71.931;67.150
962;14;31;105.354;70.990
962;31;14;105.354;84.210
963;14;31;100.050;74.060
963;31;14;100.050;87.280
964;14;32;74.022;51.930
964;32;14;74.022;66.340
965;14;32;71.999;58.340
965;32;14;71.999;72.750
966;14;32;72.974;67.150
966;32;14;72.974;81.560
967;14;33;82.382;66.310
967;33;14;82.382;80.840
968;14;33;81.456;64.660
968;33;14;81.456;79.190
969;14;34;84.694;67.130
969;34;14;84.694;82.140
970;14;34;81.115;55.080
970;34;14;81.115;70.090
971;14;35;103.258;65.750
971;35;14;103.258;81.900
972;14;35;105.297;63.530
972;35;14;105.297;79.680
973;14;35;111.786;63.400
973;35;14;111.786;79.550
974;14;36;78.868;55.860
974;36;14;78.868;72.110
975;14;36;79.253;53.020
975;36;14;79.253;69.270
976;14;36;72.624;73.810
976;36;14;72.624;90.060
977;14;37;79.129;62.380
977;37;14;79.129;79.610
978;14;37;85.618;51.240
978;37;14;85.618;68.470
979;14;37;78.056;67.180
979;37;14;78.056;84.410
980;14;38;80.955;53.800
980;38;14;80.955;71.260
981;14;38;79.391;56.280
981;38;14;79.391;73.740
982;14;39;49.491;4.080
982;39;14;94.491;70.200
983;15;16;68.084;84.470
983;16;15;68.084;86.020
984;15;17;50.808;69.510
984;17;15;50.808;71.570
985;15;18;60.628;82.740
985;18;15;60.628;84.930
986;15;19;59.361;82.550
986;19;15;59.361;84.760
987;15;20;78.979;71.170
987;20;15;78.979;73.420
988;15;20;85.607;71.930
988;20;15;85.607;74.180
989;15;21;55.118;75.090
989;21;15;55.118;79.250
990;15;21;53.297;77.460
990;21;15;53.297;81.620
991;15;21;57.112;80.340
991;21;15;57.112;84.500
992;15;22;81.819;77.130
992;22;15;81.819;81.900
993;15;23;58.165;70.250
993;23;15;58.165;75.030
994;15;23;59.855;82.130
994;23;15;59.855;86.910
995;15;24;48.022;82.000
995;24;15;48.022;88.680
996;15;24;48.576;76.330
996;24;15;48.576;83.010
997;15;25;91.480;76.900
997;25;15;91.480;83.770
998;15;25;85.829;79.730
998;25;15;85.829;86.600
999;15;26;50.294;70.930
999;26;15;50.294;79.860
1000;15;26;49.048;79.290
1000;26;15;49.048;88.220
1001;15;27;86.380;55.070
1001;27;15;86.380;65.150
1002;15;27;77.040;63.880
1002;27;15;77.040;73.960
1003;15;27;80.332;55.310
1003;27;15;80.332;65.390
1004;15;28;128.972;69.380
1004;28;15;128.972;79.480
1005;15;28;147.489;60.910
1005;28;15;147.489;71.010
1006;15;28;129.890;65.250
1006;28;15;129.890;75.350
1007;15;29;63.455;56.660
1007;29;15;63.455;66.890
1008;15;29;65.024;71.830
1008;29;15;65.024;82.060
1009;15;29;64.456;71.250
1009;29;15;64.456;81.480
1010;15;30;45.760;72.960
1010;30;15;45.760;83.360
1011;15;30;45.649;53.680
1011;30;15;45.649;64.080
1012;15;31;117.557;54.540
1012;31;15;117.557;65.380
1013;15;32;60.208;75.310
1013;32;15;60.208;87.340
1014;15;32;60.633;74.770
1014;32;15;60.633;86.800
1015;15;33;49.123;70.560
1015;33;15;49.123;82.710
1016;15;33;49.211;65.970
1016;33;15;49.211;78.120
1017;15;34;55.322;63.000
1017;34;15;55.322;75.630
1018;15;34;53.326;67.000
1018;34;15;53.326;79.630
1019;15;34;55.209;66.800
1019;34;15;55.209;79.430
1020;15;35;122.057;56.590
1020;35;15;122.057;70.360
1021;15;36;46.018;55.510
1021;36;15;46.018;69.380
1022;15;36;46.072;72.670
1022;36;15;46.072;86.540
1023;15;36;46.265;65.300
1023;36;15;46.265;79.170
1024;15;37;46.983;68.320
1024;37;15;46.983;83.170
1025;15;38;74.303;70.280
1025;38;15;74.303;85.360
1026;15;39;18.196;24.900
1026;39;15;63.196;88.640
1027;15;39;22.126;23.840
1027;39;15;67.126;87.580
1028;15;39;18.169;6.770
1028;39;15;63.169;70.510
1029;16;17;72.714;83.910
1029;17;16;72.714;84.420
1030;16;18;79.770;71.450
1030;18;16;79.770;72.090
1031;16;19;78.559;76.910
1031;19;16;78.559;77.570
1032;16;19;86.507;65.510
1032;19;16;86.507;66.170
1033;16;20;56.906;86.280
1033;20;16;56.906;86.980
1034;16;20;59.485;82.930
1034;20;16;59.485;83.630
1035;16;21;62.796;77.180
1035;21;16;62.796;79.790
1036;16;21;60.266;67.890
1036;21;16;60.266;70.500
1037;16;22;58.861;79.140
1037;22;16;58.861;82.360
1038;16;22;58.320;59.790
1038;22;16;58.320;63.010
1039;16;23;60.757;77.630
1039;23;16;60.757;80.860
1040;16;23;60.359;62.690
1040;23;16;60.359;65.920
1041;16;24;66.146;76.530
1041;24;16;66.146;81.660
1042;16;24;63.083;61.200
1042;24;16;63.083;66.330
1043;16;25;87.077;79.340
1043;25;16;87.077;84.660
1044;16;25;92.467;65.190
1044;25;16;92.467;70.510
1045;16;25;94.695;76.440
1045;25;16;94.695;81.760
1046;16;26;66.127;71.980
1046;26;16;66.127;79.360
1047;16;26;69.303;76.320
1047;26;16;69.303;83.700
1048;16;27;82.071;57.040
1048;27;16;82.071;65.570
1049;16;27;85.770;61.790
1049;27;16;85.770;70.320
1050;16;27;72.959;67.200
1050;27;16;72.959;75.730
1051;16;28;108.744;66.730
1051;28;16;108.744;75.280
1052;16;28;94.835;68.420
1052;28;16;94.835;76.970
1053;16;29;64.386;56.960
1053;29;16;64.386;65.640
1054;16;29;66.494;71.350
1054;29;16;66.494;80.030
1055;16;29;60.573;77.040
1055;29;16;60.573;85.720
1056;16;30;68.766;58.100
1056;30;16;68.766;66.950
1057;16;30;74.315;76.380
1057;30;16;74.315;85.230
1058;16;31;128.146;61.210
1058;31;16;128.146;70.500
1059;16;31;133.400;53.710
1059;31;16;133.400;63.000
1060;16;32;77.459;76.240
1060;32;16;77.459;86.720
1061;16;32;72.774;54.090
1061;32;16;72.774;64.570
1062;16;33;70.137;76.150
1062;33;16;70.137;86.750
1063;16;33;73.460;75.450
1063;33;16;73.460;86.050
1064;16;34;66.391;55.630
1064;34;16;66.391;66.710
1065;16;34;64.765;66.170
1065;34;16;64.765;77.250
1066;16;35;99.398;54.930
1066;35;16;99.398;67.150
1067;16;35;99.833;74.200
1067;35;16;99.833;86.420
1068;16;36;67.720;53.590
1068;36;16;67.720;65.910
1069;16;36;70.337;63.600
1069;36;16;70.337;75.920
1070;16;37;70.015;51.210
1070;37;16;70.015;64.510
1071;16;38;91.263;67.650
1071;38;16;91.263;81.180
1072;16;38;87.760;57.630
1072;38;16;87.760;71.160
1073;16;39;29.975;6.490
1073;39;16;74.975;68.680
1074;16;39;30.735;4.800
1074;39;16;75.735;66.990
1075;16;39;31.900;1.680
1075;39;16;76.900;63.870
1076;17;18;55.018;82.100
1076;18;17;55.018;82.230
1077;17;18;54.968;63.600
1077;18;17;54.968;63.730
1078;17;19;61.005;78.920
1078;19;17;61.005;79.070
1079;17;20;82.895;63.790
1079;20;17;82.895;63.980
1080;17;21;60.908;78.230
1080;21;17;60.908;80.330
1081;17;22;86.135;61.080
1081;22;17;86.135;63.790
1082;17;22;76.504;68.570
1082;22;17;76.504;71.280
1083;17;22;92.331;83.640
1083;22;17;92.331;86.350
1084;17;23;63.973;67.350
1084;23;17;63.973;70.070
1085;17;23;64.161;61.310
1085;23;17;64.161;64.030
1086;17;24;53.820;78.950
1086;24;17;53.820;83.570
1087;17;24;55.020;67.460
1087;24;17;55.020;72.080
1088;17;24;55.018;62.010
1088;24;17;55.018;66.630
1089;17;25;96.868;65.330
1089;25;17;96.868;70.140
1090;17;26;55.920;59.500
1090;26;17;55.920;66.370
1091;17;26;57.319;78.570
1091;26;17;57.319;85.440
1092;17;27;91.830;54.480
1092;27;17;91.830;62.500
1093;17;27;91.169;65.940
1093;27;17;91.169;73.960
1094;17;28;131.494;63.500
1094;28;17;131.494;71.540
1095;17;28;150.418;63.510
1095;28;17;150.418;71.550
1096;17;29;63.804;74.460
1096;29;17;63.804;82.630
1097;17;29;59.442;64.120
1097;29;17;59.442;72.290
1098;17;29;68.410;73.820
1098;29;17;68.410;81.990
1099;17;30;50.077;73.600
1099;30;17;50.077;81.940
1100;17;31;112.550;64.380
1100;31;17;112.550;73.160
1101;17;31;101.628;63.960
1101;31;17;101.628;72.740
1102;17;31;118.000;71.770
1102;31;17;118.000;80.550
1103;17;32;55.203;58.210
1103;32;17;55.203;68.180
1104;17;32;54.821;74.840
1104;32;17;54.821;84.810
1105;17;32;54.482;52.550
1105;32;17;54.482;62.520
1106;17;33;52.984;73.250
1106;33;17;52.984;83.340
1107;17;33;53.381;53.370
1107;33;17;53.381;63.460
1108;17;34;60.741;53.330
1108;34;17;60.741;63.900
1109;17;35;125.874;51.840
1109;35;17;125.874;63.550
1110;17;35;129.799;59.900
1110;35;17;129.799;71.610
1111;17;35;108.778;70.540
1111;35;17;108.778;82.250
1112;17;36;51.734;53.140
1112;36;17;51.734;64.950
1113;17;36;52.416;67.690
1113;36;17;52.416;79.500
1114;17;36;53.106;73.180
1114;36;17;53.106;84.990
1115;17;37;49.155;49.360
1115;37;17;49.155;62.150
1116;17;37;49.404;49.630
1116;37;17;49.404;62.420
1117;17;37;48.721;53.280
1117;37;17;48.721;66.070
1118;17;38;68.744;72.650
1118;38;17;68.744;85.670
1119;17;39;22.308;14.250
1119;39;17;67.308;75.930
1120;17;39;25.866;13.340
1120;39;17;70.866;75.020
1121;18;19;69.198;64.100
1121;19;18;69.198;64.120
1122;18;19;69.599;69.350
1122;19;18;69.599;69.370
1123;18;19;73.739;63.410
1123;19;18;73.739;63.430
1124;18;20;88.358;67.500
1124;20;18;88.358;67.560
1125;18;20;78.110;82.210
1125;20;18;78.110;82.270
1126;18;20;97.812;71.590
1126;20;18;97.812;71.650
1127;18;21;70.710;71.230
1127;21;18;70.710;73.200
1128;18;21;64.907;68.730
1128;21;18;64.907;70.700
1129;18;21;67.726;84.560
1129;21;18;67.726;86.530
1130;18;22;92.207;72.080
1130;22;18;92.207;74.660
1131;18;23;73.634;65.410
1131;23;18;73.634;68.000
1132;18;24;63.636;59.450
1132;24;18;63.636;63.940
1133;18;25;106.881;68.220
1133;25;18;106.881;72.900
1134;18;26;65.875;64.500
1134;26;18;65.875;71.240
1135;18;26;68.912;72.750
1135;26;18;68.912;79.490
1136;18;26;64.389;55.170
1136;26;18;64.389;61.910
1137;18;27;101.848;65.600
1137;27;18;101.848;73.490
1138;18;27;101.008;59.090
1138;27;18;101.008;66.980
1139;18;27;109.542;69.760
1139;27;18;109.542;77.650
1140;18;28;133.556;71.760
1140;28;18;133.556;79.670
1141;18;28;128.157;67.940
1141;28;18;128.157;75.850
1142;18;28;136.577;77.690
1142;28;18;136.577;85.600
1143;18;29;65.283;66.410
1143;29;18;65.283;74.450
1144;18;29;60.365;67.640
1144;29;18;60.365;75.680
1145;18;29;60.747;70.070
1145;29;18;60.747;78.110
1146;18;30;59.954;70.440
1146;30;18;59.954;78.650
1147;18;30;57.008;64.260
1147;30;18;57.008;72.470
1148;18;30;59.742;67.300
1148;30;18;59.742;75.510
1149;18;31;102.824;76.810
1149;31;18;102.824;85.460
1150;18;32;48.361;61.150
1150;32;18;48.361;70.990
1151;18;32;48.719;64.230
1151;32;18;48.719;74.070
1152;18;33;62.921;56.810
1152;33;18;62.921;66.770
1153;18;33;61.431;56.030
1153;33;18;61.431;65.990
1154;18;34;70.756;75.480
1154;34;18;70.756;85.920
1155;18;34;73.477;64.450
1155;34;18;73.477;74.890
1156;18;35;130.414;58.850
1156;35;18;130.414;70.430
1157;18;36;61.615;74.650
1157;36;18;61.615;86.330
1158;18;36;60.467;51.420
1158;36;18;60.467;63.100
1159;18;36;64.951;53.100
1159;36;18;64.951;64.780
1160;18;37;59.157;68.860
1160;37;18;59.157;81.520
1161;18;37;56.480;57.710
1161;37;18;56.480;70.370
1162;18;37;57.297;64.220
1162;37;18;57.297;76.880
1163;18;38;58.725;66.880
1163;38;18;58.725;79.770
1164;18;39;31.884;16.810
1164;39;18;76.884;78.360
1165;18;39;39.280;20.010
1165;39;18;84.280;81.560
1166;18;39;39.685;15.770
1166;39;18;84.685;77.320
1167;19;20;90.361;70.630
1167;20;19;90.361;70.670
1168;19;20;96.823;85.100
1168;20;19;96.823;85.140
1169;19;21;60.867;62.880
1169;21;19;60.867;64.830
1170;19;22;92.253;69.280
1170;22;19;92.253;71.840
1171;19;22;85.617;62.070
1171;22;19;85.617;64.630
1172;19;22;85.080;83.130
1172;22;19;85.080;85.690
1173;19;23;63.548;82.060
1173;23;19;63.548;84.630
1174;19;23;58.989;72.910
1174;23;19;58.989;75.480
1175;19;23;65.334;70.130
1175;23;19;65.334;72.700
1176;19;24;59.076;62.340
1176;24;19;59.076;66.810
1177;19;24;59.132;70.610
1177;24;19;59.132;75.080
1178;19;24;62.101;59.190
1178;24;19;62.101;63.660
1179;19;25;86.514;60.830
1179;25;19;86.514;65.490
1180;19;25;83.719;66.800
1180;25;19;83.719;71.460
1181;19;26;57.916;70.040
1181;26;19;57.916;76.760
1182;19;27;82.097;75.910
1182;27;19;82.097;83.780
1183;19;28;141.727;71.400
1183;28;19;141.727;79.290
1184;19;28;141.908;54.050
1184;28;19;141.908;61.940
1185;19;28;164.865;55.840
1185;28;19;164.865;63.730
1186;19;29;77.816;59.990
1186;29;19;77.816;68.010
1187;19;29;74.828;66.070
1187;29;19;74.828;74.090
1188;19;29;71.669;61.940
1188;29;19;71.669;69.960
1189;19;30;59.258;73.940
1189;30;19;59.258;82.130
1190;19;30;56.468;64.740
1190;30;19;56.468;72.930
1191;19;30;57.933;53.780
1191;30;19;57.933;61.970
1192;19;31;126.613;58.370
1192;31;19;126.613;67.000
1193;19;31;118.713;70.920
1193;31;19;118.713;79.550
1194;19;31;142.900;55.140
1194;31;19;142.900;63.770
1195;19;32;70.602;67.050
1195;32;19;70.602;76.870
1196;19;33;55.329;55.690
1196;33;19;55.329;65.630
1197;19;33;56.399;56.230
1197;33;19;56.399;66.170
1198;19;34;57.504;64.640
1198;34;19;57.504;75.060
1199;19;35;132.793;61.850
1199;35;19;132.793;73.410
1200;19;36;58.846;57.340
1200;36;19;58.846;69.000
1201;19;36;61.800;73.810
1201;36;19;61.800;85.470
1202;19;36;61.613;53.240
1202;36;19;61.613;64.900
1203;19;37;58.739;57.040
1203;37;19;58.739;69.680
1204;19;38;81.905;51.500
1204;38;19;81.905;64.370
1205;19;39;10.043;6.660
1205;39;19;55.043;68.190
1206;19;39;9.425;19.330
1206;39;19;54.425;80.860
1207;19;39;11.109;6.540
1207;39;19;56.109;68.070
1208;20;21;74.679;66.180
1208;21;20;74.679;68.090
1209;20;21;79.346;81.610
1209;21;20;79.346;83.520
1210;20;22;49.753;81.220
1210;22;20;49.753;83.740
1211;20;22;50.204;67.870
1211;22;20;50.204;70.390
1212;20;23;72.645;83.750
1212;23;20;72.645;86.280
1213;20;23;72.388;81.960
1213;23;20;72.388;84.490
1214;20;23;70.271;79.980
1214;23;20;70.271;82.510
1215;20;24;77.433;78.950
1215;24;20;77.433;83.380
1216;20;24;75.754;65.810
1216;24;20;75.754;70.240
1217;20;24;70.156;65.590
1217;24;20;70.156;70.020
1218;20;25;94.635;80.060
1218;25;20;94.635;84.680
1219;20;25;99.388;79.360
1219;25;20;99.388;83.980
1220;20;25;96.644;72.780
1220;25;20;96.644;77.400
1221;20;26;77.723;73.540
1221;26;20;77.723;80.220
1222;20;27;90.068;55.490
1222;27;20;90.068;63.320
1223;20;27;84.688;55.260
1223;27;20;84.688;63.090
1224;20;28;96.879;54.820
1224;28;20;96.879;62.670
1225;20;28;90.303;76.920
1225;28;20;90.303;84.770
1226;20;29;69.486;74.480
1226;29;20;69.486;82.460
1227;20;30;79.595;62.810
1227;30;20;79.595;70.960
1228;20;31;130.109;65.960
1228;31;20;130.109;74.550
1229;20;32;85.557;59.500
1229;32;20;85.557;69.280
1230;20;33;81.521;72.970
1230;33;20;81.521;82.870
1231;20;34;78.289;63.590
1231;34;20;78.289;73.970
1232;20;34;73.428;51.310
1232;34;20;73.428;61.690
1233;20;34;73.482;59.460
1233;34;20;73.482;69.840
1234;20;35;88.081;50.510
1234;35;20;88.081;62.030
1235;20;36;78.777;63.100
1235;36;20;78.777;74.720
1236;20;36;75.405;61.330
1236;36;20;75.405;72.950
1237;20;36;71.367;53.580
1237;36;20;71.367;65.200
1238;20;37;80.807;62.800
1238;37;20;80.807;75.400
1239;20;38;98.065;49.000
1239;38;20;98.065;61.830
1240;20;38;91.549;61.250
1240;38;20;91.549;74.080
1241;20;39;41.795;0.340
1241;39;20;86.795;61.830
1242;21;22;76.396;63.880
1242;22;21;76.396;64.490
1243;21;23;48.270;69.160
1243;23;21;48.270;69.780
1244;21;23;47.873;69.860
1244;23;21;47.873;70.480
1245;21;24;52.096;70.760
1245;24;21;52.096;73.280
1246;21;24;51.644;58.490
1246;24;21;51.644;61.010
1247;21;24;50.462;74.800
1247;24;21;50.462;77.320
1248;21;25;81.957;69.510
1248;25;21;81.957;72.220
1249;21;26;50.192;61.490
1249;26;21;50.192;66.260
1250;21;26;51.249;75.050
1250;26;21;51.249;79.820
1251;21;26;49.521;72.520
1251;26;21;49.521;77.290
1252;21;27;76.768;78.280
1252;27;21;76.768;84.200
1253;21;27;82.672;72.960
1253;27;21;82.672;78.880
1254;21;27;80.516;55.310
1254;27;21;80.516;61.230
1255;21;28;126.373;56.650
1255;28;21;126.373;62.590
1256;21;28;117.775;65.160
1256;28;21;117.775;71.100
1257;21;29;67.715;62.980
1257;29;21;67.715;69.050
1258;21;29;71.160;62.340
1258;29;21;71.160;68.410
1259;21;29;70.393;68.740
1259;29;21;70.393;74.810
1260;21;30;55.833;55.690
1260;30;21;55.833;61.930
1261;21;30;57.889;55.090
1261;30;21;57.889;61.330
1262;21;31;126.934;75.950
1262;31;21;126.934;82.630
1263;21;32;70.006;60.590
1263;32;21;70.006;68.460
1264;21;32;75.288;63.140
1264;32;21;75.288;71.010
1265;21;32;73.782;66.090
1265;32;21;73.782;73.960
1266;21;33;54.425;55.910
1266;33;21;54.425;63.900
1267;21;34;48.653;57.780
1267;34;21;48.653;66.250
1268;21;35;116.927;67.380
1268;35;21;116.927;76.990
1269;21;36;54.175;70.920
1269;36;21;54.175;80.630
1270;21;37;56.825;73.480
1270;37;21;56.825;84.170
1271;21;38;84.320;72.910
1271;38;21;84.320;83.830
1272;21;38;90.018;72.610
1272;38;21;90.018;83.530
1273;21;38;84.403;56.320
1273;38;21;84.403;67.240
1274;21;39;13.217;14.050
1274;39;21;58.217;73.630
1275;21;39;13.363;9.420
1275;39;21;58.363;69.000
1276;21;39;15.614;16.490
1276;39;21;60.614;76.070
1277;22;23;73.995;66.180
1277;23;22;73.995;66.190
1278;22;23;70.655;61.020
1278;23;22;70.655;61.030
1279;22;23;71.429;71.030
1279;23;22;71.429;71.040
1280;22;24;79.989;57.760
1280;24;22;79.989;59.670
1281;22;25;92.374;68.750
1281;25;22;92.374;70.850
1282;22;25;98.726;73.000
1282;25;22;98.726;75.100
1283;22;25;88.260;74.850
1283;25;22;88.260;76.950
1284;22;26;79.976;67.080
1284;26;22;79.976;71.240
1285;22;26;73.957;68.280
1285;26;22;73.957;72.440
1286;22;26;77.008;79.100
1286;26;22;77.008;83.260
1287;22;27;88.065;71.560
1287;27;22;88.065;76.870
1288;22;27;95.659;56.620
1288;27;22;95.659;61.930
1289;22;27;90.185;57.640
1289;27;22;90.185;62.950
1290;22;28;96.357;65.440
1290;28;22;96.357;70.770
1291;22;28;103.513;77.390
1291;28;22;103.513;82.720
1292;22;29;73.875;60.360
1292;29;22;73.875;65.820
1293;22;30;82.478;74.500
1293;30;22;82.478;80.130
1294;22;30;73.525;59.850
1294;30;22;73.525;65.480
1295;22;30;86.551;78.260
1295;30;22;86.551;83.890
1296;22;31;134.861;60.330
1296;31;22;134.861;66.400
1297;22;31;122.804;73.400
1297;31;22;122.804;79.470
1298;22;31;122.949;55.470
1298;31;22;122.949;61.540
1299;22;32;89.526;68.310
1299;32;22;89.526;75.570
1300;22;32;86.455;55.460
1300;32;22;86.455;62.720
1301;22;32;88.037;65.870
1301;32;22;88.037;73.130
1302;22;33;83.996;53.480
1302;33;22;83.996;60.860
1303;22;34;79.894;70.780
1303;34;22;79.894;78.640
1304;22;34;78.497;66.890
1304;34;22;78.497;74.750
1305;22;35;85.569;67.480
1305;35;22;85.569;76.480
1306;22;35;93.072;66.420
1306;35;22;93.072;75.420
1307;22;35;85.457;55.640
1307;35;22;85.457;64.640
1308;22;36;81.509;54.280
1308;36;22;81.509;63.380
1309;22;36;86.596;72.020
1309;36;22;86.596;81.120
1310;22;37;83.716;64.040
1310;37;22;83.716;74.120
1311;22;38;102.371;54.670
1311;38;22;102.371;64.980
1312;22;38;114.624;67.540
1312;38;22;114.624;77.850
1313;22;39;42.745;19.220
1313;39;22;87.745;78.190
1314;22;39;33.895;19.010
1314;39;22;78.895;77.980
1315;23;24;55.165;69.830
1315;24;23;55.165;71.730
1316;23;24;55.766;78.340
1316;24;23;55.766;80.240
1317;23;25;79.795;57.650
1317;25;23;79.795;59.740
1318;23;25;81.265;61.600
1318;25;23;81.265;63.690
1319;23;26;53.436;61.630
1319;26;23;53.436;65.780
1320;23;27;74.559;63.990
1320;27;23;74.559;69.290
1321;23;28;124.501;77.770
1321;28;23;124.501;83.090
1322;23;29;68.653;71.400
1322;29;23;68.653;76.850
1323;23;29;74.452;77.630
1323;29;23;74.452;83.080
1324;23;30;58.901;55.060
1324;30;23;58.901;60.680
1325;23;30;60.987;66.870
1325;30;23;60.987;72.490
1326;23;31;129.272;56.860
1326;31;23;129.272;62.920
1327;23;31;127.101;69.800
1327;31;23;127.101;75.860
1328;23;32;72.729;53.200
1328;32;23;72.729;60.450
1329;23;33;57.694;70.880
1329;33;23;57.694;78.250
1330;23;33;57.499;66.970
1330;33;23;57.499;74.340
1331;23;33;58.494;60.430
1331;33;23;58.494;67.800
1332;23;34;51.045;52.310
1332;34;23;51.045;60.160
1333;23;35;114.399;64.530
1333;35;23;114.399;73.520
1334;23;36;57.265;57.960
1334;36;23;57.265;67.050
1335;23;36;54.726;63.380
1335;36;23;54.726;72.470
1336;23;37;59.952;64.020
1336;37;23;59.952;74.090
1337;23;38;87.145;49.210
1337;38;23;87.145;59.510
1338;23;38;82.814;54.420
1338;38;23;82.814;64.720
1339;23;39;14.300;17.150
1339;39;23;59.300;76.110
1340;23;39;16.965;1.720
1340;39;23;61.965;60.680
1341;23;39;12.969;5.960
1341;39;23;57.969;64.920
1342;24;25;88.605;69.120
1342;25;24;88.605;69.310
1343;24;26;47.497;73.780
1343;26;24;47.497;76.030
1344;24;27;83.480;57.130
1344;27;24;83.480;60.530
1345;24;28;128.084;61.010
1345;28;24;128.084;64.430
1346;24;28;140.038;77.430
1346;28;24;140.038;80.850
1347;24;28;134.747;57.020
1347;28;24;134.747;60.440
1348;24;29;64.284;56.870
1348;29;24;64.284;60.420
1349;24;30;48.742;67.720
1349;30;24;48.742;71.440
1350;24;31;120.341;64.370
1350;31;24;120.341;68.530
1351;24;32;63.100;63.050
1351;32;24;63.100;68.400
1352;24;32;61.394;73.470
1352;32;24;61.394;78.820
1353;24;32;64.889;56.710
1353;32;24;64.889;62.060
1354;24;33;49.116;73.530
1354;33;24;49.116;79.000
1355;24;33;48.884;55.520
1355;33;24;48.884;60.990
1356;24;33;49.720;65.290
1356;33;24;49.720;70.760
1357;24;34;52.563;65.740
1357;34;24;52.563;71.690
1358;24;34;50.791;61.520
1358;34;24;50.791;67.470
1359;24;34;53.988;62.520
1359;34;24;53.988;68.470
1360;24;35;120.427;72.600
1360;35;24;120.427;79.690
1361;24;35;104.227;60.330
1361;35;24;104.227;67.420
1362;24;35;130.205;65.910
1362;35;24;130.205;73.000
1363;24;36;47.101;55.170
1363;36;24;47.101;62.360
1364;24;37;49.801;65.600
1364;37;24;49.801;73.770
1365;24;37;50.072;49.780
1365;37;24;50.072;57.950
1366;24;38;77.290;64.800
1366;38;24;77.290;73.200
1367;24;38;80.131;65.480
1367;38;24;80.131;73.880
1368;24;39;16.208;17.400
1368;39;24;61.208;74.460
1369;25;26;86.192;75.060
1369;26;25;86.192;77.120
1370;25;26;92.176;61.570
1370;26;25;92.176;63.630
1371;25;26;80.994;57.680
1371;26;25;80.994;59.740
1372;25;27;50.254;70.520
1372;27;25;50.254;73.730
1373;25;27;50.824;70.250
1373;27;25;50.824;73.460
1374;25;28;140.462;57.890
1374;28;25;140.462;61.120
1375;25;29;102.683;76.550
1375;29;25;102.683;79.910
1376;25;30;92.081;74.910
1376;30;25;92.081;78.440
1377;25;30;90.227;59.420
1377;30;25;90.227;62.950
1378;25;31;163.881;60.310
1378;31;25;163.881;64.280
1379;25;32;106.686;62.790
1379;32;25;106.686;67.950
1380;25;32;108.016;62.960
1380;32;25;108.016;68.120
1381;25;33;89.002;54.090
1381;33;25;89.002;59.370
1382;25;33;91.781;69.180
1382;33;25;91.781;74.460
1383;25;34;81.177;53.650
1383;34;25;81.177;59.410
1384;25;34;72.696;54.960
1384;34;25;72.696;60.720
1385;25;35;123.067;68.700
1385;35;25;123.067;75.600
1386;25;35;111.502;54.310
1386;35;25;111.502;61.210
1387;25;36;90.464;56.920
1387;36;25;90.464;63.920
1388;25;36;97.927;49.960
1388;36;25;97.927;56.960
1389;25;36;82.013;62.340
1389;36;25;82.013;69.340
1390;25;37;92.756;56.880
1390;37;25;92.756;64.860
1391;25;37;83.908;58.710
1391;37;25;83.908;66.690
1392;25;38;120.602;53.750
1392;38;25;120.602;61.960
1393;25;39;31.553;13.570
1393;39;25;76.553;70.440
1394;26;27;81.087;54.140
1394;27;26;81.087;55.290
1395;26;27;89.157;61.490
1395;27;26;89.157;62.640
1396;26;27;85.315;59.570
1396;27;26;85.315;60.720
1397;26;28;128.844;56.540
1397;28;26;128.844;57.710
1398;26;29;66.337;60.220
1398;29;26;66.337;61.520
1399;26;29;63.271;70.540
1399;29;26;63.271;71.840
1400;26;29;66.209;64.880
1400;29;26;66.209;66.180
1401;26;30;50.928;67.960
1401;30;26;50.928;69.430
1402;26;30;51.194;54.870
1402;30;26;51.194;56.340
1403;26;31;122.797;59.420
1403;31;26;122.797;61.330
1404;26;31;130.150;72.300
1404;31;26;130.150;74.210
1405;26;32;65.494;59.480
1405;32;26;65.494;62.580
1406;26;33;49.363;68.010
1406;33;26;49.363;71.230
1407;26;34;50.078;63.940
1407;34;26;50.078;67.640
1408;26;34;50.566;62.910
1408;34;26;50.566;66.610
1409;26;34;50.204;58.030
1409;34;26;50.204;61.730
1410;26;35;120.525;51.650
1410;35;26;120.525;56.490
1411;26;35;128.087;58.140
1411;35;26;128.087;62.980
1412;26;35;131.235;68.690
1412;35;26;131.235;73.530
1413;26;36;49.282;73.020
1413;36;26;49.282;77.960
1414;26;36;48.269;73.570
1414;36;26;48.269;78.510
1415;26;36;48.698;66.630
1415;36;26;48.698;71.570
1416;26;37;51.774;70.870
1416;37;26;51.774;76.790
1417;26;37;52.796;63.450
1417;37;26;52.796;69.370
1418;26;38;79.575;55.800
1418;38;26;79.575;61.950
1419;26;39;13.885;4.900
1419;39;26;58.885;59.710
1420;27;28;137.061;65.360
1420;28;27;137.061;65.380
1421;27;29;97.438;67.570
1421;29;27;97.438;67.720
1422;27;29;88.613;61.420
1422;29;27;88.613;61.570
1423;27;29;89.694;55.270
1423;29;27;89.694;55.420
1424;27;30;86.994;69.770
1424;30;27;86.994;70.090
1425;27;30;94.815;77.580
1425;30;27;94.815;77.900
1426;27;31;158.702;65.120
1426;31;27;158.702;65.880
1427;27;31;141.048;77.050
1427;31;27;141.048;77.810
1428;27;31;179.444;64.240
1428;31;27;179.444;65.000
1429;27;32;101.576;55.620
1429;32;27;101.576;57.570
1430;27;33;84.017;72.070
1430;33;27;84.017;74.140
1431;27;33;90.412;59.970
1431;33;27;90.412;62.040
1432;27;34;76.105;58.520
1432;34;27;76.105;61.070
1433;27;34;81.988;63.650
1433;34;27;81.988;66.200
1434;27;34;78.206;71.700
1434;34;27;78.206;74.250
1435;27;35;120.434;50.530
1435;35;27;120.434;54.220
1436;27;36;85.367;56.040
1436;36;27;85.367;59.830
1437;27;37;87.702;57.050
1437;37;27;87.702;61.820
1438;27;37;94.631;54.170
1438;37;27;94.631;58.940
1439;27;37;88.540;72.230
1439;37;27;88.540;77.000
1440;27;38;115.574;72.940
1440;38;27;115.574;77.940
1441;27;39;27.064;9.220
1441;39;27;72.064;62.880
1442;28;29;113.519;70.720
1442;29;28;113.519;70.850
1443;28;29;97.964;69.240
1443;29;28;97.964;69.370
1444;28;30;129.450;70.810
1444;30;28;129.450;71.110
1445;28;31;150.798;72.690
1445;31;28;150.798;73.430
1446;28;31;157.836;61.030
1446;31;28;157.836;61.770
1447;28;31;131.225;67.490
1447;31;28;131.225;68.230
1448;28;32;130.235;65.570
1448;32;28;130.235;67.500
1449;28;32;135.642;54.370
1449;32;28;135.642;56.300
1450;28;32;120.765;57.510
1450;32;28;120.765;59.440
1451;28;33;132.183;56.780
1451;33;28;132.183;58.830
1452;28;33;138.497;71.440
1452;33;28;138.497;73.490
1453;28;33;144.078;69.920
1453;33;28;144.078;71.970
1454;28;34;130.017;68.060
1454;34;28;130.017;70.590
1455;28;34;147.703;69.020
1455;34;28;147.703;71.550
1456;28;34;119.643;71.590
1456;34;28;119.643;74.120
1457;28;35;67.794;51.810
1457;35;28;67.794;55.480
1458;28;36;129.025;69.580
1458;36;28;129.025;73.350
1459;28;37;130.535;63.780
1459;37;28;130.535;68.530
1460;28;38;138.102;66.410
1460;38;28;138.102;71.390
1461;28;38;134.458;68.910
1461;38;28;134.458;73.890
1462;28;39;93.673;20.850
1462;39;28;138.673;74.490
1463;29;30;63.593;66.980
1463;30;29;63.593;67.150
1464;29;30;62.506;69.210
1464;30;29;62.506;69.380
1465;29;30;63.565;59.930
1465;30;29;63.565;60.100
1466;29;31;108.847;72.290
1466;31;29;108.847;72.900
1467;29;31;94.249;62.710
1467;31;29;94.249;63.320
1468;29;31;103.705;71.140
1468;31;29;103.705;71.750
1469;29;32;62.085;56.220
1469;32;29;62.085;58.020
1470;29;32;63.125;72.300
1470;32;29;63.125;74.100
1471;29;33;67.525;62.890
1471;33;29;67.525;64.810
1472;29;34;70.458;62.370
1472;34;29;70.458;64.770
1473;29;34;72.656;63.360
1473;34;29;72.656;65.760
1474;29;35;110.334;51.760
1474;35;29;110.334;55.300
1475;29;35;106.228;70.340
1475;35;29;106.228;73.880
1476;29;36;64.016;61.780
1476;36;29;64.016;65.420
1477;29;36;65.533;63.680
1477;36;29;65.533;67.320
1478;29;36;63.190;74.130
1478;36;29;63.190;77.770
1479;29;37;64.289;50.920
1479;37;29;64.289;55.540
1480;29;38;73.594;67.530
1480;38;29;73.594;72.380
1481;29;39;35.108;11.300
1481;39;29;80.108;64.810
1482;29;39;36.378;17.660
1482;39;29;81.378;71.170
1483;30;31;117.013;73.910
1483;31;30;117.013;74.350
1484;30;31;122.044;68.290
1484;31;30;122.044;68.730
1485;30;31;108.141;55.920
1485;31;30;108.141;56.360
1486;30;32;59.627;55.500
1486;32;30;59.627;57.130
1487;30;32;57.888;75.190
1487;32;30;57.888;76.820
1488;30;32;60.386;54.260
1488;32;30;60.386;55.890
1489;30;33;49.205;73.950
1489;33;30;49.205;75.700
1490;30;33;50.134;66.840
1490;33;30;50.134;68.590
1491;30;34;55.906;70.460
1491;34;30;55.906;72.690
1492;30;34;56.522;69.380
1492;34;30;56.522;71.610
1493;30;35;122.675;53.690
1493;35;30;122.675;57.060
1494;30;35;103.283;54.900
1494;35;30;103.283;58.270
1495;30;36;46.665;63.770
1495;36;30;46.665;67.240
1496;30;36;46.974;56.340
1496;36;30;46.974;59.810
1497;30;36;46.626;50.120
1497;36;30;46.626;53.590
1498;30;37;46.253;66.470
1498;37;30;46.253;70.920
1499;30;37;46.139;64.870
1499;37;30;46.139;69.320
1500;30;37;46.096;65.540
1500;37;30;46.096;69.990
1501;30;38;73.647;56.780
1501;38;30;73.647;61.460
1502;30;38;73.194;57.130
1502;38;30;73.194;61.810
1503;30;39;18.520;0.810
1503;39;30;63.520;54.150
1504;31;32;102.419;63.440
1504;32;31;102.419;64.630
1505;31;33;120.530;69.610
1505;33;31;120.530;70.920
1506;31;33;134.233;62.940
1506;33;31;134.233;64.250
1507;31;34;127.867;63.860
1507;34;31;127.867;65.650
1508;31;34;136.624;52.420
1508;34;31;136.624;54.210
1509;31;34;108.296;61.520
1509;34;31;108.296;63.310
1510;31;35;159.841;63.080
1510;35;31;159.841;66.010
1511;31;35;164.016;53.020
1511;35;31;164.016;55.950
1512;31;36;118.574;73.100
1512;36;31;118.574;76.130
1513;31;36;117.772;73.840
1513;36;31;117.772;76.870
1514;31;36;130.388;67.990
1514;36;31;130.388;71.020
1515;31;37;116.494;61.850
1515;37;31;116.494;65.860
1516;31;37;101.116;58.960
1516;37;31;101.116;62.970
1517;31;38;89.720;58.040
1517;38;31;89.720;62.280
1518;31;39;89.706;16.280
1518;39;31;134.706;69.180
1519;32;33;63.142;60.390
1519;33;32;63.142;60.510
1520;32;33;60.352;61.200
1520;33;32;60.352;61.320
1521;32;33;64.698;55.390
1521;33;32;64.698;55.510
1522;32;34;70.526;59.510
1522;34;32;70.526;60.110
1523;32;34;75.727;70.530
1523;34;32;75.727;71.130
1524;32;34;74.265;54.680
1524;34;32;74.265;55.280
1525;32;35;127.343;50.340
1525;35;32;127.343;52.080
1526;32;35;113.085;64.390
1526;35;32;113.085;66.130
1527;32;35;107.662;67.480
1527;35;32;107.662;69.220
1528;32;36;61.225;54.040
1528;36;32;61.225;55.880
1529;32;36;58.954;55.030
1529;36;32;58.954;56.870
1530;32;37;59.075;72.120
1530;37;32;59.075;74.940
1531;32;38;59.501;64.000
1531;38;32;59.501;67.050
1532;32;38;57.374;50.870
1532;38;32;57.374;53.920
1533;32;38;59.414;50.090
1533;38;32;59.414;53.140
1534;32;39;32.509;11.170
1534;39;32;77.509;62.880
1535;33;34;53.157;71.330
1535;34;33;53.157;71.810
1536;33;35;124.479;57.400
1536;35;33;124.479;59.020
1537;33;35;111.554;72.190
1537;35;33;111.554;73.810
1538;33;35;139.521;74.070
1538;35;33;139.521;75.690
1539;33;36;48.519;55.510
1539;36;33;48.519;57.230
1540;33;36;49.104;63.950
1540;36;33;49.104;65.670
1541;33;36;47.812;61.960
1541;36;33;47.812;63.680
1542;33;37;49.191;65.670
1542;37;33;49.191;68.370
1543;33;37;48.924;62.480
1543;37;33;48.924;65.180
1544;33;37;49.533;72.380
1544;37;33;49.533;75.080
1545;33;38;76.617;54.570
1545;38;33;76.617;57.500
1546;33;38;81.012;63.770
1546;38;33;81.012;66.700
1547;33;39;14.497;12.960
1547;39;33;59.497;64.550
1548;33;39;11.348;7.270
1548;39;33;56.348;58.860
1549;34;35;120.372;56.180
1549;35;34;120.372;57.320
1550;34;35;123.650;53.460
1550;35;34;123.650;54.600
1551;34;36;54.304;64.320
1551;36;34;54.304;65.560
1552;34;36;55.063;69.290
1552;36;34;55.063;70.530
1553;34;37;56.600;52.930
1553;37;34;56.600;55.150
1554;34;37;57.138;60.710
1554;37;34;57.138;62.930
1555;34;38;84.479;53.540
1555;38;34;84.479;55.990
1556;34;39;9.829;9.440
1556;39;34;54.829;60.550
1557;34;39;8.403;19.580
1557;39;34;53.403;70.690
1558;34;39;10.945;2.990
1558;39;34;55.945;54.100
1559;35;36;121.836;63.420
1559;36;35;121.836;63.520
1560;35;36;122.089;59.900
1560;36;35;122.089;60.000
1561;35;36;114.092;52.220
1561;36;35;114.092;52.320
1562;35;37;123.888;50.200
1562;37;35;123.888;51.280
1563;35;37;114.016;71.240
1563;37;35;114.016;72.320
1564;35;38;138.061;66.580
1564;38;35;138.061;67.890
1565;35;38;137.637;71.910
1565;38;35;137.637;73.220
1566;35;38;141.486;60.430
1566;38;35;141.486;61.740
1567;35;39;82.655;23.110
1567;39;35;127.655;73.080
1568;36;37;47.707;62.820
1568;37;36;47.707;63.800
1569;36;37;47.874;64.470
1569;37;36;47.874;65.450
1570;36;37;47.512;54.620
1570;37;36;47.512;55.600
1571;36;38;75.301;50.920
1571;38;36;75.301;52.130
1572;36;38;75.012;65.850
1572;38;36;75.012;67.060
1573;36;38;74.803;70.780
1573;38;36;74.803;71.990
1574;36;39;17.275;19.760
1574;39;36;62.275;69.630
1575;36;39;16.427;9.310
1575;39;36;61.427;59.180
1576;36;39;17.797;12.640
1576;39;36;62.797;62.510
1577;37;38;72.879;50.700
1577;38;37;72.879;50.930
1578;37;38;75.121;60.190
1578;38;37;75.121;60.420
1579;37;38;66.738;71.460
1579;38;37;66.738;71.690
1580;37;39;18.686;15.470
1580;39;37;63.686;64.360
1581;37;39;22.176;17.130
1581;39;37;67.176;66.020
1582;38;39;45.309;3.280
1582;39;38;90.309;51.940
