40
420.0
0;0;1;94.491;107.870
0;1;0;49.491;7.870
1;0;2;53.647;100.690
1;2;0;8.647;11.990
2;0;2;54.022;103.070
2;2;0;9.022;14.370
3;0;3;73.285;86.520
3;3;0;28.285;0.160
4;0;3;76.099;109.600
4;3;0;31.099;23.240
5;0;3;73.298;94.780
5;3;0;28.298;8.420
6;0;4;81.549;86.340
6;4;0;36.549;0.430
7;0;5;75.107;95.500
7;5;0;30.107;14.780
8;0;6;68.796;83.110
8;6;0;23.796;3.030
9;0;7;62.194;90.970
9;7;0;17.194;13.610
10;0;8;77.509;89.010
10;8;0;32.509;11.910
11;0;8;77.643;98.470
11;8;0;32.643;21.370
12;0;8;80.843;92.360
12;8;0;35.843;15.260
13;0;9;76.387;78.180
13;9;0;31.387;1.240
14;0;10;64.222;85.050
14;10;0;19.222;8.390
15;0;11;90.309;94.040
15;11;0;45.309;17.580
16;0;11;95.277;86.820
16;11;0;50.277;10.360
17;0;12;67.688;97.240
17;12;0;22.688;22.270
18;0;12;70.854;75.670
18;12;0;25.854;0.700
19;0;13;72.562;78.180
19;13;0;27.562;4.980
20;0;13;77.954;88.650
20;13;0;32.954;15.450
21;0;14;116.350;70.290
21;14;0;71.350;0.720
22;0;15;94.508;82.000
22;15;0;49.508;13.770
23;0;16;54.829;77.620
23;16;0;9.829;10.540
24;0;16;53.489;79.700
24;16;0;8.489;12.620
25;0;17;74.690;86.810
25;17;0;29.690;19.810
26;0;18;63.196;76.920
26;18;0;18.196;12.320
27;0;18;59.884;83.130
27;18;0;14.884;18.530
28;0;18;63.468;77.040
28;18;0;18.468;12.440
29;0;19;66.172;80.540
29;19;0;21.172;16.920
30;0;19;68.594;64.030
30;19;0;23.594;0.410
31;0;20;138.673;74.440
31;20;0;93.673;11.010
32;0;21;124.572;85.770
32;21;0;79.572;23.090
33;0;21;116.126;83.890
33;21;0;71.126;21.210
34;0;21;115.662;82.870
34;21;0;70.662;20.190
35;0;22;65.827;84.350
35;22;0;20.827;21.800
36;0;22;66.635;85.860
36;22;0;21.635;23.310
37;0;22;64.308;63.910
37;22;0;19.308;1.360
38;0;23;76.884;81.990
38;23;0;31.884;20.020
39;0;23;72.193;65.240
39;23;0;27.193;3.270
40;0;24;63.520;85.100
40;24;0;18.520;23.420
41;0;24;64.704;73.470
41;24;0;19.704;11.790
42;0;24;67.651;67.680
42;24;0;22.651;6.000
43;0;25;71.736;73.140
43;25;0;26.736;12.340
44;0;25;70.084;74.850
44;25;0;25.084;14.050
45;0;25;74.459;80.320
45;25;0;29.459;19.520
46;0;26;64.290;61.980
46;26;0;19.290;1.890
47;0;27;51.651;81.780
47;27;0;6.651;22.350
48;0;27;52.069;69.730
48;27;0;7.069;10.300
49;0;28;63.686;81.960
49;28;0;18.686;22.710
50;0;28;60.393;62.090
50;28;0;15.393;2.840
51;0;28;60.722;73.190
51;28;0;15.722;13.940
52;0;29;67.496;76.390
52;29;0;22.496;17.220
53;0;29;62.387;66.880
53;29;0;17.387;7.710
54;0;29;66.721;69.320
54;29;0;21.721;10.150
55;0;30;119.442;81.850
55;30;0;74.442;22.960
56;0;30;131.240;81.150
56;30;0;86.240;22.260
57;0;30;135.504;74.550
57;30;0;90.504;15.660
58;0;31;53.671;68.220
58;31;0;8.671;9.740
59;0;31;53.856;69.700
59;31;0;8.856;11.220
60;0;31;55.478;77.930
60;31;0;10.478;19.450
61;0;32;52.648;70.950
61;32;0;7.648;12.760
62;0;32;52.923;64.710
62;32;0;7.923;6.520
63;0;33;121.973;74.740
63;33;0;76.973;16.870
64;0;34;99.909;57.910
64;34;0;54.909;0.430
65;0;34;111.788;80.240
65;34;0;66.788;22.760
66;0;35;97.651;73.400
66;35;0;52.651;16.040
67;0;36;78.232;67.820
67;36;0;33.232;10.830
68;0;37;70.336;63.380
68;37;0;25.336;6.430
69;0;37;68.436;58.630
69;37;0;23.436;1.680
70;0;37;76.143;59.500
70;37;0;31.143;2.550
71;0;38;80.108;80.170
71;38;0;35.108;24.600
72;0;38;80.201;70.660
72;38;0;35.201;15.090
73;0;38;88.646;71.190
73;38;0;43.646;15.620
74;0;39;0.000;9.440
74;39;0;0.000;9.440
75;1;2;87.276;97.370
75;2;1;87.276;108.670
76;1;2;82.366;106.180
76;2;1;82.366;117.480
77;1;3;117.069;97.310
77;3;1;117.069;110.950
78;1;3;114.956;111.090
78;3;1;114.956;124.730
79;1;4;66.570;106.870
79;4;1;66.570;120.960
80;1;4;64.596;105.000
80;4;1;64.596;119.090
81;1;4;71.807;105.790
81;4;1;71.807;119.880
82;1;5;65.984;96.810
82;5;1;65.984;116.090
83;1;5;64.936;99.350
83;5;1;64.936;118.630
84;1;6;110.336;95.680
84;6;1;110.336;115.600
85;1;6;101.335;90.260
85;6;1;101.335;110.180
86;1;7;80.845;93.840
86;7;1;80.845;116.480
87;1;7;80.432;78.440
87;7;1;80.432;101.080
88;1;8;74.022;91.580
88;8;1;74.022;114.480
89;1;8;67.963;78.540
89;8;1;67.963;101.440
90;1;8;79.019;93.750
90;8;1;79.019;116.650
91;1;9;114.299;86.040
91;9;1;114.299;109.100
92;1;9;111.998;90.510
92;9;1;111.998;113.570
93;1;9;117.275;78.440
93;9;1;117.275;101.500
94;1;10;113.662;79.460
94;10;1;113.662;102.800
95;1;11;80.955;100.280
95;11;1;80.955;123.820
96;1;12;86.520;85.260
96;12;1;86.520;110.290
97;1;12;79.742;82.600
97;12;1;79.742;107.630
98;1;13;69.109;76.010
98;13;1;69.109;102.810
99;1;14;79.185;73.570
99;14;1;79.185;104.000
100;1;14;78.618;86.500
100;14;1;78.618;116.930
101;1;15;81.911;79.030
101;15;1;81.911;110.800
102;1;16;84.694;69.910
102;16;1;84.694;102.830
103;1;16;88.040;83.120
103;16;1;88.040;116.040
104;1;16;92.838;86.480
104;16;1;92.838;119.400
105;1;17;68.587;76.830
105;17;1;68.587;109.830
106;1;17;63.000;67.560
106;17;1;63.000;100.560
107;1;17;73.922;73.440
107;17;1;73.922;106.440
108;1;18;78.322;72.100
108;18;1;78.322;107.500
109;1;19;80.589;88.440
109;19;1;80.589;124.820
110;1;19;77.418;83.170
110;19;1;77.418;119.550
111;1;20;102.209;85.550
111;20;1;102.209;122.120
112;1;21;96.851;76.530
112;21;1;96.851;113.850
113;1;21;97.751;81.600
113;21;1;97.751;118.920
114;1;22;73.902;82.880
114;22;1;73.902;120.330
115;1;22;76.747;73.150
115;22;1;76.747;110.600
116;1;22;67.150;74.140
116;22;1;67.150;111.590
117;1;23;77.378;80.430
117;23;1;77.378;118.460
118;1;23;85.261;76.290
118;23;1;85.261;114.320
119;1;23;82.540;79.490
119;23;1;82.540;117.520
120;1;24;78.457;83.770
120;24;1;78.457;122.090
121;1;24;86.457;70.090
121;24;1;86.457;108.410
122;1;25;74.997;78.390
122;25;1;74.997;117.590
123;1;26;75.463;81.580
123;26;1;75.463;121.490
124;1;27;88.091;68.590
124;27;1;88.091;109.160
125;1;28;79.129;70.380
125;28;1;79.129;111.130
126;1;28;75.437;70.510
126;28;1;75.437;111.260
127;1;29;77.528;65.500
127;29;1;77.528;106.330
128;1;29;76.708;70.700
128;29;1;76.708;111.530
129;1;29;73.194;60.850
129;29;1;73.194;101.680
130;1;30;97.504;79.950
130;30;1;97.504;121.060
131;1;30;98.560;73.100
131;30;1;98.560;114.210
132;1;31;90.133;73.810
132;31;1;90.133;115.330
133;1;31;98.824;64.020
133;31;1;98.824;105.540
134;1;32;93.438;79.400
134;32;1;93.438;121.210
135;1;33;76.549;64.320
135;33;1;76.549;106.450
136;1;33;70.153;72.210
136;33;1;70.153;114.340
137;1;33;83.851;78.080
137;33;1;83.851;120.210
138;1;34;75.486;68.640
138;34;1;75.486;111.160
139;1;35;82.436;64.570
139;35;1;82.436;107.210
140;1;36;65.896;76.990
140;36;1;65.896;120.000
141;1;36;67.885;65.310
141;36;1;67.885;108.320
142;1;37;105.577;63.020
142;37;1;105.577;106.070
143;1;38;59.867;55.670
143;38;1;59.867;100.100
144;1;39;49.491;24.500
144;39;1;94.491;124.500
145;1;39;46.837;13.490
145;39;1;91.837;113.490
146;1;39;54.822;24.160
146;39;1;99.822;124.160
147;2;3;81.692;102.510
147;3;2;81.692;104.850
148;2;3;85.420;87.150
148;3;2;85.420;89.490
149;2;4;77.233;91.260
149;4;2;77.233;94.050
150;2;4;74.862;86.580
150;4;2;74.862;89.370
151;2;5;69.444;97.350
151;5;2;69.444;105.330
152;2;5;64.390;82.690
152;5;2;64.390;90.670
153;2;5;69.018;94.460
153;5;2;69.018;102.440
154;2;6;76.730;88.220
154;6;2;76.730;96.840
155;2;6;74.477;83.800
155;6;2;74.477;92.420
156;2;7;53.547;90.070
156;7;2;53.547;101.410
157;2;7;55.208;88.160
157;7;2;55.208;99.500
158;2;7;54.890;94.360
158;7;2;54.890;105.700
159;2;8;68.885;98.640
159;8;2;68.885;110.240
160;2;9;83.904;98.150
160;9;2;83.904;109.910
161;2;9;78.377;96.770
161;9;2;78.377;108.530
162;2;9;81.506;90.830
162;9;2;81.506;102.590
163;2;10;72.272;80.470
163;10;2;72.272;92.510
164;2;10;68.454;79.890
164;10;2;68.454;91.930
165;2;10;75.453;89.570
165;10;2;75.453;101.610
166;2;11;81.967;99.270
166;11;2;81.967;111.510
167;2;11;90.603;97.810
167;11;2;90.603;110.050
168;2;12;60.381;82.360
168;12;2;60.381;96.090
169;2;12;60.834;95.450
169;12;2;60.834;109.180
170;2;13;67.457;85.140
170;13;2;67.457;100.640
171;2;14;111.918;92.730
171;14;2;111.918;111.860
172;2;14;114.044;82.760
172;14;2;114.044;101.890
173;2;14;112.930;70.560
173;14;2;112.930;89.690
174;2;15;92.906;86.350
174;15;2;92.906;106.820
175;2;15;87.536;92.650
175;15;2;87.536;113.120
176;2;16;50.626;75.880
176;16;2;50.626;97.500
177;2;17;70.001;77.380
177;17;2;70.001;99.080
178;2;17;70.042;79.280
178;17;2;70.042;100.980
179;2;18;54.733;66.940
179;18;2;54.733;91.040
180;2;18;53.864;72.660
180;18;2;53.864;96.760
181;2;19;57.678;84.110
181;19;2;57.678;109.190
182;2;20;134.874;82.510
182;20;2;134.874;107.780
183;2;21;116.038;66.610
183;21;2;116.038;92.630
184;2;22;59.887;80.480
184;22;2;59.887;106.630
185;2;22;60.023;81.350
185;22;2;60.023;107.500
186;2;23;68.397;86.930
186;23;2;68.397;113.660
187;2;23;62.916;68.590
187;23;2;62.916;95.320
188;2;23;67.613;70.430
188;23;2;67.613;97.160
189;2;24;54.975;67.790
189;24;2;54.975;94.810
190;2;25;68.890;83.770
190;25;2;68.890;111.670
191;2;25;63.985;65.970
191;25;2;63.985;93.870
192;2;26;56.840;82.230
192;26;2;56.840;110.840
193;2;26;55.573;77.220
193;26;2;55.573;105.830
194;2;27;51.171;62.680
194;27;2;51.171;91.950
195;2;28;55.056;63.570
195;28;2;55.056;93.020
196;2;28;56.432;71.760
196;28;2;56.432;101.210
197;2;29;58.852;79.130
197;29;2;58.852;108.660
198;2;29;58.624;59.280
198;29;2;58.624;88.810
199;2;29;62.119;74.800
199;29;2;62.119;104.330
200;2;30;111.092;62.960
200;30;2;111.092;92.770
201;2;30;122.896;72.500
201;30;2;122.896;102.310
202;2;30;106.788;67.730
202;30;2;106.788;97.540
203;2;31;48.720;74.250
203;31;2;48.720;104.470
204;2;31;49.254;60.680
204;31;2;49.254;90.900
205;2;31;49.647;66.860
205;31;2;49.647;97.080
206;2;32;51.574;69.690
206;32;2;51.574;100.200
207;2;32;51.588;65.160
207;32;2;51.588;95.670
208;2;32;52.987;59.510
208;32;2;52.987;90.020
209;2;33;116.122;63.540
209;33;2;116.122;94.370
210;2;33;107.564;62.670
210;33;2;107.564;93.500
211;2;34;96.710;74.440
211;34;2;96.710;105.660
212;2;34;85.555;63.770
212;34;2;85.555;94.990
213;2;34;90.668;68.540
213;34;2;90.668;99.760
214;2;35;89.241;57.560
214;35;2;89.241;88.900
215;2;35;81.538;72.880
215;35;2;81.538;104.220
216;2;35;89.832;60.840
216;35;2;89.832;92.180
217;2;36;73.348;79.740
217;36;2;73.348;111.450
218;2;36;77.819;80.010
218;36;2;77.819;111.720
219;2;37;76.945;74.090
219;37;2;76.945;105.840
220;2;38;72.548;73.690
220;38;2;72.548;106.820
221;2;38;77.542;71.280
221;38;2;77.542;104.410
222;2;38;74.271;65.560
222;38;2;74.271;98.690
223;2;39;8.647;15.960
223;39;2;53.647;104.660
224;3;4;98.504;96.330
224;4;3;98.504;96.780
225;3;5;96.088;102.590
225;5;3;96.088;108.230
226;3;5;90.819;82.980
226;5;3;90.819;88.620
227;3;5;88.122;94.240
227;5;3;88.122;99.880
228;3;6;51.988;98.200
228;6;3;51.988;104.480
229;3;6;53.244;93.370
229;6;3;53.244;99.650
230;3;6;52.902;97.070
230;6;3;52.902;103.350
231;3;7;90.108;80.350
231;7;3;90.108;89.350
232;3;8;105.469;94.950
232;8;3;105.469;104.210
233;3;9;54.760;80.530
233;9;3;54.760;89.950
234;3;9;54.822;89.920
234;9;3;54.822;99.340
235;3;10;63.721;94.020
235;10;3;63.721;103.720
236;3;10;67.197;83.740
236;10;3;67.197;93.440
237;3;11;118.587;100.430
237;11;3;118.587;110.330
238;3;11;131.644;87.210
238;11;3;131.644;97.110
239;3;11;110.953;94.960
239;11;3;110.953;104.860
240;3;12;95.763;94.960
240;12;3;95.763;106.350
241;3;13;92.972;77.110
241;13;3;92.972;90.270
242;3;14;129.661;93.270
242;14;3;129.661;110.060
243;3;15;102.108;76.380
243;15;3;102.108;94.510
244;3;16;80.398;86.820
244;16;3;80.398;106.100
245;3;16;76.718;75.660
245;16;3;76.718;94.940
246;3;17;93.832;71.350
246;17;3;93.832;90.710
247;3;17;98.816;83.970
247;17;3;98.816;103.330
248;3;17;92.209;81.480
248;17;3;92.209;100.840
249;3;18;90.512;80.170
249;18;3;90.512;101.930
250;3;19;94.364;65.700
250;19;3;94.364;88.440
251;3;20;148.777;82.880
251;20;3;148.777;105.810
252;3;21;152.715;80.410
252;21;3;152.715;104.090
253;3;21;147.313;65.730
253;21;3;147.313;89.410
254;3;22;89.149;85.520
254;22;3;89.149;109.330
255;3;22;78.283;73.580
255;22;3;78.283;97.390
256;3;22;97.801;74.540
256;22;3;97.801;98.350
257;3;23;105.087;81.630
257;23;3;105.087;106.020
258;3;23;112.496;82.910
258;23;3;112.496;107.300
259;3;24;90.992;80.560
259;24;3;90.992;105.240
260;3;24;86.271;69.160
260;24;3;86.271;93.840
261;3;25;88.017;60.880
261;25;3;88.017;86.440
262;3;26;89.999;76.910
262;26;3;89.999;103.180
263;3;27;77.067;70.920
263;27;3;77.067;97.850
264;3;28;91.414;67.510
264;28;3;91.414;94.620
265;3;28;96.079;63.760
265;28;3;96.079;90.870
266;3;29;95.384;73.970
266;29;3;95.384;101.160
267;3;29;90.904;75.780
267;29;3;90.904;102.970
268;3;29;106.051;62.670
268;29;3;106.051;89.860
269;3;30;147.722;68.630
269;30;3;147.722;96.100
270;3;30;129.733;77.880
270;30;3;129.733;105.350
271;3;31;81.867;82.610
271;31;3;81.867;110.490
272;3;31;87.890;74.280
272;31;3;87.890;102.160
273;3;31;82.721;66.650
273;31;3;82.721;94.530
274;3;32;80.025;59.110
274;32;3;80.025;87.280
275;3;32;84.190;63.240
275;32;3;84.190;91.410
276;3;32;76.326;68.490
276;32;3;76.326;96.660
277;3;33;139.200;63.680
277;33;3;139.200;92.170
278;3;33;122.859;76.410
278;33;3;122.859;104.900
279;3;33;144.066;82.740
279;33;3;144.066;111.230
280;3;34;111.208;76.440
280;34;3;111.208;105.320
281;3;35;125.908;63.840
281;35;3;125.908;92.840
282;3;35;140.764;71.410
282;35;3;140.764;100.410
283;3;36;97.055;77.790
283;36;3;97.055;107.160
284;3;36;87.949;64.520
284;36;3;87.949;93.890
285;3;36;103.201;78.170
285;36;3;103.201;107.540
286;3;37;59.458;71.900
286;37;3;59.458;101.310
287;3;37;57.490;77.620
287;37;3;57.490;107.030
288;3;38;104.458;71.430
288;38;3;104.458;102.220
289;3;38;116.356;58.770
289;38;3;116.356;89.560
290;3;39;28.285;17.390
290;39;3;73.285;103.750
291;3;39;22.658;0.620
291;39;3;67.658;86.980
292;4;5;54.238;96.800
292;5;4;54.238;101.990
293;4;5;54.406;100.060
293;5;4;54.406;105.250
294;4;5;54.857;96.450
294;5;4;54.857;101.640
295;4;6;91.542;94.920
295;6;4;91.542;100.750
296;4;7;74.973;99.900
296;7;4;74.973;108.450
297;4;8;78.419;87.570
297;8;4;78.419;96.380
298;4;8;79.988;91.820
298;8;4;79.988;100.630
299;4;9;94.291;91.390
299;9;4;94.291;100.360
300;4;10;99.245;86.930
300;10;4;99.245;96.180
301;4;11;91.181;93.740
301;11;4;91.181;103.190
302;4;12;84.488;77.420
302;12;4;84.488;88.360
303;4;12;75.982;85.310
303;12;4;75.982;96.250
304;4;13;54.975;89.210
304;13;4;54.975;101.920
305;4;13;57.338;87.340
305;13;4;57.338;100.050
306;4;13;56.413;74.680
306;13;4;56.413;87.390
307;4;14;79.854;92.790
307;14;4;79.854;109.130
308;4;14;80.289;93.560
308;14;4;80.289;109.900
309;4;15;64.858;72.650
309;15;4;64.858;90.330
310;4;15;61.468;86.820
310;15;4;61.468;104.500
311;4;15;64.520;71.350
311;15;4;64.520;89.030
312;4;16;72.463;87.870
312;16;4;72.463;106.700
313;4;16;77.361;73.690
313;16;4;77.361;92.520
314;4;16;67.439;78.580
314;16;4;67.439;97.410
315;4;17;52.264;91.320
315;17;4;52.264;110.230
316;4;17;50.542;73.680
316;17;4;50.542;92.590
317;4;18;72.071;73.100
317;18;4;72.071;94.410
318;4;18;67.750;77.170
318;18;4;67.750;98.480
319;4;19;77.631;77.720
319;19;4;77.631;100.010
320;4;19;77.584;87.410
320;19;4;77.584;109.700
321;4;19;70.479;69.070
321;19;4;70.479;91.360
322;4;20;102.641;80.920
322;20;4;102.641;103.400
323;4;20;99.700;82.100
323;20;4;99.700;104.580
324;4;20;112.192;80.630
324;20;4;112.192;103.110
325;4;21;115.732;79.620
325;21;4;115.732;102.850
326;4;22;62.667;80.610
326;22;4;62.667;103.970
327;4;22;62.482;76.100
327;22;4;62.482;99.460
328;4;22;64.199;70.580
328;22;4;64.199;93.940
329;4;23;81.182;63.800
329;23;4;81.182;87.740
330;4;24;72.657;68.770
330;24;4;72.657;93.000
331;4;25;55.686;81.590
331;25;4;55.686;106.700
332;4;25;54.766;66.780
332;25;4;54.766;91.890
333;4;26;67.291;64.690
333;26;4;67.291;90.510
334;4;26;63.355;67.560
334;26;4;63.355;93.380
335;4;26;62.389;67.670
335;26;4;62.389;93.490
336;4;27;74.991;59.650
336;27;4;74.991;86.130
337;4;27;80.004;69.140
337;27;4;80.004;95.620
338;4;27;69.104;64.220
338;27;4;69.104;90.700
339;4;28;73.847;62.960
339;28;4;73.847;89.620
340;4;28;66.961;76.680
340;28;4;66.961;103.340
341;4;28;69.828;66.970
341;28;4;69.828;93.630
342;4;29;74.967;68.580
342;29;4;74.967;95.320
343;4;30;114.654;82.350
343;30;4;114.654;109.370
344;4;30;122.303;77.830
344;30;4;122.303;104.850
345;4;30;114.868;76.500
345;30;4;114.868;103.520
346;4;31;80.886;78.080
346;31;4;80.886;105.510
347;4;31;89.518;74.370
347;31;4;89.518;101.800
348;4;31;78.362;61.550
348;31;4;78.362;88.980
349;4;32;83.752;74.820
349;32;4;83.752;102.540
350;4;33;86.270;63.260
350;33;4;86.270;91.300
351;4;34;64.964;60.720
351;34;4;64.964;89.150
352;4;34;68.951;70.530
352;34;4;68.951;98.960
353;4;34;63.704;75.350
353;34;4;63.704;103.780
354;4;35;95.588;71.650
354;35;4;95.588;100.200
355;4;35;106.399;74.900
355;35;4;106.399;103.450
356;4;36;49.411;81.370
356;36;4;49.411;110.290
357;4;36;49.601;60.270
357;36;4;49.601;89.190
358;4;36;50.053;64.180
358;36;4;50.053;93.100
359;4;37;85.666;66.040
359;37;4;85.666;95.000
360;4;38;62.743;78.160
360;38;4;62.743;108.500
361;4;39;36.549;12.050
361;39;4;81.549;97.960
362;5;6;89.354;81.150
362;6;5;89.354;81.790
363;5;6;87.857;83.790
363;6;5;87.857;84.430
364;5;7;66.053;84.920
364;7;5;66.053;88.280
365;5;7;64.643;90.220
365;7;5;64.643;93.580
366;5;8;69.601;100.080
366;8;5;69.601;103.700
367;5;8;65.980;101.140
367;8;5;65.980;104.760
368;5;8;75.319;90.310
368;8;5;75.319;93.930
369;5;9;93.521;79.300
369;9;5;93.521;83.080
370;5;9;94.548;82.570
370;9;5;94.548;86.350
371;5;9;101.139;100.650
371;9;5;101.139;104.430
372;5;10;93.824;95.250
372;10;5;93.824;99.310
373;5;10;82.934;86.290
373;10;5;82.934;90.350
374;5;10;101.313;101.380
374;10;5;101.313;105.440
375;5;11;82.998;87.130
375;11;5;82.998;91.390
376;5;12;75.314;93.810
376;12;5;75.314;99.560
377;5;13;48.134;94.590
377;13;5;48.134;102.110
378;5;13;48.878;83.620
378;13;5;48.878;91.140
379;5;14;87.679;78.270
379;14;5;87.679;89.420
380;5;14;85.460;93.340
380;14;5;85.460;104.490
381;5;14;87.610;92.040
381;14;5;87.610;103.190
382;5;15;73.717;85.880
382;15;5;73.717;98.370
383;5;15;68.890;81.860
383;15;5;68.890;94.350
384;5;15;67.453;69.300
384;15;5;67.453;81.790
385;5;16;65.413;77.460
385;16;5;65.413;91.100
386;5;16;65.956;77.520
386;16;5;65.956;91.160
387;5;16;63.967;91.530
387;16;5;63.967;105.170
388;5;17;48.827;91.670
388;17;5;48.827;105.390
389;5;17;48.538;89.170
389;17;5;48.538;102.890
390;5;18;63.125;64.600
390;18;5;63.125;80.720
391;5;18;66.947;71.160
391;18;5;66.947;87.280
392;5;19;68.447;84.230
392;19;5;68.447;101.330
393;5;20;110.940;73.210
393;20;5;110.940;90.500
394;5;21;110.123;75.240
394;21;5;110.123;93.280
395;5;21;109.573;87.610
395;21;5;109.573;105.650
396;5;22;54.569;82.850
396;22;5;54.569;101.020
397;5;23;72.199;77.270
397;23;5;72.199;96.020
398;5;23;73.562;67.630
398;23;5;73.562;86.380
399;5;23;65.557;85.050
399;23;5;65.557;103.800
400;5;24;63.660;66.650
400;24;5;63.660;85.690
401;5;25;55.054;65.420
401;25;5;55.054;85.340
402;5;26;58.515;67.340
402;26;5;58.515;87.970
403;5;26;59.239;77.000
403;26;5;59.239;97.630
404;5;27;68.466;64.230
404;27;5;68.466;85.520
405;5;28;64.813;70.040
405;28;5;64.813;91.510
406;5;29;65.740;76.540
406;29;5;65.740;98.090
407;5;29;65.880;62.330
407;29;5;65.880;83.880
408;5;29;65.218;64.770
408;29;5;65.218;86.320
409;5;30;108.137;69.640
409;30;5;108.137;91.470
410;5;31;72.936;77.350
410;31;5;72.936;99.590
411;5;32;76.014;82.210
411;32;5;76.014;104.740
412;5;32;71.887;69.040
412;32;5;71.887;91.570
413;5;33;91.911;80.810
413;33;5;91.911;103.660
414;5;34;74.071;59.850
414;34;5;74.071;83.090
415;5;35;88.031;60.790
415;35;5;88.031;84.150
416;5;36;49.830;72.290
416;36;5;49.830;96.020
417;5;36;50.014;79.310
417;36;5;50.014;103.040
418;5;37;84.813;64.730
418;37;5;84.813;88.500
419;5;38;55.896;65.920
419;38;5;55.896;91.070
420;5;39;30.107;12.960
420;39;5;75.107;93.680
421;5;39;25.622;9.440
421;39;5;70.622;90.160
422;6;7;84.892;84.230
422;7;6;84.892;86.950
423;6;7;80.021;98.070
423;7;6;80.021;100.790
424;6;8;100.131;80.070
424;8;6;100.131;83.050
425;6;8;92.614;83.230
425;8;6;92.614;86.210
426;6;9;53.115;90.630
426;9;6;53.115;93.770
427;6;10;64.619;84.920
427;10;6;64.619;88.340
428;6;10;61.535;83.580
428;10;6;61.535;87.000
429;6;11;113.670;90.590
429;11;6;113.670;94.210
430;6;12;91.481;86.290
430;12;6;91.481;91.400
431;6;12;101.148;92.310
431;12;6;101.148;97.420
432;6;13;86.226;93.670
432;13;6;86.226;100.550
433;6;14;122.761;93.970
433;14;6;122.761;104.480
434;6;14;116.735;79.430
434;14;6;116.735;89.940
435;6;14;113.607;72.970
435;14;6;113.607;83.480
436;6;15;95.417;84.370
436;15;6;95.417;96.220
437;6;16;74.708;72.000
437;16;6;74.708;85.000
438;6;16;74.278;83.790
438;16;6;74.278;96.790
439;6;17;86.989;74.960
439;17;6;86.989;88.040
440;6;17;90.718;74.360
440;17;6;90.718;87.440
441;6;18;84.989;79.860
441;18;6;84.989;95.340
442;6;18;82.211;85.280
442;18;6;82.211;100.760
443;6;18;88.873;84.400
443;18;6;88.873;99.880
444;6;19;89.356;70.940
444;19;6;89.356;87.400
445;6;20;142.123;68.060
445;20;6;142.123;84.710
446;6;21;147.414;74.290
446;21;6;147.414;91.690
447;6;21;123.376;76.340
447;21;6;123.376;93.740
448;6;22;82.779;69.910
448;22;6;82.779;87.440
449;6;22;82.545;83.290
449;22;6;82.545;100.820
450;6;23;100.020;69.740
450;23;6;100.020;87.850
451;6;23;107.653;63.060
451;23;6;107.653;81.170
452;6;23;103.923;68.450
452;23;6;103.923;86.560
453;6;24;85.525;69.200
453;24;6;85.525;87.600
454;6;24;79.346;75.860
454;24;6;79.346;94.260
455;6;24;84.591;74.200
455;24;6;84.591;92.600
456;6;25;81.092;81.600
456;25;6;81.092;100.880
457;6;25;78.343;69.820
457;25;6;78.343;89.100
458;6;26;84.024;78.950
458;26;6;84.024;98.940
459;6;26;80.673;64.550
459;26;6;80.673;84.540
460;6;27;71.558;81.450
460;27;6;71.558;102.100
461;6;28;86.065;66.280
461;28;6;86.065;87.110
462;6;28;78.043;83.300
462;28;6;78.043;104.130
463;6;29;90.080;62.790
463;29;6;90.080;83.700
464;6;29;99.308;71.480
464;29;6;99.308;92.390
465;6;30;142.767;81.820
465;30;6;142.767;103.010
466;6;30;150.390;75.870
466;30;6;150.390;97.060
467;6;30;167.193;78.700
467;30;6;167.193;99.890
468;6;31;77.461;69.210
468;31;6;77.461;90.810
469;6;31;73.106;66.570
469;31;6;73.106;88.170
470;6;32;76.099;79.540
470;32;6;76.099;101.430
471;6;33;132.213;82.540
471;33;6;132.213;104.750
472;6;33;132.375;67.850
472;33;6;132.375;90.060
473;6;33;152.914;77.150
473;33;6;152.914;99.360
474;6;34;104.345;64.200
474;34;6;104.345;86.800
475;6;34;100.548;73.390
475;34;6;100.548;95.990
476;6;34;104.866;79.400
476;34;6;104.866;102.000
477;6;35;120.887;75.630
477;35;6;120.887;98.350
478;6;35;127.980;71.350
478;35;6;127.980;94.070
479;6;36;90.169;68.760
479;36;6;90.169;91.850
480;6;36;99.124;65.200
480;36;6;99.124;88.290
481;6;36;80.153;62.990
481;36;6;80.153;86.080
482;6;37;53.171;57.110
482;37;6;53.171;80.240
483;6;38;98.025;75.390
483;38;6;98.025;99.900
484;6;38;108.417;69.790
484;38;6;108.417;94.300
485;6;38;88.497;70.600
485;38;6;88.497;95.110
486;6;39;23.796;7.690
486;39;6;68.796;87.770
487;6;39;17.886;16.030
487;39;6;62.886;96.110
488;6;39;23.836;9.070
488;39;6;68.836;89.150
489;7;8;60.372;93.450
489;8;7;60.372;93.710
490;7;8;63.225;86.800
490;8;7;63.225;87.060
491;7;9;91.758;91.410
491;9;7;91.758;91.830
492;7;10;80.483;95.200
492;10;7;80.483;95.900
493;7;11;73.859;77.700
493;11;7;73.859;78.600
494;7;11;73.249;80.970
494;11;7;73.249;81.870
495;7;11;73.708;92.070
495;11;7;73.708;92.970
496;7;12;55.323;97.310
496;12;7;55.323;99.700
497;7;12;56.603;90.580
497;12;7;56.603;92.970
498;7;12;52.968;90.200
498;12;7;52.968;92.590
499;7;13;65.072;90.580
499;13;7;65.072;94.740
500;7;13;68.989;87.070
500;13;7;68.989;91.230
501;7;14;108.490;87.820
501;14;7;108.490;95.610
502;7;14;120.690;76.850
502;14;7;120.690;84.640
503;7;15;92.930;71.800
503;15;7;92.930;80.930
504;7;15;90.945;85.600
504;15;7;90.945;94.730
505;7;16;55.748;87.520
505;16;7;55.748;97.800
506;7;17;67.870;77.870
506;17;7;67.870;88.230
507;7;17;72.539;67.140
507;17;7;72.539;77.500
508;7;18;47.930;88.390
508;18;7;47.930;101.150
509;7;19;49.784;67.100
509;19;7;49.784;80.840
510;7;19;50.204;72.500
510;19;7;50.204;86.240
511;7;20;131.899;74.140
511;20;7;131.899;88.070
512;7;20;152.901;81.450
512;20;7;152.901;95.380
513;7;20;131.852;67.710
513;20;7;131.852;81.640
514;7;21;107.614;81.680
514;21;7;107.614;96.360
515;7;22;57.704;83.140
515;22;7;57.704;97.950
516;7;22;56.553;81.100
516;22;7;56.553;95.910
517;7;22;55.263;85.740
517;22;7;55.263;100.550
518;7;23;60.151;66.160
518;23;7;60.151;81.550
519;7;23;59.587;81.410
519;23;7;59.587;96.800
520;7;24;47.493;68.930
520;24;7;47.493;84.610
521;7;24;47.798;74.890
521;24;7;47.798;90.570
522;7;24;47.701;66.310
522;24;7;47.701;81.990
523;7;25;69.083;76.190
523;25;7;69.083;92.750
524;7;26;52.711;78.370
524;26;7;52.711;95.640
525;7;26;51.970;76.850
525;26;7;51.970;94.120
526;7;26;51.995;73.600
526;26;7;51.995;90.870
527;7;27;58.413;62.600
527;27;7;58.413;80.530
528;7;28;46.755;73.610
528;28;7;46.755;91.720
529;7;28;46.474;68.430
529;28;7;46.474;86.540
530;7;29;50.307;73.790
530;29;7;50.307;91.980
531;7;30;102.892;79.180
531;30;7;102.892;97.650
532;7;30;113.839;73.480
532;30;7;113.839;91.950
533;7;31;54.971;71.280
533;31;7;54.971;90.160
534;7;32;58.189;79.890
534;32;7;58.189;99.060
535;7;33;111.028;82.100
535;33;7;111.028;101.590
536;7;34;94.936;61.240
536;34;7;94.936;81.120
537;7;34;92.032;68.450
537;34;7;92.032;88.330
538;7;34;103.037;81.830
538;34;7;103.037;101.710
539;7;35;81.006;80.180
539;35;7;81.006;100.180
540;7;35;73.467;59.850
540;35;7;73.467;79.850
541;7;35;87.231;75.350
541;35;7;87.231;95.350
542;7;36;70.659;69.030
542;36;7;70.659;89.400
543;7;36;74.403;70.220
543;36;7;74.403;90.590
544;7;36;76.127;75.360
544;36;7;76.127;95.730
545;7;37;84.311;76.670
545;37;7;84.311;97.080
546;7;37;90.002;59.120
546;37;7;90.002;79.530
547;7;37;91.416;80.320
547;37;7;91.416;100.730
548;7;38;65.993;63.490
548;38;7;65.993;85.280
549;7;39;17.194;10.980
549;39;7;62.194;88.340
550;7;39;21.423;12.170
550;39;7;66.423;89.530
551;8;9;106.754;96.400
551;9;8;106.754;96.560
552;8;9;94.546;90.940
552;9;8;94.546;91.100
553;8;9;105.838;94.520
553;9;8;105.838;94.680
554;8;10;95.168;100.920
554;10;8;95.168;101.360
555;8;10;98.140;84.920
555;10;8;98.140;85.360
556;8;11;59.501;81.880
556;11;8;59.501;82.520
557;8;11;61.771;83.640
557;11;8;61.771;84.280
558;8;11;55.998;80.030
558;11;8;55.998;80.670
559;8;12;59.400;80.550
559;12;8;59.400;82.680
560;8;13;70.644;89.550
560;13;8;70.644;93.450
561;8;14;106.687;84.330
561;14;8;106.687;91.860
562;8;14;92.869;69.670
562;14;8;92.869;77.200
563;8;14;94.486;73.440
563;14;8;94.486;80.970
564;8;15;98.228;80.370
564;15;8;98.228;89.240
565;8;16;70.526;75.790
565;16;8;70.526;85.810
566;8;17;73.044;90.900
566;17;8;73.044;101.000
567;8;18;60.208;89.560
567;18;8;60.208;102.060
568;8;18;58.519;71.010
568;18;8;58.519;83.510
569;8;18;63.938;76.150
569;18;8;63.938;88.650
570;8;19;56.546;76.360
570;19;8;56.546;89.840
571;8;19;54.463;82.630
571;19;8;54.463;96.110
572;8;20;130.235;74.190
572;20;8;130.235;87.860
573;8;20;138.165;83.100
573;20;8;138.165;96.770
574;8;20;147.691;67.740
574;20;8;147.691;81.410
575;8;21;92.290;76.140
575;21;8;92.290;90.560
576;8;22;66.551;72.550
576;22;8;66.551;87.100
577;8;23;48.361;81.610
577;23;8;48.361;96.740
578;8;23;48.037;71.380
578;23;8;48.037;86.510
579;8;23;47.666;78.400
579;23;8;47.666;93.530
580;8;24;59.627;66.100
580;24;8;59.627;81.520
581;8;24;62.181;84.010
581;24;8;62.181;99.430
582;8;24;63.022;86.250
582;24;8;63.022;101.670
583;8;25;77.326;66.610
583;25;8;77.326;82.910
584;8;25;75.160;62.480
584;25;8;75.160;78.780
585;8;25;79.822;77.040
585;25;8;79.822;93.340
586;8;26;62.568;79.620
586;26;8;62.568;96.630
587;8;26;62.265;68.630
587;26;8;62.265;85.640
588;8;27;73.573;79.650
588;27;8;73.573;97.320
589;8;28;59.075;75.450
589;28;8;59.075;93.300
590;8;28;57.104;66.660
590;28;8;57.104;84.510
591;8;28;62.179;74.620
591;28;8;62.179;92.470
592;8;29;55.085;65.440
592;29;8;55.085;83.370
593;8;30;87.910;63.050
593;30;8;87.910;81.260
594;8;30;96.268;68.950
594;30;8;96.268;87.160
595;8;31;69.630;76.790
595;31;8;69.630;95.410
596;8;31;66.842;76.610
596;31;8;66.842;95.230
597;8;32;72.476;67.040
597;32;8;72.476;85.950
598;8;32;74.201;71.340
598;32;8;74.201;90.250
599;8;33;105.565;59.030
599;33;8;105.565;78.260
600;8;34;97.053;61.030
600;34;8;97.053;80.650
601;8;34;91.380;80.720
601;34;8;91.380;100.340
602;8;34;91.134;78.630
602;34;8;91.134;98.250
603;8;35;66.106;62.820
603;35;8;66.106;82.560
604;8;35;65.517;66.030
604;35;8;65.517;85.770
605;8;36;74.210;71.890
605;36;8;74.210;92.000
606;8;36;71.324;68.240
606;36;8;71.324;88.350
607;8;36;74.515;80.710
607;36;8;74.515;100.820
608;8;37;98.966;70.820
608;37;8;98.966;90.970
609;8;37;108.989;62.990
609;37;8;108.989;83.140
610;8;38;62.085;69.540
610;38;8;62.085;91.070
611;8;39;32.509;6.110
611;39;8;77.509;83.210
612;9;10;72.076;91.730
612;10;9;72.076;92.010
613;9;10;67.070;78.530
613;10;9;67.070;78.810
614;9;10;78.725;88.490
614;10;9;78.725;88.770
615;9;11;120.617;96.690
615;11;9;120.617;97.170
616;9;11;102.324;99.020
616;11;9;102.324;99.500
617;9;11;112.028;97.690
617;11;9;112.028;98.170
618;9;12;98.965;88.500
618;12;9;98.965;90.470
619;9;13;90.399;84.350
619;13;9;90.399;88.090
620;9;13;87.949;91.610
620;13;9;87.949;95.350
621;9;13;97.971;88.010
621;13;9;97.971;91.750
622;9;14;123.233;78.050
622;14;9;123.233;85.420
623;9;15;94.934;72.530
623;15;9;94.934;81.240
624;9;16;81.232;78.530
624;16;9;81.232;88.390
625;9;16;79.772;87.430
625;16;9;79.772;97.290
626;9;16;88.538;79.820
626;16;9;88.538;89.680
627;9;17;90.714;81.060
627;17;9;90.714;91.000
628;9;17;99.455;81.100
628;17;9;99.455;91.040
629;9;17;94.470;81.430
629;17;9;94.470;91.370
630;9;18;91.546;68.060
630;18;9;91.546;80.400
631;9;18;98.288;68.490
631;18;9;98.288;80.830
632;9;19;96.362;64.940
632;19;9;96.362;78.260
633;9;20;141.250;71.270
633;20;9;141.250;84.780
634;9;20;152.678;63.630
634;20;9;152.678;77.140
635;9;20;118.965;64.310
635;20;9;118.965;77.820
636;9;21;153.905;74.750
636;21;9;153.905;89.010
637;9;21;141.796;70.930
637;21;9;141.796;85.190
638;9;21;167.697;65.370
638;21;9;167.697;79.630
639;9;22;88.076;85.780
639;22;9;88.076;100.170
640;9;22;88.884;67.840
640;22;9;88.884;82.230
641;9;22;78.662;75.880
641;22;9;78.662;90.270
642;9;23;106.902;84.580
642;23;9;106.902;99.550
643;9;24;92.138;74.860
643;24;9;92.138;90.120
644;9;25;84.399;76.000
644;25;9;84.399;92.140
645;9;26;90.011;65.610
645;26;9;90.011;82.460
646;9;27;78.346;59.880
646;27;9;78.346;77.390
647;9;28;92.793;83.340
647;28;9;92.793;101.030
648;9;29;96.814;59.240
648;29;9;96.814;77.010
649;9;29;84.792;62.800
649;29;9;84.792;80.570
650;9;29;97.852;72.980
650;29;9;97.852;90.750
651;9;30;149.601;71.750
651;30;9;149.601;89.800
652;9;30;137.063;59.970
652;30;9;137.063;78.020
653;9;31;84.983;79.440
653;31;9;84.983;97.900
654;9;32;83.857;69.400
654;32;9;83.857;88.150
655;9;32;88.518;65.100
655;32;9;88.518;83.850
656;9;32;84.808;82.050
656;32;9;84.808;100.800
657;9;33;133.825;60.630
657;33;9;133.825;79.700
658;9;33;112.747;65.180
658;33;9;112.747;84.250
659;9;34;104.672;67.470
659;34;9;104.672;86.930
660;9;34;99.971;76.960
660;34;9;99.971;96.420
661;9;35;127.719;60.580
661;35;9;127.719;80.160
662;9;36;93.597;74.380
662;36;9;93.597;94.330
663;9;36;102.332;81.400
663;36;9;102.332;101.350
664;9;36;84.065;64.800
664;36;9;84.065;84.750
665;9;37;53.722;71.840
665;37;9;53.722;91.830
666;9;37;55.390;75.650
666;37;9;55.390;95.640
667;9;38;102.987;56.820
667;38;9;102.987;78.190
668;9;38;108.806;58.730
668;38;9;108.806;80.100
669;9;39;31.387;5.870
669;39;9;76.387;82.810
670;9;39;38.386;17.660
670;39;9;83.386;94.600
671;10;11;106.384;77.140
671;11;10;106.384;77.340
672;10;11;118.388;92.990
672;11;10;118.388;93.190
673;10;12;82.763;98.950
673;12;10;82.763;100.640
674;10;12;76.781;98.800
674;12;10;76.781;100.490
675;10;13;91.063;93.970
675;13;10;91.063;97.430
676;10;14;133.461;82.550
676;14;10;133.461;89.640
677;10;14;154.418;78.730
677;14;10;154.418;85.820
678;10;14;153.813;73.100
678;14;10;153.813;80.190
679;10;15;108.856;86.530
679;15;10;108.856;94.960
680;10;15;94.036;76.490
680;15;10;94.036;84.920
681;10;15;118.060;86.490
681;15;10;118.060;94.920
682;10;16;73.971;70.700
682;16;10;73.971;80.280
683;10;16;67.559;68.610
683;16;10;67.559;78.190
684;10;16;77.628;69.320
684;16;10;77.628;78.900
685;10;17;92.882;79.400
685;17;10;92.882;89.060
686;10;17;100.087;75.410
686;17;10;100.087;85.070
687;10;18;82.002;74.160
687;18;10;82.002;86.220
688;10;19;83.631;67.060
688;19;10;83.631;80.100
689;10;19;92.197;83.530
689;19;10;92.197;96.570
690;10;20;154.833;67.620
690;20;10;154.833;80.850
691;10;21;141.041;63.720
691;21;10;141.041;77.700
692;10;21;136.034;64.600
692;21;10;136.034;78.580
693;10;22;84.848;64.740
693;22;10;84.848;78.850
694;10;23;93.874;79.950
694;23;10;93.874;94.640
695;10;24;82.210;80.350
695;24;10;82.210;95.330
696;10;25;88.764;74.890
696;25;10;88.764;90.750
697;10;25;97.009;72.840
697;25;10;97.009;88.700
698;10;25;90.493;72.190
698;25;10;90.493;88.050
699;10;26;83.502;62.660
699;26;10;83.502;79.230
700;10;27;70.585;84.240
700;27;10;70.585;101.470
701;10;28;82.142;71.060
701;28;10;82.142;88.470
702;10;28;88.394;80.440
702;28;10;88.394;97.850
703;10;29;85.599;81.880
703;29;10;85.599;99.370
704;10;30;135.045;68.860
704;30;10;135.045;86.630
705;10;30;144.877;76.400
705;30;10;144.877;94.170
706;10;31;70.626;67.430
706;31;10;70.626;85.610
707;10;31;73.402;68.610
707;31;10;73.402;86.790
708;10;31;67.416;59.860
708;31;10;67.416;78.040
709;10;32;67.692;74.500
709;32;10;67.692;92.970
710;10;32;66.223;77.630
710;32;10;66.223;96.100
711;10;32;63.987;80.410
711;32;10;63.987;98.880
712;10;33;140.326;74.370
712;33;10;140.326;93.160
713;10;34;115.996;63.350
713;34;10;115.996;82.530
714;10;34;117.778;69.810
714;34;10;117.778;88.990
715;10;34;127.111;76.680
715;34;10;127.111;95.860
716;10;35;113.826;62.040
716;35;10;113.826;81.340
717;10;35;124.478;63.870
717;35;10;124.478;83.170
718;10;36;96.433;73.730
718;36;10;96.433;93.400
719;10;36;95.990;71.680
719;36;10;95.990;91.350
720;10;37;71.588;75.380
720;37;10;71.588;95.090
721;10;38;99.329;73.790
721;38;10;99.329;94.880
722;10;39;19.222;3.500
722;39;10;64.222;80.160
723;11;12;68.621;77.120
723;12;11;68.621;78.610
724;11;13;84.493;94.680
724;13;11;84.493;97.940
725;11;14;115.123;71.200
725;14;11;115.123;78.090
726;11;14;118.223;81.220
726;14;11;118.223;88.110
727;11;14;120.441;84.390
727;14;11;120.441;91.280
728;11;15;110.986;86.700
728;15;11;110.986;94.930
729;11;15;113.689;84.600
729;15;11;113.689;92.830
730;11;15;114.128;88.530
730;15;11;114.128;96.760
731;11;16;84.479;82.690
731;16;11;84.479;92.070
732;11;16;89.876;69.640
732;16;11;89.876;79.020
733;11;16;86.046;91.410
733;16;11;86.046;100.790
734;11;17;86.666;71.500
734;17;11;86.666;80.960
735;11;17;83.617;90.080
735;17;11;83.617;99.540
736;11;18;74.303;76.980
736;18;11;74.303;88.840
737;11;19;69.314;83.900
737;19;11;69.314;96.740
738;11;19;66.868;76.730
738;19;11;66.868;89.570
739;11;19;71.104;87.500
739;19;11;71.104;100.340
740;11;20;138.102;64.280
740;20;11;138.102;77.310
741;11;20;137.913;82.350
741;20;11;137.913;95.380
742;11;20;117.015;67.630
742;20;11;117.015;80.660
743;11;21;79.657;74.700
743;21;11;79.657;88.480
744;11;21;82.131;65.550
744;21;11;82.131;79.330
745;11;22;81.011;87.500
745;22;11;81.011;101.410
746;11;23;58.725;82.880
746;23;11;58.725;97.370
747;11;23;57.583;83.920
747;23;11;57.583;98.410
748;11;23;56.861;83.540
748;23;11;56.861;98.030
749;11;24;73.647;86.630
749;24;11;73.647;101.410
750;11;24;74.665;65.610
750;24;11;74.665;80.390
751;11;25;91.477;83.600
751;25;11;91.477;99.260
752;11;26;77.050;70.170
752;26;11;77.050;86.540
753;11;26;83.994;72.260
753;26;11;83.994;88.630
754;11;26;75.819;66.230
754;26;11;75.819;82.600
755;11;27;87.272;64.920
755;27;11;87.272;81.950
756;11;27;78.845;78.000
756;27;11;78.845;95.030
757;11;27;80.681;69.670
757;27;11;80.681;86.700
758;11;28;72.879;76.690
758;28;11;72.879;93.900
759;11;29;68.888;79.590
759;29;11;68.888;96.880
760;11;30;74.136;73.970
760;30;11;74.136;91.540
761;11;30;76.404;68.150
761;30;11;76.404;85.720
762;11;31;81.838;62.180
762;31;11;81.838;80.160
763;11;31;75.682;81.950
763;31;11;75.682;99.930
764;11;32;84.149;71.750
764;32;11;84.149;90.020
765;11;32;88.539;69.420
765;32;11;88.539;87.690
766;11;32;83.821;62.450
766;32;11;83.821;80.720
767;11;33;111.005;81.060
767;33;11;111.005;99.650
768;11;33;98.204;58.260
768;33;11;98.204;76.850
769;11;33;124.386;60.400
769;33;11;124.386;78.990
770;11;34;108.342;80.260
770;34;11;108.342;99.240
771;11;35;52.444;61.040
771;35;11;52.444;80.140
772;11;35;54.225;59.660
772;35;11;54.225;78.760
773;11;36;87.271;72.210
773;36;11;87.271;91.680
774;11;36;81.523;58.420
774;36;11;81.523;77.890
775;11;36;97.268;59.360
775;36;11;97.268;78.830
776;11;37;113.074;78.500
776;37;11;113.074;98.010
777;11;37;127.863;78.420
777;37;11;127.863;97.930
778;11;37;128.418;78.240
778;37;11;128.418;97.750
779;11;38;73.594;57.190
779;38;11;73.594;78.080
780;11;38;76.870;62.600
780;38;11;76.870;83.490
781;11;39;45.309;3.490
781;39;11;90.309;79.950
782;12;13;74.821;80.390
782;13;12;74.821;82.160
783;12;14;116.810;70.070
783;14;12;116.810;75.470
784;12;15;103.016;76.550
784;15;12;103.016;83.290
785;12;15;92.855;85.040
785;15;12;92.855;91.780
786;12;15;98.306;89.500
786;15;12;98.306;96.240
787;12;16;64.811;86.030
787;16;12;64.811;93.920
788;12;17;77.620;79.450
788;17;12;77.620;87.420
789;12;17;71.858;70.670
789;17;12;71.858;78.640
790;12;18;57.858;68.860
790;18;12;57.858;79.230
791;12;18;60.059;70.710
791;18;12;60.059;81.080
792;12;19;51.869;81.710
792;19;12;51.869;93.060
793;12;19;51.219;88.260
793;19;12;51.219;99.610
794;12;19;50.677;84.880
794;19;12;50.677;96.230
795;12;20;140.389;84.630
795;20;12;140.389;96.170
796;12;20;139.325;83.530
796;20;12;139.325;95.070
797;12;21;103.279;73.770
797;21;12;103.279;86.060
798;12;22;67.821;69.480
798;22;12;67.821;81.900
799;12;23;57.000;69.760
799;23;12;57.000;82.760
800;12;23;55.332;75.080
800;23;12;55.332;88.080
801;12;24;57.156;77.890
801;24;12;57.156;91.180
802;12;24;56.670;83.750
802;24;12;56.670;97.040
803;12;25;79.348;78.070
803;25;12;79.348;92.240
804;12;25;75.590;75.410
804;25;12;75.590;89.580
805;12;25;74.794;72.670
805;25;12;74.794;86.840
806;12;26;62.705;74.170
806;26;12;62.705;89.050
807;12;27;66.487;74.750
807;27;12;66.487;90.290
808;12;28;55.905;82.050
808;28;12;55.905;97.770
809;12;28;56.895;70.330
809;28;12;56.895;86.050
810;12;28;56.634;61.570
810;28;12;56.634;77.290
811;12;29;54.749;67.810
811;29;12;54.749;83.610
812;12;29;55.755;67.000
812;29;12;55.755;82.800
813;12;29;54.499;64.550
813;29;12;54.499;80.350
814;12;30;97.433;79.020
814;30;12;97.433;95.100
815;12;31;59.020;72.890
815;31;12;59.020;89.380
816;12;31;55.935;83.410
816;31;12;55.935;99.900
817;12;31;56.094;80.550
817;31;12;56.094;97.040
818;12;32;60.801;61.660
818;32;12;60.801;78.440
819;12;32;63.659;62.290
819;32;12;63.659;79.070
820;12;32;60.839;66.310
820;32;12;60.839;83.090
821;12;33;117.778;63.230
821;33;12;117.778;80.330
822;12;33;100.617;62.250
822;33;12;100.617;79.350
823;12;34;104.384;76.630
823;34;12;104.384;94.120
824;12;34;108.581;68.930
824;34;12;108.581;86.420
825;12;35;76.063;72.420
825;35;12;76.063;90.030
826;12;35;68.510;77.180
826;35;12;68.510;94.790
827;12;36;80.092;68.850
827;36;12;80.092;86.830
828;12;36;71.608;79.110
828;36;12;71.608;97.090
829;12;37;92.282;70.150
829;37;12;92.282;88.170
830;12;37;91.763;72.720
830;37;12;91.763;90.740
831;12;38;72.411;55.730
831;38;12;72.411;75.130
832;12;38;78.134;77.850
832;38;12;78.134;97.250
833;12;38;78.736;57.750
833;38;12;78.736;77.150
834;12;39;22.688;16.920
834;39;12;67.688;91.890
835;13;14;89.461;93.050
835;14;13;89.461;96.680
836;13;14;99.240;80.700
836;14;13;99.240;84.330
837;13;14;85.602;79.420
837;14;13;85.602;83.050
838;13;15;73.380;77.310
838;15;13;73.380;82.280
839;13;15;69.451;93.020
839;15;13;69.451;97.990
840;13;16;63.034;89.120
840;16;13;63.034;95.240
841;13;16;66.950;73.150
841;16;13;66.950;79.270
842;13;17;47.805;91.080
842;17;13;47.805;97.280
843;13;17;47.140;84.490
843;17;13;47.140;90.690
844;13;18;62.198;86.690
844;18;13;62.198;95.290
845;13;19;68.020;79.740
845;19;13;68.020;89.320
846;13;19;66.725;67.780
846;19;13;66.725;77.360
847;13;20;112.493;83.850
847;20;13;112.493;93.620
848;13;21;112.603;80.220
848;21;13;112.603;90.740
849;13;21;129.392;74.190
849;21;13;129.392;84.710
850;13;21;118.681;87.560
850;21;13;118.681;98.080
851;13;22;52.708;74.280
851;22;13;52.708;84.930
852;13;22;51.374;64.680
852;22;13;51.374;75.330
853;13;22;53.074;75.050
853;22;13;53.074;85.700
854;13;23;72.982;77.150
854;23;13;72.982;88.380
855;13;23;75.212;64.970
855;23;13;75.212;76.200
856;13;23;68.500;81.750
856;23;13;68.500;92.980
857;13;24;62.815;68.710
857;24;13;62.815;80.230
858;13;24;63.206;72.310
858;24;13;63.206;83.830
859;13;25;52.406;75.950
859;25;13;52.406;88.350
860;13;25;53.890;83.920
860;25;13;53.890;96.320
861;13;25;53.222;62.860
861;25;13;53.222;75.260
862;13;26;57.365;66.490
862;26;13;57.365;79.600
863;13;27;65.912;69.440
863;27;13;65.912;83.210
864;13;27;66.612;82.100
864;27;13;66.612;95.870
865;13;27;69.750;74.200
865;27;13;69.750;87.970
866;13;28;64.032;61.880
866;28;13;64.032;75.830
867;13;29;65.552;76.530
867;29;13;65.552;90.560
868;13;29;67.119;60.050
868;29;13;67.119;74.080
869;13;30;110.343;82.140
869;30;13;110.343;96.450
870;13;30;96.949;61.040
870;30;13;96.949;75.350
871;13;31;71.057;78.020
871;31;13;71.057;92.740
872;13;31;64.937;64.860
872;31;13;64.937;79.580
873;13;32;74.019;61.470
873;32;13;74.019;76.480
874;13;33;94.420;76.560
874;33;13;94.420;91.890
875;13;33;86.285;66.770
875;33;13;86.285;82.100
876;13;34;74.895;81.150
876;34;13;74.895;96.870
877;13;34;81.637;75.740
877;34;13;81.637;91.460
878;13;35;89.869;79.400
878;35;13;89.869;95.240
879;13;36;50.893;65.400
879;36;13;50.893;81.610
880;13;37;81.695;77.190
880;37;13;81.695;93.440
881;13;37;77.247;74.050
881;37;13;77.247;90.300
882;13;37;87.506;69.080
882;37;13;87.506;85.330
883;13;38;58.514;66.840
883;38;13;58.514;84.470
884;13;39;27.562;2.540
884;39;13;72.562;75.740
885;13;39;26.510;14.950
885;39;13;71.510;88.150
886;13;39;34.172;7.290
886;39;13;79.172;80.490
887;14;15;73.838;84.950
887;15;14;73.838;86.290
888;14;16;107.303;69.150
888;16;14;107.303;71.640
889;14;17;86.967;76.780
889;17;14;86.967;79.350
890;14;18;105.572;66.380
890;18;14;105.572;71.350
891;14;18;115.261;69.560
891;18;14;115.261;74.530
892;14;19;110.084;65.760
892;19;14;110.084;71.710
893;14;20;68.616;69.250
893;20;14;68.616;75.390
894;14;21;126.254;73.000
894;21;14;126.254;79.890
895;14;21;132.992;70.520
895;21;14;132.992;77.410
896;14;22;97.091;72.470
896;22;14;97.091;79.490
897;14;22;108.284;80.210
897;22;14;108.284;87.230
898;14;23;109.996;73.380
898;23;14;109.996;80.980
899;14;24;106.024;62.050
899;24;14;106.024;69.940
900;14;24;95.506;84.290
900;24;14;95.506;92.180
901;14;24;116.768;78.660
901;24;14;116.768;86.550
902;14;25;89.819;68.000
902;25;14;89.819;76.770
903;14;25;94.172;82.210
903;25;14;94.172;90.980
904;14;25;91.098;64.090
904;25;14;91.098;72.860
905;14;26;101.153;63.380
905;26;14;101.153;72.860
906;14;26;90.617;60.730
906;26;14;90.617;70.210
907;14;27;109.830;78.090
907;27;14;109.830;88.230
908;14;27;111.769;83.310
908;27;14;111.769;93.450
909;14;28;107.083;65.870
909;28;14;107.083;76.190
910;14;29;107.080;66.520
910;29;14;107.080;76.920
911;14;29;94.280;65.920
911;29;14;94.280;76.320
912;14;30;128.961;78.960
912;30;14;128.961;89.640
913;14;31;115.506;64.220
913;31;14;115.506;75.310
914;14;31;112.281;77.740
914;31;14;112.281;88.830
915;14;31;113.903;74.200
915;31;14;113.903;85.290
916;14;32;118.478;66.350
916;32;14;118.478;77.730
917;14;32;112.293;67.690
917;32;14;112.293;79.070
918;14;33;60.436;74.000
918;33;14;60.436;85.700
919;14;33;62.578;67.360
919;33;14;62.578;79.060
920;14;34;63.562;79.220
920;34;14;63.562;91.310
921;14;35;116.407;64.700
921;35;14;116.407;76.910
922;14;35;132.475;62.500
922;35;14;132.475;74.710
923;14;36;83.570;62.150
923;36;14;83.570;74.730
924;14;37;115.480;74.970
924;37;14;115.480;87.590
925;14;37;110.558;57.940
925;37;14;110.558;70.560
926;14;38;89.909;70.920
926;38;14;89.909;84.920
927;14;38;88.478;73.090
927;38;14;88.478;87.090
928;14;38;83.100;73.040
928;38;14;83.100;87.040
929;14;39;71.350;23.790
929;39;14;116.350;93.360
930;14;39;67.130;15.870
930;39;14;112.130;85.440
931;15;16;87.406;89.940
931;16;15;87.406;91.090
932;15;16;80.513;88.530
932;16;15;80.513;89.680
933;15;17;70.655;84.980
933;17;15;70.655;86.210
934;15;17;73.909;78.700
934;17;15;73.909;79.930
935;15;17;72.514;89.880
935;17;15;72.514;91.110
936;15;18;90.195;70.980
936;18;15;90.195;74.610
937;15;19;96.304;71.370
937;19;15;96.304;75.980
938;15;19;107.247;82.620
938;19;15;107.247;87.230
939;15;20;91.711;70.830
939;20;15;91.711;75.630
940;15;21;133.529;79.930
940;21;15;133.529;85.480
941;15;21;115.086;77.740
941;21;15;115.086;83.290
942;15;21;135.087;80.420
942;21;15;135.087;85.970
943;15;22;80.236;64.980
943;22;15;80.236;70.660
944;15;22;79.865;87.150
944;22;15;79.865;92.830
945;15;23;100.908;66.800
945;23;15;100.908;73.060
946;15;24;90.875;69.800
946;24;15;90.875;76.350
947;15;25;69.134;79.240
947;25;15;69.134;86.670
948;15;25;75.151;74.460
948;25;15;75.151;81.890
949;15;25;64.553;75.620
949;25;15;64.553;83.050
950;15;26;85.323;79.750
950;26;15;85.323;87.890
951;15;27;88.814;72.010
951;27;15;88.814;80.810
952;15;28;92.122;61.120
952;28;15;92.122;70.100
953;15;28;88.070;75.380
953;28;15;88.070;84.360
954;15;28;83.426;82.240
954;28;15;83.426;91.220
955;15;29;93.924;84.070
955;29;15;93.924;93.130
956;15;29;82.292;60.530
956;29;15;82.292;69.590
957;15;29;88.802;69.930
957;29;15;88.802;78.990
958;15;30;133.328;82.990
958;30;15;133.328;92.330
959;15;31;96.604;80.430
959;31;15;96.604;90.180
960;15;31;91.016;80.960
960;31;15;91.016;90.710
961;15;31;105.214;75.070
961;31;15;105.214;84.820
962;15;32;98.895;77.580
962;32;15;98.895;87.620
963;15;33;86.633;63.940
963;33;15;86.633;74.300
964;15;33;77.532;65.040
964;33;15;77.532;75.400
965;15;33;81.848;78.920
965;33;15;81.848;89.280
966;15;34;55.835;62.870
966;34;15;55.835;73.620
967;15;34;55.088;68.410
967;34;15;55.088;79.160
968;15;35;115.128;76.480
968;35;15;115.128;87.350
969;15;35;100.500;68.870
969;35;15;100.500;79.740
970;15;36;69.021;75.920
970;36;15;69.021;87.160
971;15;37;87.680;77.540
971;37;15;87.680;88.820
972;15;37;81.721;57.640
972;37;15;81.721;68.920
973;15;38;82.429;58.940
973;38;15;82.429;71.600
974;15;39;49.508;12.200
974;39;15;94.508;80.430
975;15;39;56.328;22.150
975;39;15;101.328;90.380
976;16;17;65.363;89.950
976;17;16;65.363;90.030
977;16;17;65.778;73.840
977;17;16;65.778;73.920
978;16;18;55.322;87.500
978;18;16;55.322;89.980
979;16;18;54.074;69.860
979;18;16;54.074;72.340
980;16;19;60.512;82.800
980;19;16;60.512;86.260
981;16;20;130.017;76.270
981;20;16;130.017;79.920
982;16;21;117.753;87.240
982;21;16;117.753;91.640
983;16;22;56.015;86.630
983;22;16;56.015;91.160
984;16;23;70.756;69.170
984;23;16;70.756;74.280
985;16;23;76.019;84.310
985;23;16;76.019;89.420
986;16;23;77.105;85.900
986;23;16;77.105;91.010
987;16;24;55.906;70.160
987;24;16;55.906;75.560
988;16;24;53.868;64.690
988;24;16;53.868;70.090
989;16;25;63.528;77.250
989;25;16;63.528;83.530
990;16;25;59.657;76.260
990;25;16;59.657;82.540
991;16;26;54.857;64.630
991;26;16;54.857;71.620
992;16;26;56.555;61.260
992;26;16;56.555;68.250
993;16;27;48.511;69.180
993;27;16;48.511;76.830
994;16;27;49.357;69.620
994;27;16;49.357;77.270
995;16;27;48.453;81.040
995;27;16;48.453;88.690
996;16;28;56.600;79.820
996;28;16;56.600;87.650
997;16;28;55.026;65.630
997;28;16;55.026;73.460
998;16;28;57.996;62.630
998;28;16;57.996;70.460
999;16;29;60.606;66.430
999;29;16;60.606;74.340
1000;16;29;61.461;59.960
1000;29;16;61.461;67.870
1001;16;30;113.379;62.590
1001;30;16;113.379;70.780
1002;16;30;110.139;73.040
1002;30;16;110.139;81.230
1003;16;30;117.883;70.770
1003;30;16;117.883;78.960
1004;16;31;54.237;78.020
1004;31;16;54.237;86.620
1005;16;31;54.153;59.430
1005;31;16;54.153;68.030
1006;16;31;52.968;79.770
1006;31;16;52.968;88.370
1007;16;32;56.562;64.400
1007;32;16;56.562;73.290
1008;16;32;56.894;66.540
1008;32;16;56.894;75.430
1009;16;32;57.585;60.400
1009;32;16;57.585;69.290
1010;16;33;112.324;76.190
1010;33;16;112.324;85.400
1011;16;33;109.978;66.040
1011;33;16;109.978;75.250
1012;16;33;98.350;59.600
1012;33;16;98.350;68.810
1013;16;34;91.588;70.820
1013;34;16;91.588;80.420
1014;16;34;100.153;75.780
1014;34;16;100.153;85.380
1015;16;34;85.956;65.120
1015;34;16;85.956;74.720
1016;16;35;91.506;67.440
1016;35;16;91.506;77.160
1017;16;36;68.842;66.600
1017;36;16;68.842;76.690
1018;16;37;73.603;64.240
1018;37;16;73.603;74.370
1019;16;37;74.373;71.790
1019;37;16;74.373;81.920
1020;16;38;70.458;59.080
1020;38;16;70.458;70.590
1021;16;39;9.829;5.660
1021;39;16;54.829;72.740
1022;17;18;65.000;72.720
1022;18;17;65.000;75.120
1023;17;19;70.811;77.640
1023;19;17;70.811;81.020
1024;17;19;70.493;67.590
1024;19;17;70.493;70.970
1025;17;19;68.808;86.040
1025;19;17;68.808;89.420
1026;17;20;109.881;84.820
1026;20;17;109.881;88.390
1027;17;20;100.429;72.310
1027;20;17;100.429;75.880
1028;17;20;105.077;83.780
1028;20;17;105.077;87.350
1029;17;21;113.917;66.300
1029;21;17;113.917;70.620
1030;17;21;106.955;73.900
1030;21;17;106.955;78.220
1031;17;21;111.030;79.180
1031;21;17;111.030;83.500
1032;17;22;55.416;78.570
1032;22;17;55.416;83.020
1033;17;22;54.744;66.820
1033;22;17;54.744;71.270
1034;17;23;75.495;73.720
1034;23;17;75.495;78.750
1035;17;23;82.177;84.050
1035;23;17;82.177;89.080
1036;17;23;76.836;69.400
1036;23;17;76.836;74.430
1037;17;24;65.620;81.560
1037;24;17;65.620;86.880
1038;17;25;51.556;64.080
1038;25;17;51.556;70.280
1039;17;25;52.266;62.560
1039;25;17;52.266;68.760
1040;17;26;60.161;77.370
1040;26;17;60.161;84.280
1041;17;27;68.066;74.900
1041;27;17;68.066;82.470
1042;17;28;66.837;64.810
1042;28;17;66.837;72.560
1043;17;29;68.312;76.190
1043;29;17;68.312;84.020
1044;17;30;111.963;81.060
1044;30;17;111.963;89.170
1045;17;31;73.640;81.010
1045;31;17;73.640;89.530
1046;17;31;71.186;60.490
1046;31;17;71.186;69.010
1047;17;32;76.539;58.780
1047;32;17;76.539;67.590
1048;17;32;71.317;71.670
1048;32;17;71.317;80.480
1049;17;33;92.454;69.440
1049;33;17;92.454;78.570
1050;17;34;72.123;68.830
1050;34;17;72.123;78.350
1051;17;34;66.009;68.860
1051;34;17;66.009;78.380
1052;17;35;91.809;62.400
1052;35;17;91.809;72.040
1053;17;35;90.351;78.600
1053;35;17;90.351;88.240
1054;17;35;92.294;61.010
1054;35;17;92.294;70.650
1055;17;36;48.558;74.470
1055;36;17;48.558;84.480
1056;17;36;48.513;78.560
1056;36;17;48.513;88.570
1057;17;36;48.477;58.410
1057;36;17;48.477;68.420
1058;17;37;81.992;60.570
1058;37;17;81.992;70.620
1059;17;37;87.768;77.550
1059;37;17;87.768;87.600
1060;17;37;79.001;68.570
1060;37;17;79.001;78.620
1061;17;38;59.692;68.290
1061;38;17;59.692;79.720
1062;17;38;62.682;65.470
1062;38;17;62.682;76.900
1063;17;38;59.139;65.960
1063;38;17;59.139;77.390
1064;17;39;29.690;0.910
1064;39;17;74.690;67.910
1065;17;39;27.993;10.390
1065;39;17;72.993;77.390
1066;17;39;35.604;11.970
1066;39;17;80.604;78.970
1067;18;19;51.494;74.000
1067;19;18;51.494;74.980
1068;18;19;51.644;64.960
1068;19;18;51.644;65.940
1069;18;20;128.972;76.130
1069;20;18;128.972;77.300
1070;18;20;133.367;74.580
1070;20;18;133.367;75.750
1071;18;21;107.439;85.940
1071;21;18;107.439;87.860
1072;18;22;54.969;69.060
1072;22;18;54.969;71.110
1073;18;23;60.628;78.110
1073;23;18;60.628;80.740
1074;18;23;63.436;70.000
1074;23;18;63.436;72.630
1075;18;24;45.760;83.980
1075;24;18;45.760;86.900
1076;18;24;45.819;65.060
1076;24;18;45.819;67.980
1077;18;25;66.505;73.540
1077;25;18;66.505;77.340
1078;18;26;49.879;78.580
1078;26;18;49.879;83.090
1079;18;27;58.464;60.020
1079;27;18;58.464;65.190
1080;18;27;59.932;73.440
1080;27;18;59.932;78.610
1081;18;28;46.983;76.190
1081;28;18;46.983;81.540
1082;18;29;50.468;77.320
1082;29;18;50.468;82.750
1083;18;29;49.257;65.790
1083;29;18;49.257;71.220
1084;18;29;50.776;77.520
1084;29;18;50.776;82.950
1085;18;30;103.090;80.700
1085;30;18;103.090;86.410
1086;18;30;103.958;70.370
1086;30;18;103.958;76.080
1087;18;30;117.513;68.300
1087;30;18;117.513;74.010
1088;18;31;56.952;66.430
1088;31;18;56.952;72.550
1089;18;31;55.721;66.490
1089;31;18;55.721;72.610
1090;18;32;60.254;60.650
1090;32;18;60.254;67.060
1091;18;32;62.109;78.970
1091;32;18;62.109;85.380
1092;18;32;57.935;80.630
1092;32;18;57.935;87.040
1093;18;33;108.257;70.810
1093;33;18;108.257;77.540
1094;18;33;98.922;63.770
1094;33;18;98.922;70.500
1095;18;34;92.035;70.890
1095;34;18;92.035;78.010
1096;18;34;98.949;68.600
1096;34;18;98.949;75.720
1097;18;35;81.234;61.680
1097;35;18;81.234;68.920
1098;18;36;67.745;76.890
1098;36;18;67.745;84.500
1099;18;36;69.149;67.160
1099;36;18;69.149;74.770
1100;18;36;72.667;65.370
1100;36;18;72.667;72.980
1101;18;37;83.807;78.410
1101;37;18;83.807;86.060
1102;18;37;75.820;73.230
1102;37;18;75.820;80.880
1103;18;37;75.059;74.650
1103;37;18;75.059;82.300
1104;18;38;63.455;72.790
1104;38;18;63.455;81.820
1105;18;39;18.196;0.020
1105;39;18;63.196;64.620
1106;19;20;133.638;70.370
1106;20;19;133.638;70.560
1107;19;20;152.626;68.150
1107;20;19;152.626;68.340
1108;19;20;139.608;75.410
1108;20;19;139.608;75.600
1109;19;21;103.401;63.890
1109;21;19;103.401;64.830
1110;19;21;93.379;70.570
1110;21;19;93.379;71.510
1111;19;22;61.247;78.630
1111;22;19;61.247;79.700
1112;19;22;64.166;80.370
1112;22;19;64.166;81.440
1113;19;23;55.724;84.690
1113;23;19;55.724;86.340
1114;19;24;50.739;84.120
1114;24;19;50.739;86.060
1115;19;24;49.959;82.030
1115;24;19;49.959;83.970
1116;19;25;72.876;67.890
1116;25;19;72.876;70.710
1117;19;26;56.129;70.880
1117;26;19;56.129;74.410
1118;19;26;55.394;61.380
1118;26;19;55.394;64.910
1119;19;27;63.039;72.120
1119;27;19;63.039;76.310
1120;19;27;65.399;79.550
1120;27;19;65.399;83.740
1121;19;28;49.534;69.800
1121;28;19;49.534;74.170
1122;19;28;49.685;78.000
1122;28;19;49.685;82.370
1123;19;29;48.090;72.030
1123;29;19;48.090;76.480
1124;19;29;47.362;76.470
1124;29;19;47.362;80.920
1125;19;30;98.424;60.180
1125;30;19;98.424;64.910
1126;19;30;87.237;77.260
1126;30;19;87.237;81.990
1127;19;30;93.023;66.600
1127;30;19;93.023;71.330
1128;19;31;58.091;64.920
1128;31;19;58.091;70.060
1129;19;31;56.822;64.820
1129;31;19;56.822;69.960
1130;19;31;59.891;71.540
1130;31;19;59.891;76.680
1131;19;32;60.946;78.480
1131;32;19;60.946;83.910
1132;19;32;62.919;79.110
1132;32;19;62.919;84.540
1133;19;32;59.735;66.050
1133;32;19;59.735;71.480
1134;19;33;111.528;80.060
1134;33;19;111.528;85.810
1135;19;33;109.311;73.950
1135;33;19;109.311;79.700
1136;19;34;97.517;73.790
1136;34;19;97.517;79.930
1137;19;34;109.758;62.350
1137;34;19;109.758;68.490
1138;19;34;84.983;59.350
1138;34;19;84.983;65.490
1139;19;35;76.563;64.030
1139;35;19;76.563;70.290
1140;19;36;73.231;68.960
1140;36;19;73.231;75.590
1141;19;36;71.509;63.310
1141;36;19;71.509;69.940
1142;19;36;72.069;57.570
1142;36;19;72.069;64.200
1143;19;37;89.025;80.810
1143;37;19;89.025;87.480
1144;19;37;82.229;63.780
1144;37;19;82.229;70.450
1145;19;38;66.079;57.890
1145;38;19;66.079;65.940
1146;19;38;67.307;65.740
1146;38;19;67.307;73.790
1147;19;38;65.638;74.740
1147;38;19;65.638;82.790
1148;19;39;21.172;8.270
1148;39;19;66.172;71.890
1149;20;21;145.386;86.500
1149;21;20;145.386;87.250
1150;20;22;120.189;70.960
1150;22;20;120.189;71.840
1151;20;22;102.759;83.590
1151;22;20;102.759;84.470
1152;20;23;133.556;85.980
1152;23;20;133.556;87.440
1153;20;23;120.669;69.320
1153;23;20;120.669;70.780
1154;20;23;117.536;83.520
1154;23;20;117.536;84.980
1155;20;24;129.450;78.780
1155;24;20;129.450;80.530
1156;20;24;140.041;74.830
1156;24;20;140.041;76.580
1157;20;25;111.937;78.970
1157;25;20;111.937;81.600
1158;20;25;103.287;72.890
1158;25;20;103.287;75.520
1159;20;25;110.303;72.470
1159;25;20;110.303;75.100
1160;20;26;124.454;71.870
1160;26;20;124.454;75.210
1161;20;26;139.872;76.790
1161;26;20;139.872;80.130
1162;20;27;132.307;62.700
1162;27;20;132.307;66.700
1163;20;27;130.963;75.810
1163;27;20;130.963;79.810
1164;20;27;148.474;61.760
1164;27;20;148.474;65.760
1165;20;28;130.535;65.220
1165;28;20;130.535;69.400
1166;20;28;134.632;73.150
1166;28;20;134.632;77.330
1167;20;28;120.711;62.870
1167;28;20;120.711;67.050
1168;20;29;130.650;61.390
1168;29;20;130.650;65.650
1169;20;30;149.258;64.410
1169;30;20;149.258;68.950
1170;20;30;169.492;70.450
1170;30;20;169.492;74.990
1171;20;30;125.930;69.590
1171;30;20;125.930;74.130
1172;20;31;138.521;60.350
1172;31;20;138.521;65.300
1173;20;32;141.388;70.190
1173;32;20;141.388;75.430
1174;20;32;143.194;82.050
1174;32;20;143.194;87.290
1175;20;32;159.331;82.600
1175;32;20;159.331;87.840
1176;20;33;74.586;72.420
1176;33;20;74.586;77.980
1177;20;34;83.888;74.410
1177;34;20;83.888;80.360
1178;20;34;87.312;77.950
1178;34;20;87.312;83.900
1179;20;34;91.968;80.620
1179;34;20;91.968;86.570
1180;20;35;138.798;75.780
1180;35;20;138.798;81.850
1181;20;36;106.618;65.720
1181;36;20;106.618;72.160
1182;20;36;93.263;73.110
1182;36;20;93.263;79.550
1183;20;37;134.327;62.810
1183;37;20;134.327;69.290
1184;20;37;142.932;75.850
1184;37;20;142.932;82.330
1185;20;38;113.519;69.020
1185;38;20;113.519;76.880
1186;20;39;93.673;15.320
1186;39;20;138.673;78.750
1187;21;22;111.786;62.560
1187;22;21;111.786;62.690
1188;21;22;116.316;85.810
1188;22;21;116.316;85.940
1189;21;23;92.692;80.780
1189;23;21;92.692;81.490
1190;21;23;92.432;84.390
1190;23;21;92.432;85.100
1191;21;23;81.600;81.730
1191;23;21;81.600;82.440
1192;21;24;106.891;79.230
1192;24;21;106.891;80.230
1193;21;24;105.766;74.710
1193;24;21;105.766;75.710
1194;21;24;97.563;69.300
1194;24;21;97.563;70.300
1195;21;25;120.007;65.350
1195;25;21;120.007;67.230
1196;21;25;109.755;78.800
1196;25;21;109.755;80.680
1197;21;25;110.187;80.680
1197;25;21;110.187;82.560
1198;21;26;109.018;65.810
1198;26;21;109.018;68.400
1199;21;26;94.838;76.300
1199;26;21;94.838;78.890
1200;21;27;120.858;60.590
1200;27;21;120.858;63.840
1201;21;27;110.012;60.170
1201;27;21;110.012;63.420
1202;21;28;106.364;83.810
1202;28;21;106.364;87.240
1203;21;28;121.641;78.280
1203;28;21;121.641;81.710
1204;21;28;101.650;72.090
1204;28;21;101.650;75.520
1205;21;29;102.363;83.580
1205;29;21;102.363;87.090
1206;21;29;100.405;69.820
1206;29;21;100.405;73.330
1207;21;29;104.565;64.840
1207;29;21;104.565;68.350
1208;21;30;53.891;69.060
1208;30;21;53.891;72.850
1209;21;31;116.280;79.020
1209;31;21;116.280;83.220
1210;21;32;118.727;72.760
1210;32;21;118.727;77.250
1211;21;33;115.801;76.850
1211;33;21;115.801;81.660
1212;21;33;116.255;70.520
1212;33;21;116.255;75.330
1213;21;33;132.240;70.820
1213;33;21;132.240;75.630
1214;21;34;127.212;81.860
1214;34;21;127.212;87.060
1215;21;34;132.313;72.380
1215;34;21;132.313;77.580
1216;21;34;122.059;64.450
1216;34;21;122.059;69.650
1217;21;35;72.216;78.540
1217;35;21;72.216;83.860
1218;21;35;76.322;81.190
1218;35;21;76.322;86.510
1219;21;35;78.305;61.150
1219;35;21;78.305;66.470
1220;21;36;113.043;79.550
1220;36;21;113.043;85.240
1221;21;36;116.338;63.860
1221;36;21;116.338;69.550
1222;21;37;145.892;73.570
1222;37;21;145.892;79.300
1223;21;38;99.228;60.270
1223;38;21;99.228;67.380
1224;21;38;111.435;79.590
1224;38;21;111.435;86.700
1225;21;39;79.572;20.280
1225;39;21;124.572;82.960
1226;21;39;74.886;8.920
1226;39;21;119.886;71.600
1227;21;39;66.785;5.430
1227;39;21;111.785;68.110
1228;22;23;68.195;66.350
1228;23;22;68.195;66.930
1229;22;24;55.664;76.450
1229;24;22;55.664;77.320
1230;22;24;55.004;73.200
1230;24;22;55.004;74.070
1231;22;25;56.648;68.820
1231;25;22;56.648;70.570
1232;22;26;50.126;67.910
1232;26;22;50.126;70.370
1233;22;26;50.933;74.530
1233;26;22;50.933;76.990
1234;22;27;59.274;67.040
1234;27;22;59.274;70.160
1235;22;27;57.292;61.680
1235;27;22;57.292;64.800
1236;22;27;56.419;64.290
1236;27;22;56.419;67.410
1237;22;28;56.916;65.800
1237;28;22;56.916;69.100
1238;22;28;57.776;71.100
1238;28;22;57.776;74.400
1239;22;28;59.864;77.170
1239;28;22;59.864;80.470
1240;22;29;59.254;80.610
1240;29;22;59.254;83.990
1241;22;29;62.390;64.870
1241;29;22;62.390;68.250
1242;22;30;108.550;59.500
1242;30;22;108.550;63.160
1243;22;30;96.501;74.650
1243;30;22;96.501;78.310
1244;22;31;63.422;65.210
1244;31;22;63.422;69.280
1245;22;31;65.057;59.270
1245;31;22;65.057;63.340
1246;22;32;66.460;60.100
1246;32;22;66.460;64.460
1247;22;32;63.926;71.760
1247;32;22;63.926;76.120
1248;22;33;101.410;70.210
1248;33;22;101.410;74.890
1249;22;34;82.522;80.700
1249;34;22;82.522;85.770
1250;22;35;87.199;71.640
1250;35;22;87.199;76.830
1251;22;36;58.572;71.240
1251;36;22;58.572;76.800
1252;22;36;56.695;69.820
1252;36;22;56.695;75.380
1253;22;36;55.258;76.750
1253;36;22;55.258;82.310
1254;22;37;79.629;76.860
1254;37;22;79.629;82.460
1255;22;38;60.322;68.740
1255;38;22;60.322;75.720
1256;22;39;20.827;1.050
1256;39;22;65.827;63.600
1257;22;39;17.730;10.210
1257;39;22;62.730;72.760
1258;23;24;59.954;65.960
1258;24;23;59.954;66.250
1259;23;24;59.326;71.290
1259;24;23;59.326;71.580
1260;23;24;56.475;70.820
1260;24;23;56.475;71.110
1261;23;25;79.368;78.400
1261;25;23;79.368;79.570
1262;23;26;63.772;71.680
1262;26;23;63.772;73.560
1263;23;26;67.810;60.250
1263;26;23;67.810;62.130
1264;23;26;62.143;64.890
1264;26;23;62.143;66.770
1265;23;27;73.563;70.970
1265;27;23;73.563;73.510
1266;23;27;73.364;65.020
1266;27;23;73.364;67.560
1267;23;27;76.835;80.230
1267;27;23;76.835;82.770
1268;23;28;59.157;80.000
1268;28;23;59.157;82.720
1269;23;28;62.266;64.870
1269;28;23;62.266;67.590
1270;23;28;56.155;66.820
1270;28;23;56.155;69.540
1271;23;29;55.181;66.240
1271;29;23;55.181;69.040
1272;23;30;87.748;74.020
1272;30;23;87.748;77.100
1273;23;31;68.636;59.950
1273;31;23;68.636;63.440
1274;23;32;71.250;69.080
1274;32;23;71.250;72.860
1275;23;32;73.067;70.350
1275;32;23;73.067;74.130
1276;23;33;108.918;72.530
1276;33;23;108.918;76.630
1277;23;33;107.249;62.840
1277;33;23;107.249;66.940
1278;23;33;118.148;81.470
1278;33;23;118.148;85.570
1279;23;34;100.082;77.400
1279;34;23;100.082;81.890
1280;23;34;100.464;66.490
1280;34;23;100.464;70.980
1281;23;35;65.867;77.460
1281;35;23;65.867;82.070
1282;23;35;70.018;78.910
1282;35;23;70.018;83.520
1283;23;36;76.901;58.270
1283;36;23;76.901;63.250
1284;23;36;75.091;77.390
1284;36;23;75.091;82.370
1285;23;37;99.354;70.480
1285;37;23;99.354;75.500
1286;23;37;112.491;57.570
1286;37;23;112.491;62.590
1287;23;38;65.283;56.540
1287;38;23;65.283;62.940
1288;23;38;70.003;63.320
1288;38;23;70.003;69.720
1289;23;38;65.048;79.990
1289;38;23;65.048;86.390
1290;23;39;31.884;10.170
1290;39;23;76.884;72.140
1291;24;25;67.227;72.700
1291;25;24;67.227;73.580
1292;24;25;61.793;73.270
1292;25;24;61.793;74.150
1293;24;25;66.426;71.400
1293;25;24;66.426;72.280
1294;24;26;50.552;61.570
1294;26;24;50.552;63.160
1295;24;26;51.056;76.830
1295;26;24;51.056;78.420
1296;24;27;58.977;75.470
1296;27;24;58.977;77.720
1297;24;27;62.037;72.290
1297;27;24;62.037;74.540
1298;24;27;55.629;82.630
1298;27;24;55.629;84.880
1299;24;28;46.253;71.340
1299;28;24;46.253;73.770
1300;24;29;49.777;64.220
1300;29;24;49.777;66.730
1301;24;30;102.478;60.120
1301;30;24;102.478;62.910
1302;24;30;91.076;82.660
1302;30;24;91.076;85.450
1303;24;31;56.984;58.700
1303;31;24;56.984;61.900
1304;24;31;54.630;71.810
1304;31;24;54.630;75.010
1305;24;31;54.613;79.350
1305;31;24;54.613;82.550
1306;24;32;60.269;68.690
1306;32;24;60.269;72.180
1307;24;32;60.701;76.920
1307;32;24;60.701;80.410
1308;24;33;108.546;67.390
1308;33;24;108.546;71.200
1309;24;33;101.930;64.900
1309;33;24;101.930;68.710
1310;24;34;92.619;82.010
1310;34;24;92.619;86.210
1311;24;35;80.612;68.210
1311;35;24;80.612;72.530
1312;24;35;78.404;74.670
1312;35;24;78.404;78.990
1313;24;36;68.314;79.890
1313;36;24;68.314;84.580
1314;24;37;84.442;75.570
1314;37;24;84.442;80.300
1315;24;38;63.593;64.100
1315;38;24;63.593;70.210
1316;24;38;59.236;59.910
1316;38;24;59.236;66.020
1317;24;38;59.363;69.140
1317;38;24;59.363;75.250
1318;24;39;18.520;21.350
1318;39;24;63.520;83.030
1319;24;39;16.051;3.590
1319;39;24;61.051;65.270
1320;25;26;61.748;84.890
1320;26;25;61.748;85.600
1321;25;26;63.682;65.180
1321;26;25;63.682;65.890
1322;25;26;62.720;78.890
1322;26;25;62.720;79.600
1323;25;27;65.445;78.420
1323;27;25;65.445;79.790
1324;25;28;68.479;70.170
1324;28;25;68.479;71.720
1325;25;28;68.608;82.050
1325;28;25;68.608;83.600
1326;25;28;74.187;79.800
1326;28;25;74.187;81.350
1327;25;29;70.880;73.270
1327;29;25;70.880;74.900
1328;25;29;72.522;65.600
1328;29;25;72.522;67.230
1329;25;29;69.011;72.080
1329;29;25;69.011;73.710
1330;25;30;117.712;75.680
1330;30;25;117.712;77.590
1331;25;31;72.607;69.770
1331;31;25;72.607;72.090
1332;25;31;74.158;71.640
1332;31;25;74.158;73.960
1333;25;31;67.902;68.290
1333;31;25;67.902;70.610
1334;25;32;75.089;60.690
1334;32;25;75.089;63.300
1335;25;33;96.946;70.860
1335;33;25;96.946;73.790
1336;25;33;90.078;58.710
1336;33;25;90.078;61.640
1337;25;34;73.214;65.350
1337;34;25;73.214;68.670
1338;25;34;75.216;66.710
1338;34;25;75.216;70.030
1339;25;35;97.081;71.950
1339;35;25;97.081;75.390
1340;25;35;92.277;81.180
1340;35;25;92.277;84.620
1341;25;35;99.206;65.520
1341;35;25;99.206;68.960
1342;25;36;54.199;57.690
1342;36;25;54.199;61.500
1343;25;36;55.509;73.650
1343;36;25;55.509;77.460
1344;25;37;75.687;60.490
1344;37;25;75.687;64.340
1345;25;37;78.799;69.540
1345;37;25;78.799;73.390
1346;25;38;65.863;55.770
1346;38;25;65.863;61.000
1347;25;38;66.262;73.310
1347;38;25;66.262;78.540
1348;25;39;26.736;6.880
1348;39;25;71.736;67.680
1349;25;39;25.157;14.050
1349;39;25;70.157;74.850
1350;26;27;58.365;80.160
1350;27;26;58.365;80.820
1351;26;27;58.664;79.650
1351;27;26;58.664;80.310
1352;26;27;56.873;69.150
1352;27;26;56.873;69.810
1353;26;28;51.801;76.080
1353;28;26;51.801;76.920
1354;26;28;50.338;77.620
1354;28;26;50.338;78.460
1355;26;29;54.290;68.510
1355;29;26;54.290;69.430
1356;26;29;52.946;74.560
1356;29;26;52.946;75.480
1357;26;29;53.922;82.430
1357;29;26;53.922;83.350
1358;26;30;105.251;80.530
1358;30;26;105.251;81.730
1359;26;31;59.945;62.970
1359;31;26;59.945;64.580
1360;26;32;63.193;60.730
1360;32;26;63.193;62.630
1361;26;33;104.499;63.660
1361;33;26;104.499;65.880
1362;26;34;87.246;81.780
1362;34;26;87.246;84.390
1363;26;34;91.144;69.430
1363;34;26;91.144;72.040
1364;26;34;86.455;73.180
1364;34;26;86.455;75.790
1365;26;35;83.597;65.530
1365;35;26;83.597;68.260
1366;26;35;77.476;68.050
1366;35;26;77.476;70.780
1367;26;36;63.012;73.860
1367;36;26;63.012;76.960
1368;26;36;66.555;62.530
1368;36;26;66.555;65.630
1369;26;37;81.879;74.100
1369;37;26;81.879;77.240
1370;26;38;60.850;63.730
1370;38;26;60.850;68.250
1371;26;39;19.290;5.660
1371;39;26;64.290;65.750
1372;27;28;59.514;79.210
1372;28;27;59.514;79.390
1373;27;28;56.144;75.140
1373;28;27;56.144;75.320
1374;27;28;62.900;81.710
1374;28;27;62.900;81.890
1375;27;29;63.534;82.310
1375;29;27;63.534;82.570
1376;27;30;116.292;69.540
1376;30;27;116.292;70.080
1377;27;31;53.953;80.000
1377;31;27;53.953;80.950
1378;27;32;55.342;62.510
1378;32;27;55.342;63.750
1379;27;32;53.576;64.060
1379;32;27;53.576;65.300
1380;27;33;115.322;79.310
1380;33;27;115.322;80.870
1381;27;33;117.900;76.560
1381;33;27;117.900;78.120
1382;27;33;114.513;63.510
1382;33;27;114.513;65.070
1383;27;34;93.658;77.840
1383;34;27;93.658;79.790
1384;27;34;90.824;65.180
1384;34;27;90.824;67.130
1385;27;34;89.437;61.410
1385;34;27;89.437;63.360
1386;27;35;94.405;73.680
1386;35;27;94.405;75.750
1387;27;35;88.051;72.880
1387;35;27;88.051;74.950
1388;27;35;101.293;64.780
1388;35;27;101.293;66.850
1389;27;36;71.600;60.300
1389;36;27;71.600;62.740
1390;27;36;68.041;78.990
1390;36;27;68.041;81.430
1391;27;37;71.038;59.490
1391;37;27;71.038;61.970
1392;27;37;70.276;59.070
1392;37;27;70.276;61.550
1393;27;37;67.578;58.510
1393;37;27;67.578;60.990
1394;27;38;73.942;57.110
1394;38;27;73.942;60.970
1395;27;39;6.651;24.760
1395;39;27;51.651;84.190
1396;27;39;5.559;24.190
1396;39;27;50.559;83.620
1397;28;29;49.023;66.630
1397;29;28;49.023;66.710
1398;28;29;48.037;73.760
1398;29;28;48.037;73.840
1399;28;30;101.809;64.860
1399;30;28;101.809;65.220
1400;28;30;91.695;74.820
1400;30;28;91.695;75.180
1401;28;31;56.693;72.150
1401;31;28;56.693;72.920
1402;28;31;54.949;67.760
1402;31;28;54.949;68.530
1403;28;32;59.928;63.160
1403;32;28;59.928;64.220
1404;28;32;62.266;78.460
1404;32;28;62.266;79.520
1405;28;32;57.084;63.070
1405;32;28;57.084;64.130
1406;28;33;109.413;63.810
1406;33;28;109.413;65.190
1407;28;33;104.664;80.650
1407;33;28;104.664;82.030
1408;28;34;93.806;58.970
1408;34;28;93.806;60.740
1409;28;35;79.926;67.670
1409;35;28;79.926;69.560
1410;28;36;69.494;78.170
1410;36;28;69.494;80.430
1411;28;36;67.078;61.200
1411;36;28;67.078;63.460
1412;28;36;64.789;79.870
1412;36;28;64.789;82.130
1413;28;37;85.197;70.390
1413;37;28;85.197;72.690
1414;28;38;64.289;80.040
1414;38;28;64.289;83.720
1415;28;39;18.686;8.200
1415;39;28;63.686;67.450
1416;29;30;97.787;81.290
1416;30;29;97.787;81.570
1417;29;30;100.519;81.760
1417;30;29;100.519;82.040
1418;29;31;59.979;67.900
1418;31;29;59.979;68.590
1419;29;31;60.298;59.730
1419;31;29;60.298;60.420
1420;29;31;59.588;61.170
1420;31;29;59.588;61.860
1421;29;32;63.056;70.350
1421;32;29;63.056;71.330
1422;29;33;108.438;64.990
1422;33;29;108.438;66.290
1423;29;34;94.773;66.590
1423;34;29;94.773;68.280
1424;29;35;75.906;62.450
1424;35;29;75.906;64.260
1425;29;36;70.556;59.160
1425;36;29;70.556;61.340
1426;29;36;75.849;78.820
1426;36;29;75.849;81.000
1427;29;37;89.188;62.770
1427;37;29;89.188;64.990
1428;29;37;79.382;60.430
1428;37;29;79.382;62.650
1429;29;38;62.990;70.710
1429;38;29;62.990;74.310
1430;29;38;59.587;57.480
1430;38;29;59.587;61.080
1431;29;38;63.082;80.360
1431;38;29;63.082;83.960
1432;29;39;22.496;11.670
1432;39;29;67.496;70.840
1433;30;31;110.940;60.020
1433;31;30;110.940;60.430
1434;30;31;123.466;59.460
1434;31;30;123.466;59.870
1435;30;32;113.151;67.250
1435;32;30;113.151;67.950
1436;30;32;105.863;65.970
1436;32;30;105.863;66.670
1437;30;33;119.772;78.330
1437;33;30;119.772;79.350
1438;30;33;102.714;58.040
1438;33;30;102.714;59.060
1439;30;33;137.332;66.650
1439;33;30;137.332;67.670
1440;30;34;127.960;75.100
1440;34;30;127.960;76.510
1441;30;34;107.970;57.820
1441;34;30;107.970;59.230
1442;30;35;66.887;81.760
1442;35;30;66.887;83.290
1443;30;36;111.540;75.420
1443;36;30;111.540;77.320
1444;30;36;95.845;62.290
1444;36;30;95.845;64.190
1445;30;37;141.875;57.640
1445;37;30;141.875;59.580
1446;30;37;147.303;80.230
1446;37;30;147.303;82.170
1447;30;37;122.250;62.510
1447;37;30;122.250;64.450
1448;30;38;97.388;64.340
1448;38;30;97.388;67.660
1449;30;38;109.755;72.270
1449;38;30;109.755;75.590
1450;30;38;97.224;64.260
1450;38;30;97.224;67.580
1451;30;39;74.442;15.360
1451;39;30;119.442;74.250
1452;30;39;86.753;2.010
1452;39;30;131.753;60.900
1453;31;32;48.310;67.660
1453;32;31;48.310;67.950
1454;31;32;47.880;61.040
1454;32;31;47.880;61.330
1455;31;32;47.513;76.990
1455;32;31;47.513;77.280
1456;31;33;119.426;72.160
1456;33;31;119.426;72.770
1457;31;34;100.415;67.960
1457;34;31;100.415;68.960
1458;31;34;88.907;61.260
1458;34;31;88.907;62.260
1459;31;35;89.226;70.090
1459;35;31;89.226;71.210
1460;31;36;76.950;72.450
1460;36;31;76.950;73.940
1461;31;37;78.563;69.830
1461;37;31;78.563;71.360
1462;31;38;75.300;66.960
1462;38;31;75.300;69.870
1463;31;39;8.671;23.870
1463;39;31;53.671;82.350
1464;31;39;6.712;7.840
1464;39;31;51.712;66.320
1465;31;39;8.551;4.200
1465;39;31;53.551;62.680
1466;32;33;122.629;73.830
1466;33;32;122.629;74.150
1467;32;34;103.104;81.380
1467;34;32;103.104;82.090
1468;32;34;96.739;77.270
1468;34;32;96.739;77.980
1469;32;35;91.577;69.730
1469;35;32;91.577;70.560
1470;32;36;79.908;75.820
1470;36;32;79.908;77.020
1471;32;37;77.982;76.080
1471;37;32;77.982;77.320
1472;32;37;73.873;71.520
1472;37;32;73.873;72.760
1473;32;38;78.609;75.520
1473;38;32;78.609;78.140
1474;32;38;77.446;72.070
1474;38;32;77.446;74.690
1475;32;39;7.648;0.980
1475;39;32;52.648;59.170
1476;33;34;75.799;59.190
1476;34;33;75.799;59.580
1477;33;34;73.073;67.010
1477;34;33;73.073;67.400
1478;33;34;72.512;75.780
1478;34;33;72.512;76.170
1479;33;35;110.697;76.530
1479;35;33;110.697;77.040
1480;33;35;107.371;74.160
1480;35;33;107.371;74.670
1481;33;36;88.898;78.420
1481;36;33;88.898;79.300
1482;33;37;125.577;80.000
1482;37;33;125.577;80.920
1483;33;37;143.144;77.660
1483;37;33;143.144;78.580
1484;33;38;90.450;57.080
1484;38;33;90.450;59.380
1485;33;38;93.633;68.110
1485;38;33;93.633;70.410
1486;33;38;92.907;68.910
1486;38;33;92.907;71.210
1487;33;39;76.973;8.110
1487;39;33;121.973;65.980
1488;33;39;86.884;22.790
1488;39;33;131.884;80.660
1489;33;39;69.618;12.340
1489;39;33;114.618;70.210
1490;34;35;111.473;78.860
1490;35;34;111.473;78.980
1491;34;35;126.801;73.150
1491;35;34;126.801;73.270
1492;34;36;69.317;77.490
1492;36;34;69.317;77.980
1493;34;36;72.121;80.560
1493;36;34;72.121;81.050
1494;34;37;96.963;79.900
1494;37;34;96.963;80.430
1495;34;38;80.147;69.070
1495;38;34;80.147;70.980
1496;34;38;81.614;72.660
1496;38;34;81.614;74.570
1497;34;39;54.909;20.210
1497;39;34;99.909;77.690
1498;35;36;91.969;81.570
1498;36;35;91.969;81.940
1499;35;37;120.039;79.090
1499;37;35;120.039;79.500
1500;35;38;77.850;68.090
1500;38;35;77.850;69.880
1501;35;39;52.651;19.310
1501;39;35;97.651;76.670
1502;35;39;61.715;6.060
1502;39;35;106.715;63.420
1503;35;39;39.514;20.020
1503;39;35;84.514;77.380
1504;36;37;84.886;70.550
1504;37;36;84.886;70.590
1505;36;38;59.211;59.940
1505;38;36;59.211;61.360
1506;36;38;61.132;71.400
1506;38;36;61.132;72.820
1507;36;39;33.232;20.640
1507;39;36;78.232;77.630
1508;36;39;34.057;2.060
1508;39;36;79.057;59.050
1509;36;39;25.299;18.200
1509;39;36;70.299;75.190
1510;37;38;94.387;77.810
1510;38;37;94.387;79.190
1511;37;38;87.819;75.450
1511;38;37;87.819;76.830
1512;37;38;93.638;78.720
1512;38;37;93.638;80.100
1513;37;39;25.336;5.870
1513;39;37;70.336;62.820
1514;37;39;29.541;7.440
1514;39;37;74.541;64.390
1515;38;39;35.108;9.050
1515;39;38;80.108;64.620
