40
360.0
0;0;1;94.491;109.410
0;1;0;49.491;9.410
1;0;2;53.647;89.210
1;2;0;8.647;3.720
2;0;2;54.289;106.010
2;2;0;9.289;20.520
3;0;2;54.984;108.910
3;2;0;9.984;23.420
4;0;3;81.549;106.570
4;3;0;36.549;21.220
5;0;3;76.850;87.900
5;3;0;31.850;2.550
6;0;3;80.833;96.060
6;3;0;35.833;10.710
7;0;4;73.285;83.340
7;4;0;28.285;7.340
8;0;4;80.041;90.550
8;4;0;35.041;14.550
9;0;4;80.245;83.380
9;4;0;35.245;7.380
10;0;5;76.387;89.200
10;5;0;31.387;16.250
11;0;5;80.033;77.870
11;5;0;35.033;4.920
12;0;5;68.728;75.320
12;5;0;23.728;2.370
13;0;6;64.222;86.950
13;6;0;19.222;15.070
14;0;6;68.999;80.110
14;6;0;23.999;8.230
15;0;6;62.197;91.240
15;6;0;17.197;19.360
16;0;7;74.690;91.060
16;7;0;29.690;19.460
17;0;7;67.713;90.440
17;7;0;22.713;18.840
18;0;8;116.350;82.820
18;8;0;71.350;13.950
19;0;9;72.562;88.220
19;9;0;27.562;23.540
20;0;10;62.194;65.530
20;10;0;17.194;1.960
21;0;11;66.172;75.760
21;11;0;21.172;12.740
22;0;11;61.173;84.510
22;11;0;16.173;21.490
23;0;12;75.107;82.220
23;12;0;30.107;19.790
24;0;12;71.487;85.340
24;12;0;26.487;22.910
25;0;13;77.509;71.970
25;13;0;32.509;9.750
26;0;13;82.931;70.240
26;13;0;37.931;8.020
27;0;14;90.309;83.260
27;14;0;45.309;21.810
28;0;15;54.829;63.040
28;15;0;9.829;1.770
29;0;16;94.508;64.990
29;16;0;49.508;5.610
30;0;17;99.909;71.550
30;17;0;54.909;12.790
31;0;17;113.218;59.500
31;17;0;68.218;0.740
32;0;18;78.232;78.140
32;18;0;33.232;20.540
33;0;18;77.811;59.650
33;18;0;32.811;2.050
34;0;18;72.165;68.050
34;18;0;27.165;10.450
35;0;19;71.736;75.940
35;19;0;26.736;20.480
36;0;19;74.386;68.530
36;19;0;29.386;13.070
37;0;20;103.284;64.090
37;20;0;58.284;9.440
38;0;20;112.944;69.150
38;20;0;67.944;14.500
39;0;21;65.827;62.010
39;21;0;20.827;8.880
40;0;21;68.018;69.470
40;21;0;23.018;16.340
41;0;21;65.642;60.590
41;21;0;20.642;7.460
42;0;22;68.796;63.570
42;22;0;23.796;10.640
43;0;23;76.884;73.650
43;23;0;31.884;21.230
44;0;23;84.526;56.210
44;23;0;39.526;3.790
45;0;23;79.156;59.870
45;23;0;34.156;7.450
46;0;24;69.972;53.090
46;24;0;24.972;0.730
47;0;25;63.520;60.090
47;25;0;18.520;8.960
48;0;26;67.688;73.750
48;26;0;22.688;23.170
49;0;27;80.994;74.640
49;27;0;35.994;24.240
50;0;27;82.640;71.990
50;27;0;37.640;21.590
51;0;27;82.585;54.720
51;27;0;37.585;4.320
52;0;28;71.416;64.120
52;28;0;26.416;13.760
53;0;28;75.603;74.550
53;28;0;30.603;24.190
54;0;28;76.825;64.930
54;28;0;31.825;14.570
55;0;29;71.770;71.010
55;29;0;26.770;21.870
56;0;30;63.196;68.210
56;30;0;18.196;19.400
57;0;30;59.306;71.660
57;30;0;14.306;22.850
58;0;31;64.290;51.830
58;31;0;19.290;3.070
59;0;32;53.671;56.870
59;32;0;8.671;8.600
60;0;33;52.648;61.800
60;33;0;7.648;14.160
61;0;34;69.350;57.230
61;34;0;24.350;10.440
62;0;35;141.367;50.120
62;35;0;96.367;3.410
63;0;35;145.376;69.750
63;35;0;100.376;23.040
64;0;36;51.651;70.960
64;36;0;6.651;24.310
65;0;36;50.048;68.560
65;36;0;5.048;21.910
66;0;36;53.145;71.090
66;36;0;8.145;24.440
67;0;37;97.651;67.690
67;37;0;52.651;21.270
68;0;37;103.078;51.190
68;37;0;58.078;4.770
69;0;37;105.532;51.460
69;37;0;60.532;5.040
70;0;38;80.108;46.010
70;38;0;35.108;0.100
71;0;39;0.000;24.120
71;39;0;0.000;24.120
72;1;2;87.276;96.380
72;2;1;87.276;110.890
73;1;3;66.570;94.490
73;3;1;66.570;109.140
74;1;3;69.715;105.210
74;3;1;69.715;119.860
75;1;3;64.778;109.010
75;3;1;64.778;123.660
76;1;4;117.069;84.670
76;4;1;117.069;108.670
77;1;4;132.018;84.590
77;4;1;132.018;108.590
78;1;4;104.828;88.990
78;4;1;104.828;112.990
79;1;5;114.299;78.570
79;5;1;114.299;105.620
80;1;5;129.412;85.500
80;5;1;129.412;112.550
81;1;6;113.662;96.870
81;6;1;113.662;124.990
82;1;6;127.921;72.880
82;6;1;127.921;101.000
83;1;6;99.899;91.070
83;6;1;99.899;119.190
84;1;7;68.587;78.640
84;7;1;68.587;107.040
85;1;7;63.083;73.090
85;7;1;63.083;101.490
86;1;8;79.185;89.690
86;8;1;79.185;120.820
87;1;8;84.777;83.160
87;8;1;84.777;114.290
88;1;9;69.109;70.960
88;9;1;69.109;106.280
89;1;9;69.816;88.640
89;9;1;69.816;123.960
90;1;10;80.845;72.680
90;10;1;80.845;109.110
91;1;10;78.994;79.950
91;10;1;78.994;116.380
92;1;11;80.589;70.370
92;11;1;80.589;107.350
93;1;12;65.984;78.250
93;12;1;65.984;115.820
94;1;13;74.022;69.220
94;13;1;74.022;107.000
95;1;14;80.955;84.000
95;14;1;80.955;122.550
96;1;14;83.888;72.540
96;14;1;83.888;111.090
97;1;15;84.694;77.000
97;15;1;84.694;115.730
98;1;16;81.911;83.210
98;16;1;81.911;123.830
99;1;17;75.486;77.000
99;17;1;75.486;118.240
100;1;18;65.896;82.270
100;18;1;65.896;124.670
101;1;18;67.200;78.440
101;18;1;67.200;120.840
102;1;19;74.997;60.920
102;19;1;74.997;105.460
103;1;19;68.750;61.770
103;19;1;68.750;106.310
104;1;19;76.096;75.290
104;19;1;76.096;119.830
105;1;20;66.975;76.960
105;20;1;66.975;122.310
106;1;20;67.518;59.080
106;20;1;67.518;104.430
107;1;20;66.941;64.920
107;20;1;66.941;110.270
108;1;21;73.902;67.180
108;21;1;73.902;114.050
109;1;21;75.564;55.140
109;21;1;75.564;102.010
110;1;21;68.727;64.760
110;21;1;68.727;111.630
111;1;22;110.336;66.790
111;22;1;110.336;113.860
112;1;22;109.132;68.000
112;22;1;109.132;115.070
113;1;22;111.739;61.220
113;22;1;111.739;108.290
114;1;23;77.378;60.260
114;23;1;77.378;107.840
115;1;23;84.043;60.120
115;23;1;84.043;107.700
116;1;24;76.517;58.510
116;24;1;76.517;106.150
117;1;25;78.457;58.640
117;25;1;78.457;107.510
118;1;26;86.520;63.980
118;26;1;86.520;113.400
119;1;26;84.085;67.990
119;26;1;84.085;117.410
120;1;26;93.842;63.020
120;26;1;93.842;112.440
121;1;27;63.132;74.930
121;27;1;63.132;124.530
122;1;27;62.699;52.290
122;27;1;62.699;101.890
123;1;28;72.608;62.200
123;28;1;72.608;111.840
124;1;29;71.892;50.970
124;29;1;71.892;101.830
125;1;29;71.991;64.590
125;29;1;71.991;115.450
126;1;30;78.322;52.550
126;30;1;78.322;103.740
127;1;31;75.463;57.480
127;31;1;75.463;108.720
128;1;32;90.133;70.240
128;32;1;90.133;121.970
129;1;32;95.226;61.260
129;32;1;95.226;112.990
130;1;32;92.999;70.260
130;32;1;92.999;121.990
131;1;33;93.438;65.110
131;33;1;93.438;117.470
132;1;33;82.390;71.200
132;33;1;82.390;123.560
133;1;33;93.127;68.620
133;33;1;93.127;120.980
134;1;34;107.636;49.920
134;34;1;107.636;103.130
135;1;34;116.156;56.790
135;34;1;116.156;110.000
136;1;35;100.850;64.620
136;35;1;100.850;117.910
137;1;35;92.511;69.450
137;35;1;92.511;122.740
138;1;35;110.594;57.120
138;35;1;110.594;110.410
139;1;36;88.091;57.120
139;36;1;88.091;110.470
140;1;36;89.058;67.250
140;36;1;89.058;120.600
141;1;37;82.436;50.000
141;37;1;82.436;103.580
142;1;37;77.789;64.200
142;37;1;77.789;117.780
143;1;37;79.200;54.140
143;37;1;79.200;107.720
144;1;38;59.867;54.930
144;38;1;59.867;109.020
145;1;38;60.842;66.310
145;38;1;60.842;120.400
146;1;38;60.386;68.590
146;38;1;60.386;122.680
147;1;39;49.491;0.230
147;39;1;94.491;100.230
148;2;3;77.233;97.650
148;3;2;77.233;97.790
149;2;3;73.734;96.570
149;3;2;73.734;96.710
150;2;4;81.692;95.020
150;4;2;81.692;104.510
151;2;5;83.904;89.690
151;5;2;83.904;102.230
152;2;5;74.430;82.690
152;5;2;74.430;95.230
153;2;5;90.650;75.170
153;5;2;90.650;87.710
154;2;6;72.272;95.400
154;6;2;72.272;109.010
155;2;6;66.835;74.730
155;6;2;66.835;88.340
156;2;6;73.077;95.180
156;6;2;73.077;108.790
157;2;7;70.001;86.040
157;7;2;70.001;99.930
158;2;7;68.801;84.070
158;7;2;68.801;97.960
159;2;8;111.918;77.560
159;8;2;111.918;94.180
160;2;8;118.810;86.120
160;8;2;118.810;102.740
161;2;8;98.293;87.700
161;8;2;98.293;104.320
162;2;9;67.457;77.830
162;9;2;67.457;98.640
163;2;10;53.547;65.290
163;10;2;53.547;87.210
164;2;11;57.678;70.430
164;11;2;57.678;92.900
165;2;12;69.444;85.280
165;12;2;69.444;108.340
166;2;12;69.469;64.990
166;12;2;69.469;88.050
167;2;13;68.885;75.090
167;13;2;68.885;98.360
168;2;13;70.900;64.760
168;13;2;70.900;88.030
169;2;14;81.967;63.380
169;14;2;81.967;87.420
170;2;15;50.626;86.150
170;15;2;50.626;110.370
171;2;15;49.609;65.980
171;15;2;49.609;90.200
172;2;16;92.906;83.450
172;16;2;92.906;109.560
173;2;16;90.667;82.140
173;16;2;90.667;108.250
174;2;17;96.710;73.200
174;17;2;96.710;99.930
175;2;18;73.348;73.270
175;18;2;73.348;101.160
176;2;18;73.435;79.420
176;18;2;73.435;107.310
177;2;19;68.890;59.730
177;19;2;68.890;89.760
178;2;20;98.422;77.860
178;20;2;98.422;108.700
179;2;21;59.887;77.970
179;21;2;59.887;110.330
180;2;21;61.421;76.460
180;21;2;61.421;108.820
181;2;21;63.157;74.950
181;21;2;63.157;107.310
182;2;22;76.730;75.170
182;22;2;76.730;107.730
183;2;22;71.562;73.440
183;22;2;71.562;106.000
184;2;22;73.549;74.050
184;22;2;73.549;106.610
185;2;23;68.397;68.290
185;23;2;68.397;101.360
186;2;23;62.632;75.170
186;23;2;62.632;108.240
187;2;24;67.456;67.120
187;24;2;67.456;100.250
188;2;25;54.975;74.770
188;25;2;54.975;109.130
189;2;25;56.092;65.370
189;25;2;56.092;99.730
190;2;25;54.903;65.690
190;25;2;54.903;100.050
191;2;26;60.381;68.260
191;26;2;60.381;103.170
192;2;26;64.059;70.740
192;26;2;64.059;105.650
193;2;26;59.179;71.650
193;26;2;59.179;106.560
194;2;27;75.763;61.750
194;27;2;75.763;96.840
195;2;27;79.818;58.990
195;27;2;79.818;94.080
196;2;28;67.563;71.770
196;28;2;67.563;106.900
197;2;28;72.744;57.670
197;28;2;72.744;92.800
198;2;28;72.866;72.550
198;28;2;72.866;107.680
199;2;29;67.698;70.310
199;29;2;67.698;106.660
200;2;29;70.729;52.830
200;29;2;70.729;89.180
201;2;30;54.733;54.070
201;30;2;54.733;90.750
202;2;31;56.840;66.090
202;31;2;56.840;102.820
203;2;31;56.560;65.240
203;31;2;56.560;101.970
204;2;32;48.720;55.200
204;32;2;48.720;92.420
205;2;32;48.816;54.840
205;32;2;48.816;92.060
206;2;33;51.574;70.660
206;33;2;51.574;108.510
207;2;33;51.084;61.070
207;33;2;51.084;98.920
208;2;33;50.668;64.450
208;33;2;50.668;102.300
209;2;34;76.617;67.420
209;34;2;76.617;106.120
210;2;34;73.398;69.350
210;34;2;73.398;108.050
211;2;35;132.759;68.310
211;35;2;132.759;107.090
212;2;36;51.171;62.650
212;36;2;51.171;101.490
213;2;36;51.945;67.470
213;36;2;51.945;106.310
214;2;36;50.676;49.290
214;36;2;50.676;88.130
215;2;37;89.241;48.980
215;37;2;89.241;88.050
216;2;37;95.483;52.730
216;37;2;95.483;91.800
217;2;38;72.548;70.000
217;38;2;72.548;109.580
218;2;39;8.647;14.250
218;39;2;53.647;99.740
219;2;39;6.519;9.480
219;39;2;51.519;94.970
220;2;39;8.106;1.400
220;39;2;53.106;86.890
221;3;4;98.504;89.670
221;4;3;98.504;99.020
222;3;4;100.879;89.430
222;4;3;100.879;98.780
223;3;4;88.463;93.740
223;4;3;88.463;103.090
224;3;5;94.291;74.500
224;5;3;94.291;86.900
225;3;6;99.245;72.430
225;6;3;99.245;85.900
226;3;6;93.705;95.770
226;6;3;93.705;109.240
227;3;7;52.264;93.930
227;7;3;52.264;107.680
228;3;7;52.098;73.540
228;7;3;52.098;87.290
229;3;8;79.854;91.590
229;8;3;79.854;108.070
230;3;8;73.980;68.980
230;8;3;73.980;85.460
231;3;9;54.975;72.720
231;9;3;54.975;93.390
232;3;9;55.339;67.850
232;9;3;55.339;88.520
233;3;9;53.954;82.770
233;9;3;53.954;103.440
234;3;10;74.973;75.970
234;10;3;74.973;97.750
235;3;10;78.049;81.740
235;10;3;78.049;103.520
236;3;10;71.378;69.010
236;10;3;71.378;90.790
237;3;11;77.631;67.860
237;11;3;77.631;90.190
238;3;11;81.971;70.730
238;11;3;81.971;93.060
239;3;12;54.238;86.860
239;12;3;54.238;109.780
240;3;12;55.439;70.960
240;12;3;55.439;93.880
241;3;13;78.419;72.180
241;13;3;78.419;95.310
242;3;13;85.835;77.320
242;13;3;85.835;100.450
243;3;14;91.181;68.140
243;14;3;91.181;92.040
244;3;14;91.316;66.650
244;14;3;91.316;90.550
245;3;15;72.463;70.240
245;15;3;72.463;94.320
246;3;15;72.796;82.430
246;15;3;72.796;106.510
247;3;16;64.858;66.970
247;16;3;64.858;92.940
248;3;17;64.964;66.490
248;17;3;64.964;93.080
249;3;17;60.761;71.410
249;17;3;60.761;98.000
250;3;17;61.793;78.090
250;17;3;61.793;104.680
251;3;18;49.411;63.480
251;18;3;49.411;91.230
252;3;19;55.686;72.260
252;19;3;55.686;102.150
253;3;20;66.784;63.850
253;20;3;66.784;94.550
254;3;20;65.295;78.790
254;20;3;65.295;109.490
255;3;21;62.667;55.530
255;21;3;62.667;87.750
256;3;22;91.542;71.580
256;22;3;91.542;104.000
257;3;22;81.414;66.370
257;22;3;81.414;98.790
258;3;22;102.385;71.590
258;22;3;102.385;104.010
259;3;23;81.182;72.650
259;23;3;81.182;105.580
260;3;23;72.957;62.360
260;23;3;72.957;95.290
261;3;23;75.269;56.130
261;23;3;75.269;89.060
262;3;24;57.572;60.620
262;24;3;57.572;93.610
263;3;24;59.621;59.490
263;24;3;59.621;92.480
264;3;25;72.657;62.070
264;25;3;72.657;96.290
265;3;25;75.231;53.890
265;25;3;75.231;88.110
266;3;26;84.488;56.690
266;26;3;84.488;91.460
267;3;26;93.231;65.900
267;26;3;93.231;100.670
268;3;27;49.410;71.560
268;27;3;49.410;106.510
269;3;27;50.407;56.120
269;27;3;50.407;91.070
270;3;27;50.207;52.770
270;27;3;50.207;87.720
271;3;28;55.142;69.420
271;28;3;55.142;104.410
272;3;28;54.008;68.330
272;28;3;54.008;103.320
273;3;29;54.785;50.990
273;29;3;54.785;87.200
274;3;30;72.071;57.160
274;30;3;72.071;93.700
275;3;30;71.015;54.210
275;30;3;71.015;90.750
276;3;30;71.064;53.620
276;30;3;71.064;90.160
277;3;31;67.291;55.800
277;31;3;67.291;92.390
278;3;31;62.883;54.590
278;31;3;62.883;91.180
279;3;32;80.886;48.470
279;32;3;80.886;85.550
280;3;33;83.752;65.920
280;33;3;83.752;103.630
281;3;33;89.419;69.010
281;33;3;89.419;106.720
282;3;33;92.740;64.590
282;33;3;92.740;102.300
283;3;34;88.215;55.780
283;34;3;88.215;94.340
284;3;35;122.350;59.370
284;35;3;122.350;98.010
285;3;36;74.991;50.360
285;36;3;74.991;89.060
286;3;37;95.588;50.480
286;37;3;95.588;89.410
287;3;38;62.743;59.010
287;38;3;62.743;98.450
288;3;38;59.251;66.100
288;38;3;59.251;105.540
289;3;39;36.549;7.100
289;39;3;81.549;92.450
290;3;39;38.037;23.020
290;39;3;83.037;108.370
291;4;5;54.760;73.340
291;5;4;54.760;76.390
292;4;5;52.723;91.890
292;5;4;52.723;94.940
293;4;5;56.522;81.710
293;5;4;56.522;84.760
294;4;6;63.721;81.860
294;6;4;63.721;85.980
295;4;6;61.657;86.710
295;6;4;61.657;90.830
296;4;7;93.832;82.720
296;7;4;93.832;87.120
297;4;7;82.392;93.040
297;7;4;82.392;97.440
298;4;8;129.661;84.070
298;8;4;129.661;91.200
299;4;8;129.976;92.900
299;8;4;129.976;100.030
300;4;9;92.972;84.660
300;9;4;92.972;95.980
301;4;9;94.283;89.600
301;9;4;94.283;100.920
302;4;9;93.673;69.710
302;9;4;93.673;81.030
303;4;10;90.108;85.790
303;10;4;90.108;98.220
304;4;11;94.364;78.880
304;11;4;94.364;91.860
305;4;11;98.570;82.330
305;11;4;98.570;95.310
306;4;11;106.265;81.330
306;11;4;106.265;94.310
307;4;12;96.088;65.960
307;12;4;96.088;79.530
308;4;12;87.203;81.300
308;12;4;87.203;94.870
309;4;13;105.469;85.240
309;13;4;105.469;99.020
310;4;13;104.119;68.140
310;13;4;104.119;81.920
311;4;13;100.718;75.930
311;13;4;100.718;89.710
312;4;14;118.587;77.960
312;14;4;118.587;92.510
313;4;15;80.398;83.220
313;15;4;80.398;97.950
314;4;15;77.225;71.720
314;15;4;77.225;86.450
315;4;15;87.358;81.770
315;15;4;87.358;96.500
316;4;16;102.108;61.600
316;16;4;102.108;78.220
317;4;16;116.074;62.370
317;16;4;116.074;78.990
318;4;17;111.208;79.230
318;17;4;111.208;96.470
319;4;17;116.808;78.200
319;17;4;116.808;95.440
320;4;18;97.055;68.880
320;18;4;97.055;87.280
321;4;19;88.017;63.340
321;19;4;88.017;83.880
322;4;19;85.552;56.010
322;19;4;85.552;76.550
323;4;20;118.841;72.470
323;20;4;118.841;93.820
324;4;20;121.244;78.040
324;20;4;121.244;99.390
325;4;21;89.149;55.080
325;21;4;89.149;77.950
326;4;22;51.988;55.760
326;22;4;51.988;78.830
327;4;22;51.566;76.450
327;22;4;51.566;99.520
328;4;22;53.001;53.510
328;22;4;53.001;76.580
329;4;23;105.087;64.100
329;23;4;105.087;87.680
330;4;24;86.229;66.890
330;24;4;86.229;90.530
331;4;24;84.969;53.490
331;24;4;84.969;77.130
332;4;25;90.992;66.600
332;25;4;90.992;91.470
333;4;25;93.058;74.530
333;25;4;93.058;99.400
334;4;25;92.376;66.490
334;25;4;92.376;91.360
335;4;26;95.763;56.100
335;26;4;95.763;81.520
336;4;26;94.845;65.120
336;26;4;94.845;90.540
337;4;26;103.770;51.210
337;26;4;103.770;76.630
338;4;27;100.097;65.150
338;27;4;100.097;90.750
339;4;28;89.765;69.260
339;28;4;89.765;94.900
340;4;28;91.671;67.280
340;28;4;91.671;92.920
341;4;28;79.507;62.460
341;28;4;79.507;88.100
342;4;29;90.434;59.260
342;29;4;90.434;86.120
343;4;30;90.512;51.580
343;30;4;90.512;78.770
344;4;30;95.139;59.130
344;30;4;95.139;86.320
345;4;30;93.593;71.500
345;30;4;93.593;98.690
346;4;31;89.999;62.230
346;31;4;89.999;89.470
347;4;31;93.871;63.770
347;31;4;93.871;91.010
348;4;32;81.867;61.640
348;32;4;81.867;89.370
349;4;32;88.396;59.130
349;32;4;88.396;86.860
350;4;33;80.025;55.490
350;33;4;80.025;83.850
351;4;33;84.007;71.050
351;33;4;84.007;99.410
352;4;34;55.992;55.250
352;34;4;55.992;84.460
353;4;35;168.244;69.740
353;35;4;168.244;99.030
354;4;36;77.067;57.550
354;36;4;77.067;86.900
355;4;36;72.186;47.110
355;36;4;72.186;76.460
356;4;36;83.256;50.190
356;36;4;83.256;79.540
357;4;37;125.908;62.800
357;37;4;125.908;92.380
358;4;38;104.458;64.070
358;38;4;104.458;94.160
359;4;39;28.285;4.530
359;39;4;73.285;80.530
360;4;39;30.835;23.640
360;39;4;75.835;99.640
361;4;39;31.347;2.450
361;39;4;76.347;78.450
362;5;6;72.076;96.500
362;6;5;72.076;97.570
363;5;6;73.020;88.280
363;6;5;73.020;89.350
364;5;6;70.220;74.160
364;6;5;70.220;75.230
365;5;7;90.714;87.980
365;7;5;90.714;89.330
366;5;8;123.233;74.130
366;8;5;123.233;78.210
367;5;8;119.045;89.550
367;8;5;119.045;93.630
368;5;8;139.646;72.680
368;8;5;139.646;76.760
369;5;9;90.399;76.010
369;9;5;90.399;84.280
370;5;10;91.758;75.050
370;10;5;91.758;84.430
371;5;10;100.414;82.320
371;10;5;100.414;91.700
372;5;10;95.903;69.980
372;10;5;95.903;79.360
373;5;11;96.362;72.130
373;11;5;96.362;82.060
374;5;12;93.521;73.250
374;12;5;93.521;83.770
375;5;12;104.980;67.000
375;12;5;104.980;77.520
376;5;12;95.447;68.010
376;12;5;95.447;78.530
377;5;13;106.754;72.020
377;13;5;106.754;82.750
378;5;13;91.601;87.200
378;13;5;91.601;97.930
379;5;13;100.720;64.740
379;13;5;100.720;75.470
380;5;14;120.617;62.500
380;14;5;120.617;74.000
381;5;15;81.232;85.140
381;15;5;81.232;96.820
382;5;15;89.560;85.070
382;15;5;89.560;96.750
383;5;15;76.547;69.740
383;15;5;76.547;81.420
384;5;16;94.934;63.740
384;16;5;94.934;77.310
385;5;17;104.672;78.180
385;17;5;104.672;92.370
386;5;17;92.930;59.110
386;17;5;92.930;73.300
387;5;18;93.597;59.430
387;18;5;93.597;74.780
388;5;19;84.399;76.260
388;19;5;84.399;93.750
389;5;19;91.566;57.450
389;19;5;91.566;74.940
390;5;19;93.158;56.530
390;19;5;93.158;74.020
391;5;20;113.337;79.000
391;20;5;113.337;97.300
392;5;20;117.804;64.400
392;20;5;117.804;82.700
393;5;21;88.076;75.600
393;21;5;88.076;95.420
394;5;21;94.648;70.930
394;21;5;94.648;90.750
395;5;22;53.115;64.710
395;22;5;53.115;84.730
396;5;23;106.902;65.130
396;23;5;106.902;85.660
397;5;24;82.798;54.960
397;24;5;82.798;75.550
398;5;25;92.138;52.420
398;25;5;92.138;74.240
399;5;25;86.600;63.920
399;25;5;86.600;85.740
400;5;26;98.965;59.420
400;26;5;98.965;81.790
401;5;27;96.562;57.100
401;27;5;96.562;79.650
402;5;27;107.723;58.020
402;27;5;107.723;80.570
403;5;28;86.697;57.570
403;28;5;86.697;80.160
404;5;28;80.310;54.910
404;28;5;80.310;77.500
405;5;28;97.084;67.930
405;28;5;97.084;90.520
406;5;29;87.419;70.120
406;29;5;87.419;93.930
407;5;29;84.455;62.670
407;29;5;84.455;86.480
408;5;30;91.546;48.890
408;30;5;91.546;73.030
409;5;30;92.565;72.230
409;30;5;92.565;96.370
410;5;30;101.133;58.590
410;30;5;101.133;82.730
411;5;31;90.011;65.730
411;31;5;90.011;89.920
412;5;32;84.983;56.560
412;32;5;84.983;81.240
413;5;32;84.700;56.620
413;32;5;84.700;81.300
414;5;32;93.910;48.950
414;32;5;93.910;73.630
415;5;33;83.857;62.350
415;33;5;83.857;87.660
416;5;33;89.218;50.350
416;33;5;89.218;75.660
417;5;33;87.391;49.460
417;33;5;87.391;74.770
418;5;34;52.390;51.440
418;34;5;52.390;77.600
419;5;34;53.821;55.230
419;34;5;53.821;81.390
420;5;35;167.504;67.020
420;35;5;167.504;93.260
421;5;35;197.634;70.920
421;35;5;197.634;97.160
422;5;36;78.346;69.780
422;36;5;78.346;96.080
423;5;37;127.719;65.920
423;37;5;127.719;92.450
424;5;37;117.115;59.570
424;37;5;117.115;86.100
425;5;37;128.902;55.050
425;37;5;128.902;81.580
426;5;38;102.987;51.460
426;38;5;102.987;78.500
427;5;39;31.387;5.240
427;39;5;76.387;78.190
428;6;7;92.882;85.270
428;7;6;92.882;85.550
429;6;7;98.562;92.110
429;7;6;98.562;92.390
430;6;7;81.737;72.460
430;7;6;81.737;72.740
431;6;8;133.461;83.740
431;8;6;133.461;86.750
432;6;8;149.400;70.510
432;8;6;149.400;73.520
433;6;9;91.063;77.080
433;9;6;91.063;84.280
434;6;10;80.483;66.520
434;10;6;80.483;74.830
435;6;11;83.631;67.340
435;11;6;83.631;76.200
436;6;11;87.387;68.290
436;11;6;87.387;77.150
437;6;11;81.570;79.260
437;11;6;81.570;88.120
438;6;12;93.824;64.560
438;12;6;93.824;74.010
439;6;12;101.725;62.520
439;12;6;101.725;71.970
440;6;12;91.311;80.970
440;12;6;91.311;90.420
441;6;13;95.168;71.100
441;13;6;95.168;80.760
442;6;14;106.384;65.010
442;14;6;106.384;75.440
443;6;15;73.971;73.050
443;15;6;73.971;83.660
444;6;16;108.856;65.440
444;16;6;108.856;77.940
445;6;17;115.996;61.270
445;17;6;115.996;74.390
446;6;18;96.433;65.120
446;18;6;96.433;79.400
447;6;18;104.472;75.540
447;18;6;104.472;89.820
448;6;18;89.500;61.860
448;18;6;89.500;76.140
449;6;19;88.764;76.730
449;19;6;88.764;93.150
450;6;20;120.973;72.940
450;20;6;120.973;90.170
451;6;20;118.651;76.840
451;20;6;118.651;94.070
452;6;21;84.848;78.100
452;21;6;84.848;96.850
453;6;22;64.619;73.670
453;22;6;64.619;92.620
454;6;23;93.874;70.450
454;23;6;93.874;89.910
455;6;24;86.877;63.580
455;24;6;86.877;83.100
456;6;24;87.839;72.210
456;24;6;87.839;91.730
457;6;25;82.210;75.230
457;25;6;82.210;95.980
458;6;25;83.549;52.900
458;25;6;83.549;73.650
459;6;25;74.562;56.150
459;25;6;74.562;76.900
460;6;26;82.763;70.220
460;26;6;82.763;91.520
461;6;26;85.308;74.300
461;26;6;85.308;95.600
462;6;26;78.805;54.650
462;26;6;78.805;75.950
463;6;27;99.347;61.600
463;27;6;99.347;83.080
464;6;27;102.174;72.950
464;27;6;102.174;94.430
465;6;27;94.328;63.200
465;27;6;94.328;84.680
466;6;28;89.213;68.670
466;28;6;89.213;90.190
467;6;29;89.693;58.420
467;29;6;89.693;81.160
468;6;29;94.503;50.470
468;29;6;94.503;73.210
469;6;30;82.002;56.350
469;30;6;82.002;79.420
470;6;30;83.835;50.370
470;30;6;83.835;73.440
471;6;31;83.502;54.880
471;31;6;83.502;78.000
472;6;31;84.257;64.970
472;31;6;84.257;88.090
473;6;31;78.815;67.670
473;31;6;78.815;90.790
474;6;32;70.626;56.660
474;32;6;70.626;80.270
475;6;32;67.629;57.320
475;32;6;67.629;80.930
476;6;33;67.692;68.780
476;33;6;67.692;93.020
477;6;33;64.189;70.910
477;33;6;64.189;95.150
478;6;33;65.549;63.240
478;33;6;65.549;87.480
479;6;34;68.396;65.000
479;34;6;68.396;90.090
480;6;34;70.218;56.170
480;34;6;70.218;81.260
481;6;34;71.262;52.270
481;34;6;71.262;77.360
482;6;35;159.568;55.930
482;35;6;159.568;81.100
483;6;36;70.585;52.130
483;36;6;70.585;77.360
484;6;36;64.581;60.120
484;36;6;64.581;85.350
485;6;36;64.301;56.790
485;36;6;64.301;82.020
486;6;37;113.826;58.230
486;37;6;113.826;83.690
487;6;37;124.122;46.880
487;37;6;124.122;72.340
488;6;37;103.297;58.080
488;37;6;103.297;83.540
489;6;38;99.329;65.760
489;38;6;99.329;91.730
490;6;39;19.222;5.530
490;39;6;64.222;77.410
491;6;39;16.885;11.030
491;39;6;61.885;82.910
492;7;8;86.967;73.870
492;8;7;86.967;76.600
493;7;8;78.531;81.680
493;8;7;78.531;84.410
494;7;8;83.578;86.950
494;8;7;83.578;89.680
495;7;9;47.805;78.290
495;9;7;47.805;85.210
496;7;9;48.400;73.800
496;9;7;48.400;80.720
497;7;10;67.870;77.100
497;10;7;67.870;85.130
498;7;11;70.811;64.870
498;11;7;70.811;73.450
499;7;12;48.827;75.950
499;12;7;48.827;85.120
500;7;13;73.044;68.270
500;13;7;73.044;77.650
501;7;13;73.238;71.560
501;13;7;73.238;80.940
502;7;13;79.947;71.830
502;13;7;79.947;81.210
503;7;14;86.666;66.660
503;14;7;86.666;76.810
504;7;14;83.122;77.090
504;14;7;83.122;87.240
505;7;14;95.121;71.200
505;14;7;95.121;81.350
506;7;15;65.363;77.910
506;15;7;65.363;88.240
507;7;16;70.655;81.200
507;16;7;70.655;93.420
508;7;16;64.983;66.480
508;16;7;64.983;78.700
509;7;16;76.083;60.490
509;16;7;76.083;72.710
510;7;17;72.123;74.600
510;17;7;72.123;87.440
511;7;18;48.558;74.140
511;18;7;48.558;88.140
512;7;19;51.556;70.100
512;19;7;51.556;86.240
513;7;20;73.646;70.310
513;20;7;73.646;87.260
514;7;21;55.416;54.630
514;21;7;55.416;73.100
515;7;21;57.081;71.890
515;21;7;57.081;90.360
516;7;21;54.049;59.830
516;21;7;54.049;78.300
517;7;22;86.989;60.420
517;22;7;86.989;79.090
518;7;22;82.064;70.050
518;22;7;82.064;88.720
519;7;22;89.713;68.130
519;22;7;89.713;86.800
520;7;23;75.495;53.610
520;23;7;75.495;72.790
521;7;24;52.941;61.820
521;24;7;52.941;81.060
522;7;24;53.126;57.710
522;24;7;53.126;76.950
523;7;25;65.620;70.710
523;25;7;65.620;91.180
524;7;25;62.476;73.420
524;25;7;62.476;93.890
525;7;25;64.125;74.570
525;25;7;64.125;95.040
526;7;26;77.620;74.260
526;26;7;77.620;95.280
527;7;26;72.409;69.640
527;26;7;72.409;90.660
528;7;27;51.496;60.390
528;27;7;51.496;81.590
529;7;27;50.759;66.930
529;27;7;50.759;88.130
530;7;27;52.174;74.580
530;27;7;52.174;95.780
531;7;28;49.071;57.610
531;28;7;49.071;78.850
532;7;28;49.191;54.630
532;28;7;49.191;75.870
533;7;28;50.027;54.500
533;28;7;50.027;75.740
534;7;29;48.402;74.060
534;29;7;48.402;96.520
535;7;29;48.294;59.480
535;29;7;48.294;81.940
536;7;30;65.000;65.560
536;30;7;65.000;88.350
537;7;31;60.161;68.090
537;31;7;60.161;90.930
538;7;32;73.640;55.420
538;32;7;73.640;78.750
539;7;32;67.717;67.180
539;32;7;67.717;90.510
540;7;33;76.539;54.970
540;33;7;76.539;78.930
541;7;34;84.112;53.170
541;34;7;84.112;77.980
542;7;35;123.082;54.080
542;35;7;123.082;78.970
543;7;35;111.875;70.390
543;35;7;111.875;95.280
544;7;36;68.066;52.370
544;36;7;68.066;77.320
545;7;36;72.816;62.510
545;36;7;72.816;87.460
546;7;37;91.809;56.700
546;37;7;91.809;81.880
547;7;38;59.692;51.480
547;38;7;59.692;77.170
548;7;38;59.905;58.860
548;38;7;59.905;84.550
549;7;39;29.690;17.340
549;39;7;74.690;88.940
550;8;9;89.461;84.740
550;9;8;89.461;88.930
551;8;10;108.490;71.320
551;10;8;108.490;76.620
552;8;10;102.855;70.380
552;10;8;102.855;75.680
553;8;10;112.479;80.940
553;10;8;112.479;86.240
554;8;11;110.084;86.990
554;11;8;110.084;92.840
555;8;11;98.026;66.880
555;11;8;98.026;72.730
556;8;11;114.936;75.740
556;11;8;114.936;81.590
557;8;12;87.679;73.060
557;12;8;87.679;79.500
558;8;12;96.733;73.490
558;12;8;96.733;79.930
559;8;12;81.896;81.790
559;12;8;81.896;88.230
560;8;13;106.687;65.280
560;13;8;106.687;71.930
561;8;13;104.034;77.580
561;13;8;104.034;84.230
562;8;14;115.123;85.960
562;14;8;115.123;93.380
563;8;14;106.140;84.550
563;14;8;106.140;91.970
564;8;15;107.303;61.990
564;15;8;107.303;69.590
565;8;15;109.447;68.080
565;15;8;109.447;75.680
566;8;15;112.882;69.630
566;15;8;112.882;77.230
567;8;16;73.838;83.070
567;16;8;73.838;92.560
568;8;17;63.562;64.300
568;17;8;63.562;74.410
569;8;17;67.900;67.630
569;17;8;67.900;77.740
570;8;18;83.570;59.910
570;18;8;83.570;71.180
571;8;18;87.767;67.420
571;18;8;87.767;78.690
572;8;19;89.819;72.340
572;19;8;89.819;85.750
573;8;19;93.172;59.340
573;19;8;93.172;72.750
574;8;19;92.926;65.990
574;19;8;92.926;79.400
575;8;20;58.798;57.080
575;20;8;58.798;71.300
576;8;20;60.277;69.630
576;20;8;60.277;83.850
577;8;21;97.091;72.590
577;21;8;97.091;88.330
578;8;22;122.761;75.260
578;22;8;122.761;91.200
579;8;23;109.996;60.540
579;23;8;109.996;76.990
580;8;23;106.932;57.550
580;23;8;106.932;74.000
581;8;24;91.677;64.450
581;24;8;91.677;80.960
582;8;24;103.010;74.070
582;24;8;103.010;90.580
583;8;24;85.199;62.170
583;24;8;85.199;78.680
584;8;25;106.024;69.980
584;25;8;106.024;87.720
585;8;25;104.082;72.070
585;25;8;104.082;89.810
586;8;26;116.810;72.890
586;26;8;116.810;91.180
587;8;27;81.251;67.290
587;27;8;81.251;85.760
588;8;27;88.812;64.190
588;27;8;88.812;82.660
589;8;28;89.946;64.750
589;28;8;89.946;83.260
590;8;28;95.324;70.470
590;28;8;95.324;88.980
591;8;28;100.822;71.650
591;28;8;100.822;90.160
592;8;29;89.630;67.310
592;29;8;89.630;87.040
593;8;29;93.561;55.800
593;29;8;93.561;75.530
594;8;30;105.572;59.450
594;30;8;105.572;79.510
595;8;31;101.153;66.290
595;31;8;101.153;86.400
596;8;32;115.506;66.140
596;32;8;115.506;86.740
597;8;32;123.525;59.160
597;32;8;123.525;79.760
598;8;33;118.478;62.540
598;33;8;118.478;83.770
599;8;33;118.610;64.360
599;33;8;118.610;85.590
600;8;33;131.398;54.530
600;33;8;131.398;75.760
601;8;34;118.718;54.830
601;34;8;118.718;76.910
602;8;34;109.611;69.080
602;34;8;109.611;91.160
603;8;35;120.592;64.970
603;35;8;120.592;87.130
604;8;35;127.397;52.060
604;35;8;127.397;74.220
605;8;36;109.830;60.590
605;36;8;109.830;82.810
606;8;36;105.794;60.150
606;36;8;105.794;82.370
607;8;37;116.407;61.560
607;37;8;116.407;84.010
608;8;37;109.734;54.770
608;37;8;109.734;77.220
609;8;37;131.614;48.420
609;37;8;131.614;70.870
610;8;38;89.909;49.360
610;38;8;89.909;72.320
611;8;39;71.350;2.560
611;39;8;116.350;71.430
612;8;39;72.046;21.180
612;39;8;117.046;90.050
613;9;10;65.072;72.050
613;10;9;65.072;73.160
614;9;11;68.020;85.530
614;11;9;68.020;87.190
615;9;12;48.134;83.520
615;12;9;48.134;85.770
616;9;12;48.763;70.260
616;12;9;48.763;72.510
617;9;12;47.468;69.490
617;12;9;47.468;71.740
618;9;13;70.644;71.700
618;13;9;70.644;74.160
619;9;13;65.261;64.800
619;13;9;65.261;67.260
620;9;14;84.493;71.510
620;14;9;84.493;74.740
621;9;15;63.034;74.470
621;15;9;63.034;77.880
622;9;16;73.380;75.590
622;16;9;73.380;80.890
623;9;16;70.809;74.050
623;16;9;70.809;79.350
624;9;17;74.895;78.800
624;17;9;74.895;84.720
625;9;17;80.113;62.590
625;17;9;80.113;68.510
626;9;17;81.875;79.670
626;17;9;81.875;85.590
627;9;18;50.893;57.930
627;18;9;50.893;65.010
628;9;18;52.030;72.530
628;18;9;52.030;79.610
629;9;18;51.562;80.510
629;18;9;51.562;87.590
630;9;19;52.406;74.840
630;19;9;52.406;84.060
631;9;20;76.010;63.340
631;20;9;76.010;73.370
632;9;20;83.232;70.450
632;20;9;83.232;80.480
633;9;20;75.082;70.290
633;20;9;75.082;80.320
634;9;21;52.708;63.520
634;21;9;52.708;75.070
635;9;22;86.226;65.390
635;22;9;86.226;77.140
636;9;22;89.066;70.040
636;22;9;89.066;81.790
637;9;22;85.912;68.980
637;22;9;85.912;80.730
638;9;23;72.982;52.660
638;23;9;72.982;64.920
639;9;23;79.329;77.120
639;23;9;79.329;89.380
640;9;23;71.517;64.240
640;23;9;71.517;76.500
641;9;24;53.231;70.980
641;24;9;53.231;83.300
642;9;24;52.900;63.430
642;24;9;52.900;75.750
643;9;25;62.815;72.730
643;25;9;62.815;86.280
644;9;25;65.752;56.330
644;25;9;65.752;69.880
645;9;25;64.387;64.710
645;25;9;64.387;78.260
646;9;26;74.821;57.790
646;26;9;74.821;71.890
647;9;26;76.945;62.770
647;26;9;76.945;76.870
648;9;27;53.447;51.600
648;27;9;53.447;65.880
649;9;27;52.948;73.140
649;27;9;52.948;87.420
650;9;28;49.209;74.900
650;28;9;49.209;89.220
651;9;29;48.504;52.840
651;29;9;48.504;68.380
652;9;29;49.077;53.800
652;29;9;49.077;69.340
653;9;30;62.198;54.400
653;30;9;62.198;70.270
654;9;31;57.365;49.750
654;31;9;57.365;65.670
655;9;32;71.057;49.820
655;32;9;71.057;66.230
656;9;33;74.019;71.420
656;33;9;74.019;88.460
657;9;33;68.082;72.290
657;33;9;68.082;89.330
658;9;34;83.592;48.540
658;34;9;83.592;66.430
659;9;35;122.694;69.710
659;35;9;122.694;87.680
660;9;35;103.529;58.630
660;35;9;103.529;76.600
661;9;35;106.626;55.700
661;35;9;106.626;73.670
662;9;36;65.912;59.300
662;36;9;65.912;77.330
663;9;36;68.728;70.850
663;36;9;68.728;88.880
664;9;37;89.869;67.890
664;37;9;89.869;86.150
665;9;38;58.514;56.620
665;38;9;58.514;75.390
666;9;38;57.256;56.440
666;38;9;57.256;75.210
667;9;39;27.562;17.860
667;39;9;72.562;82.540
668;10;11;49.784;74.580
668;11;10;49.784;75.130
669;10;11;49.735;75.870
669;11;10;49.735;76.420
670;10;12;66.053;85.080
670;12;10;66.053;86.220
671;10;12;63.773;80.450
671;12;10;63.773;81.590
672;10;12;68.517;76.630
672;12;10;68.517;77.770
673;10;13;60.372;72.730
673;13;10;60.372;74.080
674;10;13;60.432;65.350
674;13;10;60.432;66.700
675;10;14;73.859;83.750
675;14;10;73.859;85.870
676;10;14;74.133;65.530
676;14;10;74.133;67.650
677;10;15;55.748;62.020
677;15;10;55.748;64.320
678;10;15;55.685;80.450
678;15;10;55.685;82.750
679;10;16;92.930;67.910
679;16;10;92.930;72.100
680;10;16;88.753;82.730
680;16;10;88.753;86.920
681;10;16;99.370;80.660
681;16;10;99.370;84.850
682;10;17;94.936;74.620
682;17;10;94.936;79.430
683;10;18;70.659;82.420
683;18;10;70.659;88.390
684;10;18;64.774;79.620
684;18;10;64.774;85.590
685;10;19;69.083;76.630
685;19;10;69.083;84.740
686;10;19;63.697;66.420
686;19;10;63.697;74.530
687;10;20;94.732;65.980
687;20;10;94.732;74.900
688;10;20;104.737;64.230
688;20;10;104.737;73.150
689;10;21;57.704;63.120
689;21;10;57.704;73.560
690;10;21;54.861;71.410
690;21;10;54.861;81.850
691;10;21;55.951;77.420
691;21;10;55.951;87.860
692;10;22;84.892;63.110
692;22;10;84.892;73.750
693;10;22;87.896;59.510
693;22;10;87.896;70.150
694;10;22;79.231;64.480
694;22;10;79.231;75.120
695;10;23;60.151;52.520
695;23;10;60.151;63.670
696;10;24;68.190;60.530
696;24;10;68.190;71.740
697;10;25;47.493;52.980
697;25;10;47.493;65.420
698;10;25;48.108;71.560
698;25;10;48.108;84.000
699;10;25;47.665;57.560
699;25;10;47.665;70.000
700;10;26;55.323;70.370
700;26;10;55.323;83.360
701;10;26;55.620;74.100
701;26;10;55.620;87.090
702;10;26;53.136;59.100
702;26;10;53.136;72.090
703;10;27;72.449;57.140
703;27;10;72.449;70.310
704;10;27;70.210;68.030
704;27;10;70.210;81.200
705;10;27;67.660;55.870
705;27;10;67.660;69.040
706;10;28;66.767;67.310
706;28;10;66.767;80.520
707;10;28;64.391;73.860
707;28;10;64.391;87.070
708;10;29;66.618;70.970
708;29;10;66.618;85.400
709;10;30;47.930;56.810
709;30;10;47.930;71.570
710;10;30;48.460;68.050
710;30;10;48.460;82.810
711;10;31;52.711;61.160
711;31;10;52.711;75.970
712;10;32;54.971;52.920
712;32;10;54.971;68.220
713;10;32;54.902;73.050
713;32;10;54.902;88.350
714;10;33;58.189;69.320
714;33;10;58.189;85.250
715;10;33;60.618;63.440
715;33;10;60.618;79.370
716;10;33;57.626;58.030
716;33;10;57.626;73.960
717;10;34;84.390;47.330
717;34;10;84.390;64.110
718;10;34;85.948;68.820
718;34;10;85.948;85.600
719;10;34;84.295;54.310
719;34;10;84.295;71.090
720;10;35;124.270;55.840
720;35;10;124.270;72.700
721;10;35;108.386;63.200
721;35;10;108.386;80.060
722;10;35;134.334;68.740
722;35;10;134.334;85.600
723;10;36;58.413;63.210
723;36;10;58.413;80.130
724;10;36;58.211;71.380
724;36;10;58.211;88.300
725;10;37;81.006;71.120
725;37;10;81.006;88.270
726;10;38;65.993;69.770
726;38;10;65.993;87.430
727;10;39;17.194;6.090
727;39;10;62.194;69.660
728;10;39;18.189;3.720
728;39;10;63.189;67.290
729;10;39;15.650;20.680
729;39;10;60.650;84.250
730;11;12;68.447;82.220
730;12;11;68.447;82.810
731;11;12;64.143;77.660
731;12;11;64.143;78.250
732;11;13;56.546;62.360
732;13;11;56.546;63.160
733;11;14;69.314;64.870
733;14;11;69.314;66.440
734;11;14;70.810;75.230
734;14;11;70.810;76.800
735;11;15;60.512;73.000
735;15;11;60.512;74.750
736;11;16;96.304;60.460
736;16;11;96.304;64.100
737;11;16;102.731;73.840
737;16;11;102.731;77.480
738;11;16;89.105;80.340
738;16;11;89.105;83.980
739;11;17;97.517;77.980
739;17;11;97.517;82.240
740;11;17;91.059;59.340
740;17;11;91.059;63.600
741;11;18;73.231;66.840
741;18;11;73.231;72.260
742;11;18;72.131;65.530
742;18;11;72.131;70.950
743;11;18;75.836;68.810
743;18;11;75.836;74.230
744;11;19;72.876;74.730
744;19;11;72.876;82.290
745;11;20;96.287;75.520
745;20;11;96.287;83.890
746;11;21;61.247;60.510
746;21;11;61.247;70.400
747;11;21;60.266;61.720
747;21;11;60.266;71.610
748;11;22;89.356;53.320
748;22;11;89.356;63.410
749;11;22;96.475;77.360
749;22;11;96.475;87.450
750;11;22;97.959;65.130
750;22;11;97.959;75.220
751;11;23;55.724;53.040
751;23;11;55.724;63.640
752;11;23;53.226;65.040
752;23;11;53.226;75.640
753;11;23;56.924;56.830
753;23;11;56.924;67.430
754;11;24;72.172;55.400
754;24;11;72.172;66.060
755;11;24;75.548;58.020
755;24;11;75.548;68.680
756;11;25;50.739;53.490
756;25;11;50.739;65.380
757;11;25;51.767;54.370
757;25;11;51.767;66.260
758;11;26;51.869;74.130
758;26;11;51.869;86.570
759;11;26;51.365;64.080
759;26;11;51.365;76.520
760;11;26;51.504;55.420
760;26;11;51.504;67.860
761;11;27;74.633;61.380
761;27;11;74.633;74.000
762;11;28;70.295;57.450
762;28;11;70.295;70.110
763;11;28;72.997;67.190
763;28;11;72.997;79.850
764;11;29;70.046;57.310
764;29;11;70.046;71.190
765;11;30;51.494;63.860
765;30;11;51.494;78.070
766;11;30;52.949;62.350
766;30;11;52.949;76.560
767;11;31;56.129;60.530
767;31;11;56.129;74.790
768;11;31;58.583;70.410
768;31;11;58.583;84.670
769;11;32;58.091;54.210
769;32;11;58.091;68.960
770;11;32;60.986;67.690
770;32;11;60.986;82.440
771;11;32;58.599;50.590
771;32;11;58.599;65.340
772;11;33;60.946;50.610
772;33;11;60.946;65.990
773;11;34;89.013;51.920
773;34;11;89.013;68.150
774;11;34;87.883;54.430
774;34;11;87.883;70.660
775;11;35;120.941;70.020
775;35;11;120.941;86.330
776;11;36;63.039;47.290
776;36;11;63.039;63.660
777;11;36;62.938;48.430
777;36;11;62.938;64.800
778;11;36;63.205;54.070
778;36;11;63.205;70.440
779;11;37;76.563;50.530
779;37;11;76.563;67.130
780;11;37;72.777;63.570
780;37;11;72.777;80.170
781;11;37;68.891;64.540
781;37;11;68.891;81.140
782;11;38;66.079;56.300
782;38;11;66.079;73.410
783;11;38;68.230;63.830
783;38;11;68.230;80.940
784;11;39;21.172;5.580
784;39;11;66.172;68.600
785;11;39;23.348;14.760
785;39;11;68.348;77.780
786;11;39;18.974;1.940
786;39;11;63.974;64.960
787;12;13;69.601;75.120
787;13;12;69.601;75.330
788;12;14;82.998;70.040
788;14;12;82.998;71.020
789;12;14;84.337;78.190
789;14;12;84.337;79.170
790;12;14;80.062;81.780
790;14;12;80.062;82.760
791;12;15;65.413;77.960
791;15;12;65.413;79.120
792;12;16;73.717;60.410
792;16;12;73.717;63.460
793;12;16;77.466;81.420
793;16;12;77.466;84.470
794;12;16;78.032;62.790
794;16;12;78.032;65.840
795;12;17;74.071;65.140
795;17;12;74.071;68.810
796;12;17;74.095;69.870
796;17;12;74.095;73.540
797;12;17;69.491;75.330
797;17;12;69.491;79.000
798;12;18;49.830;60.690
798;18;12;49.830;65.520
799;12;18;48.690;79.090
799;18;12;48.690;83.920
800;12;19;55.054;59.650
800;19;12;55.054;66.620
801;12;19;52.674;62.050
801;19;12;52.674;69.020
802;12;19;54.910;65.220
802;19;12;54.910;72.190
803;12;20;74.047;71.640
803;20;12;74.047;79.420
804;12;20;67.801;58.180
804;20;12;67.801;65.960
805;12;20;68.223;59.700
805;20;12;68.223;67.480
806;12;21;54.569;68.060
806;21;12;54.569;77.360
807;12;21;53.862;62.360
807;21;12;53.862;71.660
808;12;21;56.000;64.880
808;21;12;56.000;74.180
809;12;22;89.354;70.570
809;22;12;89.354;80.070
810;12;23;72.199;68.630
810;23;12;72.199;78.640
811;12;24;56.138;57.970
811;24;12;56.138;68.040
812;12;24;57.207;60.990
812;24;12;57.207;71.060
813;12;24;53.524;74.350
813;24;12;53.524;84.420
814;12;25;63.660;65.130
814;25;12;63.660;76.430
815;12;25;63.402;70.430
815;25;12;63.402;81.730
816;12;26;75.314;72.130
816;26;12;75.314;83.980
817;12;27;51.439;51.620
817;27;12;51.439;63.650
818;12;27;51.901;66.340
818;27;12;51.901;78.370
819;12;27;50.334;68.350
819;27;12;50.334;80.380
820;12;28;52.058;70.680
820;28;12;52.058;82.750
821;12;28;52.668;68.600
821;28;12;52.668;80.670
822;12;28;50.607;68.630
822;28;12;50.607;80.700
823;12;29;51.317;58.340
823;29;12;51.317;71.630
824;12;30;63.125;66.860
824;30;12;63.125;80.480
825;12;31;58.515;54.370
825;31;12;58.515;68.040
826;12;31;57.017;57.100
826;31;12;57.017;70.770
827;12;32;72.936;62.220
827;32;12;72.936;76.380
828;12;33;76.014;50.510
828;33;12;76.014;65.300
829;12;33;79.386;63.440
829;33;12;79.386;78.230
830;12;34;86.726;65.010
830;34;12;86.726;80.650
831;12;34;88.439;57.430
831;34;12;88.439;73.070
832;12;34;95.030;62.170
832;34;12;95.030;77.810
833;12;35;119.701;70.300
833;35;12;119.701;86.020
834;12;36;68.466;62.700
834;36;12;68.466;78.480
835;12;36;72.371;48.320
835;36;12;72.371;64.100
836;12;36;64.112;53.700
836;36;12;64.112;69.480
837;12;37;88.031;62.430
837;37;12;88.031;78.440
838;12;38;55.896;58.050
838;38;12;55.896;74.570
839;12;38;57.093;47.490
839;38;12;57.093;64.010
840;12;38;54.065;49.070
840;38;12;54.065;65.590
841;12;39;30.107;0.570
841;39;12;75.107;63.000
842;13;14;59.501;83.450
842;14;13;59.501;84.220
843;13;15;70.526;84.890
843;15;13;70.526;85.840
844;13;15;74.155;82.060
844;15;13;74.155;83.010
845;13;16;98.228;77.170
845;16;13;98.228;80.010
846;13;17;97.053;71.650
846;17;13;97.053;75.110
847;13;17;107.303;81.200
847;17;13;107.303;84.660
848;13;17;98.510;77.630
848;17;13;98.510;81.090
849;13;18;74.210;73.360
849;18;13;74.210;77.980
850;13;18;70.147;74.340
850;18;13;70.147;78.960
851;13;18;80.803;65.540
851;18;13;80.803;70.160
852;13;19;77.326;64.610
852;19;13;77.326;71.370
853;13;19;78.352;64.390
853;19;13;78.352;71.150
854;13;20;93.168;66.180
854;20;13;93.168;73.750
855;13;20;99.891;66.860
855;20;13;99.891;74.430
856;13;20;98.260;75.020
856;20;13;98.260;82.590
857;13;21;66.551;60.910
857;21;13;66.551;70.000
858;13;21;61.613;66.490
858;21;13;61.613;75.580
859;13;21;64.364;71.490
859;21;13;64.364;80.580
860;13;22;100.131;72.260
860;22;13;100.131;81.550
861;13;22;105.061;64.070
861;22;13;105.061;73.360
862;13;22;95.315;66.140
862;22;13;95.315;75.430
863;13;23;48.361;65.010
863;23;13;48.361;74.810
864;13;24;77.276;67.890
864;24;13;77.276;77.750
865;13;24;78.374;53.820
865;24;13;78.374;63.680
866;13;25;59.627;61.280
866;25;13;59.627;72.370
867;13;25;62.999;67.730
867;25;13;62.999;78.820
868;13;25;60.999;61.110
868;25;13;60.999;72.200
869;13;26;59.400;63.830
869;26;13;59.400;75.470
870;13;26;56.399;64.030
870;26;13;56.399;75.670
871;13;27;74.451;69.340
871;27;13;74.451;81.160
872;13;28;74.198;74.640
872;28;13;74.198;86.500
873;13;28;75.558;72.550
873;28;13;75.558;84.410
874;13;29;73.693;58.700
874;29;13;73.693;71.780
875;13;29;73.602;70.720
875;29;13;73.602;83.800
876;13;30;60.208;49.890
876;30;13;60.208;63.300
877;13;30;62.823;66.330
877;30;13;62.823;79.740
878;13;30;61.124;58.040
878;30;13;61.124;71.450
879;13;31;62.568;68.660
879;31;13;62.568;82.120
880;13;32;69.630;70.600
880;32;13;69.630;84.550
881;13;32;74.473;69.240
881;32;13;74.473;83.190
882;13;33;72.476;62.390
882;33;13;72.476;76.970
883;13;33;68.522;60.880
883;33;13;68.522;75.460
884;13;33;65.993;61.700
884;33;13;65.993;76.280
885;13;34;99.364;57.960
885;34;13;99.364;73.390
886;13;34;97.662;70.430
886;34;13;97.662;85.860
887;13;34;108.613;68.170
887;34;13;108.613;83.600
888;13;35;109.423;70.200
888;35;13;109.423;85.710
889;13;36;73.573;58.550
889;36;13;73.573;74.120
890;13;36;67.129;58.140
890;36;13;67.129;73.710
891;13;36;77.653;50.270
891;36;13;77.653;65.840
892;13;37;66.106;58.500
892;37;13;66.106;74.300
893;13;38;62.085;55.180
893;38;13;62.085;71.490
894;13;38;62.673;68.510
894;38;13;62.673;84.820
895;13;39;32.509;11.050
895;39;13;77.509;73.270
896;13;39;39.992;3.590
896;39;13;84.992;65.810
897;13;39;27.229;22.910
897;39;13;72.229;85.130
898;14;15;84.479;84.260
898;15;14;84.479;84.440
899;14;16;110.986;76.990
899;16;14;110.986;79.060
900;14;17;108.342;82.870
900;17;14;108.342;85.560
901;14;17;115.539;62.680
901;17;14;115.539;65.370
902;14;17;115.980;62.000
902;17;14;115.980;64.690
903;14;18;87.271;81.360
903;18;14;87.271;85.210
904;14;18;86.851;66.840
904;18;14;86.851;70.690
905;14;19;91.477;62.000
905;19;14;91.477;67.990
906;14;19;99.740;70.490
906;19;14;99.740;76.480
907;14;20;102.399;78.760
907;20;14;102.399;85.560
908;14;20;90.332;69.310
908;20;14;90.332;76.110
909;14;20;98.117;60.280
909;20;14;98.117;67.080
910;14;21;81.011;76.520
910;21;14;81.011;84.840
911;14;21;79.586;77.520
911;21;14;79.586;85.840
912;14;21;81.585;76.910
912;21;14;81.585;85.230
913;14;22;113.670;66.090
913;22;14;113.670;74.610
914;14;22;111.835;72.480
914;22;14;111.835;81.000
915;14;22;100.059;56.250
915;22;14;100.059;64.770
916;14;23;58.725;68.800
916;23;14;58.725;77.830
917;14;23;58.086;69.820
917;23;14;58.086;78.850
918;14;23;57.956;56.570
918;23;14;57.956;65.600
919;14;24;91.565;70.630
919;24;14;91.565;79.720
920;14;24;85.782;61.340
920;24;14;85.782;70.430
921;14;25;73.647;62.850
921;25;14;73.647;73.170
922;14;25;68.348;71.320
922;25;14;68.348;81.640
923;14;26;68.621;63.050
923;26;14;68.621;73.920
924;14;27;86.918;64.210
924;27;14;86.918;75.260
925;14;27;85.884;54.290
925;27;14;85.884;65.340
926;14;27;89.059;56.010
926;27;14;89.059;67.060
927;14;28;88.283;52.470
927;28;14;88.283;63.560
928;14;29;87.726;60.870
928;29;14;87.726;73.180
929;14;29;91.372;73.370
929;29;14;91.372;85.680
930;14;30;74.303;52.410
930;30;14;74.303;65.050
931;14;30;68.596;53.020
931;30;14;68.596;65.660
932;14;31;77.050;50.980
932;31;14;77.050;63.670
933;14;32;81.838;66.670
933;32;14;81.838;79.850
934;14;33;84.149;68.570
934;33;14;84.149;82.380
935;14;33;76.474;59.900
935;33;14;76.474;73.710
936;14;33;82.058;58.310
936;33;14;82.058;72.120
937;14;34;113.247;53.920
937;34;14;113.247;68.580
938;14;34;114.969;52.480
938;34;14;114.969;67.140
939;14;35;100.480;50.400
939;35;14;100.480;65.140
940;14;35;105.086;61.610
940;35;14;105.086;76.350
941;14;35;95.769;68.040
941;35;14;95.769;82.780
942;14;36;87.272;54.650
942;36;14;87.272;69.450
943;14;36;83.896;67.160
943;36;14;83.896;81.960
944;14;36;94.785;48.110
944;36;14;94.785;62.910
945;14;37;52.444;61.620
945;37;14;52.444;76.650
946;14;38;73.594;53.140
946;38;14;73.594;68.680
947;14;39;45.309;18.910
947;39;14;90.309;80.360
948;15;16;87.406;79.900
948;16;15;87.406;81.790
949;15;16;84.330;64.040
949;16;15;84.330;65.930
950;15;17;91.588;76.220
950;17;15;91.588;78.730
951;15;17;87.161;73.150
951;17;15;87.161;75.660
952;15;18;68.842;71.370
952;18;15;68.842;75.040
953;15;19;63.528;69.080
953;19;15;63.528;74.890
954;15;19;59.402;77.110
954;19;15;59.402;82.920
955;15;19;61.361;57.280
955;19;15;61.361;63.090
956;15;20;93.998;69.690
956;20;15;93.998;76.310
957;15;20;93.918;65.530
957;20;15;93.918;72.150
958;15;21;56.015;54.970
958;21;15;56.015;63.110
959;15;21;53.655;67.150
959;21;15;53.655;75.290
960;15;21;56.827;65.330
960;21;15;56.827;73.470
961;15;22;74.708;58.580
961;22;15;74.708;66.920
962;15;23;70.756;52.710
962;23;15;70.756;61.560
963;15;23;65.891;60.910
963;23;15;65.891;69.760
964;15;24;62.004;65.480
964;24;15;62.004;74.390
965;15;24;63.950;76.390
965;24;15;63.950;85.300
966;15;25;55.906;64.920
966;25;15;55.906;75.060
967;15;26;64.811;63.450
967;26;15;64.811;74.140
968;15;26;67.251;58.800
968;26;15;67.251;69.490
969;15;27;71.476;63.560
969;27;15;71.476;74.430
970;15;27;69.816;51.160
970;27;15;69.816;62.030
971;15;27;75.088;67.150
971;27;15;75.088;78.020
972;15;28;62.511;59.210
972;28;15;62.511;70.120
973;15;28;62.645;59.250
973;28;15;62.645;70.160
974;15;28;66.660;65.230
974;28;15;66.660;76.140
975;15;29;62.738;52.220
975;29;15;62.738;64.350
976;15;29;65.424;62.910
976;29;15;65.424;75.040
977;15;29;58.765;57.440
977;29;15;58.765;69.570
978;15;30;55.322;72.940
978;30;15;55.322;85.400
979;15;31;54.857;61.890
979;31;15;54.857;74.400
980;15;31;52.418;71.700
980;31;15;52.418;84.210
981;15;32;54.237;62.300
981;32;15;54.237;75.300
982;15;32;56.451;62.120
982;32;15;56.451;75.120
983;15;33;56.562;71.950
983;33;15;56.562;85.580
984;15;34;73.843;58.210
984;34;15;73.843;72.690
985;15;34;77.378;54.490
985;34;15;77.378;68.970
986;15;34;78.272;49.200
986;34;15;78.272;63.680
987;15;35;132.948;71.700
987;35;15;132.948;86.260
988;15;35;140.096;58.080
988;35;15;140.096;72.640
989;15;36;48.511;67.330
989;36;15;48.511;81.950
990;15;37;91.506;52.670
990;37;15;91.506;67.520
991;15;38;70.458;53.600
991;38;15;70.458;68.960
992;15;38;71.348;55.460
992;38;15;71.348;70.820
993;15;39;9.829;24.610
993;39;15;54.829;85.880
994;15;39;9.280;3.480
994;39;15;54.280;64.750
995;15;39;9.688;2.630
995;39;15;54.688;63.900
996;16;17;55.835;59.130
996;17;16;55.835;59.750
997;16;17;53.270;79.460
997;17;16;53.270;80.080
998;16;17;58.346;68.740
998;17;16;58.346;69.360
999;16;18;69.021;67.250
999;18;16;69.021;69.030
1000;16;18;73.393;63.580
1000;18;16;73.393;65.360
1001;16;19;69.134;79.580
1001;19;16;69.134;83.500
1002;16;20;67.443;71.910
1002;20;16;67.443;76.640
1003;16;20;72.053;67.190
1003;20;16;72.053;71.920
1004;16;21;80.236;73.650
1004;21;16;80.236;79.900
1005;16;22;95.417;73.820
1005;22;16;95.417;80.270
1006;16;23;100.908;74.060
1006;23;16;100.908;81.020
1007;16;23;96.123;58.810
1007;23;16;96.123;65.770
1008;16;24;70.455;59.650
1008;24;16;70.455;66.670
1009;16;25;90.875;70.380
1009;25;16;90.875;78.630
1010;16;26;103.016;69.770
1010;26;16;103.016;78.570
1011;16;26;111.675;63.750
1011;26;16;111.675;72.550
1012;16;26;97.374;61.420
1012;26;16;97.374;70.220
1013;16;27;69.068;61.010
1013;27;16;69.068;69.990
1014;16;27;69.966;55.070
1014;27;16;69.966;64.050
1015;16;28;71.164;62.140
1015;28;16;71.164;71.160
1016;16;29;71.323;71.870
1016;29;16;71.323;82.110
1017;16;29;68.946;57.550
1017;29;16;68.946;67.790
1018;16;29;73.114;69.130
1018;29;16;73.114;79.370
1019;16;30;90.195;64.590
1019;30;16;90.195;75.160
1020;16;30;81.300;69.590
1020;30;16;81.300;80.160
1021;16;30;95.751;55.170
1021;30;16;95.751;65.740
1022;16;31;85.323;72.930
1022;31;16;85.323;83.550
1023;16;31;93.892;62.130
1023;31;16;93.892;72.750
1024;16;31;91.761;60.430
1024;31;16;91.761;71.050
1025;16;32;96.604;56.560
1025;32;16;96.604;67.670
1026;16;32;92.678;48.870
1026;32;16;92.678;59.980
1027;16;33;98.895;66.520
1027;33;16;98.895;78.260
1028;16;33;98.247;64.650
1028;33;16;98.247;76.390
1029;16;33;90.805;62.580
1029;33;16;90.805;74.320
1030;16;34;91.123;57.010
1030;34;16;91.123;69.600
1031;16;34;79.630;52.220
1031;34;16;79.630;64.810
1032;16;35;136.357;54.000
1032;35;16;136.357;66.670
1033;16;35;114.938;65.760
1033;35;16;114.938;78.430
1034;16;36;88.814;50.150
1034;36;16;88.814;62.880
1035;16;36;80.910;56.620
1035;36;16;80.910;69.350
1036;16;37;115.128;46.950
1036;37;16;115.128;59.910
1037;16;38;82.429;59.820
1037;38;16;82.429;73.290
1038;16;39;49.508;23.830
1038;39;16;94.508;83.210
1039;16;39;54.746;23.650
1039;39;16;99.746;83.030
1040;16;39;37.567;0.780
1040;39;16;82.567;60.160
1041;17;18;69.317;76.430
1041;18;17;69.317;77.590
1042;17;18;70.039;61.660
1042;18;17;70.039;62.820
1043;17;19;73.214;73.470
1043;19;17;73.214;76.770
1044;17;19;70.498;68.440
1044;19;17;70.498;71.740
1045;17;20;57.143;77.030
1045;20;17;57.143;81.140
1046;17;21;82.522;54.650
1046;21;17;82.522;60.280
1047;17;22;104.345;59.000
1047;22;17;104.345;64.830
1048;17;23;100.082;73.830
1048;23;17;100.082;80.170
1049;17;23;101.659;65.970
1049;23;17;101.659;72.310
1050;17;24;74.941;64.250
1050;24;17;74.941;70.650
1051;17;25;92.619;68.800
1051;25;17;92.619;76.430
1052;17;26;104.384;62.270
1052;26;17;104.384;70.450
1053;17;27;68.013;58.550
1053;27;17;68.013;66.910
1054;17;27;67.976;69.780
1054;27;17;67.976;78.140
1055;17;28;74.148;67.950
1055;28;17;74.148;76.350
1056;17;28;73.303;69.140
1056;28;17;73.303;77.540
1057;17;29;74.026;49.160
1057;29;17;74.026;58.780
1058;17;29;76.125;58.070
1058;29;17;76.125;67.690
1059;17;29;70.281;62.850
1059;29;17;70.281;72.470
1060;17;30;92.035;73.790
1060;30;17;92.035;83.740
1061;17;30;82.369;58.060
1061;30;17;82.369;68.010
1062;17;31;87.246;73.050
1062;31;17;87.246;83.050
1063;17;32;100.415;51.080
1063;32;17;100.415;61.570
1064;17;32;113.720;56.530
1064;32;17;113.720;67.020
1065;17;33;103.104;61.530
1065;33;17;103.104;72.650
1066;17;34;100.241;56.520
1066;34;17;100.241;68.490
1067;17;35;127.622;57.010
1067;35;17;127.622;69.060
1068;17;35;106.984;54.610
1068;35;17;106.984;66.660
1069;17;35;140.250;64.020
1069;35;17;140.250;76.070
1070;17;36;93.658;51.830
1070;36;17;93.658;63.940
1071;17;36;102.312;66.340
1071;36;17;102.312;78.450
1072;17;36;85.980;70.780
1072;36;17;85.980;82.890
1073;17;37;111.473;66.760
1073;37;17;111.473;79.100
1074;17;37;103.571;48.780
1074;37;17;103.571;61.120
1075;17;37;109.669;57.900
1075;37;17;109.669;70.240
1076;17;38;80.147;54.870
1076;38;17;80.147;67.720
1077;17;39;54.909;0.780
1077;39;17;99.909;59.540
1078;18;19;54.199;79.710
1078;19;18;54.199;81.850
1079;18;19;52.802;75.410
1079;19;18;52.802;77.550
1080;18;20;70.157;54.760
1080;20;18;70.157;57.710
1081;18;20;66.071;60.650
1081;20;18;66.071;63.600
1082;18;21;58.572;75.020
1082;21;18;58.572;79.490
1083;18;21;55.240;54.770
1083;21;18;55.240;59.240
1084;18;22;90.169;67.580
1084;22;18;90.169;72.250
1085;18;23;76.901;75.460
1085;23;18;76.901;80.640
1086;18;23;74.685;55.780
1086;23;18;74.685;60.960
1087;18;24;55.870;60.230
1087;24;18;55.870;65.470
1088;18;24;54.709;61.460
1088;24;18;54.709;66.700
1089;18;24;55.518;54.740
1089;24;18;55.518;59.980
1090;18;25;68.314;63.680
1090;25;18;68.314;70.150
1091;18;26;80.092;68.100
1091;26;18;80.092;75.120
1092;18;26;82.407;71.960
1092;26;18;82.407;78.980
1093;18;26;83.959;72.170
1093;26;18;83.959;79.190
1094;18;27;48.047;56.450
1094;27;18;48.047;63.650
1095;18;27;48.222;56.180
1095;27;18;48.222;63.380
1096;18;28;52.399;51.140
1096;28;18;52.399;58.380
1097;18;28;51.418;74.690
1097;28;18;51.418;81.930
1098;18;29;51.816;51.430
1098;29;18;51.816;59.890
1099;18;29;51.015;61.440
1099;29;18;51.015;69.900
1100;18;30;67.745;52.120
1100;30;18;67.745;60.910
1101;18;30;73.370;64.630
1101;30;18;73.370;73.420
1102;18;30;72.384;58.510
1102;30;18;72.384;67.300
1103;18;31;63.012;64.910
1103;31;18;63.012;73.750
1104;18;31;60.193;65.600
1104;31;18;60.193;74.440
1105;18;32;76.950;52.380
1105;32;18;76.950;61.710
1106;18;32;73.972;58.510
1106;32;18;73.972;67.840
1107;18;32;78.089;61.590
1107;32;18;78.089;70.920
1108;18;33;79.908;58.980
1108;33;18;79.908;68.940
1109;18;33;88.348;65.550
1109;33;18;88.348;75.510
1110;18;34;87.151;57.250
1110;34;18;87.151;68.060
1111;18;35;121.063;69.370
1111;35;18;121.063;80.260
1112;18;35;132.153;62.160
1112;35;18;132.153;73.050
1113;18;35;123.132;67.600
1113;35;18;123.132;78.490
1114;18;36;71.600;58.970
1114;36;18;71.600;69.920
1115;18;36;69.389;65.250
1115;36;18;69.389;76.200
1116;18;36;75.939;70.250
1116;36;18;75.939;81.200
1117;18;37;91.969;56.020
1117;37;18;91.969;67.200
1118;18;37;88.082;67.050
1118;37;18;88.082;78.230
1119;18;37;102.816;66.090
1119;37;18;102.816;77.270
1120;18;38;59.211;56.780
1120;38;18;59.211;68.470
1121;18;38;62.588;70.720
1121;38;18;62.588;82.410
1122;18;39;33.232;7.770
1122;39;18;78.232;65.370
1123;19;20;77.227;56.970
1123;20;19;77.227;57.780
1124;19;20;71.521;61.090
1124;20;19;71.521;61.900
1125;19;20;82.173;62.540
1125;20;19;82.173;63.350
1126;19;21;56.648;58.970
1126;21;19;56.648;61.300
1127;19;21;55.827;60.050
1127;21;19;55.827;62.380
1128;19;21;54.333;53.390
1128;21;19;54.333;55.720
1129;19;22;81.092;58.040
1129;22;19;81.092;60.570
1130;19;22;82.603;53.420
1130;22;19;82.603;55.950
1131;19;23;79.368;56.240
1131;23;19;79.368;59.280
1132;19;23;76.675;54.010
1132;23;19;76.675;57.050
1133;19;23;81.635;75.010
1133;23;19;81.635;78.050
1134;19;24;46.897;67.760
1134;24;19;46.897;70.860
1135;19;25;67.227;63.600
1135;25;19;67.227;67.930
1136;19;25;72.450;58.060
1136;25;19;72.450;62.390
1137;19;26;79.348;68.460
1137;26;19;79.348;73.340
1138;19;26;85.113;70.960
1138;26;19;85.113;75.840
1139;19;26;75.999;71.490
1139;26;19;75.999;76.370
1140;19;27;57.186;66.980
1140;27;19;57.186;72.040
1141;19;27;57.569;52.290
1141;27;19;57.569;57.350
1142;19;28;48.248;54.490
1142;28;19;48.248;59.590
1143;19;29;48.909;55.090
1143;29;19;48.909;61.410
1144;19;30;66.505;71.780
1144;30;19;66.505;78.430
1145;19;30;68.077;62.420
1145;30;19;68.077;69.070
1146;19;31;61.748;57.110
1146;31;19;61.748;63.810
1147;19;31;61.114;72.920
1147;31;19;61.114;79.620
1148;19;31;62.825;59.380
1148;31;19;62.825;66.080
1149;19;32;72.607;71.270
1149;32;19;72.607;78.460
1150;19;33;75.089;67.400
1150;33;19;75.089;75.220
1151;19;33;73.600;48.870
1151;33;19;73.600;56.690
1152;19;33;69.863;72.210
1152;33;19;69.863;80.030
1153;19;34;77.979;65.500
1153;34;19;77.979;74.170
1154;19;34;85.650;68.500
1154;34;19;85.650;77.170
1155;19;35;129.631;60.640
1155;35;19;129.631;69.390
1156;19;35;131.409;49.660
1156;35;19;131.409;58.410
1157;19;35;128.130;56.010
1157;35;19;128.130;64.760
1158;19;36;65.445;51.560
1158;36;19;65.445;60.370
1159;19;36;65.960;49.930
1159;36;19;65.960;58.740
1160;19;36;61.903;56.300
1160;36;19;61.903;65.110
1161;19;37;97.081;60.920
1161;37;19;97.081;69.960
1162;19;37;102.817;60.660
1162;37;19;102.817;69.700
1163;19;38;65.863;50.340
1163;38;19;65.863;59.890
1164;19;39;26.736;20.370
1164;39;19;71.736;75.830
1165;19;39;20.075;1.140
1165;39;19;65.075;56.600
1166;20;21;83.546;55.350
1166;21;20;83.546;56.870
1167;20;21;83.840;62.610
1167;21;20;83.840;64.130
1168;20;21;78.636;57.950
1168;21;20;78.636;59.470
1169;20;22;111.860;77.510
1169;22;20;111.860;79.230
1170;20;23;96.445;59.670
1170;23;20;96.445;61.900
1171;20;23;97.636;61.080
1171;23;20;97.636;63.310
1172;20;24;79.121;74.060
1172;24;20;79.121;76.350
1173;20;24;78.370;54.830
1173;24;20;78.370;57.120
1174;20;24;85.836;70.750
1174;24;20;85.836;73.040
1175;20;25;92.259;72.650
1175;25;20;92.259;76.170
1176;20;25;97.956;60.970
1176;25;20;97.956;64.490
1177;20;26;103.017;75.370
1177;26;20;103.017;79.440
1178;20;26;88.888;65.600
1178;26;20;88.888;69.670
1179;20;26;96.651;73.860
1179;26;20;96.651;77.930
1180;20;27;67.663;67.130
1180;27;20;67.663;71.380
1181;20;27;68.075;56.060
1181;27;20;68.075;60.310
1182;20;28;76.918;53.220
1182;28;20;76.918;57.510
1183;20;28;77.500;54.130
1183;28;20;77.500;58.420
1184;20;28;84.735;73.720
1184;28;20;84.735;78.010
1185;20;29;76.525;63.650
1185;29;20;76.525;69.160
1186;20;29;72.988;56.970
1186;29;20;72.988;62.480
1187;20;29;70.374;67.810
1187;29;20;70.374;73.320
1188;20;30;91.819;59.220
1188;30;20;91.819;65.060
1189;20;30;89.488;60.460
1189;30;20;89.488;66.300
1190;20;31;87.459;58.330
1190;31;20;87.459;64.220
1191;20;31;84.118;49.790
1191;31;20;84.118;55.680
1192;20;31;78.515;56.910
1192;31;20;78.515;62.800
1193;20;32;101.963;67.590
1193;32;20;101.963;73.970
1194;20;32;113.379;59.120
1194;32;20;113.379;65.500
1195;20;33;104.995;49.190
1195;33;20;104.995;56.200
1196;20;33;115.496;58.850
1196;33;20;115.496;65.860
1197;20;34;108.098;47.960
1197;34;20;108.098;55.820
1198;20;34;96.202;57.200
1198;34;20;96.202;65.060
1199;20;34;119.498;50.740
1199;34;20;119.498;58.600
1200;20;35;115.880;57.910
1200;35;20;115.880;65.850
1201;20;35;98.918;63.350
1201;35;20;98.918;71.290
1202;20;35;112.198;64.690
1202;35;20;112.198;72.630
1203;20;36;96.688;69.790
1203;36;20;96.688;77.790
1204;20;36;98.834;51.740
1204;36;20;98.834;59.740
1205;20;37;104.367;68.280
1205;37;20;104.367;76.510
1206;20;37;105.544;49.830
1206;37;20;105.544;58.060
1207;20;37;89.956;59.310
1207;37;20;89.956;67.540
1208;20;38;76.245;48.500
1208;38;20;76.245;57.240
1209;20;38;79.666;60.330
1209;38;20;79.666;69.070
1210;20;39;58.284;0.770
1210;39;20;103.284;55.420
1211;20;39;52.929;1.180
1211;39;20;97.929;55.830
1212;21;22;82.779;58.630
1212;22;21;82.779;58.830
1213;21;22;83.389;69.720
1213;22;21;83.389;69.920
1214;21;23;68.195;58.000
1214;23;21;68.195;58.710
1215;21;24;56.104;63.090
1215;24;21;56.104;63.860
1216;21;24;57.763;77.280
1216;24;21;57.763;78.050
1217;21;24;57.396;55.010
1217;24;21;57.396;55.780
1218;21;25;55.664;51.570
1218;25;21;55.664;53.570
1219;21;26;67.821;54.050
1219;26;21;67.821;56.600
1220;21;26;68.691;52.830
1220;26;21;68.691;55.380
1221;21;26;64.086;63.460
1221;26;21;64.086;66.010
1222;21;27;60.883;60.200
1222;27;21;60.883;62.930
1223;21;27;63.024;63.500
1223;27;21;63.024;66.230
1224;21;27;61.974;59.690
1224;27;21;61.974;62.420
1225;21;28;54.092;55.060
1225;28;21;54.092;57.830
1226;21;29;53.916;68.840
1226;29;21;53.916;72.830
1227;21;30;54.969;70.350
1227;30;21;54.969;74.670
1228;21;30;56.915;62.670
1228;30;21;56.915;66.990
1229;21;31;50.126;61.410
1229;31;21;50.126;65.780
1230;21;31;50.173;59.430
1230;31;21;50.173;63.800
1231;21;31;50.396;60.410
1231;31;21;50.396;64.780
1232;21;32;63.422;70.630
1232;32;21;63.422;75.490
1233;21;32;63.129;67.200
1233;32;21;63.129;72.060
1234;21;32;64.948;62.730
1234;32;21;64.948;67.590
1235;21;33;66.460;62.030
1235;33;21;66.460;67.520
1236;21;34;80.865;48.950
1236;34;21;80.865;55.290
1237;21;34;84.162;68.770
1237;34;21;84.162;75.110
1238;21;35;124.476;61.780
1238;35;21;124.476;68.200
1239;21;35;142.264;55.230
1239;35;21;142.264;61.650
1240;21;36;59.274;55.660
1240;36;21;59.274;62.140
1241;21;36;57.242;62.520
1241;36;21;57.242;69.000
1242;21;36;58.388;49.830
1242;36;21;58.388;56.310
1243;21;37;87.199;58.150
1243;37;21;87.199;64.860
1244;21;37;86.719;48.090
1244;37;21;86.719;54.800
1245;21;38;60.322;52.950
1245;38;21;60.322;60.170
1246;21;38;61.307;65.400
1246;38;21;61.307;72.620
1247;21;39;20.827;16.940
1247;39;21;65.827;70.070
1248;21;39;24.615;13.700
1248;39;21;69.615;66.830
1249;22;23;100.020;55.710
1249;23;22;100.020;56.220
1250;22;24;79.321;54.480
1250;24;22;79.321;55.050
1251;22;24;77.210;72.050
1251;24;22;77.210;72.620
1252;22;25;85.525;66.780
1252;25;22;85.525;68.580
1253;22;25;86.630;69.050
1253;25;22;86.630;70.850
1254;22;26;91.481;50.810
1254;26;22;91.481;53.160
1255;22;26;80.502;66.000
1255;26;22;80.502;68.350
1256;22;27;93.206;58.240
1256;27;22;93.206;60.770
1257;22;28;82.919;65.970
1257;28;22;82.919;68.540
1258;22;28;75.872;67.150
1258;28;22;75.872;69.720
1259;22;28;74.340;72.080
1259;28;22;74.340;74.650
1260;22;29;83.599;55.870
1260;29;22;83.599;59.660
1261;22;29;74.594;53.020
1261;29;22;74.594;56.810
1262;22;30;84.989;54.080
1262;30;22;84.989;58.200
1263;22;31;84.024;70.150
1263;31;22;84.024;74.320
1264;22;31;91.571;68.060
1264;31;22;91.571;72.230
1265;22;32;77.461;55.640
1265;32;22;77.461;60.300
1266;22;32;80.397;54.800
1266;32;22;80.397;59.460
1267;22;33;76.099;47.650
1267;33;22;76.099;52.940
1268;22;33;70.299;52.460
1268;33;22;70.299;57.750
1269;22;34;49.525;58.490
1269;34;22;49.525;64.630
1270;22;35;162.144;69.470
1270;35;22;162.144;75.690
1271;22;35;182.153;62.470
1271;35;22;182.153;68.690
1272;22;35;189.747;55.900
1272;35;22;189.747;62.120
1273;22;36;71.558;55.400
1273;36;22;71.558;61.680
1274;22;36;71.645;47.130
1274;36;22;71.645;53.410
1275;22;37;120.887;57.630
1275;37;22;120.887;64.140
1276;22;37;127.841;51.410
1276;37;22;127.841;57.920
1277;22;37;117.628;53.520
1277;37;22;117.628;60.030
1278;22;38;98.025;57.190
1278;38;22;98.025;64.210
1279;22;38;91.069;51.310
1279;38;22;91.069;58.330
1280;22;38;103.217;66.980
1280;38;22;103.217;74.000
1281;22;39;23.796;11.380
1281;39;22;68.796;64.310
1282;22;39;23.358;5.720
1282;39;22;68.358;58.650
1283;23;24;79.163;75.410
1283;24;23;79.163;75.470
1284;23;24;70.711;64.990
1284;24;23;70.711;65.050
1285;23;24;77.803;71.350
1285;24;23;77.803;71.410
1286;23;25;59.954;55.900
1286;25;23;59.954;57.190
1287;23;25;57.507;68.540
1287;25;23;57.507;69.830
1288;23;25;56.378;70.760
1288;25;23;56.378;72.050
1289;23;26;57.000;69.100
1289;26;23;57.000;70.940
1290;23;27;77.328;70.380
1290;27;23;77.328;72.400
1291;23;27;72.958;52.080
1291;27;23;72.958;54.100
1292;23;27;72.773;56.730
1292;27;23;72.773;58.750
1293;23;28;76.323;75.090
1293;28;23;76.323;77.150
1294;23;29;75.866;58.270
1294;29;23;75.866;61.550
1295;23;29;81.783;61.790
1295;29;23;81.783;65.070
1296;23;30;60.628;50.910
1296;30;23;60.628;54.520
1297;23;31;63.772;57.140
1297;31;23;63.772;60.800
1298;23;31;60.793;68.090
1298;31;23;60.793;71.750
1299;23;31;65.719;63.380
1299;31;23;65.719;67.040
1300;23;32;68.636;63.680
1300;32;23;68.636;67.830
1301;23;32;69.446;65.110
1301;32;23;69.446;69.260
1302;23;33;71.250;67.670
1302;33;23;71.250;72.450
1303;23;33;66.241;54.630
1303;33;23;66.241;59.410
1304;23;33;65.446;69.790
1304;33;23;65.446;74.570
1305;23;34;99.528;49.060
1305;34;23;99.528;54.690
1306;23;34;105.316;63.270
1306;34;23;105.316;68.900
1307;23;35;111.004;56.160
1307;35;23;111.004;61.870
1308;23;35;95.588;55.860
1308;35;23;95.588;61.570
1309;23;36;73.563;56.930
1309;36;23;73.563;62.700
1310;23;37;65.867;46.640
1310;37;23;65.867;52.640
1311;23;37;65.558;61.290
1311;37;23;65.558;67.290
1312;23;38;65.283;65.420
1312;38;23;65.283;71.930
1313;23;39;31.884;10.650
1313;39;23;76.884;63.070
1314;24;25;66.465;68.560
1314;25;24;66.465;69.790
1315;24;25;71.300;73.340
1315;25;24;71.300;74.570
1316;24;26;78.502;70.340
1316;26;24;78.502;72.120
1317;24;26;81.507;51.740
1317;26;24;81.507;53.520
1318;24;26;70.628;67.760
1318;26;24;70.628;69.540
1319;24;27;58.895;60.410
1319;27;24;58.895;62.370
1320;24;27;56.831;62.660
1320;27;24;56.831;64.620
1321;24;27;60.724;60.790
1321;27;24;60.724;62.750
1322;24;28;49.080;63.150
1322;28;24;49.080;65.150
1323;24;28;49.971;52.580
1323;28;24;49.971;54.580
1324;24;28;48.400;53.490
1324;28;24;48.400;55.490
1325;24;29;49.821;68.570
1325;29;24;49.821;71.790
1326;24;29;49.833;71.860
1326;29;24;49.833;75.080
1327;24;29;50.729;56.800
1327;29;24;50.729;60.020
1328;24;30;65.726;72.080
1328;30;24;65.726;75.630
1329;24;31;61.093;67.170
1329;31;24;61.093;70.770
1330;24;31;60.444;66.290
1330;31;24;60.444;69.890
1331;24;31;63.475;70.880
1331;31;24;63.475;74.480
1332;24;32;71.162;52.550
1332;32;24;71.162;56.640
1333;24;32;70.608;69.500
1333;32;24;70.608;73.590
1334;24;33;73.551;71.780
1334;33;24;73.551;76.500
1335;24;34;76.284;68.240
1335;34;24;76.284;73.810
1336;24;34;76.090;52.700
1336;34;24;76.090;58.270
1337;24;35;130.837;54.250
1337;35;24;130.837;59.900
1338;24;36;63.760;63.110
1338;36;24;63.760;68.820
1339;24;37;97.353;49.020
1339;37;24;97.353;54.960
1340;24;37;94.204;71.240
1340;37;24;94.204;77.180
1341;24;38;66.734;60.220
1341;38;24;66.734;66.670
1342;24;38;64.813;47.920
1342;38;24;64.813;54.370
1343;24;39;24.972;18.240
1343;39;24;69.972;70.600
1344;24;39;23.354;14.600
1344;39;24;68.354;66.960
1345;24;39;25.396;17.000
1345;39;24;70.396;69.360
1346;25;26;57.156;52.470
1346;26;25;57.156;53.020
1347;25;26;57.507;63.890
1347;26;25;57.507;64.440
1348;25;26;59.408;74.910
1348;26;25;59.408;75.460
1349;25;27;70.033;73.710
1349;27;25;70.033;74.440
1350;25;28;64.755;55.420
1350;28;25;64.755;56.190
1351;25;29;64.555;61.430
1351;29;25;64.555;63.420
1352;25;29;66.637;67.950
1352;29;25;66.637;69.940
1353;25;29;67.752;63.200
1353;29;25;67.752;65.190
1354;25;30;45.760;70.820
1354;30;25;45.760;73.140
1355;25;31;50.552;63.750
1355;31;25;50.552;66.120
1356;25;32;56.984;60.820
1356;32;25;56.984;63.680
1357;25;33;60.269;54.420
1357;33;25;60.269;57.910
1358;25;33;61.060;51.600
1358;33;25;61.060;55.090
1359;25;34;84.749;52.470
1359;34;25;84.749;56.810
1360;25;34;89.847;70.130
1360;34;25;89.847;74.470
1361;25;34;87.705;56.950
1361;34;25;87.705;61.290
1362;25;35;122.853;66.950
1362;35;25;122.853;71.370
1363;25;35;105.216;69.760
1363;35;25;105.216;74.180
1364;25;35;139.590;54.680
1364;35;25;139.590;59.100
1365;25;36;58.977;66.540
1365;36;25;58.977;71.020
1366;25;37;80.612;61.450
1366;37;25;80.612;66.160
1367;25;37;84.169;66.480
1367;37;25;84.169;71.190
1368;25;37;72.936;51.230
1368;37;25;72.936;55.940
1369;25;38;63.593;46.460
1369;38;25;63.593;51.680
1370;25;38;67.514;47.650
1370;38;25;67.514;52.870
1371;25;38;64.468;53.390
1371;38;25;64.468;58.610
1372;25;39;18.520;11.860
1372;39;25;63.520;62.990
1373;26;27;81.496;74.010
1373;27;26;81.496;74.190
1374;26;27;87.198;62.970
1374;27;26;87.198;63.150
1375;26;27;75.667;71.320
1375;27;26;75.667;71.500
1376;26;28;76.911;74.090
1376;28;26;76.911;74.310
1377;26;28;70.024;59.910
1377;28;26;70.024;60.130
1378;26;28;77.280;51.480
1378;28;26;77.280;51.700
1379;26;29;76.705;57.870
1379;29;26;76.705;59.310
1380;26;29;74.955;52.560
1380;29;26;74.955;54.000
1381;26;30;57.858;69.770
1381;30;26;57.858;71.540
1382;26;30;56.738;65.890
1382;30;26;56.738;67.660
1383;26;31;62.705;70.460
1383;31;26;62.705;72.280
1384;26;31;62.853;73.600
1384;31;26;62.853;75.420
1385;26;32;59.020;68.950
1385;32;26;59.020;71.260
1386;26;32;58.783;56.370
1386;32;26;58.783;58.680
1387;26;33;60.801;66.370
1387;33;26;60.801;69.310
1388;26;34;91.777;62.390
1388;34;26;91.777;66.180
1389;26;34;84.545;68.990
1389;34;26;84.545;72.780
1390;26;34;87.094;64.880
1390;34;26;87.094;68.670
1391;26;35;122.822;64.760
1391;35;26;122.822;68.630
1392;26;35;110.595;71.520
1392;35;26;110.595;75.390
1393;26;36;66.487;47.610
1393;36;26;66.487;51.540
1394;26;36;66.486;69.110
1394;36;26;66.486;73.040
1395;26;37;76.063;57.650
1395;37;26;76.063;61.810
1396;26;37;74.322;49.560
1396;37;26;74.322;53.720
1397;26;37;76.510;50.650
1397;37;26;76.510;54.810
1398;26;38;72.411;46.800
1398;38;26;72.411;51.470
1399;26;38;75.175;48.730
1399;38;26;75.175;53.400
1400;26;39;22.688;19.690
1400;39;26;67.688;70.270
1401;26;39;24.449;12.100
1401;39;26;69.449;62.680
1402;27;28;55.435;67.120
1402;28;27;55.435;67.160
1403;27;29;54.834;61.340
1403;29;27;54.834;62.600
1404;27;29;55.612;51.250
1404;29;27;55.612;52.510
1405;27;29;55.521;73.130
1405;29;27;55.521;74.390
1406;27;30;69.519;54.150
1406;30;27;69.519;55.740
1407;27;30;69.504;58.620
1407;30;27;69.504;60.210
1408;27;30;73.274;65.430
1408;30;27;73.274;67.020
1409;27;31;64.951;73.220
1409;31;27;64.951;74.860
1410;27;31;60.323;54.680
1410;31;27;60.323;56.320
1411;27;32;79.301;60.610
1411;32;27;79.301;62.740
1412;27;32;72.459;56.960
1412;32;27;72.459;59.090
1413;27;32;76.424;59.490
1413;32;27;76.424;61.620
1414;27;33;82.336;52.250
1414;33;27;82.336;55.010
1415;27;34;90.161;50.780
1415;34;27;90.161;54.390
1416;27;34;82.250;54.560
1416;34;27;82.250;58.170
1417;27;35;118.607;60.650
1417;35;27;118.607;64.340
1418;27;35;104.613;63.430
1418;35;27;104.613;67.120
1419;27;35;111.980;61.450
1419;35;27;111.980;65.140
1420;27;36;74.347;59.140
1420;36;27;74.347;62.890
1421;27;37;91.214;48.020
1421;37;27;91.214;52.000
1422;27;37;82.424;64.180
1422;37;27;82.424;68.160
1423;27;38;58.392;47.410
1423;38;27;58.392;51.900
1424;27;38;59.240;70.220
1424;38;27;59.240;74.710
1425;27;38;60.114;67.040
1425;38;27;60.114;71.530
1426;27;39;35.994;21.090
1426;39;27;80.994;71.490
1427;27;39;40.307;19.420
1427;39;27;85.307;69.820
1428;27;39;35.635;9.210
1428;39;27;80.635;59.610
1429;28;29;45.742;54.020
1429;29;28;45.742;55.240
1430;28;29;45.820;68.720
1430;29;28;45.820;69.940
1431;28;30;64.060;60.170
1431;30;28;64.060;61.720
1432;28;30;68.353;61.090
1432;30;28;68.353;62.640
1433;28;31;59.209;63.130
1433;31;28;59.209;64.730
1434;28;31;59.715;64.660
1434;31;28;59.715;66.260
1435;28;31;59.418;71.890
1435;31;28;59.418;73.490
1436;28;32;71.270;64.070
1436;32;28;71.270;66.160
1437;28;32;65.847;51.280
1437;32;28;65.847;53.370
1438;28;32;65.983;52.450
1438;32;28;65.983;54.540
1439;28;33;73.972;67.780
1439;33;28;73.972;70.500
1440;28;33;74.272;67.520
1440;33;28;74.272;70.240
1441;28;34;80.054;71.490
1441;34;28;80.054;75.060
1442;28;35;126.758;60.520
1442;35;28;126.758;64.170
1443;28;35;125.135;58.000
1443;35;28;125.135;61.650
1444;28;36;64.886;60.480
1444;36;28;64.886;64.190
1445;28;36;64.133;52.760
1445;36;28;64.133;56.470
1446;28;37;93.843;51.860
1446;37;28;93.843;55.800
1447;28;37;98.041;64.280
1447;37;28;98.041;68.220
1448;28;37;100.376;69.640
1448;37;28;100.376;73.580
1449;28;38;62.719;46.110
1449;38;28;62.719;50.560
1450;28;38;63.736;68.160
1450;38;28;63.736;72.610
1451;28;39;26.416;16.260
1451;39;28;71.416;66.620
1452;28;39;21.628;0.010
1452;39;28;66.628;50.370
1453;29;30;63.873;65.870
1453;30;29;63.873;66.200
1454;29;30;62.755;64.090
1454;30;29;62.755;64.420
1455;29;30;68.100;52.270
1455;30;29;68.100;52.600
1456;29;31;59.003;73.280
1456;31;29;59.003;73.660
1457;29;32;71.395;50.430
1457;32;29;71.395;51.300
1458;29;32;71.455;58.850
1458;32;29;71.455;59.720
1459;29;33;74.146;52.760
1459;33;29;74.146;54.260
1460;29;34;80.759;60.380
1460;34;29;80.759;62.730
1461;29;34;82.016;56.700
1461;34;29;82.016;59.050
1462;29;35;126.016;59.280
1462;35;29;126.016;61.710
1463;29;35;145.821;70.030
1463;35;29;145.821;72.460
1464;29;35;142.424;62.530
1464;35;29;142.424;64.960
1465;29;36;65.207;55.650
1465;36;29;65.207;58.140
1466;29;36;66.062;47.970
1466;36;29;66.062;50.460
1467;29;37;93.236;69.450
1467;37;29;93.236;72.170
1468;29;37;104.489;46.700
1468;37;29;104.489;49.420
1469;29;38;62.000;64.500
1469;38;29;62.000;67.730
1470;29;39;26.770;5.020
1470;39;29;71.770;54.160
1471;29;39;26.723;8.390
1471;39;29;71.723;57.530
1472;30;31;49.879;69.320
1472;31;30;49.879;69.370
1473;30;31;48.731;65.200
1473;31;30;48.731;65.250
1474;30;32;56.952;57.980
1474;32;30;56.952;58.520
1475;30;32;55.177;63.340
1475;32;30;55.177;63.880
1476;30;33;60.254;56.820
1476;33;30;60.254;57.990
1477;30;33;59.283;68.040
1477;33;30;59.283;69.210
1478;30;34;84.156;63.010
1478;34;30;84.156;65.030
1479;30;35;123.211;54.980
1479;35;30;123.211;57.080
1480;30;35;134.474;71.190
1480;35;30;134.474;73.290
1481;30;36;58.464;47.160
1481;36;30;58.464;49.320
1482;30;37;81.234;55.870
1482;37;30;81.234;58.260
1483;30;37;84.175;63.500
1483;37;30;84.175;65.890
1484;30;38;63.455;62.140
1484;38;30;63.455;65.040
1485;30;38;63.197;50.510
1485;38;30;63.197;53.410
1486;30;39;18.196;21.550
1486;39;30;63.196;70.360
1487;30;39;22.590;3.490
1487;39;30;67.590;52.300
1488;31;32;59.945;62.700
1488;32;31;59.945;63.190
1489;31;32;59.184;66.630
1489;32;31;59.184;67.120
1490;31;33;63.193;70.620
1490;33;31;63.193;71.740
1491;31;33;64.093;47.650
1491;33;31;64.093;48.770
1492;31;34;82.659;47.350
1492;34;31;82.659;49.320
1493;31;34;78.101;53.480
1493;34;31;78.101;55.450
1494;31;34;74.054;66.250
1494;34;31;74.054;68.220
1495;31;35;123.248;49.240
1495;35;31;123.248;51.290
1496;31;35;129.148;57.720
1496;35;31;129.148;59.770
1497;31;36;58.365;53.140
1497;36;31;58.365;55.250
1498;31;36;55.255;58.860
1498;36;31;55.255;60.970
1499;31;37;83.597;65.060
1499;37;31;83.597;67.400
1500;31;37;81.580;58.610
1500;37;31;81.580;60.950
1501;31;37;89.664;71.030
1501;37;31;89.664;73.370
1502;31;38;60.850;58.370
1502;38;31;60.850;61.220
1503;31;39;19.290;8.310
1503;39;31;64.290;57.070
1504;31;39;17.781;7.640
1504;39;31;62.781;56.400
1505;31;39;19.491;2.320
1505;39;31;64.491;51.080
1506;32;33;48.310;50.260
1506;33;32;48.310;50.890
1507;32;33;48.717;55.070
1507;33;32;48.717;55.700
1508;32;34;77.852;66.560
1508;34;32;77.852;68.040
1509;32;34;84.022;71.610
1509;34;32;84.022;73.090
1510;32;34;78.239;63.000
1510;34;32;78.239;64.480
1511;32;35;133.962;49.120
1511;35;32;133.962;50.680
1512;32;35;142.951;69.060
1512;35;32;142.951;70.620
1513;32;35;152.749;63.830
1513;35;32;152.749;65.390
1514;32;36;53.953;70.180
1514;36;32;53.953;71.800
1515;32;37;89.226;64.730
1515;37;32;89.226;66.580
1516;32;37;84.321;48.380
1516;37;32;84.321;50.230
1517;32;37;88.073;59.800
1517;37;32;88.073;61.650
1518;32;38;75.300;46.160
1518;38;32;75.300;48.520
1519;32;38;75.875;55.710
1519;38;32;75.875;58.070
1520;32;38;68.141;48.550
1520;38;32;68.141;50.910
1521;32;39;8.671;9.500
1521;39;32;53.671;57.770
1522;32;39;8.693;19.090
1522;39;32;53.693;67.360
1523;32;39;7.837;9.310
1523;39;32;52.837;57.580
1524;33;34;76.925;57.110
1524;34;33;76.925;57.960
1525;33;34;72.876;50.430
1525;34;33;72.876;51.280
1526;33;35;136.887;63.780
1526;35;33;136.887;64.710
1527;33;35;158.857;65.930
1527;35;33;158.857;66.860
1528;33;36;55.342;68.660
1528;36;33;55.342;69.650
1529;33;36;55.454;55.270
1529;36;33;55.454;56.260
1530;33;37;91.577;64.130
1530;37;33;91.577;65.350
1531;33;38;78.609;48.990
1531;38;33;78.609;50.720
1532;33;38;72.445;50.830
1532;38;33;72.445;52.560
1533;33;38;86.337;62.530
1533;38;33;86.337;64.260
1534;33;39;7.648;24.340
1534;39;33;52.648;71.980
1535;34;35;160.337;68.730
1535;35;34;160.337;68.810
1536;34;36;70.983;57.400
1536;36;34;70.983;57.540
1537;34;37;120.336;47.550
1537;37;34;120.336;47.920
1538;34;38;95.905;69.000
1538;38;34;95.905;69.880
1539;34;38;88.168;63.800
1539;38;34;88.168;64.680
1540;34;39;24.350;13.040
1540;39;34;69.350;59.830
1541;34;39;27.031;10.350
1541;39;34;72.031;57.140
1542;35;36;136.381;67.540
1542;36;35;136.381;67.600
1543;35;36;113.930;53.610
1543;36;35;113.930;53.670
1544;35;36;146.294;50.800
1544;36;35;146.294;50.860
1545;35;37;93.774;68.690
1545;37;35;93.774;68.980
1546;35;38;109.575;61.660
1546;38;35;109.575;62.460
1547;35;39;96.367;17.190
1547;39;35;141.367;63.900
1548;36;37;94.405;53.140
1548;37;36;94.405;53.370
1549;36;37;94.695;57.340
1549;37;36;94.695;57.570
1550;36;38;73.942;53.530
1550;38;36;73.942;54.270
1551;36;39;6.651;10.410
1551;39;36;51.651;57.060
1552;36;39;7.325;13.480
1552;39;36;52.325;60.130
1553;37;38;77.850;54.180
1553;38;37;77.850;54.690
1554;37;38;82.125;56.190
1554;38;37;82.125;56.700
1555;37;38;72.225;69.940
1555;38;37;72.225;70.450
1556;37;39;52.651;18.500
1556;39;37;97.651;64.920
1557;38;39;35.108;21.740
1557;39;38;80.108;67.650
