40
300.0
0;0;1;68.796;113.220
0;1;0;23.796;16.160
1;0;1;64.611;119.070
1;1;0;19.611;22.010
2;0;2;67.688;102.120
2;2;0;22.688;17.960
3;0;2;72.911;106.460
3;2;0;27.911;22.300
4;0;2;72.218;100.140
4;2;0;27.218;15.980
5;0;3;75.107;78.120
5;3;0;30.107;3.570
6;0;4;67.496;80.570
6;4;0;22.496;7.050
7;0;4;67.180;81.410
7;4;0;22.180;7.890
8;0;4;66.594;91.760
8;4;0;21.594;18.240
9;0;5;124.572;85.090
9;5;0;79.572;11.940
10;0;6;63.315;88.450
10;6;0;18.315;17.630
11;0;6;63.506;84.950
11;6;0;18.506;14.130
12;0;7;77.509;80.300
12;7;0;32.509;11.010
13;0;7;85.419;69.850
13;7;0;40.419;0.560
14;0;8;119.442;76.050
14;8;0;74.442;7.120
15;0;8;126.370;83.730
15;8;0;81.370;14.800
16;0;8;114.221;91.050
16;8;0;69.221;22.120
17;0;9;73.285;75.960
17;9;0;28.285;8.010
18;0;9;73.257;87.570
18;9;0;28.257;19.620
19;0;10;90.309;69.020
19;10;0;45.309;1.080
20;0;11;62.194;78.330
20;11;0;17.194;11.040
21;0;11;64.951;78.720
21;11;0;19.951;11.430
22;0;12;138.673;83.270
22;12;0;93.673;16.890
23;0;12;147.720;91.340
23;12;0;102.720;24.960
24;0;12;118.238;80.030
24;12;0;73.238;13.650
25;0;13;63.196;71.350
25;13;0;18.196;7.160
26;0;13;60.358;83.680
26;13;0;15.358;19.490
27;0;13;61.389;86.230
27;13;0;16.389;22.040
28;0;14;94.491;85.420
28;14;0;49.491;21.700
29;0;14;93.408;67.470
29;14;0;48.408;3.750
30;0;15;75.026;76.420
30;15;0;30.026;15.580
31;0;16;53.647;60.650
31;16;0;8.647;1.030
32;0;16;52.614;81.330
32;16;0;7.614;21.710
33;0;17;63.686;83.310
33;17;0;18.686;24.220
34;0;17;62.814;79.700
34;17;0;17.814;20.610
35;0;17;62.750;69.730
35;17;0;17.750;10.640
36;0;18;70.336;68.340
36;18;0;25.336;9.450
37;0;18;64.198;69.290
37;18;0;19.198;10.400
38;0;18;74.951;67.600
38;18;0;29.951;8.710
39;0;19;72.562;73.040
39;19;0;27.562;14.260
40;0;19;73.299;79.800
40;19;0;28.299;21.020
41;0;19;72.939;72.690
41;19;0;27.939;13.910
42;0;20;102.583;71.140
42;20;0;57.583;14.920
43;0;21;60.608;75.720
43;21;0;15.608;19.980
44;0;21;58.067;76.320
44;21;0;13.067;20.580
45;0;21;62.359;62.370
45;21;0;17.359;6.630
46;0;22;126.991;62.900
46;22;0;81.991;7.310
47;0;23;64.222;71.000
47;23;0;19.222;15.870
48;0;24;63.520;63.750
48;24;0;18.520;8.790
49;0;24;63.594;62.540
49;24;0;18.594;7.580
50;0;24;60.180;70.050
50;24;0;15.180;15.090
51;0;25;76.387;61.390
51;25;0;31.387;6.510
52;0;25;71.181;77.900
52;25;0;26.181;23.020
53;0;26;63.520;69.190
53;26;0;18.520;14.580
54;0;26;67.431;67.980
54;26;0;22.431;13.370
55;0;27;51.651;65.990
55;27;0;6.651;11.490
56;0;27;51.805;68.310
56;27;0;6.805;13.810
57;0;27;52.144;68.540
57;27;0;7.144;14.040
58;0;28;81.549;61.770
58;28;0;36.549;7.540
59;0;29;57.868;73.850
59;29;0;12.868;19.730
60;0;30;121.973;61.420
60;30;0;76.973;7.390
61;0;30;129.632;57.150
61;30;0;84.632;3.120
62;0;31;70.770;66.630
62;31;0;25.770;13.440
63;0;31;71.487;59.420
63;31;0;26.487;6.230
64;0;32;64.290;69.900
64;32;0;19.290;17.050
65;0;32;65.978;74.170
65;32;0;20.978;21.320
66;0;33;54.829;54.970
66;33;0;9.829;2.410
67;0;33;54.531;66.850
67;33;0;9.531;14.290
68;0;34;65.827;56.230
68;34;0;20.827;4.200
69;0;34;61.112;64.420
69;34;0;16.112;12.390
70;0;34;61.181;69.870
70;34;0;16.181;17.840
71;0;35;52.648;51.710
71;35;0;7.648;0.150
72;0;35;52.533;75.010
72;35;0;7.533;23.450
73;0;36;67.042;69.130
73;36;0;22.042;17.790
74;0;36;72.425;75.360
74;36;0;27.425;24.020
75;0;37;97.651;54.260
75;37;0;52.651;3.490
76;0;37;95.764;75.340
76;37;0;50.764;24.570
77;0;37;95.047;64.900
77;37;0;50.047;14.130
78;0;38;76.884;62.090
78;38;0;31.884;11.940
79;0;38;75.117;61.310
79;38;0;30.117;11.160
80;0;38;80.221;73.420
80;38;0;35.221;23.270
81;0;39;0.000;9.380
81;39;0;0.000;9.380
82;1;2;91.481;88.830
82;2;1;91.481;101.730
83;1;2;81.908;95.020
83;2;1;81.908;107.920
84;1;2;99.236;93.690
84;2;1;99.236;106.590
85;1;3;89.354;96.570
85;3;1;89.354;119.080
86;1;3;91.120;79.710
86;3;1;91.120;102.220
87;1;3;94.249;84.440
87;3;1;94.249;106.950
88;1;4;90.080;85.130
88;4;1;90.080;108.670
89;1;4;90.695;87.240
89;4;1;90.695;110.780
90;1;4;79.272;97.070
90;4;1;79.272;120.610
91;1;5;147.414;96.870
91;5;1;147.414;120.780
92;1;5;124.534;96.170
92;5;1;124.534;120.080
93;1;5;171.283;88.970
93;5;1;171.283;112.880
94;1;6;86.710;75.500
94;6;1;86.710;101.740
95;1;6;76.488;82.960
95;6;1;76.488;109.200
96;1;7;100.131;85.330
96;7;1;100.131;113.100
97;1;7;97.276;70.310
97;7;1;97.276;98.080
98;1;7;102.471;90.210
98;7;1;102.471;117.980
99;1;8;142.767;70.280
99;8;1;142.767;98.410
100;1;8;155.528;79.150
100;8;1;155.528;107.280
101;1;8;125.127;90.020
101;8;1;125.127;118.150
102;1;9;51.988;87.740
102;9;1;51.988;116.850
103;1;10;113.670;68.600
103;10;1;113.670;97.720
104;1;11;84.892;91.860
104;11;1;84.892;121.630
105;1;11;77.714;79.020
105;11;1;77.714;108.790
106;1;12;142.123;72.150
106;12;1;142.123;102.830
107;1;12;143.557;87.510
107;12;1;143.557;118.190
108;1;13;84.989;71.260
108;13;1;84.989;104.130
109;1;13;81.239;85.230
109;13;1;81.239;118.100
110;1;13;82.482;84.850
110;13;1;82.482;117.720
111;1;14;110.336;69.380
111;14;1;110.336;102.720
112;1;14;121.969;86.270
112;14;1;121.969;119.610
113;1;15;98.562;67.400
113;15;1;98.562;103.620
114;1;15;94.450;74.690
114;15;1;94.450;110.910
115;1;15;111.174;76.750
115;15;1;111.174;112.970
116;1;16;76.730;63.410
116;16;1;76.730;100.850
117;1;16;75.625;63.410
117;16;1;75.625;100.850
118;1;17;86.065;60.840
118;17;1;86.065;98.810
119;1;18;53.171;59.050
119;18;1;53.171;97.220
120;1;18;53.924;62.790
120;18;1;53.924;100.960
121;1;19;86.226;82.820
121;19;1;86.226;121.100
122;1;19;79.625;76.090
122;19;1;79.625;114.370
123;1;20;126.132;61.340
123;20;1;126.132;102.180
124;1;20;130.921;71.230
124;20;1;130.921;112.070
125;1;20;130.433;63.550
125;20;1;130.433;104.390
126;1;21;81.786;71.950
126;21;1;81.786;113.270
127;1;21;82.648;80.020
127;21;1;82.648;121.340
128;1;21;82.755;70.290
128;21;1;82.755;111.610
129;1;22;131.923;64.180
129;22;1;131.923;105.650
130;1;23;64.619;79.200
130;23;1;64.619;121.130
131;1;23;62.008;63.420
131;23;1;62.008;105.350
132;1;24;85.525;57.280
132;24;1;85.525;99.380
133;1;24;83.170;58.600
133;24;1;83.170;100.700
134;1;25;53.115;67.230
134;25;1;53.115;109.410
135;1;25;53.732;68.370
135;25;1;53.732;110.550
136;1;25;54.894;62.600
136;25;1;54.894;104.780
137;1;26;85.525;67.350
137;26;1;85.525;109.800
138;1;26;78.432;57.000
138;26;1;78.432;99.450
139;1;27;71.558;74.000
139;27;1;71.558;116.560
140;1;27;77.717;61.880
140;27;1;77.717;104.440
141;1;28;91.542;66.200
141;28;1;91.542;109.030
142;1;29;81.426;77.140
142;29;1;81.426;120.080
143;1;29;73.217;65.020
143;29;1;73.217;107.960
144;1;29;85.749;72.660
144;29;1;85.749;115.600
145;1;30;132.213;55.930
145;30;1;132.213;98.960
146;1;30;119.080;64.810
146;30;1;119.080;107.840
147;1;31;93.720;64.920
147;31;1;93.720;108.790
148;1;31;96.639;70.660
148;31;1;96.639;114.530
149;1;31;89.734;65.070
149;31;1;89.734;108.940
150;1;32;84.024;53.800
150;32;1;84.024;98.010
151;1;33;74.708;75.710
151;33;1;74.708;120.210
152;1;33;76.608;59.880
152;33;1;76.608;104.380
153;1;34;82.779;70.540
153;34;1;82.779;115.570
154;1;34;83.097;62.790
154;34;1;83.097;107.820
155;1;34;89.392;75.510
155;34;1;89.392;120.540
156;1;35;76.099;54.920
156;35;1;76.099;100.420
157;1;35;69.759;54.180
157;35;1;69.759;99.680
158;1;35;81.338;68.730
158;35;1;81.338;114.230
159;1;36;55.425;52.850
159;36;1;55.425;98.570
160;1;36;56.965;66.990
160;36;1;56.965;112.710
161;1;36;57.899;73.390
161;36;1;57.899;119.110
162;1;37;120.887;74.760
162;37;1;120.887;121.050
163;1;37;131.964;57.670
163;37;1;131.964;103.960
164;1;37;127.346;65.680
164;37;1;127.346;111.970
165;1;38;100.020;72.950
165;38;1;100.020;119.860
166;1;38;107.993;74.950
166;38;1;107.993;121.860
167;1;39;23.796;3.820
167;39;1;68.796;100.880
168;1;39;20.873;17.950
168;39;1;65.873;115.010
169;2;3;75.314;93.360
169;3;2;75.314;102.970
170;2;3;74.560;96.720
170;3;2;74.560;106.330
171;2;4;54.749;89.950
171;4;2;54.749;100.590
172;2;5;103.279;85.360
172;5;2;103.279;96.370
173;2;5;107.156;76.120
173;5;2;107.156;87.130
174;2;5;112.451;86.480
174;5;2;112.451;97.490
175;2;6;52.549;91.690
175;6;2;52.549;105.030
176;2;7;59.400;75.010
176;7;2;59.400;89.880
177;2;8;97.433;69.360
177;8;2;97.433;84.590
178;2;8;95.405;83.600
178;8;2;95.405;98.830
179;2;9;95.763;86.400
179;9;2;95.763;102.610
180;2;9;106.308;86.410
180;9;2;106.308;102.620
181;2;10;68.621;87.810
181;10;2;68.621;104.030
182;2;10;64.865;73.590
182;10;2;64.865;89.810
183;2;10;72.517;80.170
183;10;2;72.517;96.390
184;2;11;55.323;76.980
184;11;2;55.323;93.850
185;2;11;56.484;86.540
185;11;2;56.484;103.410
186;2;12;140.389;68.970
186;12;2;140.389;86.750
187;2;13;57.858;79.460
187;13;2;57.858;99.430
188;2;13;56.020;76.840
188;13;2;56.020;96.810
189;2;13;54.693;65.740
189;13;2;54.693;85.710
190;2;14;86.520;79.610
190;14;2;86.520;100.050
191;2;14;86.805;76.650
191;14;2;86.805;97.090
192;2;14;79.795;88.420
192;14;2;79.795;108.860
193;2;15;54.344;80.010
193;15;2;54.344;103.330
194;2;15;53.719;69.460
194;15;2;53.719;92.780
195;2;16;60.381;68.740
195;16;2;60.381;93.280
196;2;17;55.905;76.230
196;17;2;55.905;101.300
197;2;17;57.819;61.970
197;17;2;57.819;87.040
198;2;18;92.282;73.690
198;18;2;92.282;98.960
199;2;19;74.821;59.620
199;19;2;74.821;85.000
200;2;19;71.387;83.350
200;19;2;71.387;108.730
201;2;19;73.772;67.640
201;19;2;73.772;93.020
202;2;20;80.299;57.830
202;20;2;80.299;85.770
203;2;20;82.366;76.090
203;20;2;82.366;104.030
204;2;20;71.916;64.330
204;20;2;71.916;92.270
205;2;21;60.128;59.130
205;21;2;60.128;87.550
206;2;21;59.542;59.490
206;21;2;59.542;87.910
207;2;21;56.905;78.250
207;21;2;56.905;106.670
208;2;22;128.027;70.650
208;22;2;128.027;99.220
209;2;23;82.763;73.800
209;23;2;82.763;102.830
210;2;23;89.526;77.050
210;23;2;89.526;106.080
211;2;23;73.918;65.710
211;23;2;73.918;94.740
212;2;24;57.156;72.310
212;24;2;57.156;101.510
213;2;24;58.745;65.530
213;24;2;58.745;94.730
214;2;24;56.226;64.370
214;24;2;56.226;93.570
215;2;25;98.965;57.140
215;25;2;98.965;86.420
216;2;25;86.875;65.950
216;25;2;86.875;95.230
217;2;25;92.955;76.980
217;25;2;92.955;106.260
218;2;26;57.156;69.730
218;26;2;57.156;99.280
219;2;26;55.160;79.400
219;26;2;55.160;108.950
220;2;26;57.003;70.420
220;26;2;57.003;99.970
221;2;27;66.487;56.660
221;27;2;66.487;86.320
222;2;27;62.061;73.750
222;27;2;62.061;103.410
223;2;27;70.360;64.750
223;27;2;70.360;94.410
224;2;28;84.488;76.500
224;28;2;84.488;106.430
225;2;29;55.797;74.160
225;29;2;55.797;104.200
226;2;29;53.709;77.130
226;29;2;53.709;107.170
227;2;30;117.778;63.470
227;30;2;117.778;93.600
228;2;30;130.222;64.500
228;30;2;130.222;94.630
229;2;30;135.097;55.320
229;30;2;135.097;85.450
230;2;31;53.883;59.290
230;31;2;53.883;90.260
231;2;31;55.073;68.230
231;31;2;55.073;99.200
232;2;31;53.767;71.310
232;31;2;53.767;102.280
233;2;32;62.705;72.900
233;32;2;62.705;104.210
234;2;32;59.183;53.080
234;32;2;59.183;84.390
235;2;33;64.811;75.570
235;33;2;64.811;107.170
236;2;34;67.821;53.920
236;34;2;67.821;86.050
237;2;34;71.186;75.440
237;34;2;71.186;107.570
238;2;34;63.085;59.960
238;34;2;63.085;92.090
239;2;35;60.801;65.220
239;35;2;60.801;97.820
240;2;35;62.547;64.890
240;35;2;62.547;97.490
241;2;35;57.460;54.860
241;35;2;57.460;87.460
242;2;36;88.708;76.020
242;36;2;88.708;108.840
243;2;36;79.338;70.340
243;36;2;79.338;103.160
244;2;36;78.208;75.730
244;36;2;78.208;108.550
245;2;37;76.063;64.570
245;37;2;76.063;97.960
246;2;37;70.636;59.990
246;37;2;70.636;93.380
247;2;37;73.920;63.230
247;37;2;73.920;96.620
248;2;38;57.000;65.780
248;38;2;57.000;99.790
249;2;38;57.932;68.310
249;38;2;57.932;102.320
250;2;39;22.688;13.050
250;39;2;67.688;97.210
251;2;39;20.910;14.240
251;39;2;65.910;98.400
252;2;39;19.520;20.840
252;39;2;64.520;105.000
253;3;4;65.740;93.770
253;4;3;65.740;94.800
254;3;4;69.120;97.900
254;4;3;69.120;98.930
255;3;4;70.742;80.870
255;4;3;70.742;81.900
256;3;5;110.123;95.960
256;5;3;110.123;97.360
257;3;5;126.299;92.160
257;5;3;126.299;93.560
258;3;6;79.073;93.290
258;6;3;79.073;97.020
259;3;7;69.601;92.140
259;7;3;69.601;97.400
260;3;7;64.982;88.600
260;7;3;64.982;93.860
261;3;8;108.137;70.350
261;8;3;108.137;75.970
262;3;8;113.637;85.880
262;8;3;113.637;91.500
263;3;8;115.087;76.600
263;8;3;115.087;82.220
264;3;9;96.088;83.630
264;9;3;96.088;90.230
265;3;9;108.109;75.930
265;9;3;108.109;82.530
266;3;10;82.998;83.780
266;10;3;82.998;90.390
267;3;10;76.152;87.350
267;10;3;76.152;93.960
268;3;11;66.053;74.450
268;11;3;66.053;81.710
269;3;11;71.048;90.310
269;11;3;71.048;97.570
270;3;11;70.041;79.500
270;11;3;70.041;86.760
271;3;12;110.940;86.300
271;12;3;110.940;94.470
272;3;12;116.009;70.770
272;12;3;116.009;78.940
273;3;13;63.125;84.990
273;13;3;63.125;95.350
274;3;14;65.984;70.130
274;14;3;65.984;80.960
275;3;14;70.134;85.790
275;14;3;70.134;96.620
276;3;15;84.115;79.510
276;15;3;84.115;93.220
277;3;15;76.103;75.890
277;15;3;76.103;89.600
278;3;15;76.605;67.140
278;15;3;76.605;80.850
279;3;16;69.444;60.630
279;16;3;69.444;75.560
280;3;16;75.031;82.960
280;16;3;75.031;97.890
281;3;16;73.552;77.360
281;16;3;73.552;92.290
282;3;17;64.813;81.720
282;17;3;64.813;97.180
283;3;17;60.146;78.220
283;17;3;60.146;93.680
284;3;17;65.352;74.950
284;17;3;65.352;90.410
285;3;18;84.813;78.440
285;18;3;84.813;94.100
286;3;18;91.289;70.850
286;18;3;91.289;86.510
287;3;19;48.134;77.190
287;19;3;48.134;92.960
288;3;19;48.436;83.060
288;19;3;48.436;98.830
289;3;19;48.035;64.070
289;19;3;48.035;79.840
290;3;20;94.880;74.690
290;20;3;94.880;93.020
291;3;21;62.643;57.550
291;21;3;62.643;76.360
292;3;21;58.684;68.810
292;21;3;58.684;87.620
293;3;22;98.755;69.870
293;22;3;98.755;88.830
294;3;22;95.903;63.010
294;22;3;95.903;81.970
295;3;22;87.527;78.100
295;22;3;87.527;97.060
296;3;23;93.824;59.960
296;23;3;93.824;79.380
297;3;24;63.660;67.560
297;24;3;63.660;87.150
298;3;25;93.521;55.450
298;25;3;93.521;75.120
299;3;26;63.660;61.180
299;26;3;63.660;81.120
300;3;26;61.567;76.860
300;26;3;61.567;96.800
301;3;27;68.466;59.160
301;27;3;68.466;79.210
302;3;28;54.238;67.210
302;28;3;54.238;87.530
303;3;29;76.379;74.770
303;29;3;76.379;95.200
304;3;29;79.735;74.160
304;29;3;79.735;94.590
305;3;30;91.911;58.330
305;30;3;91.911;78.850
306;3;30;94.854;78.420
306;30;3;94.854;98.940
307;3;31;68.327;60.010
307;31;3;68.327;81.370
308;3;31;72.823;60.590
308;31;3;72.823;81.950
309;3;32;58.515;54.920
309;32;3;58.515;76.620
310;3;33;65.413;68.220
310;33;3;65.413;90.210
311;3;33;69.154;53.270
311;33;3;69.154;75.260
312;3;33;67.077;75.010
312;33;3;67.077;97.000
313;3;34;54.569;56.740
313;34;3;54.569;79.260
314;3;35;76.014;52.320
314;35;3;76.014;75.310
315;3;35;79.023;64.330
315;35;3;79.023;87.320
316;3;36;93.466;56.950
316;36;3;93.466;80.160
317;3;36;105.180;62.660
317;36;3;105.180;85.870
318;3;37;88.031;54.100
318;37;3;88.031;77.880
319;3;37;81.590;57.120
319;37;3;81.590;80.900
320;3;37;97.811;72.920
320;37;3;97.811;96.700
321;3;38;72.199;67.510
321;38;3;72.199;91.910
322;3;38;66.033;52.870
322;38;3;66.033;77.270
323;3;39;30.107;1.970
323;39;3;75.107;76.520
324;3;39;29.107;7.960
324;39;3;74.107;82.510
325;3;39;32.407;17.540
325;39;3;77.407;92.090
326;4;5;102.363;97.760
326;5;4;102.363;98.130
327;4;5;96.036;97.280
327;5;4;96.036;97.650
328;4;6;60.226;77.660
328;6;4;60.226;80.360
329;4;7;55.085;91.510
329;7;4;55.085;95.740
330;4;7;52.720;88.240
330;7;4;52.720;92.470
331;4;7;53.801;75.950
331;7;4;53.801;80.180
332;4;8;97.787;74.160
332;8;4;97.787;78.750
333;4;8;102.419;93.480
333;8;4;102.419;98.070
334;4;8;93.169;81.650
334;8;4;93.169;86.240
335;4;9;95.384;74.390
335;9;4;95.384;79.960
336;4;9;102.420;75.970
336;9;4;102.420;81.540
337;4;9;86.054;68.090
337;9;4;86.054;73.660
338;4;10;68.888;68.180
338;10;4;68.888;73.760
339;4;10;69.968;87.970
339;10;4;69.968;93.550
340;4;10;73.412;91.740
340;10;4;73.412;97.320
341;4;11;50.307;88.920
341;11;4;50.307;95.150
342;4;11;51.322;71.740
342;11;4;51.322;77.970
343;4;12;130.650;73.160
343;12;4;130.650;80.300
344;4;13;50.468;73.610
344;13;4;50.468;82.940
345;4;13;49.110;78.660
345;13;4;49.110;87.990
346;4;14;77.528;86.870
346;14;4;77.528;96.670
347;4;14;75.285;77.340
347;14;4;75.285;87.140
348;4;14;81.947;74.040
348;14;4;81.947;83.840
349;4;15;63.382;64.090
349;15;4;63.382;76.770
350;4;16;58.852;71.210
350;16;4;58.852;85.110
351;4;16;58.668;84.080
351;16;4;58.668;97.980
352;4;17;49.023;83.370
352;17;4;49.023;97.800
353;4;17;49.000;75.700
353;17;4;49.000;90.130
354;4;17;48.448;64.640
354;17;4;48.448;79.070
355;4;18;89.188;77.300
355;18;4;89.188;91.930
356;4;19;65.552;71.840
356;19;4;65.552;86.580
357;4;19;61.879;59.860
357;19;4;61.879;74.600
358;4;19;65.563;71.500
358;19;4;65.563;86.240
359;4;20;81.571;65.080
359;20;4;81.571;82.380
360;4;20;82.458;58.510
360;20;4;82.458;75.810
361;4;21;53.778;79.960
361;21;4;53.778;97.740
362;4;22;118.294;58.160
362;22;4;118.294;76.090
363;4;23;85.599;57.910
363;23;4;85.599;76.300
364;4;23;85.033;76.680
364;23;4;85.033;95.070
365;4;23;88.402;56.470
365;23;4;88.402;74.860
366;4;24;49.777;79.940
366;24;4;49.777;98.500
367;4;25;96.814;60.100
367;25;4;96.814;78.740
368;4;25;109.352;67.760
368;25;4;109.352;86.400
369;4;26;49.777;61.230
369;26;4;49.777;80.140
370;4;26;50.309;68.590
370;26;4;50.309;87.500
371;4;26;49.699;62.230
371;26;4;49.699;81.140
372;4;27;63.534;58.170
372;27;4;63.534;77.190
373;4;28;74.967;76.370
373;28;4;74.967;95.660
374;4;29;60.107;75.020
374;29;4;60.107;94.420
375;4;29;56.445;77.300
375;29;4;56.445;96.700
376;4;29;61.096;64.330
376;29;4;61.096;83.730
377;4;30;108.438;67.600
377;30;4;108.438;87.090
378;4;31;48.907;56.900
378;31;4;48.907;77.230
379;4;31;48.228;66.930
379;31;4;48.228;87.260
380;4;32;54.290;55.830
380;32;4;54.290;76.500
381;4;32;56.020;67.050
381;32;4;56.020;87.720
382;4;32;55.299;73.860
382;32;4;55.299;94.530
383;4;33;60.606;58.330
383;33;4;60.606;79.290
384;4;34;59.254;53.750
384;34;4;59.254;75.240
385;4;34;59.185;72.080
385;34;4;59.185;93.570
386;4;34;60.455;64.600
386;34;4;60.455;86.090
387;4;35;63.056;57.800
387;35;4;63.056;79.760
388;4;35;58.656;61.920
388;35;4;58.656;83.880
389;4;35;59.956;54.290
389;35;4;59.956;76.250
390;4;36;89.539;64.400
390;36;4;89.539;86.580
391;4;36;95.323;57.290
391;36;4;95.323;79.470
392;4;37;75.906;68.740
392;37;4;75.906;91.490
393;4;37;77.175;66.140
393;37;4;77.175;88.890
394;4;37;76.854;51.040
394;37;4;76.854;73.790
395;4;38;55.181;73.020
395;38;4;55.181;96.390
396;4;38;57.130;71.750
396;38;4;57.130;95.120
397;4;38;53.135;55.800
397;38;4;53.135;79.170
398;4;39;22.496;0.200
398;39;4;67.496;73.720
399;4;39;23.948;3.510
399;39;4;68.948;77.030
400;4;39;22.852;21.830
400;39;4;67.852;95.350
401;5;6;110.310;72.780
401;6;5;110.310;75.110
402;5;6;107.424;82.970
402;6;5;107.424;85.300
403;5;6;123.265;76.500
403;6;5;123.265;78.830
404;5;7;92.290;85.170
404;7;5;92.290;89.030
405;5;7;103.481;70.840
405;7;5;103.481;74.700
406;5;7;101.667;70.690
406;7;5;101.667;74.550
407;5;8;53.891;84.520
407;8;5;53.891;88.740
408;5;8;54.367;89.990
408;8;5;54.367;94.210
409;5;9;152.715;76.130
409;9;5;152.715;81.330
410;5;9;133.051;80.860
410;9;5;133.051;86.060
411;5;10;79.657;74.070
411;10;5;79.657;79.280
412;5;11;107.614;79.770
412;11;5;107.614;85.630
413;5;11;92.509;71.940
413;11;5;92.509;77.800
414;5;11;121.869;92.070
414;11;5;121.869;97.930
415;5;12;145.386;75.700
415;12;5;145.386;82.470
416;5;12;158.137;90.290
416;12;5;158.137;97.060
417;5;13;107.439;78.990
417;13;5;107.439;87.950
418;5;13;116.664;71.750
418;13;5;116.664;80.710
419;5;14;96.851;81.390
419;14;5;96.851;90.820
420;5;14;98.042;85.720
420;14;5;98.042;95.150
421;5;14;85.854;65.290
421;14;5;85.854;74.720
422;5;15;100.587;61.190
422;15;5;100.587;73.500
423;5;15;87.728;71.430
423;15;5;87.728;83.740
424;5;15;114.011;63.480
424;15;5;114.011;75.790
425;5;16;116.038;77.010
425;16;5;116.038;90.540
426;5;17;106.364;83.630
426;17;5;106.364;97.690
427;5;17;99.197;75.270
427;17;5;99.197;89.330
428;5;17;107.989;74.420
428;17;5;107.989;88.480
429;5;18;145.892;75.180
429;18;5;145.892;89.440
430;5;18;161.365;77.270
430;18;5;161.365;91.530
431;5;18;135.750;64.780
431;18;5;135.750;79.040
432;5;19;112.603;70.270
432;19;5;112.603;84.640
433;5;20;69.273;70.040
433;20;5;69.273;86.970
434;5;20;73.447;56.500
434;20;5;73.447;73.430
435;5;21;110.684;59.430
435;21;5;110.684;76.840
436;5;22;134.838;76.620
436;22;5;134.838;94.180
437;5;22;125.263;68.030
437;22;5;125.263;85.590
438;5;23;141.041;58.790
438;23;5;141.041;76.810
439;5;23;144.981;76.330
439;23;5;144.981;94.350
440;5;23;142.234;67.990
440;23;5;142.234;86.010
441;5;24;106.891;75.610
441;24;5;106.891;93.800
442;5;24;93.530;60.430
442;24;5;93.530;78.620
443;5;24;113.844;56.560
443;24;5;113.844;74.750
444;5;25;153.905;75.920
444;25;5;153.905;94.190
445;5;26;106.891;63.200
445;26;5;106.891;81.740
446;5;26;120.014;59.100
446;26;5;120.014;77.640
447;5;27;120.858;63.740
447;27;5;120.858;82.390
448;5;27;132.674;75.950
448;27;5;132.674;94.600
449;5;28;115.732;65.660
449;28;5;115.732;84.580
450;5;28;131.444;61.310
450;28;5;131.444;80.230
451;5;28;100.943;76.390
451;28;5;100.943;95.310
452;5;29;114.031;73.590
452;29;5;114.031;92.620
453;5;29;129.200;66.910
453;29;5;129.200;85.940
454;5;29;119.370;67.700
454;29;5;119.370;86.730
455;5;30;115.801;75.540
455;30;5;115.801;94.660
456;5;30;125.139;68.180
456;30;5;125.139;87.300
457;5;30;99.104;66.080
457;30;5;99.104;85.200
458;5;31;98.844;56.260
458;31;5;98.844;76.220
459;5;32;109.018;74.280
459;32;5;109.018;94.580
460;5;32;117.818;53.510
460;32;5;117.818;73.810
461;5;33;117.753;74.160
461;33;5;117.753;94.750
462;5;34;111.786;52.280
462;34;5;111.786;73.400
463;5;34;121.638;66.460
463;34;5;121.638;87.580
464;5;35;118.727;62.260
464;35;5;118.727;83.850
465;5;35;112.955;67.540
465;35;5;112.955;89.130
466;5;35;115.476;62.540
466;35;5;115.476;84.130
467;5;36;146.471;55.660
467;36;5;146.471;77.470
468;5;36;139.515;63.480
468;36;5;139.515;85.290
469;5;37;72.216;75.360
469;37;5;72.216;97.740
470;5;37;70.457;51.210
470;37;5;70.457;73.590
471;5;38;92.692;63.130
471;38;5;92.692;86.130
472;5;38;81.669;53.650
472;38;5;81.669;76.650
473;5;39;79.572;23.040
473;39;5;124.572;96.190
474;5;39;59.931;19.160
474;39;5;104.931;92.310
475;6;7;66.825;90.250
475;7;6;66.825;91.780
476;6;7;64.608;77.360
476;7;6;64.608;78.890
477;6;7;64.410;71.680
477;7;6;64.410;73.210
478;6;8;104.115;77.890
478;8;6;104.115;79.780
479;6;8;107.013;89.170
479;8;6;107.013;91.060
480;6;8;112.497;77.370
480;8;6;112.497;79.260
481;6;9;90.296;76.370
481;9;6;90.296;79.240
482;6;10;75.731;79.940
482;10;6;75.731;82.820
483;6;10;69.280;73.270
483;10;6;69.280;76.150
484;6;11;58.035;77.740
484;11;6;58.035;81.270
485;6;12;144.932;89.700
485;12;6;144.932;94.140
486;6;12;158.230;84.100
486;12;6;158.230;88.540
487;6;13;60.964;78.880
487;13;6;60.964;85.510
488;6;13;63.883;72.200
488;13;6;63.883;78.830
489;6;14;92.752;73.560
489;14;6;92.752;80.660
490;6;14;96.663;76.780
490;14;6;96.663;83.880
491;6;14;96.383;71.120
491;14;6;96.383;78.220
492;6;15;56.863;66.590
492;15;6;56.863;76.570
493;6;16;58.400;64.970
493;16;6;58.400;76.170
494;6;17;59.427;62.580
494;17;6;59.427;74.310
495;6;17;60.298;83.830
495;17;6;60.298;95.560
496;6;17;59.748;70.760
496;17;6;59.748;82.490
497;6;18;88.638;81.820
497;18;6;88.638;93.750
498;6;18;95.942;63.560
498;18;6;95.942;75.490
499;6;19;77.940;79.750
499;19;6;77.940;91.790
500;6;19;76.857;66.580
500;19;6;76.857;78.620
501;6;20;86.861;71.770
501;20;6;86.861;86.370
502;6;21;61.864;56.300
502;21;6;61.864;71.380
503;6;21;59.938;62.750
503;21;6;59.938;77.830
504;6;22;132.667;78.790
504;22;6;132.667;94.020
505;6;22;147.150;59.530
505;22;6;147.150;74.760
506;6;23;75.947;75.100
506;23;6;75.947;90.790
507;6;23;68.261;75.150
507;23;6;68.261;90.840
508;6;23;83.530;67.790
508;23;6;83.530;83.480
509;6;24;60.483;61.650
509;24;6;60.483;77.510
510;6;24;63.406;65.010
510;24;6;63.406;80.870
511;6;25;94.527;57.800
511;25;6;94.527;73.740
512;6;26;60.483;56.970
512;26;6;60.483;73.180
513;6;26;59.658;78.290
513;26;6;59.658;94.500
514;6;27;64.327;63.820
514;27;6;64.327;80.140
515;6;28;87.897;54.710
515;28;6;87.897;71.300
516;6;28;78.667;62.240
516;28;6;78.667;78.830
517;6;29;50.480;58.740
517;29;6;50.480;75.440
518;6;29;50.862;75.300
518;29;6;50.862;92.000
519;6;29;49.872;63.520
519;29;6;49.872;80.220
520;6;30;123.579;54.650
520;30;6;123.579;71.440
521;6;30;129.518;72.440
521;30;6;129.518;89.230
522;6;31;60.737;55.700
522;31;6;60.737;73.330
523;6;32;65.617;62.330
523;32;6;65.617;80.300
524;6;32;61.355;56.960
524;32;6;61.355;74.930
525;6;33;63.896;63.770
525;33;6;63.896;82.030
526;6;33;66.989;73.230
526;33;6;66.989;91.490
527;6;34;70.351;70.510
527;34;6;70.351;89.300
528;6;35;55.697;52.060
528;35;6;55.697;71.320
529;6;35;53.750;72.460
529;35;6;53.750;91.720
530;6;36;82.712;74.790
530;36;6;82.712;94.270
531;6;36;92.074;59.970
531;36;6;92.074;79.450
532;6;37;83.132;63.550
532;37;6;83.132;83.600
533;6;38;64.544;66.160
533;38;6;64.544;86.830
534;6;38;66.904;54.390
534;38;6;66.904;75.060
535;6;39;18.315;4.990
535;39;6;63.315;75.810
536;6;39;18.152;11.710
536;39;6;63.152;82.530
537;6;39;17.800;12.250
537;39;6;62.800;83.070
538;7;8;87.910;83.880
538;8;7;87.910;84.240
539;7;8;79.676;70.920
539;8;7;79.676;71.280
540;7;9;105.469;85.430
540;9;7;105.469;86.770
541;7;9;100.840;73.120
541;9;7;100.840;74.460
542;7;10;59.501;84.200
542;10;7;59.501;85.550
543;7;11;60.372;88.240
543;11;7;60.372;90.240
544;7;12;130.235;71.540
544;12;7;130.235;74.450
545;7;13;60.208;87.820
545;13;7;60.208;92.920
546;7;13;63.123;79.020
546;13;7;63.123;84.120
547;7;13;60.629;83.210
547;13;7;60.629;88.310
548;7;14;74.022;69.970
548;14;7;74.022;75.540
549;7;14;69.777;83.390
549;14;7;69.777;88.960
550;7;15;63.996;72.850
550;15;7;63.996;81.300
551;7;16;68.885;80.210
551;16;7;68.885;89.880
552;7;16;64.907;63.150
552;16;7;64.907;72.820
553;7;17;59.075;69.820
553;17;7;59.075;80.020
554;7;18;98.966;73.660
554;18;7;98.966;84.060
555;7;18;96.686;68.780
555;18;7;96.686;79.180
556;7;19;70.644;69.100
556;19;7;70.644;79.610
557;7;20;72.178;69.990
557;20;7;72.178;83.060
558;7;20;71.665;56.440
558;20;7;71.665;69.510
559;7;20;69.017;75.170
559;20;7;69.017;88.240
560;7;21;63.504;80.060
560;21;7;63.504;93.610
561;7;21;66.374;64.630
561;21;7;66.374;78.180
562;7;21;65.408;73.470
562;21;7;65.408;87.020
563;7;22;117.833;78.400
563;22;7;117.833;92.100
564;7;22;104.942;70.580
564;22;7;104.942;84.280
565;7;22;133.211;58.130
565;22;7;133.211;71.830
566;7;23;95.168;55.380
566;23;7;95.168;69.540
567;7;23;85.260;74.280
567;23;7;85.260;88.440
568;7;24;59.627;60.350
568;24;7;59.627;74.680
569;7;24;59.084;62.790
569;24;7;59.084;77.120
570;7;24;59.537;63.620
570;24;7;59.537;77.950
571;7;25;106.754;62.600
571;25;7;106.754;77.010
572;7;26;59.627;58.290
572;26;7;59.627;72.970
573;7;26;61.292;72.270
573;26;7;61.292;86.950
574;7;27;73.573;64.690
574;27;7;73.573;79.480
575;7;27;67.342;67.890
575;27;7;67.342;82.680
576;7;28;78.419;77.480
576;28;7;78.419;92.540
577;7;28;85.651;73.570
577;28;7;85.651;88.630
578;7;29;68.627;61.490
578;29;7;68.627;76.660
579;7;29;63.441;63.310
579;29;7;63.441;78.480
580;7;29;63.008;54.830
580;29;7;63.008;70.000
581;7;30;105.565;78.340
581;30;7;105.565;93.600
582;7;30;111.375;62.640
582;30;7;111.375;77.900
583;7;31;51.858;74.630
583;31;7;51.858;90.730
584;7;32;62.568;71.570
584;32;7;62.568;88.010
585;7;32;63.767;71.430
585;32;7;63.767;87.870
586;7;33;70.526;65.700
586;33;7;70.526;82.430
587;7;34;66.551;62.640
587;34;7;66.551;79.900
588;7;34;61.417;67.930
588;34;7;61.417;85.190
589;7;35;72.476;70.020
589;35;7;72.476;87.750
590;7;35;67.065;73.600
590;35;7;67.065;91.330
591;7;36;99.542;52.190
591;36;7;99.542;70.140
592;7;36;101.182;54.880
592;36;7;101.182;72.830
593;7;37;66.106;65.740
593;37;7;66.106;84.260
594;7;38;48.361;58.800
594;38;7;48.361;77.940
595;7;39;32.509;22.040
595;39;7;77.509;91.330
596;7;39;27.121;19.390
596;39;7;72.121;88.680
597;7;39;37.197;6.460
597;39;7;82.197;75.750
598;8;9;147.722;70.420
598;9;8;147.722;71.400
599;8;10;74.136;72.440
599;10;8;74.136;73.430
600;8;11;102.892;90.400
600;11;8;102.892;92.040
601;8;12;149.258;84.460
601;12;8;149.258;87.010
602;8;13;103.090;75.790
602;13;8;103.090;80.530
603;8;13;116.777;86.800
603;13;8;116.777;91.540
604;8;13;113.455;71.860
604;13;8;113.455;76.600
605;8;14;97.504;65.820
605;14;8;97.504;71.030
606;8;14;84.395;65.800
606;14;8;84.395;71.010
607;8;14;98.891;78.810
607;14;8;98.891;84.020
608;8;15;93.727;80.800
608;15;8;93.727;88.890
609;8;15;104.705;69.680
609;15;8;104.705;77.770
610;8;15;81.679;65.760
610;15;8;81.679;73.850
611;8;16;111.092;67.370
611;16;8;111.092;76.680
612;8;16;97.465;77.720
612;16;8;97.465;87.030
613;8;17;101.809;82.870
613;17;8;101.809;92.710
614;8;17;96.013;77.300
614;17;8;96.013;87.140
615;8;18;141.875;78.170
615;18;8;141.875;88.210
616;8;18;135.936;77.860
616;18;8;135.936;87.900
617;8;19;110.343;66.360
617;19;8;110.343;76.510
618;8;19;107.943;77.720
618;19;8;107.943;87.870
619;8;19;107.262;59.900
619;19;8;107.262;70.050
620;8;20;62.276;64.910
620;20;8;62.276;77.620
621;8;20;62.310;61.190
621;20;8;62.310;73.900
622;8;21;106.402;71.320
622;21;8;106.402;84.510
623;8;21;105.029;61.700
623;21;8;105.029;74.890
624;8;22;138.199;75.950
624;22;8;138.199;89.290
625;8;23;135.045;75.520
625;23;8;135.045;89.320
626;8;23;122.103;77.430
626;23;8;122.103;91.230
627;8;24;102.478;66.530
627;24;8;102.478;80.500
628;8;24;98.850;65.890
628;24;8;98.850;79.860
629;8;24;88.187;67.470
629;24;8;88.187;81.440
630;8;25;149.601;59.790
630;25;8;149.601;73.840
631;8;25;137.910;59.430
631;25;8;137.910;73.480
632;8;25;136.297;65.040
632;25;8;136.297;79.090
633;8;26;102.478;69.630
633;26;8;102.478;83.950
634;8;26;91.566;57.160
634;26;8;91.566;71.480
635;8;26;105.358;79.440
635;26;8;105.358;93.760
636;8;27;116.292;62.830
636;27;8;116.292;77.260
637;8;28;114.654;60.460
637;28;8;114.654;75.160
638;8;29;108.227;67.610
638;29;8;108.227;82.420
639;8;30;119.772;69.420
639;30;8;119.772;84.320
640;8;30;125.489;68.450
640;30;8;125.489;83.350
641;8;31;94.064;72.160
641;31;8;94.064;87.900
642;8;31;91.401;57.480
642;31;8;91.401;73.220
643;8;32;105.251;64.350
643;32;8;105.251;80.430
644;8;32;119.380;69.940
644;32;8;119.380;86.020
645;8;32;110.734;59.760
645;32;8;110.734;75.840
646;8;33;113.379;77.050
646;33;8;113.379;93.420
647;8;33;98.782;73.170
647;33;8;98.782;89.540
648;8;34;108.550;76.250
648;34;8;108.550;93.150
649;8;34;94.990;73.790
649;34;8;94.990;90.690
650;8;35;113.151;59.260
650;35;8;113.151;76.630
651;8;36;141.061;63.660
651;36;8;141.061;81.250
652;8;36;128.596;60.770
652;36;8;128.596;78.360
653;8;36;143.411;58.950
653;36;8;143.411;76.540
654;8;37;66.887;72.690
654;37;8;66.887;90.850
655;8;38;87.748;53.720
655;38;8;87.748;72.500
656;8;38;79.336;70.250
656;38;8;79.336;89.030
657;8;38;77.833;56.350
657;38;8;77.833;75.130
658;8;39;74.442;17.190
658;39;8;119.442;86.120
659;8;39;57.406;9.970
659;39;8;102.406;78.900
660;9;10;118.587;90.810
660;10;9;118.587;90.820
661;9;11;90.108;71.260
661;11;9;90.108;71.920
662;9;12;148.777;86.260
662;12;9;148.777;87.830
663;9;12;132.207;68.880
663;12;9;132.207;70.450
664;9;13;90.512;72.110
664;13;9;90.512;75.870
665;9;14;117.069;85.760
665;14;9;117.069;89.990
666;9;14;132.288;71.810
666;14;9;132.288;76.040
667;9;14;100.365;76.350
667;14;9;100.365;80.580
668;9;15;102.121;79.470
668;15;9;102.121;86.580
669;9;15;107.082;68.560
669;15;9;107.082;75.670
670;9;15;113.505;80.370
670;15;9;113.505;87.480
671;9;16;81.692;61.850
671;16;9;81.692;70.180
672;9;16;85.797;64.330
672;16;9;85.797;72.660
673;9;16;83.100;78.610
673;16;9;83.100;86.940
674;9;17;91.414;67.950
674;17;9;91.414;76.810
675;9;17;98.254;82.170
675;17;9;98.254;91.030
676;9;18;59.458;83.580
676;18;9;59.458;92.640
677;9;18;60.352;73.780
677;18;9;60.352;82.840
678;9;19;92.972;60.130
678;19;9;92.972;69.300
679;9;20;130.857;62.720
679;20;9;130.857;74.450
680;9;20;152.068;64.590
680;20;9;152.068;76.320
681;9;20;116.925;67.040
681;20;9;116.925;78.770
682;9;21;87.419;73.290
682;21;9;87.419;85.500
683;9;21;88.434;68.890
683;21;9;88.434;81.100
684;9;21;93.930;76.670
684;21;9;93.930;88.880
685;9;22;138.718;63.590
685;22;9;138.718;75.950
686;9;22;157.828;59.920
686;22;9;157.828;72.280
687;9;22;116.792;63.370
687;22;9;116.792;75.730
688;9;23;63.721;55.900
688;23;9;63.721;68.720
689;9;24;90.992;78.190
689;24;9;90.992;91.180
690;9;24;91.215;56.640
690;24;9;91.215;69.630
691;9;25;54.760;62.740
691;25;9;54.760;75.810
692;9;25;55.195;78.020
692;25;9;55.195;91.090
693;9;25;56.150;78.780
693;25;9;56.150;91.850
694;9;26;90.992;64.640
694;26;9;90.992;77.980
695;9;27;77.067;65.190
695;27;9;77.067;78.640
696;9;27;84.549;64.210
696;27;9;84.549;77.660
697;9;27;70.799;71.570
697;27;9;70.799;85.020
698;9;28;98.504;65.150
698;28;9;98.504;78.870
699;9;29;85.279;64.710
699;29;9;85.279;78.540
700;9;29;77.555;78.830
700;29;9;77.555;92.660
701;9;29;83.015;71.200
701;29;9;83.015;85.030
702;9;30;139.200;57.460
702;30;9;139.200;71.380
703;9;30;162.647;77.620
703;30;9;162.647;91.540
704;9;31;98.875;54.980
704;31;9;98.875;69.740
705;9;31;103.181;68.280
705;31;9;103.181;83.040
706;9;31;85.824;76.360
706;31;9;85.824;91.120
707;9;32;89.999;55.430
707;32;9;89.999;70.530
708;9;32;85.267;57.460
708;32;9;85.267;72.560
709;9;33;80.398;69.940
709;33;9;80.398;85.330
710;9;33;87.131;76.260
710;33;9;87.131;91.650
711;9;34;89.149;76.710
711;34;9;89.149;92.630
712;9;34;88.134;61.300
712;34;9;88.134;77.220
713;9;34;96.443;70.500
713;34;9;96.443;86.420
714;9;35;80.025;73.560
714;35;9;80.025;89.950
715;9;36;53.742;60.700
715;36;9;53.742;77.310
716;9;36;51.865;68.880
716;36;9;51.865;85.490
717;9;37;125.908;68.270
717;37;9;125.908;85.450
718;9;37;115.145;63.490
718;37;9;115.145;80.670
719;9;37;143.474;61.520
719;37;9;143.474;78.700
720;9;38;105.087;68.030
720;38;9;105.087;85.830
721;9;39;28.285;0.810
721;39;9;73.285;68.760
722;10;11;73.859;80.460
722;11;10;73.859;81.110
723;10;12;138.102;71.280
723;12;10;138.102;72.840
724;10;12;131.568;68.560
724;12;10;131.568;70.120
725;10;13;74.303;65.570
725;13;10;74.303;69.320
726;10;13;74.227;87.130
726;13;10;74.227;90.880
727;10;13;80.912;77.460
727;13;10;80.912;81.210
728;10;14;80.955;79.500
728;14;10;80.955;83.720
729;10;14;72.159;83.600
729;14;10;72.159;87.820
730;10;15;67.057;65.260
730;15;10;67.057;72.360
731;10;15;69.520;66.560
731;15;10;69.520;73.660
732;10;16;81.967;64.780
732;16;10;81.967;73.100
733;10;16;86.511;79.060
733;16;10;86.511;87.380
734;10;17;72.879;83.180
734;17;10;72.879;92.030
735;10;17;76.764;72.030
735;17;10;76.764;80.880
736;10;18;113.074;59.930
736;18;10;113.074;68.980
737;10;18;113.279;80.630
737;18;10;113.279;89.680
738;10;18;127.189;59.390
738;18;10;127.189;68.440
739;10;19;84.493;72.180
739;19;10;84.493;81.340
740;10;20;57.717;68.510
740;20;10;57.717;80.230
741;10;20;57.206;74.340
741;20;10;57.206;86.060
742;10;20;55.740;76.910
742;20;10;55.740;88.630
743;10;21;77.631;80.300
743;21;10;77.631;92.500
744;10;22;125.897;75.730
744;22;10;125.897;88.080
745;10;22;129.328;77.300
745;22;10;129.328;89.650
746;10;22;137.779;68.950
746;22;10;137.779;81.300
747;10;23;106.384;77.010
747;23;10;106.384;89.820
748;10;23;109.974;59.910
748;23;10;109.974;72.720
749;10;24;73.647;56.030
749;24;10;73.647;69.010
750;10;24;67.872;56.260
750;24;10;67.872;69.240
751;10;25;120.617;76.630
751;25;10;120.617;89.690
752;10;26;73.647;67.420
752;26;10;73.647;80.750
753;10;26;79.966;57.120
753;26;10;79.966;70.450
754;10;27;87.272;62.370
754;27;10;87.272;75.810
755;10;27;80.738;61.460
755;27;10;80.738;74.900
756;10;27;85.913;76.970
756;27;10;85.913;90.410
757;10;28;91.181;64.150
757;28;10;91.181;77.860
758;10;29;79.380;71.750
758;29;10;79.380;85.570
759;10;30;111.005;68.460
759;30;10;111.005;82.370
760;10;31;65.066;64.660
760;31;10;65.066;79.410
761;10;31;64.975;77.790
761;31;10;64.975;92.540
762;10;32;77.050;68.710
762;32;10;77.050;83.800
763;10;32;78.916;60.330
763;32;10;78.916;75.420
764;10;32;80.102;71.160
764;32;10;80.102;86.250
765;10;33;84.479;55.620
765;33;10;84.479;71.000
766;10;33;79.057;54.620
766;33;10;79.057;70.000
767;10;34;81.011;66.940
767;34;10;81.011;82.850
768;10;34;85.728;67.450
768;34;10;85.728;83.360
769;10;34;87.896;56.450
769;34;10;87.896;72.360
770;10;35;84.149;74.870
770;35;10;84.149;91.250
771;10;35;91.703;54.690
771;35;10;91.703;71.070
772;10;36;112.007;76.180
772;36;10;112.007;92.780
773;10;36;105.875;73.590
773;36;10;105.875;90.190
774;10;37;52.444;55.600
774;37;10;52.444;72.770
775;10;37;52.768;71.530
775;37;10;52.768;88.700
776;10;38;58.725;66.870
776;38;10;58.725;84.660
777;10;38;62.101;73.510
777;38;10;62.101;91.300
778;10;39;45.309;11.020
778;39;10;90.309;78.960
779;11;12;131.899;78.620
779;12;11;131.899;79.530
780;11;13;47.930;75.840
780;13;11;47.930;78.940
781;11;13;47.862;80.960
781;13;11;47.862;84.060
782;11;13;48.619;87.790
782;13;11;48.619;90.890
783;11;14;80.845;68.160
783;14;11;80.845;71.730
784;11;14;75.211;71.170
784;14;11;75.211;74.740
785;11;14;89.063;75.760
785;14;11;89.063;79.330
786;11;15;64.667;74.810
786;15;11;64.667;81.260
787;11;15;61.365;64.580
787;15;11;61.365;71.030
788;11;16;53.547;63.350
788;16;11;53.547;71.020
789;11;16;53.402;75.480
789;16;11;53.402;83.150
790;11;17;46.755;62.760
790;17;11;46.755;70.960
791;11;17;46.579;63.840
791;17;11;46.579;72.040
792;11;18;84.311;59.030
792;18;11;84.311;67.430
793;11;19;65.072;71.150
793;19;11;65.072;79.660
794;11;19;63.880;76.320
794;19;11;63.880;84.830
795;11;19;61.858;73.790
795;19;11;61.858;82.300
796;11;20;86.462;69.570
796;20;11;86.462;80.640
797;11;20;95.222;72.940
797;20;11;95.222;84.010
798;11;20;93.218;61.720
798;20;11;93.218;72.790
799;11;21;49.840;70.670
799;21;11;49.840;82.220
800;11;21;50.512;78.040
800;21;11;50.512;89.590
801;11;21;50.056;59.050
801;21;11;50.056;70.600
802;11;22;119.643;77.330
802;22;11;119.643;89.030
803;11;22;115.506;79.080
803;22;11;115.506;90.780
804;11;22;121.608;70.810
804;22;11;121.608;82.510
805;11;23;80.483;71.530
805;23;11;80.483;83.690
806;11;23;78.948;72.550
806;23;11;78.948;84.710
807;11;23;85.408;76.100
807;23;11;85.408;88.260
808;11;24;47.493;77.220
808;24;11;47.493;89.550
809;11;24;47.609;79.080
809;24;11;47.609;91.410
810;11;25;91.758;65.980
810;25;11;91.758;78.390
811;11;26;47.493;66.640
811;26;11;47.493;79.320
812;11;26;47.465;56.040
812;26;11;47.465;68.720
813;11;27;58.413;71.490
813;27;11;58.413;84.280
814;11;27;61.686;63.480
814;27;11;61.686;76.270
815;11;27;58.850;78.230
815;27;11;58.850;91.020
816;11;28;74.973;69.010
816;28;11;74.973;82.070
817;11;28;76.846;73.160
817;28;11;76.846;86.220
818;11;28;81.388;61.410
818;28;11;81.388;74.470
819;11;29;56.204;62.130
819;29;11;56.204;75.300
820;11;29;58.107;77.360
820;29;11;58.107;90.530
821;11;29;54.728;67.600
821;29;11;54.728;80.770
822;11;30;111.028;61.640
822;30;11;111.028;74.900
823;11;31;53.830;53.690
823;31;11;53.830;67.790
824;11;31;53.154;57.210
824;31;11;53.154;71.310
825;11;32;52.711;64.990
825;32;11;52.711;79.430
826;11;32;52.870;68.230
826;32;11;52.870;82.670
827;11;33;55.748;60.610
827;33;11;55.748;75.340
828;11;33;55.854;56.140
828;33;11;55.854;70.870
829;11;34;57.704;73.790
829;34;11;57.704;89.050
830;11;35;58.189;56.470
830;35;11;58.189;72.200
831;11;35;56.770;52.000
831;35;11;56.770;67.730
832;11;35;57.362;68.690
832;35;11;57.362;84.420
833;11;36;84.235;65.990
833;36;11;84.235;81.940
834;11;37;81.006;52.190
834;37;11;81.006;68.710
835;11;37;83.298;51.640
835;37;11;83.298;68.160
836;11;38;60.151;50.680
836;38;11;60.151;67.820
837;11;39;17.194;18.050
837;39;11;62.194;85.340
838;11;39;19.456;5.180
838;39;11;64.456;72.470
839;11;39;19.197;9.970
839;39;11;64.197;77.260
840;12;13;128.972;78.410
840;13;12;128.972;80.600
841;12;13;138.501;68.310
841;13;12;138.501;70.500
842;12;14;102.209;81.610
842;14;12;102.209;84.270
843;12;14;115.089;72.040
843;14;12;115.089;74.700
844;12;15;148.288;67.860
844;15;12;148.288;73.400
845;12;15;151.390;71.510
845;15;12;151.390;77.050
846;12;16;134.874;66.380
846;16;12;134.874;73.140
847;12;16;131.596;76.180
847;16;12;131.596;82.940
848;12;16;156.037;73.850
848;16;12;156.037;80.610
849;12;17;130.535;72.250
849;17;12;130.535;79.540
850;12;18;134.327;67.820
850;18;12;134.327;75.310
851;12;19;112.493;69.330
851;19;12;112.493;76.930
852;12;19;117.560;60.860
852;19;12;117.560;68.460
853;12;20;145.154;61.280
853;20;12;145.154;71.440
854;12;20;127.816;71.390
854;20;12;127.816;81.550
855;12;21;128.549;75.140
855;21;12;128.549;85.780
856;12;21;110.788;68.420
856;21;12;110.788;79.060
857;12;21;134.560;57.510
857;21;12;134.560;68.150
858;12;22;57.409;77.580
858;22;12;57.409;88.370
859;12;22;60.261;65.810
859;22;12;60.261;76.600
860;12;22;59.936;79.580
860;22;12;59.936;90.370
861;12;23;154.833;76.500
861;23;12;154.833;87.750
862;12;23;147.661;73.760
862;23;12;147.661;85.010
863;12;24;129.450;59.610
863;24;12;129.450;71.030
864;12;24;126.738;60.270
864;24;12;126.738;71.690
865;12;25;141.250;54.890
865;25;12;141.250;66.390
866;12;25;129.290;74.620
866;25;12;129.290;86.120
867;12;26;129.450;58.330
867;26;12;129.450;70.100
868;12;26;120.386;73.270
868;26;12;120.386;85.040
869;12;26;143.285;55.600
869;26;12;143.285;67.370
870;12;27;132.307;63.940
870;27;12;132.307;75.820
871;12;27;128.161;63.630
871;27;12;128.161;75.510
872;12;27;114.290;78.800
872;27;12;114.290;90.680
873;12;28;102.641;57.290
873;28;12;102.641;69.440
874;12;29;142.279;62.200
874;29;12;142.279;74.460
875;12;29;163.251;66.350
875;29;12;163.251;78.610
876;12;29;118.097;60.770
876;29;12;118.097;73.030
877;12;30;74.586;73.380
877;30;12;74.586;85.730
878;12;30;71.976;65.670
878;30;12;71.976;78.020
879;12;30;70.407;73.020
879;30;12;70.407;85.370
880;12;31;132.170;69.040
880;31;12;132.170;82.230
881;12;32;124.454;53.150
881;32;12;124.454;66.680
882;12;32;108.670;57.820
882;32;12;108.670;71.350
883;12;33;130.017;76.510
883;33;12;130.017;90.330
884;12;33;137.133;65.020
884;33;12;137.133;78.840
885;12;33;110.082;75.080
885;33;12;110.082;88.900
886;12;34;120.189;62.790
886;34;12;120.189;77.140
887;12;34;109.937;56.560
887;34;12;109.937;70.910
888;12;35;141.388;76.350
888;35;12;141.388;91.170
889;12;35;138.710;70.350
889;35;12;138.710;85.170
890;12;36;150.558;70.180
890;36;12;150.558;85.220
891;12;36;150.113;65.500
891;36;12;150.113;80.540
892;12;37;138.798;62.650
892;37;12;138.798;78.260
893;12;37;134.796;60.350
893;37;12;134.796;75.960
894;12;37;148.210;51.050
894;37;12;148.210;66.660
895;12;38;133.556;67.510
895;38;12;133.556;83.740
896;12;39;93.673;9.680
896;39;12;138.673;76.060
897;12;39;108.128;20.360
897;39;12;153.128;86.740
898;12;39;94.319;21.570
898;39;12;139.319;87.950
899;13;14;78.322;74.470
899;14;13;78.322;74.940
900;13;14;78.848;72.600
900;14;13;78.848;73.070
901;13;14;79.985;69.100
901;14;13;79.985;69.570
902;13;15;67.147;62.710
902;15;13;67.147;66.060
903;13;16;54.733;73.130
903;16;13;54.733;77.700
904;13;17;46.983;71.040
904;17;13;46.983;76.140
905;13;17;46.874;59.700
905;17;13;46.874;64.800
906;13;18;83.807;61.660
906;18;13;83.807;66.960
907;13;18;87.499;62.200
907;18;13;87.499;67.500
908;13;18;80.075;67.840
908;18;13;80.075;73.140
909;13;19;62.198;80.140
909;19;13;62.198;85.550
910;13;19;64.998;71.090
910;19;13;64.998;76.500
911;13;20;87.003;77.090
911;20;13;87.003;85.060
912;13;21;48.328;57.160
912;21;13;48.328;65.610
913;13;21;47.999;62.440
913;21;13;47.999;70.890
914;13;21;48.492;76.390
914;21;13;48.492;84.840
915;13;22;116.720;74.880
915;22;13;116.720;83.480
916;13;22;126.926;75.270
916;22;13;126.926;83.870
917;13;23;82.002;56.250
917;23;13;82.002;65.310
918;13;23;87.819;63.140
918;23;13;87.819;72.200
919;13;23;90.371;56.120
919;23;13;90.371;65.180
920;13;24;45.760;71.480
920;24;13;45.760;80.710
921;13;25;91.546;68.230
921;25;13;91.546;77.540
922;13;25;80.269;73.650
922;25;13;80.269;82.960
923;13;26;45.760;70.450
923;26;13;45.760;80.030
924;13;26;45.758;66.400
924;26;13;45.758;75.980
925;13;27;58.464;58.720
925;27;13;58.464;68.410
926;13;27;58.631;59.540
926;27;13;58.631;69.230
927;13;28;72.071;74.370
927;28;13;72.071;84.330
928;13;28;68.719;70.240
928;28;13;68.719;80.200
929;13;28;76.067;70.940
929;28;13;76.067;80.900
930;13;29;58.896;74.810
930;29;13;58.896;84.880
931;13;29;59.014;75.940
931;29;13;59.014;86.010
932;13;29;58.847;54.820
932;29;13;58.847;64.890
933;13;30;108.257;76.290
933;30;13;108.257;86.450
934;13;31;54.374;63.190
934;31;13;54.374;74.190
935;13;32;49.879;65.150
935;32;13;49.879;76.490
936;13;32;49.053;63.300
936;32;13;49.053;74.640
937;13;32;49.125;68.100
937;32;13;49.125;79.440
938;13;33;55.322;64.610
938;33;13;55.322;76.240
939;13;34;54.969;52.970
939;34;13;54.969;65.130
940;13;34;52.654;60.990
940;34;13;52.654;73.150
941;13;35;60.254;68.450
941;35;13;60.254;81.080
942;13;36;85.089;74.830
942;36;13;85.089;87.680
943;13;37;81.234;70.590
943;37;13;81.234;84.010
944;13;37;73.866;64.470
944;37;13;73.866;77.890
945;13;38;60.628;74.630
945;38;13;60.628;88.670
946;13;39;18.196;1.180
946;39;13;63.196;65.370
947;14;15;92.913;77.020
947;15;14;92.913;79.900
948;14;15;84.529;67.380
948;15;14;84.529;70.260
949;14;15;96.114;78.370
949;15;14;96.114;81.250
950;14;16;87.276;65.320
950;16;14;87.276;69.420
951;14;16;83.597;61.980
951;16;14;83.597;66.080
952;14;16;97.223;65.100
952;16;14;97.223;69.200
953;14;17;79.129;77.090
953;17;14;79.129;81.720
954;14;17;70.612;64.930
954;17;14;70.612;69.560
955;14;17;76.912;66.180
955;17;14;76.912;70.810
956;14;18;105.577;60.290
956;18;14;105.577;65.120
957;14;18;107.412;77.240
957;18;14;107.412;82.070
958;14;19;69.109;64.120
958;19;14;69.109;69.060
959;14;19;69.049;79.420
959;19;14;69.049;84.360
960;14;19;65.190;64.520
960;19;14;65.190;69.460
961;14;20;89.204;75.430
961;20;14;89.204;82.930
962;14;20;86.177;71.880
962;20;14;86.177;79.380
963;14;21;79.637;75.250
963;21;14;79.637;83.230
964;14;21;74.727;71.900
964;21;14;74.727;79.880
965;14;21;80.036;56.700
965;21;14;80.036;64.680
966;14;22;89.955;70.890
966;22;14;89.955;79.020
967;14;22;81.836;73.230
967;22;14;81.836;81.360
968;14;22;90.845;72.390
968;22;14;90.845;80.520
969;14;23;113.662;58.070
969;23;14;113.662;66.660
970;14;23;124.875;58.530
970;23;14;124.875;67.120
971;14;23;110.871;76.990
971;23;14;110.871;85.580
972;14;24;78.457;60.840
972;24;14;78.457;69.600
973;14;24;77.293;77.070
973;24;14;77.293;85.830
974;14;25;114.299;56.000
974;25;14;114.299;64.840
975;14;26;78.457;75.140
975;26;14;78.457;84.250
976;14;26;71.716;77.810
976;26;14;71.716;86.920
977;14;26;72.009;54.910
977;26;14;72.009;64.020
978;14;27;88.091;54.560
978;27;14;88.091;63.780
979;14;27;94.945;70.710
979;27;14;94.945;79.930
980;14;27;79.815;68.320
980;27;14;79.815;77.540
981;14;28;66.570;67.520
981;28;14;66.570;77.010
982;14;28;69.788;74.330
982;28;14;69.788;83.820
983;14;29;92.035;75.930
983;29;14;92.035;85.530
984;14;30;76.549;63.310
984;30;14;76.549;73.000
985;14;31;77.660;61.570
985;31;14;77.660;72.100
986;14;31;72.769;59.940
986;31;14;72.769;70.470
987;14;32;75.463;59.990
987;32;14;75.463;70.860
988;14;33;84.694;61.040
988;33;14;84.694;72.200
989;14;33;79.769;62.190
989;33;14;79.769;73.350
990;14;33;85.431;52.700
990;33;14;85.431;63.860
991;14;34;73.902;73.130
991;34;14;73.902;84.820
992;14;34;80.496;64.270
992;34;14;80.496;75.960
993;14;34;74.602;59.490
993;34;14;74.602;71.180
994;14;35;93.438;74.930
994;35;14;93.438;87.090
995;14;36;114.188;65.970
995;36;14;114.188;78.350
996;14;36;115.095;71.580
996;36;14;115.095;83.960
997;14;37;82.436;50.890
997;37;14;82.436;63.840
998;14;37;91.434;59.790
998;37;14;91.434;72.740
999;14;38;77.378;58.060
999;38;14;77.378;71.630
1000;14;38;74.990;66.000
1000;38;14;74.990;79.570
1001;14;39;49.491;7.930
1001;39;14;94.491;71.650
1002;14;39;60.735;9.450
1002;39;14;105.735;73.170
1003;15;16;68.888;62.610
1003;16;15;68.888;63.830
1004;15;16;69.429;67.090
1004;16;15;69.429;68.310
1005;15;17;65.174;66.820
1005;17;15;65.174;68.570
1006;15;18;100.244;82.360
1006;18;15;100.244;84.310
1007;15;19;83.871;58.870
1007;19;15;83.871;60.930
1008;15;19;92.055;80.920
1008;19;15;92.055;82.980
1009;15;19;80.391;83.750
1009;19;15;80.391;85.810
1010;15;20;76.508;73.750
1010;20;15;76.508;78.370
1011;15;20;83.954;72.170
1011;20;15;83.954;76.790
1012;15;20;80.148;72.340
1012;20;15;80.148;76.960
1013;15;21;69.469;73.760
1013;21;15;69.469;78.860
1014;15;22;135.886;60.050
1014;22;15;135.886;65.300
1015;15;23;87.085;64.920
1015;23;15;87.085;70.630
1016;15;24;66.427;58.930
1016;24;15;66.427;64.810
1017;15;24;62.611;63.970
1017;24;15;62.611;69.850
1018;15;24;65.886;55.660
1018;24;15;65.886;61.540
1019;15;25;106.346;78.250
1019;25;15;106.346;84.210
1020;15;25;121.038;74.560
1020;25;15;121.038;80.520
1021;15;26;66.427;69.960
1021;26;15;66.427;76.190
1022;15;26;67.502;79.400
1022;26;15;67.502;85.630
1023;15;27;75.057;75.040
1023;27;15;75.057;81.380
1024;15;28;93.346;74.610
1024;28;15;93.346;81.220
1025;15;28;100.340;64.770
1025;28;15;100.340;71.380
1026;15;29;62.176;63.010
1026;29;15;62.176;69.730
1027;15;30;124.455;78.700
1027;30;15;124.455;85.510
1028;15;30;134.369;59.100
1028;30;15;134.369;65.910
1029;15;30;105.378;67.080
1029;30;15;105.378;73.890
1030;15;31;61.168;75.790
1030;31;15;61.168;83.440
1031;15;31;58.242;73.860
1031;31;15;58.242;81.510
1032;15;32;71.949;65.380
1032;32;15;71.949;73.370
1033;15;32;77.954;69.770
1033;32;15;77.954;77.760
1034;15;32;76.477;66.470
1034;32;15;76.477;74.460
1035;15;33;73.791;75.360
1035;33;15;73.791;83.640
1036;15;34;77.075;66.740
1036;34;15;77.075;75.550
1037;15;35;67.490;69.290
1037;35;15;67.490;78.570
1038;15;35;63.543;60.570
1038;35;15;63.543;69.850
1039;15;36;94.404;71.370
1039;36;15;94.404;80.870
1040;15;36;92.546;54.910
1040;36;15;92.546;64.410
1041;15;36;101.048;56.900
1041;36;15;101.048;66.400
1042;15;37;73.986;61.570
1042;37;15;73.986;71.640
1043;15;37;72.691;53.990
1043;37;15;72.691;64.060
1044;15;38;60.711;52.300
1044;38;15;60.711;62.990
1045;15;38;60.844;54.910
1045;38;15;60.844;65.600
1046;15;39;30.026;21.250
1046;39;15;75.026;82.090
1047;15;39;25.213;9.020
1047;39;15;70.213;69.860
1048;16;17;55.056;80.130
1048;17;16;55.056;80.660
1049;16;17;56.261;67.290
1049;17;16;56.261;67.820
1050;16;18;76.945;65.190
1050;18;16;76.945;65.920
1051;16;19;67.457;58.790
1051;19;16;67.457;59.630
1052;16;19;63.624;61.870
1052;19;16;63.624;62.710
1053;16;19;69.047;66.640
1053;19;16;69.047;67.480
1054;16;20;94.403;76.190
1054;20;16;94.403;79.590
1055;16;21;52.652;76.910
1055;21;16;52.652;80.790
1056;16;22;122.863;71.510
1056;22;16;122.863;75.540
1057;16;22;109.991;68.700
1057;22;16;109.991;72.730
1058;16;22;123.497;77.940
1058;22;16;123.497;81.970
1059;16;23;72.272;66.970
1059;23;16;72.272;71.460
1060;16;23;68.885;61.810
1060;23;16;68.885;66.300
1061;16;24;54.975;76.360
1061;24;16;54.975;81.020
1062;16;24;53.513;60.720
1062;24;16;53.513;65.380
1063;16;25;83.904;71.590
1063;25;16;83.904;76.330
1064;16;25;87.078;65.680
1064;25;16;87.078;70.420
1065;16;25;83.569;58.870
1065;25;16;83.569;63.610
1066;16;26;54.975;74.320
1066;26;16;54.975;79.330
1067;16;26;57.446;60.010
1067;26;16;57.446;65.020
1068;16;27;51.171;62.470
1068;27;16;51.171;67.590
1069;16;28;77.233;62.430
1069;28;16;77.233;67.820
1070;16;28;70.316;65.900
1070;28;16;70.316;71.290
1071;16;28;76.778;64.680
1071;28;16;76.778;70.070
1072;16;29;53.509;63.560
1072;29;16;53.509;69.060
1073;16;29;54.288;74.490
1073;29;16;54.288;79.990
1074;16;30;116.122;57.650
1074;30;16;116.122;63.240
1075;16;30;109.525;54.450
1075;30;16;109.525;60.040
1076;16;30;107.483;78.970
1076;30;16;107.483;84.560
1077;16;31;62.196;70.490
1077;31;16;62.196;76.920
1078;16;31;63.157;60.760
1078;31;16;63.157;67.190
1079;16;31;61.982;68.820
1079;31;16;61.982;75.250
1080;16;32;56.840;58.140
1080;32;16;56.840;64.910
1081;16;32;56.090;66.070
1081;32;16;56.090;72.840
1082;16;33;50.626;63.130
1082;33;16;50.626;70.190
1083;16;33;50.481;61.120
1083;33;16;50.481;68.180
1084;16;33;51.099;65.820
1084;33;16;51.099;72.880
1085;16;34;59.887;69.210
1085;34;16;59.887;76.800
1086;16;34;61.590;75.880
1086;34;16;61.590;83.470
1087;16;34;57.701;63.440
1087;34;16;57.701;71.030
1088;16;35;51.574;55.710
1088;35;16;51.574;63.770
1089;16;36;75.687;62.740
1089;36;16;75.687;71.020
1090;16;36;79.492;71.930
1090;36;16;79.492;80.210
1091;16;37;89.241;74.820
1091;37;16;89.241;83.670
1092;16;37;78.609;55.810
1092;37;16;78.609;64.660
1093;16;37;83.421;63.660
1093;37;16;83.421;72.510
1094;16;38;68.397;64.580
1094;38;16;68.397;74.050
1095;16;38;70.515;73.010
1095;38;16;70.515;82.480
1096;16;38;73.829;53.950
1096;38;16;73.829;63.420
1097;16;39;8.647;20.460
1097;39;16;53.647;80.080
1098;16;39;8.190;4.330
1098;39;16;53.190;63.950
1099;16;39;7.928;24.370
1099;39;16;52.928;83.990
1100;17;18;85.197;61.830
1100;18;17;85.197;62.030
1101;17;18;78.579;69.590
1101;18;17;78.579;69.790
1102;17;19;64.032;63.050
1102;19;17;64.032;63.360
1103;17;19;68.521;67.380
1103;19;17;68.521;67.690
1104;17;19;62.054;59.790
1104;19;17;62.054;60.100
1105;17;20;85.544;63.810
1105;20;17;85.544;66.680
1106;17;20;77.631;65.370
1106;20;17;77.631;68.240
1107;17;20;79.968;79.060
1107;20;17;79.968;81.930
1108;17;21;49.963;73.140
1108;21;17;49.963;76.490
1109;17;21;50.930;56.930
1109;21;17;50.930;60.280
1110;17;22;118.254;57.810
1110;22;17;118.254;61.310
1111;17;23;82.142;70.640
1111;23;17;82.142;74.600
1112;17;24;46.253;76.310
1112;24;17;46.253;80.440
1113;17;25;92.793;63.350
1113;25;17;92.793;67.560
1114;17;25;83.341;55.070
1114;25;17;83.341;59.280
1115;17;25;86.058;70.120
1115;25;17;86.058;74.330
1116;17;26;46.253;64.770
1116;26;17;46.253;69.250
1117;17;27;59.514;56.880
1117;27;17;59.514;61.470
1118;17;27;59.216;67.800
1118;27;17;59.216;72.390
1119;17;27;58.755;73.830
1119;27;17;58.755;78.420
1120;17;28;73.847;55.100
1120;28;17;73.847;59.960
1121;17;28;75.019;58.920
1121;28;17;75.019;63.780
1122;17;28;76.676;77.560
1122;28;17;76.676;82.420
1123;17;29;57.906;54.770
1123;29;17;57.906;59.740
1124;17;29;55.513;71.160
1124;29;17;55.513;76.130
1125;17;29;56.448;61.380
1125;29;17;56.448;66.350
1126;17;30;109.413;56.520
1126;30;17;109.413;61.580
1127;17;31;52.824;53.870
1127;31;17;52.824;59.770
1128;17;32;51.801;61.070
1128;32;17;51.801;67.310
1129;17;32;52.133;68.780
1129;32;17;52.133;75.020
1130;17;33;56.600;64.470
1130;33;17;56.600;71.000
1131;17;33;57.595;54.150
1131;33;17;57.595;60.680
1132;17;33;55.269;52.930
1132;33;17;55.269;59.460
1133;17;34;56.916;72.930
1133;34;17;56.916;79.990
1134;17;34;59.155;66.540
1134;34;17;59.155;73.600
1135;17;34;54.402;58.000
1135;34;17;54.402;65.060
1136;17;35;59.928;71.500
1136;35;17;59.928;79.030
1137;17;35;63.626;72.030
1137;35;17;63.626;79.560
1138;17;35;56.531;61.820
1138;35;17;56.531;69.350
1139;17;36;85.704;64.380
1139;36;17;85.704;72.130
1140;17;36;75.656;70.220
1140;36;17;75.656;77.970
1141;17;37;79.926;56.390
1141;37;17;79.926;64.710
1142;17;37;83.230;72.480
1142;37;17;83.230;80.800
1143;17;37;88.060;56.700
1143;37;17;88.060;65.020
1144;17;38;59.157;58.100
1144;38;17;59.157;67.040
1145;17;38;56.765;52.830
1145;38;17;56.765;61.770
1146;17;39;18.686;22.680
1146;39;17;63.686;81.770
1147;17;39;22.040;16.260
1147;39;17;67.040;75.350
1148;18;19;81.695;62.670
1148;19;18;81.695;62.780
1149;18;19;86.179;66.390
1149;19;18;86.179;66.500
1150;18;19;78.291;68.190
1150;19;18;78.291;68.300
1151;18;20;125.739;71.780
1151;20;18;125.739;74.450
1152;18;20;109.795;70.360
1152;20;18;109.795;73.030
1153;18;20;142.554;65.310
1153;20;18;142.554;67.980
1154;18;21;80.485;65.410
1154;21;18;80.485;68.560
1155;18;22;124.353;72.820
1155;22;18;124.353;76.120
1156;18;22;130.228;56.820
1156;22;18;130.228;60.120
1157;18;23;71.588;58.500
1157;23;18;71.588;62.260
1158;18;23;67.815;67.580
1158;23;18;67.815;71.340
1159;18;23;71.399;78.640
1159;23;18;71.399;82.400
1160;18;24;84.442;62.190
1160;24;18;84.442;66.120
1161;18;25;53.722;78.200
1161;25;18;53.722;82.210
1162;18;25;53.949;62.800
1162;25;18;53.949;66.810
1163;18;26;84.442;58.580
1163;26;18;84.442;62.860
1164;18;26;80.312;73.210
1164;26;18;80.312;77.490
1165;18;27;71.038;77.420
1165;27;18;71.038;81.810
1166;18;27;71.062;55.360
1166;27;18;71.062;59.750
1167;18;27;75.053;55.920
1167;27;18;75.053;60.310
1168;18;28;85.666;74.140
1168;28;18;85.666;78.800
1169;18;29;83.170;68.850
1169;29;18;83.170;73.620
1170;18;29;84.288;74.770
1170;29;18;84.288;79.540
1171;18;30;125.577;54.460
1171;30;18;125.577;59.320
1172;18;30;114.660;65.690
1172;30;18;114.660;70.550
1173;18;30;133.437;67.960
1173;30;18;133.437;72.820
1174;18;31;93.019;59.840
1174;31;18;93.019;65.540
1175;18;31;105.008;53.350
1175;31;18;105.008;59.050
1176;18;32;81.879;59.320
1176;32;18;81.879;65.360
1177;18;32;84.551;70.910
1177;32;18;84.551;76.950
1178;18;32;75.201;53.620
1178;32;18;75.201;59.660
1179;18;33;73.603;67.010
1179;33;18;73.603;73.340
1180;18;33;77.015;53.310
1180;33;18;77.015;59.640
1181;18;34;79.629;66.630
1181;34;18;79.629;73.490
1182;18;34;77.100;70.040
1182;34;18;77.100;76.900
1183;18;35;77.982;60.330
1183;35;18;77.982;67.660
1184;18;36;63.286;76.330
1184;36;18;63.286;83.880
1185;18;37;120.039;64.550
1185;37;18;120.039;72.670
1186;18;37;113.841;67.750
1186;37;18;113.841;75.870
1187;18;37;102.478;54.130
1187;37;18;102.478;62.250
1188;18;38;99.354;60.790
1188;38;18;99.354;69.530
1189;18;39;25.336;15.650
1189;39;18;70.336;74.540
1190;18;39;28.247;19.630
1190;39;18;73.247;78.520
1191;18;39;27.412;21.160
1191;39;18;72.412;80.050
1192;19;20;96.627;67.060
1192;20;19;96.627;69.620
1193;19;20;84.985;62.040
1193;20;19;84.985;64.600
1194;19;20;100.326;76.820
1194;20;19;100.326;79.380
1195;19;21;61.173;66.470
1195;21;19;61.173;69.510
1196;19;21;63.982;71.360
1196;21;19;63.982;74.400
1197;19;21;63.061;61.280
1197;21;19;63.061;64.320
1198;19;22;100.425;76.020
1198;22;19;100.425;79.210
1199;19;22;106.944;58.350
1199;22;19;106.944;61.540
1200;19;23;91.063;68.690
1200;23;19;91.063;72.340
1201;19;24;62.815;77.250
1201;24;19;62.815;81.070
1202;19;25;90.399;63.350
1202;25;19;90.399;67.250
1203;19;25;95.027;65.780
1203;25;19;95.027;69.680
1204;19;26;62.815;58.670
1204;26;19;62.815;62.840
1205;19;26;62.245;55.200
1205;26;19;62.245;59.370
1206;19;27;65.912;55.810
1206;27;19;65.912;60.090
1207;19;27;60.946;61.760
1207;27;19;60.946;66.040
1208;19;27;66.858;63.190
1208;27;19;66.858;67.470
1209;19;28;54.975;69.060
1209;28;19;54.975;73.610
1210;19;29;74.834;65.100
1210;29;19;74.834;69.760
1211;19;30;94.420;77.290
1211;30;19;94.420;82.040
1212;19;30;88.147;78.690
1212;30;19;88.147;83.440
1213;19;30;90.693;63.950
1213;30;19;90.693;68.700
1214;19;31;68.529;61.850
1214;31;19;68.529;67.440
1215;19;31;70.483;74.420
1215;31;19;70.483;80.010
1216;19;32;57.365;55.510
1216;32;19;57.365;61.440
1217;19;32;55.842;53.560
1217;32;19;55.842;59.490
1218;19;33;63.034;68.330
1218;33;19;63.034;74.550
1219;19;34;52.708;76.420
1219;34;19;52.708;83.170
1220;19;34;51.718;73.320
1220;34;19;51.718;80.070
1221;19;34;54.584;76.480
1221;34;19;54.584;83.230
1222;19;35;74.019;60.840
1222;35;19;74.019;68.060
1223;19;35;71.472;63.440
1223;35;19;71.472;70.660
1224;19;36;90.454;53.200
1224;36;19;90.454;60.640
1225;19;37;89.869;75.150
1225;37;19;89.869;83.160
1226;19;37;88.333;51.140
1226;37;19;88.333;59.150
1227;19;38;72.982;65.370
1227;38;19;72.982;74.000
1228;19;38;73.104;53.150
1228;38;19;73.104;61.780
1229;19;39;27.562;17.720
1229;39;19;72.562;76.500
1230;20;21;90.330;63.530
1230;21;20;90.330;64.010
1231;20;21;80.461;60.290
1231;21;20;80.461;60.770
1232;20;22;133.290;58.630
1232;22;20;133.290;59.260
1233;20;22;154.230;71.240
1233;22;20;154.230;71.870
1234;20;23;117.802;72.560
1234;23;20;117.802;73.650
1235;20;24;86.339;55.710
1235;24;20;86.339;56.970
1236;20;24;86.609;75.580
1236;24;20;86.609;76.840
1237;20;24;76.812;76.100
1237;24;20;76.812;77.360
1238;20;25;133.195;57.770
1238;25;20;133.195;59.110
1239;20;26;86.339;70.350
1239;26;20;86.339;71.960
1240;20;27;99.858;71.770
1240;27;20;99.858;73.490
1241;20;28;102.552;73.600
1241;28;20;102.552;75.590
1242;20;28;91.689;73.370
1242;28;20;91.689;75.360
1243;20;28;93.654;74.610
1243;28;20;93.654;76.600
1244;20;29;91.073;61.330
1244;29;20;91.073;63.430
1245;20;29;92.881;57.500
1245;29;20;92.881;59.600
1246;20;30;116.704;71.090
1246;30;20;116.704;73.280
1247;20;30;117.680;66.770
1247;30;20;117.680;68.960
1248;20;30;130.521;60.460
1248;30;20;130.521;62.650
1249;20;31;77.720;57.240
1249;31;20;77.720;60.270
1250;20;31;75.859;56.760
1250;31;20;75.859;59.790
1251;20;32;89.744;69.040
1251;32;20;89.744;72.410
1252;20;32;96.191;65.910
1252;32;20;96.191;69.280
1253;20;33;97.136;60.180
1253;33;20;97.136;63.840
1254;20;33;92.996;74.340
1254;33;20;92.996;78.000
1255;20;34;93.598;64.460
1255;34;20;93.598;68.650
1256;20;35;96.076;68.870
1256;35;20;96.076;73.530
1257;20;35;87.642;57.700
1257;35;20;87.642;62.360
1258;20;35;93.208;65.420
1258;35;20;93.208;70.080
1259;20;36;123.998;53.570
1259;36;20;123.998;58.450
1260;20;37;52.003;59.780
1260;37;20;52.003;65.230
1261;20;38;71.392;53.270
1261;38;20;71.392;59.340
1262;20;38;64.886;74.860
1262;38;20;64.886;80.930
1263;20;38;71.482;58.640
1263;38;20;71.482;64.710
1264;20;39;57.583;21.790
1264;39;20;102.583;78.010
1265;21;22;116.392;61.320
1265;22;21;116.392;61.470
1266;21;22;107.039;68.350
1266;22;21;107.039;68.500
1267;21;23;79.699;68.940
1267;23;21;79.699;69.550
1268;21;23;79.705;55.740
1268;23;21;79.705;56.350
1269;21;24;49.002;56.810
1269;24;21;49.002;57.590
1270;21;24;49.785;77.710
1270;24;21;49.785;78.490
1271;21;25;88.259;66.380
1271;25;21;88.259;67.240
1272;21;25;96.796;56.550
1272;25;21;96.796;57.410
1273;21;25;78.266;65.540
1273;25;21;78.266;66.400
1274;21;26;49.002;56.420
1274;26;21;49.002;57.550
1275;21;27;55.358;77.660
1275;27;21;55.358;78.900
1276;21;27;54.868;71.150
1276;27;21;54.868;72.390
1277;21;28;71.148;73.430
1277;28;21;71.148;74.940
1278;21;28;74.991;65.180
1278;28;21;74.991;66.690
1279;21;28;73.742;63.430
1279;28;21;73.742;64.940
1280;21;29;58.737;67.410
1280;29;21;58.737;69.030
1281;21;29;55.704;62.600
1281;29;21;55.704;64.220
1282;21;29;61.979;59.180
1282;29;21;61.979;60.800
1283;21;30;108.818;66.260
1283;30;21;108.818;67.970
1284;21;31;57.675;55.420
1284;31;21;57.675;57.970
1285;21;31;56.069;67.850
1285;31;21;56.069;70.400
1286;21;32;49.319;55.300
1286;32;21;49.319;58.190
1287;21;33;52.079;71.980
1287;33;21;52.079;75.160
1288;21;33;52.610;56.780
1288;33;21;52.610;59.960
1289;21;33;53.440;71.450
1289;33;21;53.440;74.630
1290;21;34;53.507;53.110
1290;34;21;53.507;56.820
1291;21;34;51.551;66.210
1291;34;21;51.551;69.920
1292;21;34;54.221;65.200
1292;34;21;54.221;68.910
1293;21;35;58.893;59.000
1293;35;21;58.893;63.180
1294;21;35;55.823;75.290
1294;35;21;55.823;79.470
1295;21;35;61.133;71.990
1295;35;21;61.133;76.170
1296;21;36;82.246;57.190
1296;36;21;82.246;61.590
1297;21;36;89.365;64.900
1297;36;21;89.365;69.300
1298;21;36;77.102;73.390
1298;36;21;77.102;77.790
1299;21;37;84.554;73.300
1299;37;21;84.554;78.270
1300;21;38;63.951;55.860
1300;38;21;63.951;61.450
1301;21;39;15.608;7.630
1301;39;21;60.608;63.370
1302;21;39;19.048;21.960
1302;39;21;64.048;77.700
1303;22;23;143.653;58.370
1303;23;22;143.653;58.830
1304;22;23;149.453;58.840
1304;23;22;149.453;59.300
1305;22;24;117.184;72.450
1305;24;22;117.184;73.080
1306;22;24;120.032;78.640
1306;24;22;120.032;79.270
1307;22;24;109.322;74.590
1307;24;22;109.322;75.220
1308;22;25;131.713;78.400
1308;25;22;131.713;79.110
1309;22;26;117.184;68.560
1309;26;22;117.184;69.540
1310;22;26;107.254;70.300
1310;26;22;107.254;71.280
1311;22;26;107.034;79.010
1311;26;22;107.034;79.990
1312;22;27;120.540;74.550
1312;27;22;120.540;75.640
1313;22;27;117.433;63.480
1313;27;22;117.433;64.570
1314;22;28;90.674;54.950
1314;28;22;90.674;56.310
1315;22;29;130.129;63.450
1315;29;22;130.129;64.920
1316;22;30;64.736;63.170
1316;30;22;64.736;64.730
1317;22;31;119.775;74.580
1317;31;22;119.775;76.980
1318;22;31;132.521;73.980
1318;31;22;132.521;76.380
1319;22;31;115.500;61.930
1319;31;22;115.500;64.330
1320;22;32;112.256;58.240
1320;32;22;112.256;60.980
1321;22;32;101.028;64.920
1321;32;22;101.028;67.660
1322;22;32;110.232;76.710
1322;32;22;110.232;79.450
1323;22;33;118.127;62.670
1323;33;22;118.127;65.700
1324;22;34;108.095;64.080
1324;34;22;108.095;67.640
1325;22;35;129.406;76.140
1325;35;22;129.406;80.170
1326;22;36;139.907;55.150
1326;36;22;139.907;59.400
1327;22;36;151.216;74.340
1327;36;22;151.216;78.590
1328;22;37;126.826;69.790
1328;37;22;126.826;74.610
1329;22;38;121.152;53.540
1329;38;22;121.152;58.980
1330;22;38;129.628;63.990
1330;38;22;129.628;69.430
1331;22;38;137.187;58.980
1331;38;22;137.187;64.420
1332;22;39;81.991;11.020
1332;39;22;126.991;66.610
1333;23;24;82.210;60.280
1333;24;23;82.210;60.450
1334;23;24;79.268;60.440
1334;24;23;79.268;60.610
1335;23;25;72.076;66.120
1335;25;23;72.076;66.370
1336;23;25;72.409;70.290
1336;25;23;72.409;70.540
1337;23;25;78.260;70.940
1337;25;23;78.260;71.190
1338;23;26;82.210;62.530
1338;26;23;82.210;63.050
1339;23;27;70.585;69.260
1339;27;23;70.585;69.890
1340;23;27;70.888;70.370
1340;27;23;70.888;71.000
1341;23;27;67.978;72.500
1341;27;23;67.978;73.130
1342;23;28;99.245;67.110
1342;28;23;99.245;68.010
1343;23;28;101.031;59.850
1343;28;23;101.031;60.750
1344;23;28;110.346;74.460
1344;28;23;110.346;75.360
1345;23;29;72.034;67.280
1345;29;23;72.034;68.290
1346;23;29;69.272;67.930
1346;29;23;69.272;68.940
1347;23;30;140.326;68.480
1347;30;23;140.326;69.580
1348;23;30;143.399;74.310
1348;30;23;143.399;75.410
1349;23;31;88.312;55.760
1349;31;23;88.312;57.700
1350;23;31;89.767;57.280
1350;31;23;89.767;59.220
1351;23;32;83.502;65.390
1351;32;23;83.502;67.670
1352;23;33;73.971;76.950
1352;33;23;73.971;79.520
1353;23;34;84.848;73.280
1353;34;23;84.848;76.380
1354;23;34;82.070;56.840
1354;34;23;82.070;59.940
1355;23;35;67.692;60.260
1355;35;23;67.692;63.830
1356;23;36;55.032;60.200
1356;36;23;55.032;63.990
1357;23;36;56.528;59.190
1357;36;23;56.528;62.980
1358;23;37;113.826;66.870
1358;37;23;113.826;71.230
1359;23;37;110.887;71.700
1359;37;23;110.887;76.060
1360;23;38;93.874;69.500
1360;38;23;93.874;74.480
1361;23;38;85.392;66.760
1361;38;23;85.392;71.740
1362;23;38;89.937;66.570
1362;38;23;89.937;71.550
1363;23;39;19.222;1.770
1363;39;23;64.222;56.900
1364;23;39;18.925;12.810
1364;39;23;63.925;67.940
1365;23;39;21.399;19.220
1365;39;23;66.399;74.350
1366;24;25;92.138;67.710
1366;25;24;92.138;67.790
1367;24;25;89.099;76.120
1367;25;24;89.099;76.200
1368;24;26;45.000;67.950
1368;26;24;45.000;68.300
1369;24;26;45.000;76.920
1369;26;24;45.000;77.270
1370;24;27;58.977;73.810
1370;27;24;58.977;74.270
1371;24;28;72.657;67.310
1371;28;24;72.657;68.040
1372;24;28;65.822;59.650
1372;28;24;65.822;60.380
1373;24;29;58.646;69.620
1373;29;24;58.646;70.460
1374;24;29;59.641;66.420
1374;29;24;59.641;67.260
1375;24;30;108.546;75.430
1375;30;24;108.546;76.360
1376;24;30;119.565;54.840
1376;30;24;119.565;55.770
1377;24;31;53.673;74.340
1377;31;24;53.673;76.110
1378;24;32;50.552;54.670
1378;32;24;50.552;56.780
1379;24;32;49.785;57.880
1379;32;24;49.785;59.990
1380;24;33;55.906;70.780
1380;33;24;55.906;73.180
1381;24;33;56.525;76.890
1381;33;24;56.525;79.290
1382;24;33;55.275;54.210
1382;33;24;55.275;56.610
1383;24;34;55.664;68.730
1383;34;24;55.664;71.660
1384;24;35;60.269;71.970
1384;35;24;60.269;75.370
1385;24;36;85.469;65.080
1385;36;24;85.469;68.700
1386;24;36;90.282;63.130
1386;36;24;90.282;66.750
1387;24;36;85.200;75.330
1387;36;24;85.200;78.950
1388;24;37;80.612;59.810
1388;37;24;80.612;64.000
1389;24;37;89.131;51.320
1389;37;24;89.131;55.510
1390;24;38;59.954;51.100
1390;38;24;59.954;55.910
1391;24;38;56.293;58.750
1391;38;24;56.293;63.560
1392;24;39;18.520;2.620
1392;39;24;63.520;57.580
1393;24;39;14.848;1.220
1393;39;24;59.848;56.180
1394;25;26;92.138;63.850
1394;26;25;92.138;64.120
1395;25;26;99.095;68.720
1395;26;25;99.095;68.990
1396;25;27;78.346;76.610
1396;27;25;78.346;76.990
1397;25;27;81.664;56.370
1397;27;25;81.664;56.750
1398;25;27;80.560;62.450
1398;27;25;80.560;62.830
1399;25;28;94.291;64.020
1399;28;25;94.291;64.670
1400;25;28;87.768;72.200
1400;28;25;87.768;72.850
1401;25;29;89.173;66.030
1401;29;25;89.173;66.790
1402;25;30;133.825;60.180
1402;30;25;133.825;61.030
1403;25;30;150.940;66.370
1403;30;25;150.940;67.220
1404;25;31;100.565;55.070
1404;31;25;100.565;56.760
1405;25;31;99.577;73.580
1405;31;25;99.577;75.270
1406;25;31;103.555;63.540
1406;31;25;103.555;65.230
1407;25;32;90.011;66.570
1407;32;25;90.011;68.600
1408;25;32;95.057;54.980
1408;32;25;95.057;57.010
1409;25;32;90.314;71.640
1409;32;25;90.314;73.670
1410;25;33;81.232;56.380
1410;33;25;81.232;58.700
1411;25;34;88.076;74.880
1411;34;25;88.076;77.730
1412;25;35;83.857;60.460
1412;35;25;83.857;63.780
1413;25;35;79.477;70.830
1413;35;25;79.477;74.150
1414;25;36;62.231;59.550
1414;36;25;62.231;63.090
1415;25;36;64.009;59.780
1415;36;25;64.009;63.320
1416;25;36;58.690;73.520
1416;36;25;58.690;77.060
1417;25;37;127.719;54.610
1417;37;25;127.719;58.720
1418;25;37;121.296;56.470
1418;37;25;121.296;60.580
1419;25;38;106.902;52.290
1419;38;25;106.902;57.020
1420;25;39;31.387;20.610
1420;39;25;76.387;75.490
1421;25;39;31.584;21.010
1421;39;25;76.584;75.890
1422;26;27;58.977;63.700
1422;27;26;58.977;63.810
1423;26;28;72.657;60.720
1423;28;26;72.657;61.100
1424;26;29;58.646;76.700
1424;29;26;58.646;77.190
1425;26;29;61.535;68.920
1425;29;26;61.535;69.410
1426;26;29;56.183;68.850
1426;29;26;56.183;69.340
1427;26;30;108.546;62.860
1427;30;26;108.546;63.440
1428;26;30;106.244;74.490
1428;30;26;106.244;75.070
1429;26;31;53.673;57.710
1429;31;26;53.673;59.130
1430;26;31;53.132;53.240
1430;31;26;53.132;54.660
1431;26;31;55.131;54.560
1431;31;26;55.131;55.980
1432;26;32;50.552;52.980
1432;32;26;50.552;54.740
1433;26;33;55.906;73.650
1433;33;26;55.906;75.700
1434;26;33;53.641;77.560
1434;33;26;53.641;79.610
1435;26;33;54.347;58.460
1435;33;26;54.347;60.510
1436;26;34;55.664;76.570
1436;34;26;55.664;79.150
1437;26;34;55.055;53.390
1437;34;26;55.055;55.970
1438;26;35;60.269;57.640
1438;35;26;60.269;60.690
1439;26;35;61.406;59.300
1439;35;26;61.406;62.350
1440;26;35;58.975;74.930
1440;35;26;58.975;77.980
1441;26;36;85.469;53.340
1441;36;26;85.469;56.610
1442;26;36;75.823;55.680
1442;36;26;75.823;58.950
1443;26;37;80.612;65.750
1443;37;26;80.612;69.590
1444;26;37;81.076;58.680
1444;37;26;81.076;62.520
1445;26;37;78.872;61.550
1445;37;26;78.872;65.390
1446;26;38;59.954;66.790
1446;38;26;59.954;71.250
1447;26;39;18.520;22.510
1447;39;26;63.520;77.120
1448;27;28;74.991;63.810
1448;28;27;74.991;64.080
1449;27;28;77.803;66.020
1449;28;27;77.803;66.290
1450;27;28;82.292;63.130
1450;28;27;82.292;63.400
1451;27;29;59.098;77.680
1451;29;27;59.098;78.060
1452;27;29;57.244;65.300
1452;29;27;57.244;65.680
1453;27;30;115.322;60.590
1453;30;27;115.322;61.060
1454;27;30;104.132;77.650
1454;30;27;104.132;78.120
1455;27;31;67.231;64.260
1455;31;27;67.231;65.570
1456;27;32;58.365;59.230
1456;32;27;58.365;60.880
1457;27;32;59.796;56.060
1457;32;27;59.796;57.710
1458;27;32;60.188;69.110
1458;32;27;60.188;70.760
1459;27;33;48.511;67.550
1459;33;27;48.511;69.490
1460;27;34;59.274;55.510
1460;34;27;59.274;57.980
1461;27;35;55.342;66.030
1461;35;27;55.342;68.970
1462;27;36;72.044;52.040
1462;36;27;72.044;55.200
1463;27;36;66.830;60.300
1463;36;27;66.830;63.460
1464;27;37;94.405;67.050
1464;37;27;94.405;70.780
1465;27;37;97.562;55.450
1465;37;27;97.562;59.180
1466;27;38;73.563;56.190
1466;38;27;73.563;60.540
1467;27;38;66.433;73.010
1467;38;27;66.433;77.360
1468;27;38;68.376;55.980
1468;38;27;68.376;60.330
1469;27;39;6.651;10.300
1469;39;27;51.651;64.800
1470;28;29;84.788;56.610
1470;29;28;84.788;56.720
1471;28;29;75.439;62.820
1471;29;28;75.439;62.930
1472;28;30;86.270;58.770
1472;30;28;86.270;58.970
1473;28;30;89.320;78.190
1473;30;28;89.320;78.390
1474;28;30;83.659;65.280
1474;30;28;83.659;65.480
1475;28;31;77.548;75.530
1475;31;28;77.548;76.570
1476;28;31;81.802;70.020
1476;31;28;81.802;71.060
1477;28;32;67.291;61.480
1477;32;28;67.291;62.860
1478;28;33;72.463;58.430
1478;33;28;72.463;60.100
1479;28;33;67.641;66.270
1479;33;28;67.641;67.940
1480;28;34;62.667;69.670
1480;34;28;62.667;71.870
1481;28;34;61.832;56.600
1481;34;28;61.832;58.800
1482;28;34;62.037;57.680
1482;34;28;62.037;59.880
1483;28;35;83.752;72.470
1483;35;28;83.752;75.140
1484;28;35;79.914;69.540
1484;35;28;79.914;72.210
1485;28;36;97.326;58.280
1485;36;28;97.326;61.170
1486;28;36;93.803;68.500
1486;36;28;93.803;71.390
1487;28;36;89.577;72.950
1487;36;28;89.577;75.840
1488;28;37;95.588;71.980
1488;37;28;95.588;75.440
1489;28;37;86.301;63.040
1489;37;28;86.301;66.500
1490;28;37;92.704;62.270
1490;37;28;92.704;65.730
1491;28;38;81.182;66.000
1491;38;28;81.182;70.080
1492;28;39;36.549;23.200
1492;39;28;81.549;77.430
1493;28;39;32.391;23.690
1493;39;28;77.391;77.920
1494;29;30;122.149;74.450
1494;30;29;122.149;74.540
1495;29;30;117.414;56.720
1495;30;29;117.414;56.810
1496;29;30;139.542;75.190
1496;30;29;139.542;75.280
1497;29;31;61.910;57.610
1497;31;29;61.910;58.540
1498;29;31;65.996;69.840
1498;31;29;65.996;70.770
1499;29;31;64.456;72.450
1499;31;29;64.456;73.380
1500;29;32;62.927;57.500
1500;32;29;62.927;58.770
1501;29;32;63.042;52.880
1501;32;29;63.042;54.150
1502;29;32;60.751;77.730
1502;32;29;60.751;79.000
1503;29;33;59.133;56.270
1503;33;29;59.133;57.830
1504;29;34;67.127;53.430
1504;34;29;67.127;55.520
1505;29;35;50.327;76.490
1505;35;29;50.327;79.050
1506;29;35;50.817;51.740
1506;35;29;50.817;54.300
1507;29;36;77.990;70.620
1507;36;29;77.990;73.400
1508;29;36;82.373;59.310
1508;36;29;82.373;62.090
1509;29;36;70.394;75.980
1509;36;29;70.394;78.760
1510;29;37;86.824;58.410
1510;37;29;86.824;61.760
1511;29;37;93.633;74.810
1511;37;29;93.633;78.160
1512;29;37;81.486;65.220
1512;37;29;81.486;68.570
1513;29;38;66.979;73.150
1513;38;29;66.979;77.120
1514;29;38;66.819;67.480
1514;38;29;66.819;71.450
1515;29;38;61.781;55.370
1515;38;29;61.781;59.340
1516;29;39;12.868;2.850
1516;39;29;57.868;56.970
1517;29;39;9.804;23.000
1517;39;29;54.804;77.120
1518;29;39;13.420;16.160
1518;39;29;58.420;70.280
1519;30;31;108.996;61.490
1519;31;30;108.996;62.330
1520;30;31;98.896;63.930
1520;31;30;98.896;64.770
1521;30;31;110.188;76.980
1521;31;30;110.188;77.820
1522;30;32;104.499;71.590
1522;32;30;104.499;72.770
1523;30;32;90.051;53.610
1523;32;30;90.051;54.790
1524;30;32;113.116;69.000
1524;32;30;113.116;70.180
1525;30;33;112.324;76.620
1525;33;30;112.324;78.090
1526;30;33;108.885;70.480
1526;33;30;108.885;71.950
1527;30;33;107.694;68.460
1527;33;30;107.694;69.930
1528;30;34;101.410;53.470
1528;34;30;101.410;55.470
1529;30;34;112.895;59.160
1529;34;30;112.895;61.160
1530;30;34;103.172;73.760
1530;34;30;103.172;75.760
1531;30;35;122.629;67.380
1531;35;30;122.629;69.850
1532;30;35;123.949;64.930
1532;35;30;123.949;67.400
1533;30;36;138.557;63.440
1533;36;30;138.557;66.130
1534;30;36;137.227;54.980
1534;36;30;137.227;57.670
1535;30;37;110.697;64.590
1535;37;30;110.697;67.850
1536;30;37;120.185;62.460
1536;37;30;120.185;65.720
1537;30;38;108.918;72.450
1537;38;30;108.918;76.330
1538;30;38;109.309;58.400
1538;38;30;109.309;62.280
1539;30;38;94.687;62.640
1539;38;30;94.687;66.520
1540;30;39;76.973;17.470
1540;39;30;121.973;71.500
1541;30;39;94.027;8.650
1541;39;30;139.027;62.680
1542;31;32;57.986;68.750
1542;32;31;57.986;69.090
1543;31;32;57.188;55.790
1543;32;31;57.188;56.130
1544;31;32;60.061;59.120
1544;32;31;60.061;59.460
1545;31;33;64.418;73.610
1545;33;31;64.418;74.240
1546;31;34;62.776;63.800
1546;34;31;62.776;64.960
1547;31;35;65.622;52.790
1547;35;31;65.622;54.420
1548;31;35;64.822;65.400
1548;35;31;64.822;67.030
1549;31;35;67.705;65.060
1549;35;31;67.705;66.690
1550;31;36;92.772;57.460
1550;36;31;92.772;59.310
1551;31;37;72.177;67.770
1551;37;31;72.177;70.190
1552;31;37;76.805;57.280
1552;37;31;76.805;59.700
1553;31;38;51.341;71.150
1553;38;31;51.341;74.190
1554;31;38;52.001;75.040
1554;38;31;52.001;78.080
1555;31;38;50.520;72.070
1555;38;31;50.520;75.110
1556;31;39;25.770;16.090
1556;39;31;70.770;69.280
1557;32;33;54.857;57.090
1557;33;32;54.857;57.380
1558;32;33;54.083;62.540
1558;33;32;54.083;62.830
1559;32;33;54.997;57.620
1559;33;32;54.997;57.910
1560;32;34;50.126;60.590
1560;34;32;50.126;61.410
1561;32;34;49.326;59.180
1561;34;32;49.326;60.000
1562;32;35;63.193;72.210
1562;35;32;63.193;73.500
1563;32;35;59.735;55.870
1563;35;32;59.735;57.160
1564;32;36;85.393;70.070
1564;36;32;85.393;71.580
1565;32;37;83.597;57.080
1565;37;32;83.597;59.160
1566;32;37;88.124;70.090
1566;37;32;88.124;72.170
1567;32;37;88.259;71.480
1567;37;32;88.259;73.560
1568;32;38;63.772;66.690
1568;38;32;63.772;69.390
1569;32;38;67.233;63.290
1569;38;32;67.233;65.990
1570;32;38;63.294;52.290
1570;38;32;63.294;54.990
1571;32;39;19.290;12.660
1571;39;32;64.290;65.510
1572;32;39;16.191;18.850
1572;39;32;61.191;71.700
1573;33;34;56.015;68.300
1573;34;33;56.015;68.830
1574;33;34;57.775;53.110
1574;34;33;57.775;53.640
1575;33;35;56.562;51.640
1575;35;33;56.562;52.640
1576;33;35;54.197;64.940
1576;35;33;54.197;65.940
1577;33;35;55.960;66.940
1577;35;33;55.960;67.940
1578;33;36;75.541;58.630
1578;36;33;75.541;59.850
1579;33;36;74.081;76.000
1579;36;33;74.081;77.220
1580;33;37;91.506;66.460
1580;37;33;91.506;68.250
1581;33;38;70.756;54.720
1581;38;33;70.756;57.130
1582;33;38;75.694;59.910
1582;38;33;75.694;62.320
1583;33;39;9.829;14.000
1583;39;33;54.829;66.560
1584;33;39;8.239;10.110
1584;39;33;53.239;62.670
1585;33;39;7.401;21.280
1585;39;33;52.401;73.840
1586;34;35;66.460;63.880
1586;35;34;66.460;64.350
1587;34;35;69.332;58.100
1587;35;34;69.332;58.570
1588;34;35;67.514;54.010
1588;35;34;67.514;54.480
1589;34;36;85.470;71.920
1589;36;34;85.470;72.610
1590;34;36;85.934;58.760
1590;36;34;85.934;59.450
1591;34;36;78.156;51.650
1591;36;34;78.156;52.340
1592;34;37;87.199;62.570
1592;37;34;87.199;63.830
1593;34;38;68.195;61.420
1593;38;34;68.195;63.300
1594;34;39;20.827;3.770
1594;39;34;65.827;55.800
1595;34;39;16.108;0.740
1595;39;34;61.108;52.770
1596;35;36;72.922;57.610
1596;36;35;72.922;57.830
1597;35;36;78.813;59.170
1597;36;35;78.813;59.390
1598;35;36;74.959;74.970
1598;36;35;74.959;75.190
1599;35;37;91.577;74.980
1599;37;35;91.577;75.770
1600;35;37;89.511;65.040
1600;37;35;89.511;65.830
1601;35;38;71.250;55.970
1601;38;35;71.250;57.380
1602;35;38;67.989;60.780
1602;38;35;67.989;62.190
1603;35;39;7.648;3.260
1603;39;35;52.648;54.820
1604;35;39;6.215;10.220
1604;39;35;51.215;61.780
1605;35;39;8.270;3.520
1605;39;35;53.270;55.080
1606;36;37;119.411;73.400
1606;37;36;119.411;73.970
1607;36;38;98.797;54.750
1607;38;36;98.797;55.940
1608;36;38;87.019;56.960
1608;38;36;87.019;58.150
1609;36;39;22.042;2.130
1609;39;36;67.042;53.470
1610;36;39;25.667;2.810
1610;39;36;70.667;54.150
1611;37;38;65.867;64.740
1611;38;37;65.867;65.360
1612;37;38;70.698;51.890
1612;38;37;70.698;52.510
1613;37;39;52.651;21.020
1613;39;37;97.651;71.790
1614;37;39;47.308;4.100
1614;39;37;92.308;54.870
1615;38;39;31.884;5.580
1615;39;38;76.884;55.730
