40
540.0
0;0;1;68.796;106.730
0;1;0;23.796;6.730
1;0;1;74.506;111.810
1;1;0;29.506;11.810
2;0;1;69.689;103.040
2;1;0;24.689;3.040
3;0;2;94.491;97.250
3;2;0;49.491;3.530
4;0;2;91.890;104.250
4;2;0;46.890;10.530
5;0;2;95.794;106.290
5;2;0;50.794;12.570
6;0;3;78.232;91.300
6;3;0;33.232;4.090
7;0;4;103.284;85.270
7;4;0;58.284;2.170
8;0;4;96.116;102.140
8;4;0;51.116;19.040
9;0;5;67.496;95.730
9;5;0;22.496;12.810
10;0;5;72.816;103.920
10;5;0;27.816;21.000
11;0;5;66.630;98.230
11;5;0;21.630;15.310
12;0;6;71.736;88.610
12;6;0;26.736;6.630
13;0;6;76.960;103.760
13;6;0;31.960;21.780
14;0;7;94.508;102.670
14;7;0;49.508;20.890
15;0;7;103.351;97.780
15;7;0;58.351;16.000
16;0;8;75.107;85.230
16;8;0;30.107;3.600
17;0;9;69.972;83.740
17;9;0;24.972;4.740
18;0;9;74.176;88.800
18;9;0;29.176;9.800
19;0;10;67.688;79.960
19;10;0;22.688;2.770
20;0;10;71.092;77.550
20;10;0;26.092;0.360
21;0;11;141.367;83.780
21;11;0;96.367;7.800
22;0;11;159.624;76.310
22;11;0;114.624;0.330
23;0;12;71.770;93.540
23;12;0;26.770;18.740
24;0;12;65.946;87.970
24;12;0;20.946;13.170
25;0;13;71.416;86.500
25;13;0;26.416;11.750
26;0;13;66.125;80.660
26;13;0;21.125;5.910
27;0;13;75.091;87.440
27;13;0;30.091;12.690
28;0;14;53.671;77.050
28;14;0;8.671;4.300
29;0;14;55.780;95.250
29;14;0;10.780;22.500
30;0;15;63.196;85.370
30;15;0;18.196;15.560
31;0;15;65.771;87.890
31;15;0;20.771;18.080
32;0;15;65.990;89.950
32;15;0;20.990;20.140
33;0;16;76.884;93.090
33;16;0;31.884;23.870
34;0;16;69.064;90.200
34;16;0;24.064;20.980
35;0;17;77.509;70.160
35;17;0;32.509;3.750
36;0;17;82.212;74.870
36;17;0;37.212;8.460
37;0;18;53.647;88.010
37;18;0;8.647;22.020
38;0;18;53.301;90.240
38;18;0;8.301;24.250
39;0;19;54.829;85.120
39;19;0;9.829;19.410
40;0;19;53.838;72.990
40;19;0;8.838;7.280
41;0;20;74.975;83.260
41;20;0;29.975;18.730
42;0;20;70.778;84.270
42;20;0;25.778;19.740
43;0;20;78.533;67.250
43;20;0;33.533;2.720
44;0;21;76.387;85.750
44;21;0;31.387;21.350
45;0;22;55.043;77.230
45;22;0;10.043;13.090
46;0;23;73.285;67.370
46;23;0;28.285;3.370
47;0;23;73.722;69.580
47;23;0;28.722;5.580
48;0;23;70.355;64.310
48;23;0;25.355;0.310
49;0;24;67.308;85.070
49;24;0;22.308;21.400
50;0;24;62.929;83.520
50;24;0;17.929;19.850
51;0;24;69.080;70.440
51;24;0;24.080;6.770
52;0;25;86.795;72.130
52;25;0;41.795;8.470
53;0;25;79.942;75.150
53;25;0;34.942;11.490
54;0;26;90.309;87.040
54;26;0;45.309;23.400
55;0;26;99.432;66.290
55;26;0;54.432;2.650
56;0;26;89.484;71.790
56;26;0;44.484;8.150
57;0;27;62.194;81.440
57;27;0;17.194;18.620
58;0;27;63.220;68.760
58;27;0;18.220;5.940
59;0;28;72.562;72.810
59;28;0;27.562;10.130
60;0;29;58.217;68.800
60;29;0;13.217;6.630
61;0;29;59.496;72.400
61;29;0;14.496;10.230
62;0;30;81.549;67.090
62;30;0;36.549;5.220
63;0;30;77.331;70.740
63;30;0;32.331;8.870
64;0;30;76.831;82.900
64;30;0;31.831;21.030
65;0;31;87.745;64.940
65;31;0;42.745;3.400
66;0;32;138.673;80.750
66;32;0;93.673;20.480
67;0;32;147.925;66.300
67;32;0;102.925;6.030
68;0;33;80.108;69.070
68;33;0;35.108;8.880
69;0;33;88.681;75.000
69;33;0;43.681;14.810
70;0;33;77.447;70.800
70;33;0;32.447;10.610
71;0;34;61.208;67.100
71;34;0;16.208;7.690
72;0;34;64.375;73.180
72;34;0;19.375;13.770
73;0;35;64.222;60.500
73;35;0;19.222;1.400
74;0;35;60.005;76.300
74;35;0;15.005;17.200
75;0;35;60.456;80.330
75;35;0;15.456;21.230
76;0;36;76.553;66.980
76;36;0;31.553;8.180
77;0;37;63.520;74.060
77;37;0;18.520;15.790
78;0;38;63.520;76.640
78;38;0;18.520;19.650
79;0;39;0.000;15.790
79;39;0;0.000;15.790
80;0;39;0.000;4.750
80;39;0;0.000;4.750
81;1;2;110.336;115.000
81;2;1;110.336;121.280
82;1;2;104.802;104.560
82;2;1;104.802;110.840
83;1;2;119.525;104.690
83;2;1;119.525;110.970
84;1;3;90.169;96.300
84;3;1;90.169;109.090
85;1;3;84.176;89.170
85;3;1;84.176;101.960
86;1;4;111.860;85.110
86;4;1;111.860;102.010
87;1;5;90.080;85.190
87;5;1;90.080;102.270
88;1;6;81.092;90.190
88;6;1;81.092;108.210
89;1;6;88.642;93.390
89;6;1;88.642;111.410
90;1;7;95.417;103.930
90;7;1;95.417;122.150
91;1;7;101.571;88.100
91;7;1;101.571;106.320
92;1;7;84.847;93.750
92;7;1;84.847;111.970
93;1;8;89.354;102.670
93;8;1;89.354;121.040
94;1;8;92.439;87.320
94;8;1;92.439;105.690
95;1;8;78.322;99.150
95;8;1;78.322;117.520
96;1;9;79.321;80.330
96;9;1;79.321;101.330
97;1;9;87.655;103.470
97;9;1;87.655;124.470
98;1;9;82.018;99.740
98;9;1;82.018;120.740
99;1;10;91.481;86.780
99;10;1;91.481;109.590
100;1;10;82.160;95.420
100;10;1;82.160;118.230
101;1;10;81.089;86.590
101;10;1;81.089;109.400
102;1;11;162.144;88.050
102;11;1;162.144;112.070
103;1;11;171.583;100.140
103;11;1;171.583;124.160
104;1;11;144.113;90.020
104;11;1;144.113;114.040
105;1;12;83.599;95.040
105;12;1;83.599;120.240
106;1;12;89.942;86.290
106;12;1;89.942;111.490
107;1;13;82.919;75.850
107;13;1;82.919;101.100
108;1;13;88.645;90.210
108;13;1;88.645;115.460
109;1;13;83.224;79.500
109;13;1;83.224;104.750
110;1;14;77.461;73.080
110;14;1;77.461;100.330
111;1;14;82.038;75.100
111;14;1;82.038;102.350
112;1;14;81.195;86.230
112;14;1;81.195;113.480
113;1;15;84.989;89.730
113;15;1;84.989;119.920
114;1;16;100.020;72.440
114;16;1;100.020;103.220
115;1;16;111.729;71.530
115;16;1;111.729;102.310
116;1;17;100.131;73.730
116;17;1;100.131;107.320
117;1;18;76.730;89.230
117;18;1;76.730;123.240
118;1;18;83.582;89.100
118;18;1;83.582;123.110
119;1;18;80.194;89.180
119;18;1;80.194;123.190
120;1;19;74.708;67.050
120;19;1;74.708;101.340
121;1;20;84.495;77.010
121;20;1;84.495;112.480
122;1;20;87.336;65.010
122;20;1;87.336;100.480
123;1;20;93.136;73.190
123;20;1;93.136;108.660
124;1;21;53.115;66.490
124;21;1;53.115;102.090
125;1;21;51.882;81.290
125;21;1;51.882;116.890
126;1;22;78.565;83.320
126;22;1;78.565;119.180
127;1;22;78.121;88.170
127;22;1;78.121;124.030
128;1;22;75.742;74.060
128;22;1;75.742;109.920
129;1;23;51.988;67.800
129;23;1;51.988;103.800
130;1;23;52.985;72.690
130;23;1;52.985;108.690
131;1;23;53.341;78.120
131;23;1;53.341;114.120
132;1;24;90.082;71.060
132;24;1;90.082;107.390
133;1;25;93.633;74.070
133;25;1;93.633;110.410
134;1;25;93.332;63.820
134;25;1;93.332;100.160
135;1;25;86.572;76.860
135;25;1;86.572;113.200
136;1;26;113.670;69.260
136;26;1;113.670;105.620
137;1;27;84.892;64.390
137;27;1;84.892;101.570
138;1;28;86.226;83.810
138;28;1;86.226;121.130
139;1;28;80.656;84.740
139;28;1;80.656;122.060
140;1;28;78.511;86.820
140;28;1;78.511;124.140
141;1;29;76.108;63.920
141;29;1;76.108;101.750
142;1;29;82.045;85.750
142;29;1;82.045;123.580
143;1;29;79.175;63.930
143;29;1;79.175;101.760
144;1;30;91.542;74.870
144;30;1;91.542;113.000
145;1;30;91.588;85.900
145;30;1;91.588;124.030
146;1;30;89.198;75.410
146;30;1;89.198;113.540
147;1;31;92.145;81.370
147;31;1;92.145;119.830
148;1;31;95.972;82.760
148;31;1;95.972;121.220
149;1;31;81.759;78.210
149;31;1;81.759;116.670
150;1;32;142.123;80.090
150;32;1;142.123;119.820
151;1;32;143.641;60.350
151;32;1;143.641;100.080
152;1;32;131.357;79.830
152;32;1;131.357;119.560
153;1;33;98.025;70.720
153;33;1;98.025;110.530
154;1;33;87.475;67.470
154;33;1;87.475;107.280
155;1;33;94.957;81.490
155;33;1;94.957;121.300
156;1;34;82.266;77.380
156;34;1;82.266;117.970
157;1;35;64.619;68.000
157;35;1;64.619;108.900
158;1;35;60.692;64.690
158;35;1;60.692;105.590
159;1;35;67.486;62.470
159;35;1;67.486;103.370
160;1;36;53.558;67.310
160;36;1;53.558;108.510
161;1;36;52.909;76.550
161;36;1;52.909;117.750
162;1;36;53.457;79.610
162;36;1;53.457;120.810
163;1;37;85.525;71.900
163;37;1;85.525;113.630
164;1;37;81.749;63.890
164;37;1;81.749;105.620
165;1;37;79.728;81.890
165;37;1;79.728;123.620
166;1;38;85.525;59.710
166;38;1;85.525;102.720
167;1;39;23.796;2.990
167;39;1;68.796;102.990
168;1;39;28.572;22.180
168;39;1;73.572;122.180
169;1;39;23.253;11.370
169;39;1;68.253;111.370
170;2;3;65.896;104.000
170;3;2;65.896;110.510
171;2;3;67.103;96.910
171;3;2;67.103;103.420
172;2;4;66.975;105.200
172;4;2;66.975;115.820
173;2;4;68.947;99.900
173;4;2;68.947;110.520
174;2;4;69.702;94.890
174;4;2;69.702;105.510
175;2;5;77.528;83.680
175;5;2;77.528;94.480
176;2;5;72.298;89.190
176;5;2;72.298;99.990
177;2;6;74.997;101.150
177;6;2;74.997;112.890
178;2;6;73.958;93.570
178;6;2;73.958;105.310
179;2;6;75.681;87.270
179;6;2;75.681;99.010
180;2;7;81.911;98.450
180;7;2;81.911;110.390
181;2;8;65.984;97.670
181;8;2;65.984;109.760
182;2;8;63.310;96.700
182;8;2;63.310;108.790
183;2;9;76.517;100.250
183;9;2;76.517;114.970
184;2;10;86.520;99.040
184;10;2;86.520;115.570
185;2;10;77.323;92.920
185;10;2;77.323;109.450
186;2;11;100.850;92.230
186;11;2;100.850;109.970
187;2;12;71.892;82.510
187;12;2;71.892;101.430
188;2;12;66.494;97.300
188;12;2;66.494;116.220
189;2;13;72.608;96.350
189;13;2;72.608;115.320
190;2;13;77.374;85.640
190;13;2;77.374;104.610
191;2;14;90.133;86.770
191;14;2;90.133;107.740
192;2;14;87.730;76.240
192;14;2;87.730;97.210
193;2;14;99.611;73.140
193;14;2;99.611;94.110
194;2;15;78.322;71.210
194;15;2;78.322;95.120
195;2;15;76.359;86.160
195;15;2;76.359;110.070
196;2;16;77.378;79.870
196;16;2;77.378;104.370
197;2;16;72.836;88.810
197;16;2;72.836;113.310
198;2;17;74.022;83.810
198;17;2;74.022;111.120
199;2;17;69.561;88.780
199;17;2;69.561;116.090
200;2;17;69.920;76.230
200;17;2;69.920;103.540
201;2;18;87.276;79.440
201;18;2;87.276;107.170
202;2;18;92.669;83.820
202;18;2;92.669;111.550
203;2;19;84.694;80.140
203;19;2;84.694;108.150
204;2;19;78.684;78.750
204;19;2;78.684;106.760
205;2;19;85.465;70.200
205;19;2;85.465;98.210
206;2;20;72.129;80.640
206;20;2;72.129;109.830
207;2;21;114.299;66.040
207;21;2;114.299;95.360
208;2;21;103.202;86.950
208;21;2;103.202;116.270
209;2;22;92.682;85.120
209;22;2;92.682;114.700
210;2;22;82.750;73.920
210;22;2;82.750;103.500
211;2;22;90.837;75.650
211;22;2;90.837;105.230
212;2;23;117.069;83.120
212;23;2;117.069;112.840
213;2;23;125.258;82.010
213;23;2;125.258;111.730
214;2;23;134.770;81.740
214;23;2;134.770;111.460
215;2;24;78.306;71.230
215;24;2;78.306;101.280
216;2;24;82.618;84.850
216;24;2;82.618;114.900
217;2;24;71.383;79.250
217;24;2;71.383;109.300
218;2;25;70.235;71.950
218;25;2;70.235;102.010
219;2;25;66.420;84.680
219;25;2;66.420;114.740
220;2;26;80.955;66.740
220;26;2;80.955;96.820
221;2;26;86.183;84.960
221;26;2;86.183;115.040
222;2;27;80.845;77.820
222;27;2;80.845;108.720
223;2;27;79.889;66.670
223;27;2;79.889;97.570
224;2;28;69.109;70.480
224;28;2;69.109;101.520
225;2;28;67.347;65.030
225;28;2;67.347;96.070
226;2;28;64.424;68.390
226;28;2;64.424;99.430
227;2;29;81.604;62.290
227;29;2;81.604;93.840
228;2;29;86.361;69.260
228;29;2;86.361;100.810
229;2;29;73.349;71.650
229;29;2;73.349;103.200
230;2;30;66.570;63.910
230;30;2;66.570;95.760
231;2;30;65.199;68.280
231;30;2;65.199;100.130
232;2;31;74.925;81.570
232;31;2;74.925;113.750
233;2;32;102.209;68.960
233;32;2;102.209;102.410
234;2;33;59.867;71.230
234;33;2;59.867;104.760
235;2;34;79.030;66.620
235;34;2;79.030;100.930
236;2;34;78.029;72.460
236;34;2;78.029;106.770
237;2;34;84.760;60.890
237;34;2;84.760;95.200
238;2;35;113.662;59.310
238;35;2;113.662;93.930
239;2;35;116.857;63.500
239;35;2;116.857;98.120
240;2;35;100.829;77.710
240;35;2;100.829;112.330
241;2;36;113.875;76.880
241;36;2;113.875;111.800
242;2;37;78.457;63.900
242;37;2;78.457;99.350
243;2;37;75.171;67.470
243;37;2;75.171;102.920
244;2;38;78.457;63.950
244;38;2;78.457;100.680
245;2;38;70.927;69.780
245;38;2;70.927;106.510
246;2;39;49.491;4.080
246;39;2;94.491;97.800
247;2;39;46.807;11.050
247;39;2;91.807;104.770
248;2;39;48.768;18.640
248;39;2;93.768;112.360
249;3;4;70.157;106.680
249;4;3;70.157;110.790
250;3;5;70.556;90.700
250;5;3;70.556;94.990
251;3;5;76.171;90.680
251;5;3;76.171;94.970
252;3;6;54.199;104.910
252;6;3;54.199;110.140
253;3;6;55.865;106.790
253;6;3;55.865;112.020
254;3;6;53.523;103.550
254;6;3;53.523;108.780
255;3;7;69.021;97.910
255;7;3;69.021;103.340
256;3;8;49.830;96.800
256;8;3;49.830;102.380
257;3;9;55.870;83.400
257;9;3;55.870;91.610
258;3;9;55.777;92.950
258;9;3;55.777;101.160
259;3;9;53.820;90.530
259;9;3;53.820;98.740
260;3;10;80.092;86.180
260;10;3;80.092;96.200
261;3;11;121.063;87.280
261;11;3;121.063;98.510
262;3;12;51.816;93.040
262;12;3;51.816;105.450
263;3;13;52.399;95.880
263;13;3;52.399;108.340
264;3;13;53.896;78.510
264;13;3;53.896;90.970
265;3;13;53.298;82.120
265;13;3;53.298;94.580
266;3;14;76.950;73.480
266;14;3;76.950;87.940
267;3;14;78.325;87.320
267;14;3;78.325;101.780
268;3;14;79.690;78.590
268;14;3;79.690;93.050
269;3;15;67.745;90.050
269;15;3;67.745;107.450
270;3;15;72.857;80.540
270;15;3;72.857;97.940
271;3;15;68.035;82.010
271;15;3;68.035;99.410
272;3;16;76.901;85.330
272;16;3;76.901;103.320
273;3;17;74.210;74.790
273;17;3;74.210;95.590
274;3;18;73.348;66.620
274;18;3;73.348;87.840
275;3;18;79.373;88.180
275;18;3;79.373;109.400
276;3;19;68.842;77.590
276;19;3;68.842;99.090
277;3;19;72.214;67.400
277;19;3;72.214;88.900
278;3;20;51.249;69.250
278;20;3;51.249;91.930
279;3;20;51.393;76.360
279;20;3;51.393;99.040
280;3;21;93.597;73.690
280;21;3;93.597;96.500
281;3;22;80.128;78.600
281;22;3;80.128;101.670
282;3;22;75.007;70.840
282;22;3;75.007;93.910
283;3;22;88.275;73.190
283;22;3;88.275;96.260
284;3;23;97.055;82.850
284;23;3;97.055;106.060
285;3;23;96.509;76.430
285;23;3;96.509;99.640
286;3;24;71.367;70.620
286;24;3;71.367;94.160
287;3;24;71.807;76.730
287;24;3;71.807;100.270
288;3;24;70.011;64.640
288;24;3;70.011;88.180
289;3;25;56.583;70.720
289;25;3;56.583;94.270
290;3;25;59.191;87.360
290;25;3;59.191;110.910
291;3;25;59.033;86.460
291;25;3;59.033;110.010
292;3;26;87.271;85.650
292;26;3;87.271;109.220
293;3;26;78.616;79.380
293;26;3;78.616;102.950
294;3;26;96.717;70.940
294;26;3;96.717;94.510
295;3;27;70.659;78.780
295;27;3;70.659;103.170
296;3;28;50.893;74.180
296;28;3;50.893;98.710
297;3;28;51.025;75.770
297;28;3;51.025;100.300
298;3;28;49.587;87.630
298;28;3;49.587;112.160
299;3;29;65.207;71.460
299;29;3;65.207;96.500
300;3;29;62.584;78.810
300;29;3;62.584;103.850
301;3;30;49.411;68.950
301;30;3;49.411;94.290
302;3;30;50.475;70.930
302;30;3;50.475;96.270
303;3;30;49.786;62.110
303;30;3;49.786;87.450
304;3;31;60.318;71.400
304;31;3;60.318;97.070
305;3;31;59.527;84.710
305;31;3;59.527;110.380
306;3;31;61.879;64.550
306;31;3;61.879;90.220
307;3;32;106.618;61.770
307;32;3;106.618;88.710
308;3;32;121.036;71.600
308;32;3;121.036;98.540
309;3;32;115.339;70.150
309;32;3;115.339;97.090
310;3;33;59.211;75.250
310;33;3;59.211;102.270
311;3;33;55.767;80.430
311;33;3;55.767;107.450
312;3;33;58.189;71.980
312;33;3;58.189;99.000
313;3;34;66.534;82.930
313;34;3;66.534;110.730
314;3;34;71.380;60.870
314;34;3;71.380;88.670
315;3;35;96.433;75.790
315;35;3;96.433;103.900
316;3;35;97.146;68.530
316;35;3;97.146;96.640
317;3;36;93.138;71.030
317;36;3;93.138;99.440
318;3;36;85.285;77.020
318;36;3;85.285;105.430
319;3;36;104.964;59.220
319;36;3;104.964;87.630
320;3;37;68.314;74.690
320;37;3;68.314;103.630
321;3;37;66.935;63.890
321;37;3;66.935;92.830
322;3;37;69.731;82.870
322;37;3;69.731;111.810
323;3;38;68.314;60.420
323;38;3;68.314;90.640
324;3;38;62.809;58.210
324;38;3;62.809;88.430
325;3;38;67.364;71.620
325;38;3;67.364;101.840
326;3;39;33.232;5.700
326;39;3;78.232;92.910
327;4;5;93.284;101.800
327;5;4;93.284;101.980
328;4;5;89.398;94.560
328;5;4;89.398;94.740
329;4;5;86.316;92.130
329;5;4;86.316;92.310
330;4;6;77.227;99.890
330;6;4;77.227;101.010
331;4;7;67.443;102.880
331;7;4;67.443;104.200
332;4;8;74.047;102.490
332;8;4;74.047;103.960
333;4;8;71.202;85.330
333;8;4;71.202;86.800
334;4;9;79.121;81.660
334;9;4;79.121;85.760
335;4;10;103.017;90.670
335;10;4;103.017;96.580
336;4;10;106.533;83.630
336;10;4;106.533;89.540
337;4;11;115.880;100.160
337;11;4;115.880;107.280
338;4;11;119.954;95.670
338;11;4;119.954;102.790
339;4;11;111.773;83.350
339;11;4;111.773;90.470
340;4;12;76.525;87.390
340;12;4;76.525;95.690
341;4;12;70.973;77.080
341;12;4;70.973;85.380
342;4;13;76.918;86.310
342;13;4;76.918;94.660
343;4;13;84.599;76.250
343;13;4;84.599;84.600
344;4;13;72.007;91.270
344;13;4;72.007;99.620
345;4;14;101.963;83.560
345;14;4;101.963;93.910
346;4;14;95.234;96.960
346;14;4;95.234;107.310
347;4;15;91.819;71.780
347;15;4;91.819;85.070
348;4;15;100.170;80.800
348;15;4;100.170;94.090
349;4;15;94.589;87.810
349;15;4;94.589;101.100
350;4;16;96.445;80.000
350;16;4;96.445;93.880
351;4;17;93.168;80.370
351;17;4;93.168;97.060
352;4;17;96.666;81.400
352;17;4;96.666;98.090
353;4;17;99.132;67.610
353;17;4;99.132;84.300
354;4;18;98.422;89.690
354;18;4;98.422;106.800
355;4;19;93.998;70.370
355;19;4;93.998;87.760
356;4;20;73.729;74.140
356;20;4;73.729;92.710
357;4;20;70.052;86.120
357;20;4;70.052;104.690
358;4;20;73.097;72.470
358;20;4;73.097;91.040
359;4;21;113.337;73.110
359;21;4;113.337;91.810
360;4;21;129.279;83.240
360;21;4;129.279;101.940
361;4;22;105.077;80.840
361;22;4;105.077;99.800
362;4;23;118.841;66.290
362;23;4;118.841;85.390
363;4;23;132.996;77.880
363;23;4;132.996;96.980
364;4;23;121.980;85.890
364;23;4;121.980;104.990
365;4;24;94.129;85.850
365;24;4;94.129;105.280
366;4;24;91.195;74.980
366;24;4;91.195;94.410
367;4;24;97.253;73.830
367;24;4;97.253;93.260
368;4;25;63.228;65.120
368;25;4;63.228;84.560
369;4;25;59.677;85.520
369;25;4;59.677;104.960
370;4;25;67.106;72.430
370;25;4;67.106;91.870
371;4;26;102.399;77.900
371;26;4;102.399;97.360
372;4;26;113.029;84.040
372;26;4;113.029;103.500
373;4;27;94.732;67.100
373;27;4;94.732;87.380
374;4;27;83.569;65.800
374;27;4;83.569;86.080
375;4;28;76.010;77.980
375;28;4;76.010;98.400
376;4;28;71.389;72.380
376;28;4;71.389;92.800
377;4;29;90.358;71.990
377;29;4;90.358;92.920
378;4;29;84.876;67.190
378;29;4;84.876;88.120
379;4;29;100.056;76.820
379;29;4;100.056;97.750
380;4;30;66.784;83.250
380;30;4;66.784;104.480
381;4;31;65.472;65.080
381;31;4;65.472;86.640
382;4;32;82.380;68.010
382;32;4;82.380;90.840
383;4;32;77.758;85.240
383;32;4;77.758;108.070
384;4;32;84.704;82.810
384;32;4;84.704;105.640
385;4;33;76.245;67.630
385;33;4;76.245;90.540
386;4;33;73.527;63.790
386;33;4;73.527;86.700
387;4;34;91.165;72.710
387;34;4;91.165;96.400
388;4;34;84.223;80.300
388;34;4;84.223;103.990
389;4;35;120.973;62.510
389;35;4;120.973;86.510
390;4;36;112.696;71.560
390;36;4;112.696;95.860
391;4;36;127.965;79.980
391;36;4;127.965;104.280
392;4;36;97.956;75.500
392;36;4;97.956;99.800
393;4;37;92.259;66.430
393;37;4;92.259;91.260
394;4;38;92.259;58.170
394;38;4;92.259;84.280
395;4;38;96.419;72.230
395;38;4;96.419;98.340
396;4;38;88.573;66.400
396;38;4;88.573;92.510
397;4;39;58.284;17.160
397;39;4;103.284;100.260
398;5;6;70.880;85.960
398;6;5;70.880;86.900
399;5;7;93.924;88.830
399;7;5;93.924;89.970
400;5;8;65.740;88.350
400;8;5;65.740;89.640
401;5;8;68.810;83.750
401;8;5;68.810;85.040
402;5;9;70.339;101.420
402;9;5;70.339;105.340
403;5;9;71.514;97.340
403;9;5;71.514;101.260
404;5;10;54.749;89.980
404;10;5;54.749;95.710
405;5;11;119.040;92.100
405;11;5;119.040;99.040
406;5;11;134.090;79.700
406;11;5;134.090;86.640
407;5;12;67.821;88.760
407;12;5;67.821;96.880
408;5;12;64.803;81.130
408;12;5;64.803;89.250
409;5;13;68.133;92.950
409;13;5;68.133;101.120
410;5;14;59.979;96.920
410;14;5;59.979;107.090
411;5;14;63.239;79.500
411;14;5;63.239;89.670
412;5;15;50.468;90.130
412;15;5;50.468;103.240
413;5;15;51.416;80.540
413;15;5;51.416;93.650
414;5;15;49.955;82.930
414;15;5;49.955;96.040
415;5;16;55.181;71.730
415;16;5;55.181;85.430
416;5;16;54.101;91.400
416;16;5;54.101;105.100
417;5;17;55.085;83.510
417;17;5;55.085;100.020
418;5;17;55.354;73.050
418;17;5;55.354;89.560
419;5;17;54.034;72.700
419;17;5;54.034;89.210
420;5;18;58.852;73.970
420;18;5;58.852;90.900
421;5;18;61.837;75.880
421;18;5;61.837;92.810
422;5;19;60.606;71.460
422;19;5;60.606;88.670
423;5;19;63.970;88.250
423;19;5;63.970;105.460
424;5;20;71.979;83.370
424;20;5;71.979;101.760
425;5;21;96.814;83.320
425;21;5;96.814;101.840
426;5;22;61.512;84.700
426;22;5;61.512;103.480
427;5;22;57.950;74.290
427;22;5;57.950;93.070
428;5;22;63.455;67.280
428;22;5;63.455;86.060
429;5;23;95.384;88.730
429;23;5;95.384;107.650
430;5;23;82.799;74.280
430;23;5;82.799;93.200
431;5;24;45.845;77.230
431;24;5;45.845;96.480
432;5;25;82.094;77.470
432;25;5;82.094;96.730
433;5;26;68.888;64.870
433;26;5;68.888;84.150
434;5;27;50.307;80.830
434;27;5;50.307;100.930
435;5;28;65.552;78.410
435;28;5;65.552;98.650
436;5;29;60.584;77.010
436;29;5;60.584;97.760
437;5;29;60.925;75.780
437;29;5;60.925;96.530
438;5;29;60.784;84.110
438;29;5;60.784;104.860
439;5;30;74.967;84.800
439;30;5;74.967;105.850
440;5;31;85.360;82.970
440;31;5;85.360;104.350
441;5;32;130.650;82.940
441;32;5;130.650;105.590
442;5;32;112.531;65.860
442;32;5;112.531;88.510
443;5;32;140.540;83.610
443;32;5;140.540;106.260
444;5;33;62.990;72.300
444;33;5;62.990;95.030
445;5;33;65.393;64.290
445;33;5;65.393;87.020
446;5;33;59.646;70.210
446;33;5;59.646;92.940
447;5;34;53.489;66.440
447;34;5;53.489;89.950
448;5;34;51.828;62.400
448;34;5;51.828;85.910
449;5;35;85.599;68.900
449;35;5;85.599;92.720
450;5;35;79.006;62.020
450;35;5;79.006;85.840
451;5;35;79.206;75.650
451;35;5;79.206;99.470
452;5;36;96.773;73.470
452;36;5;96.773;97.590
453;5;36;93.278;83.050
453;36;5;93.278;107.170
454;5;37;49.777;78.780
454;37;5;49.777;103.430
455;5;37;50.641;64.220
455;37;5;50.641;88.870
456;5;37;49.037;67.220
456;37;5;49.037;91.870
457;5;38;49.777;62.100
457;38;5;49.777;88.030
458;5;38;49.506;70.070
458;38;5;49.506;96.000
459;5;38;48.709;80.540
459;38;5;48.709;106.470
460;5;39;22.496;13.380
460;39;5;67.496;96.300
461;5;39;28.043;6.830
461;39;5;73.043;89.750
462;6;7;69.134;96.820
462;7;6;69.134;97.020
463;6;7;75.000;96.280
463;7;6;75.000;96.480
464;6;7;66.066;89.810
464;7;6;66.066;90.010
465;6;8;55.054;99.390
465;8;6;55.054;99.740
466;6;8;52.718;95.410
466;8;6;52.718;95.760
467;6;8;52.549;99.110
467;8;6;52.549;99.460
468;6;9;46.897;94.280
468;9;6;46.897;97.260
469;6;9;46.945;89.160
469;9;6;46.945;92.140
470;6;10;79.348;91.190
470;10;6;79.348;95.980
471;6;10;77.239;94.070
471;10;6;77.239;98.860
472;6;10;86.059;78.390
472;10;6;86.059;83.180
473;6;11;129.631;78.290
473;11;6;129.631;84.290
474;6;11;118.754;91.070
474;11;6;118.754;97.070
475;6;12;48.909;79.070
475;12;6;48.909;86.250
476;6;12;49.304;93.050
476;12;6;49.304;100.230
477;6;13;48.248;99.350
477;13;6;48.248;106.580
478;6;13;48.840;78.800
478;13;6;48.840;86.030
479;6;14;72.607;89.630
479;14;6;72.607;98.860
480;6;14;68.713;76.030
480;14;6;68.713;85.260
481;6;15;66.505;88.530
481;15;6;66.505;100.700
482;6;15;66.133;83.020
482;15;6;66.133;95.190
483;6;16;79.368;92.480
483;16;6;79.368;105.240
484;6;16;71.313;87.000
484;16;6;71.313;99.760
485;6;16;78.484;89.890
485;16;6;78.484;102.650
486;6;17;77.326;79.620
486;17;6;77.326;95.190
487;6;17;77.829;90.560
487;17;6;77.829;106.130
488;6;18;68.890;85.660
488;18;6;68.890;101.650
489;6;19;63.528;72.140
489;19;6;63.528;88.410
490;6;20;48.532;75.930
490;20;6;48.532;93.380
491;6;21;84.399;76.920
491;21;6;84.399;94.500
492;6;21;79.049;83.930
492;21;6;79.049;101.510
493;6;22;75.900;82.160
493;22;6;75.900;100.000
494;6;23;88.017;71.160
494;23;6;88.017;89.140
495;6;23;81.888;82.000
495;23;6;81.888;99.980
496;6;23;86.735;85.330
496;23;6;86.735;103.310
497;6;24;71.558;88.660
497;24;6;71.558;106.970
498;6;24;76.670;76.100
498;24;6;76.670;94.410
499;6;24;66.703;83.770
499;24;6;66.703;102.080
500;6;25;60.062;66.160
500;25;6;60.062;84.480
501;6;25;59.265;67.590
501;25;6;59.265;85.910
502;6;26;91.477;79.710
502;26;6;91.477;98.050
503;6;26;79.883;73.480
503;26;6;79.883;91.820
504;6;27;69.083;85.540
504;27;6;69.083;104.700
505;6;27;65.076;78.030
505;27;6;65.076;97.190
506;6;28;52.406;86.360
506;28;6;52.406;105.660
507;6;28;51.026;72.740
507;28;6;51.026;92.040
508;6;29;60.035;86.530
508;29;6;60.035;106.340
509;6;29;61.159;70.120
509;29;6;61.159;89.930
510;6;29;61.331;85.200
510;29;6;61.331;105.010
511;6;30;55.686;65.750
511;30;6;55.686;85.860
512;6;31;61.368;82.070
512;31;6;61.368;102.510
513;6;32;111.937;65.700
513;32;6;111.937;87.410
514;6;33;65.863;77.800
514;33;6;65.863;99.590
515;6;33;67.966;76.120
515;33;6;67.966;97.910
516;6;33;68.047;68.430
516;33;6;68.047;90.220
517;6;34;64.252;74.250
517;34;6;64.252;96.820
518;6;34;65.740;77.550
518;34;6;65.740;100.120
519;6;35;88.764;75.380
519;35;6;88.764;98.260
520;6;35;80.106;77.450
520;35;6;80.106;100.330
521;6;36;83.943;68.410
521;36;6;83.943;91.590
522;6;36;80.672;59.540
522;36;6;80.672;82.720
523;6;36;91.540;81.440
523;36;6;91.540;104.620
524;6;37;67.227;62.940
524;37;6;67.227;86.650
525;6;37;64.642;63.970
525;37;6;64.642;87.680
526;6;37;68.572;59.110
526;37;6;68.572;82.820
527;6;38;67.227;65.360
527;38;6;67.227;90.350
528;6;39;26.736;16.520
528;39;6;71.736;98.500
529;7;8;73.717;97.750
529;8;7;73.717;97.900
530;7;8;72.609;106.020
530;8;7;72.609;106.170
531;7;8;69.319;95.830
531;8;7;69.319;95.980
532;7;9;70.455;94.780
532;9;7;70.455;97.560
533;7;9;76.265;94.490
533;9;7;76.265;97.270
534;7;10;103.016;92.930
534;10;7;103.016;97.520
535;7;10;112.319;78.510
535;10;7;112.319;83.100
536;7;11;136.357;92.150
536;11;7;136.357;97.950
537;7;11;119.066;79.840
537;11;7;119.066;85.640
538;7;11;148.082;79.770
538;11;7;148.082;85.570
539;7;12;71.323;86.940
539;12;7;71.323;93.920
540;7;12;73.285;98.970
540;12;7;73.285;105.950
541;7;12;65.576;80.120
541;12;7;65.576;87.100
542;7;13;71.164;92.750
542;13;7;71.164;99.780
543;7;14;96.604;96.560
543;14;7;96.604;105.590
544;7;15;90.195;88.950
544;15;7;90.195;100.920
545;7;16;100.908;78.490
545;16;7;100.908;91.050
546;7;17;98.228;79.130
546;17;7;98.228;94.500
547;7;17;104.661;85.030
547;17;7;104.661;100.400
548;7;17;88.681;80.330
548;17;7;88.681;95.700
549;7;18;92.906;81.260
549;18;7;92.906;97.050
550;7;18;83.662;77.490
550;18;7;83.662;93.280
551;7;18;103.254;69.010
551;18;7;103.254;84.800
552;7;19;87.406;76.510
552;19;7;87.406;92.580
553;7;19;79.626;70.950
553;19;7;79.626;87.020
554;7;20;67.112;74.280
554;20;7;67.112;91.530
555;7;21;94.934;67.650
555;21;7;94.934;85.030
556;7;21;85.427;82.430
556;21;7;85.427;99.810
557;7;22;99.891;69.440
557;22;7;99.891;87.080
558;7;22;99.673;86.550
558;22;7;99.673;104.190
559;7;23;102.108;85.680
559;23;7;102.108;103.460
560;7;24;94.686;71.780
560;24;7;94.686;89.890
561;7;25;57.957;73.960
561;25;7;57.957;92.080
562;7;25;54.774;83.780
562;25;7;54.774;101.900
563;7;25;56.936;78.020
563;25;7;56.936;96.140
564;7;26;110.986;80.490
564;26;7;110.986;98.630
565;7;27;92.930;85.310
565;27;7;92.930;104.270
566;7;27;83.171;84.400
566;27;7;83.171;103.360
567;7;28;73.380;82.980
567;28;7;73.380;102.080
568;7;28;76.593;85.880
568;28;7;76.593;104.980
569;7;28;76.096;72.510
569;28;7;76.096;91.610
570;7;29;84.055;76.660
570;29;7;84.055;96.270
571;7;30;64.858;68.150
571;30;7;64.858;88.060
572;7;31;53.703;83.360
572;31;7;53.703;103.600
573;7;31;53.263;67.300
573;31;7;53.263;87.540
574;7;32;91.711;76.060
574;32;7;91.711;97.570
575;7;32;100.746;84.190
575;32;7;100.746;105.700
576;7;33;82.429;76.080
576;33;7;82.429;97.670
577;7;33;89.135;68.880
577;33;7;89.135;90.470
578;7;34;88.212;64.510
578;34;7;88.212;86.880
579;7;35;108.856;68.640
579;35;7;108.856;91.320
580;7;35;122.406;72.690
580;35;7;122.406;95.370
581;7;35;123.603;66.550
581;35;7;123.603;89.230
582;7;36;94.181;59.420
582;36;7;94.181;82.400
583;7;36;98.591;59.830
583;36;7;98.591;82.810
584;7;37;90.875;61.260
584;37;7;90.875;84.770
585;7;37;83.469;65.710
585;37;7;83.469;89.220
586;7;37;90.006;73.990
586;37;7;90.006;97.500
587;7;38;90.875;76.300
587;38;7;90.875;101.090
588;7;38;85.072;81.380
588;38;7;85.072;106.170
589;7;38;101.360;58.890
589;38;7;101.360;83.680
590;7;39;49.508;7.260
590;39;7;94.508;89.040
591;8;9;56.138;99.960
591;9;8;56.138;102.590
592;8;10;75.314;99.190
592;10;8;75.314;103.630
593;8;10;75.543;99.250
593;10;8;75.543;103.690
594;8;11;119.701;99.700
594;11;8;119.701;105.350
595;8;12;51.317;78.090
595;12;8;51.317;84.920
596;8;12;51.020;81.350
596;12;8;51.020;88.180
597;8;12;52.882;96.330
597;12;8;52.882;103.160
598;8;13;52.058;99.340
598;13;8;52.058;106.220
599;8;14;72.936;91.560
599;14;8;72.936;100.440
600;8;15;63.125;80.380
600;15;8;63.125;92.200
601;8;16;72.199;75.330
601;16;8;72.199;87.740
602;8;16;77.576;74.120
602;16;8;77.576;86.530
603;8;17;69.601;73.190
603;17;8;69.601;88.410
604;8;18;69.444;80.840
604;18;8;69.444;96.480
605;8;18;65.522;90.040
605;18;8;65.522;105.680
606;8;19;65.413;79.210
606;19;8;65.413;95.130
607;8;19;63.713;68.690
607;19;8;63.713;84.610
608;8;19;60.587;67.120
608;19;8;60.587;83.040
609;8;20;53.554;86.530
609;20;8;53.554;103.630
610;8;20;53.891;89.180
610;20;8;53.891;106.280
611;8;20;54.017;83.770
611;20;8;54.017;100.870
612;8;21;93.521;85.150
612;21;8;93.521;102.380
613;8;21;88.745;81.410
613;21;8;88.745;98.640
614;8;22;76.032;71.450
614;22;8;76.032;88.940
615;8;22;78.911;75.230
615;22;8;78.911;92.720
616;8;23;96.088;75.910
616;23;8;96.088;93.540
617;8;23;103.016;68.060
617;23;8;103.016;85.690
618;8;24;66.555;76.010
618;24;8;66.555;93.970
619;8;25;61.410;86.030
619;25;8;61.410;104.000
620;8;25;59.416;64.220
620;25;8;59.416;82.190
621;8;25;63.890;72.040
621;25;8;63.890;90.010
622;8;26;82.998;72.500
622;26;8;82.998;90.490
623;8;26;79.814;68.650
623;26;8;79.814;86.640
624;8;27;66.053;84.900
624;27;8;66.053;103.710
625;8;27;63.463;82.890
625;27;8;63.463;101.700
626;8;28;48.134;71.690
626;28;8;48.134;90.640
627;8;28;47.546;63.480
627;28;8;47.546;82.430
628;8;29;61.893;86.500
628;29;8;61.893;105.960
629;8;29;57.739;85.820
629;29;8;57.739;105.280
630;8;29;59.657;82.980
630;29;8;59.657;102.440
631;8;30;54.238;82.290
631;30;8;54.238;102.050
632;8;30;52.267;62.250
632;30;8;52.267;82.010
633;8;30;53.185;79.370
633;30;8;53.185;99.130
634;8;31;65.023;65.980
634;31;8;65.023;86.070
635;8;31;62.485;75.960
635;31;8;62.485;96.050
636;8;32;110.940;68.610
636;32;8;110.940;89.970
637;8;32;114.946;80.420
637;32;8;114.946;101.780
638;8;33;55.896;65.380
638;33;8;55.896;86.820
639;8;33;57.247;66.840
639;33;8;57.247;88.280
640;8;33;57.596;63.200
640;33;8;57.596;84.640
641;8;34;62.161;61.920
641;34;8;62.161;84.140
642;8;35;93.824;61.810
642;35;8;93.824;84.340
643;8;35;95.675;68.650
643;35;8;95.675;91.180
644;8;35;95.383;76.730
644;35;8;95.383;99.260
645;8;36;93.137;80.410
645;36;8;93.137;103.240
646;8;37;63.660;73.100
646;37;8;63.660;96.460
647;8;37;65.141;70.010
647;37;8;65.141;93.370
648;8;37;67.028;59.390
648;37;8;67.028;82.750
649;8;38;63.660;67.980
649;38;8;63.660;92.620
650;8;39;30.107;7.470
650;39;8;75.107;89.100
651;8;39;35.209;22.870
651;39;8;80.209;104.500
652;8;39;33.940;1.920
652;39;8;78.940;83.550
653;9;10;78.502;90.650
653;10;9;78.502;92.460
654;9;10;76.787;86.120
654;10;9;76.787;87.930
655;9;10;83.460;97.120
655;10;9;83.460;98.930
656;9;11;130.837;99.160
656;11;9;130.837;102.180
657;9;11;150.662;99.250
657;11;9;150.662;102.270
658;9;12;49.821;98.420
658;12;9;49.821;102.620
659;9;12;48.823;84.990
659;12;9;48.823;89.190
660;9;12;49.257;98.900
660;12;9;49.257;103.100
661;9;13;49.080;75.680
661;13;9;49.080;79.930
662;9;14;71.162;77.700
662;14;9;71.162;83.950
663;9;14;74.205;84.460
663;14;9;74.205;90.710
664;9;14;65.587;75.980
664;14;9;65.587;82.230
665;9;15;65.726;88.100
665;15;9;65.726;97.290
666;9;15;69.948;93.640
666;15;9;69.948;102.830
667;9;15;68.135;83.580
667;15;9;68.135;92.770
668;9;16;79.163;70.940
668;16;9;79.163;80.720
669;9;16;76.874;75.030
669;16;9;76.874;84.810
670;9;16;72.826;80.690
670;16;9;72.826;90.470
671;9;17;77.276;77.940
671;17;9;77.276;90.530
672;9;17;81.327;79.840
672;17;9;81.327;92.430
673;9;18;67.456;78.360
673;18;9;67.456;91.370
674;9;18;62.253;73.550
674;18;9;62.253;86.560
675;9;18;70.853;79.360
675;18;9;70.853;92.370
676;9;19;62.004;74.020
676;19;9;62.004;87.310
677;9;20;50.426;69.360
677;20;9;50.426;83.830
678;9;20;51.111;74.470
678;20;9;51.111;88.940
679;9;21;82.798;67.850
679;21;9;82.798;82.450
680;9;22;74.452;78.490
680;22;9;74.452;93.350
681;9;23;86.229;82.460
681;23;9;86.229;97.460
682;9;23;92.642;65.300
682;23;9;92.642;80.300
683;9;24;70.980;67.360
683;24;9;70.980;82.690
684;9;25;61.863;80.900
684;25;9;61.863;96.240
685;9;25;64.284;70.250
685;25;9;64.284;85.590
686;9;25;60.166;73.890
686;25;9;60.166;89.230
687;9;26;91.565;84.670
687;26;9;91.565;100.030
688;9;27;68.190;63.160
688;27;9;68.190;79.340
689;9;28;53.231;85.700
689;28;9;53.231;102.020
690;9;29;58.601;81.220
690;29;9;58.601;98.050
691;9;29;57.112;76.380
691;29;9;57.112;93.210
692;9;29;57.418;66.650
692;29;9;57.418;83.480
693;9;30;57.572;76.670
693;30;9;57.572;93.800
694;9;30;59.590;78.170
694;30;9;59.590;95.300
695;9;30;58.203;83.830
695;30;9;58.203;100.960
696;9;31;62.936;73.260
696;31;9;62.936;90.720
697;9;31;62.715;65.850
697;31;9;62.715;83.310
698;9;32;113.717;79.780
698;32;9;113.717;98.510
699;9;32;110.886;80.280
699;32;9;110.886;99.010
700;9;32;127.075;77.290
700;32;9;127.075;96.020
701;9;33;66.734;78.360
701;33;9;66.734;97.170
702;9;33;66.925;64.050
702;33;9;66.925;82.860
703;9;33;65.287;67.690
703;33;9;65.287;86.500
704;9;34;63.311;71.620
704;34;9;63.311;91.210
705;9;35;86.877;66.030
705;35;9;86.877;85.930
706;9;36;82.362;78.950
706;36;9;82.362;99.150
707;9;37;66.465;75.690
707;37;9;66.465;96.420
708;9;37;68.445;69.540
708;37;9;68.445;90.270
709;9;38;66.465;66.050
709;38;9;66.465;88.060
710;9;38;63.712;62.270
710;38;9;63.712;84.280
711;9;38;66.959;73.340
711;38;9;66.959;95.350
712;9;39;24.972;12.110
712;39;9;69.972;91.110
713;9;39;28.465;13.390
713;39;9;73.465;92.390
714;9;39;20.596;20.860
714;39;9;65.596;99.860
715;10;11;122.822;85.250
715;11;10;122.822;86.460
716;10;11;125.382;92.210
716;11;10;125.382;93.420
717;10;12;76.705;75.270
717;12;10;76.705;77.660
718;10;12;75.643;79.480
718;12;10;75.643;81.870
719;10;13;76.911;77.980
719;13;10;76.911;80.420
720;10;13;80.438;81.840
720;13;10;80.438;84.280
721;10;14;59.020;95.700
721;14;10;59.020;100.140
722;10;14;59.837;75.300
722;14;10;59.837;79.740
723;10;15;57.858;93.930
723;15;10;57.858;101.310
724;10;15;56.513;79.050
724;15;10;56.513;86.430
725;10;16;57.000;80.030
725;16;10;57.000;88.000
726;10;16;54.034;84.240
726;16;10;54.034;92.210
727;10;17;59.400;76.790
727;17;10;59.400;87.570
728;10;18;60.381;74.260
728;18;10;60.381;85.460
729;10;18;63.582;75.210
729;18;10;63.582;86.410
730;10;18;57.738;81.070
730;18;10;57.738;92.270
731;10;19;64.811;79.460
731;19;10;64.811;90.940
732;10;19;63.627;85.120
732;19;10;63.627;96.600
733;10;20;80.915;66.380
733;20;10;80.915;79.040
734;10;20;76.472;67.370
734;20;10;76.472;80.030
735;10;21;98.965;76.280
735;21;10;98.965;89.070
736;10;22;58.441;77.720
736;22;10;58.441;90.770
737;10;22;61.475;72.750
737;22;10;61.475;85.800
738;10;22;57.428;84.680
738;22;10;57.428;97.730
739;10;23;95.763;74.340
739;23;10;95.763;87.530
740;10;23;94.123;66.310
740;23;10;94.123;79.500
741;10;24;53.905;70.850
741;24;10;53.905;84.370
742;10;25;91.542;71.300
742;25;10;91.542;84.830
743;10;25;86.128;63.930
743;25;10;86.128;77.460
744;10;26;68.621;76.440
744;26;10;68.621;89.990
745;10;26;70.553;75.780
745;26;10;70.553;89.330
746;10;26;73.417;68.000
746;26;10;73.417;81.550
747;10;27;55.323;81.660
747;27;10;55.323;96.030
748;10;28;74.821;70.470
748;28;10;74.821;84.980
749;10;29;66.444;74.900
749;29;10;66.444;89.920
750;10;30;84.488;76.490
750;30;10;84.488;91.810
751;10;30;79.438;69.210
751;30;10;79.438;84.530
752;10;31;94.578;69.440
752;31;10;94.578;85.090
753;10;32;140.389;67.370
753;32;10;140.389;84.290
754;10;32;117.140;64.810
754;32;10;117.140;81.730
755;10;33;72.411;61.310
755;33;10;72.411;78.310
756;10;33;72.739;83.140
756;33;10;72.739;100.140
757;10;33;73.931;77.550
757;33;10;73.931;94.550
758;10;34;60.221;62.330
758;34;10;60.221;80.110
759;10;34;57.651;84.390
759;34;10;57.651;102.170
760;10;35;82.763;59.990
760;35;10;82.763;78.080
761;10;36;99.080;76.160
761;36;10;99.080;94.550
762;10;36;103.065;63.250
762;36;10;103.065;81.640
763;10;37;57.156;83.010
763;37;10;57.156;101.930
764;10;38;57.156;73.840
764;38;10;57.156;94.040
765;10;38;58.844;73.980
765;38;10;58.844;94.180
766;10;38;57.510;61.570
766;38;10;57.510;81.770
767;10;39;22.688;6.870
767;39;10;67.688;84.060
768;10;39;24.962;16.410
768;39;10;69.962;93.600
769;11;12;126.016;80.530
769;12;11;126.016;81.710
770;11;12;117.703;95.390
770;12;11;117.703;96.570
771;11;13;126.758;90.390
771;13;11;126.758;91.620
772;11;13;118.766;91.890
772;13;11;118.766;93.120
773;11;14;133.962;79.490
773;14;11;133.962;82.720
774;11;15;123.211;93.650
774;15;11;123.211;99.820
775;11;15;109.365;75.850
775;15;11;109.365;82.020
776;11;16;111.004;87.060
776;16;11;111.004;93.820
777;11;16;123.012;73.470
777;16;11;123.012;80.230
778;11;16;116.737;82.960
778;16;11;116.737;89.720
779;11;17;109.423;85.700
779;17;11;109.423;95.270
780;11;18;132.759;87.110
780;18;11;132.759;97.100
781;11;19;132.948;67.270
781;19;11;132.948;77.540
782;11;20;127.258;68.220
782;20;11;127.258;79.670
783;11;20;139.625;75.920
783;20;11;139.625;87.370
784;11;20;121.663;84.260
784;20;11;121.663;95.710
785;11;21;167.504;67.440
785;21;11;167.504;79.020
786;11;22;135.019;80.290
786;22;11;135.019;92.130
787;11;22;146.629;75.840
787;22;11;146.629;87.680
788;11;23;168.244;68.260
788;23;11;168.244;80.240
789;11;23;159.546;82.150
789;23;11;159.546;94.130
790;11;24;119.360;72.110
790;24;11;119.360;84.420
791;11;25;125.830;77.540
791;25;11;125.830;89.860
792;11;25;126.805;81.570
792;25;11;126.805;93.890
793;11;25;144.558;67.460
793;25;11;144.558;79.780
794;11;26;100.480;74.700
794;26;11;100.480;87.040
795;11;26;107.418;82.350
795;26;11;107.418;94.690
796;11;27;124.270;66.250
796;27;11;124.270;79.410
797;11;27;125.790;72.150
797;27;11;125.790;85.310
798;11;27;111.762;87.510
798;27;11;111.762;100.670
799;11;28;122.694;76.710
799;28;11;122.694;90.010
800;11;29;131.088;83.740
800;29;11;131.088;97.550
801;11;30;122.350;78.410
801;30;11;122.350;92.520
802;11;30;129.980;68.550
802;30;11;129.980;82.660
803;11;30;138.421;68.950
803;30;11;138.421;83.060
804;11;31;130.388;84.660
804;31;11;130.388;99.100
805;11;31;116.720;62.950
805;31;11;116.720;77.390
806;11;31;130.270;73.020
806;31;11;130.270;87.460
807;11;32;134.770;65.840
807;32;11;134.770;81.550
808;11;33;109.575;65.790
808;33;11;109.575;81.580
809;11;34;125.517;59.920
809;34;11;125.517;76.490
810;11;35;159.568;60.720
810;35;11;159.568;77.600
811;11;35;144.776;70.110
811;35;11;144.776;86.990
812;11;35;170.080;75.420
812;35;11;170.080;92.300
813;11;36;167.224;64.070
813;36;11;167.224;81.250
814;11;37;122.853;75.560
814;37;11;122.853;93.270
815;11;37;110.758;72.630
815;37;11;110.758;90.340
816;11;37;138.047;74.990
816;37;11;138.047;92.700
817;11;38;122.853;68.140
817;38;11;122.853;87.130
818;11;38;138.941;80.010
818;38;11;138.941;99.000
819;11;39;96.367;16.560
819;39;11;141.367;92.540
820;12;13;45.742;97.780
820;13;12;45.742;97.830
821;12;13;45.677;75.720
821;13;12;45.677;75.770
822;12;14;71.395;94.170
822;14;12;71.395;96.220
823;12;14;67.042;78.000
823;14;12;67.042;80.050
824;12;15;63.873;78.420
824;15;12;63.873;83.410
825;12;15;59.838;84.390
825;15;12;59.838;89.380
826;12;16;75.866;87.620
826;16;12;75.866;93.200
827;12;16;75.363;83.230
827;16;12;75.363;88.810
828;12;16;73.291;91.750
828;16;12;73.291;97.330
829;12;17;73.693;71.630
829;17;12;73.693;80.020
830;12;18;67.698;68.590
830;18;12;67.698;77.400
831;12;19;62.738;83.010
831;19;12;62.738;92.100
832;12;19;59.887;89.190
832;19;12;59.887;98.280
833;12;20;49.211;85.820
833;20;12;49.211;96.090
834;12;20;49.810;80.890
834;20;12;49.810;91.160
835;12;20;49.042;65.720
835;20;12;49.042;75.990
836;12;21;87.419;82.300
836;21;12;87.419;92.700
837;12;21;96.185;68.350
837;21;12;96.185;78.750
838;12;21;86.112;65.720
838;21;12;86.112;76.120
839;12;22;74.659;69.090
839;22;12;74.659;79.750
840;12;23;90.434;66.700
840;23;12;90.434;77.500
841;12;23;87.771;75.760
841;23;12;87.771;86.560
842;12;23;87.891;82.170
842;23;12;87.891;92.970
843;12;24;68.546;70.550
843;24;12;68.546;81.680
844;12;24;63.202;85.130
844;24;12;63.202;96.260
845;12;24;63.444;85.010
845;24;12;63.444;96.140
846;12;25;60.707;84.470
846;25;12;60.707;95.610
847;12;25;61.227;75.400
847;25;12;61.227;86.540
848;12;26;87.726;69.030
848;26;12;87.726;80.190
849;12;26;80.615;85.150
849;26;12;80.615;96.310
850;12;27;66.618;77.850
850;27;12;66.618;89.830
851;12;28;48.504;62.850
851;28;12;48.504;74.970
852;12;29;59.092;78.060
852;29;12;59.092;90.690
853;12;29;60.793;66.540
853;29;12;60.793;79.170
854;12;29;59.388;79.710
854;29;12;59.388;92.340
855;12;30;54.785;79.820
855;30;12;54.785;92.750
856;12;30;56.112;67.840
856;30;12;56.112;80.770
857;12;30;56.798;79.140
857;30;12;56.798;92.070
858;12;31;63.021;77.010
858;31;12;63.021;90.270
859;12;32;112.282;69.760
859;32;12;112.282;84.290
860;12;32;122.878;83.070
860;32;12;122.878;97.600
861;12;32;118.647;71.760
861;32;12;118.647;86.290
862;12;33;62.000;78.030
862;33;12;62.000;92.640
863;12;33;58.413;84.160
863;33;12;58.413;98.770
864;12;34;61.968;80.280
864;34;12;61.968;95.670
865;12;34;59.890;71.360
865;34;12;59.890;86.750
866;12;34;63.036;65.470
866;34;12;63.036;80.860
867;12;35;89.693;64.950
867;35;12;89.693;80.650
868;12;35;86.392;74.980
868;35;12;86.392;90.680
869;12;35;93.559;71.740
869;35;12;93.559;87.440
870;12;36;87.008;67.920
870;36;12;87.008;83.920
871;12;36;85.722;66.650
871;36;12;85.722;82.650
872;12;37;64.555;62.740
872;37;12;64.555;79.270
873;12;37;60.123;74.870
873;37;12;60.123;91.400
874;12;38;64.555;73.230
874;38;12;64.555;91.040
875;12;39;26.770;15.380
875;39;12;71.770;90.180
876;12;39;31.723;20.900
876;39;12;76.723;95.700
877;12;39;22.176;23.230
877;39;12;67.176;98.030
878;13;14;71.270;94.710
878;14;13;71.270;96.710
879;13;14;70.189;74.880
879;14;13;70.189;76.880
880;13;14;74.651;86.320
880;14;13;74.651;88.320
881;13;15;64.060;91.400
881;15;13;64.060;96.340
882;13;16;76.323;73.680
882;16;13;76.323;79.210
883;13;16;80.626;83.680
883;16;13;80.626;89.210
884;13;17;74.198;85.230
884;17;13;74.198;93.570
885;13;17;73.832;77.990
885;17;13;73.832;86.330
886;13;18;67.563;74.250
886;18;13;67.563;83.010
887;13;18;71.024;85.460
887;18;13;71.024;94.220
888;13;19;62.511;86.030
888;19;13;62.511;95.070
889;13;19;63.917;74.340
889;19;13;63.917;83.380
890;13;19;59.988;68.920
890;19;13;59.988;77.960
891;13;20;49.095;69.520
891;20;13;49.095;79.740
892;13;20;48.657;65.310
892;20;13;48.657;75.530
893;13;21;86.697;80.780
893;21;13;86.697;91.130
894;13;21;92.541;82.830
894;21;13;92.541;93.180
895;13;21;81.836;83.640
895;21;13;81.836;93.990
896;13;22;74.545;80.800
896;22;13;74.545;91.410
897;13;22;80.710;75.230
897;22;13;80.710;85.840
898;13;23;89.765;83.340
898;23;13;89.765;94.090
899;13;23;82.914;68.590
899;23;13;82.914;79.340
900;13;24;68.844;70.920
900;24;13;68.844;82.000
901;13;24;72.413;82.530
901;24;13;72.413;93.610
902;13;25;60.826;79.290
902;25;13;60.826;90.380
903;13;25;62.065;88.010
903;25;13;62.065;99.100
904;13;25;57.805;75.660
904;25;13;57.805;86.750
905;13;26;88.283;84.090
905;26;13;88.283;95.200
906;13;26;82.527;77.160
906;26;13;82.527;88.270
907;13;26;91.111;73.450
907;26;13;91.111;84.560
908;13;27;66.767;78.340
908;27;13;66.767;90.270
909;13;27;63.047;81.610
909;27;13;63.047;93.540
910;13;28;49.209;74.100
910;28;13;49.209;86.170
911;13;29;58.879;79.840
911;29;13;58.879;92.420
912;13;30;55.142;86.180
912;30;13;55.142;99.060
913;13;31;62.955;80.830
913;31;13;62.955;94.040
914;13;31;59.451;78.340
914;31;13;59.451;91.550
915;13;32;112.512;65.920
915;32;13;112.512;80.400
916;13;32;109.026;70.130
916;32;13;109.026;84.610
917;13;33;62.719;61.320
917;33;13;62.719;75.880
918;13;33;62.710;70.860
918;33;13;62.710;85.420
919;13;33;64.388;74.150
919;33;13;64.388;88.710
920;13;34;62.062;66.420
920;34;13;62.062;81.760
921;13;35;89.213;65.220
921;35;13;89.213;80.870
922;13;35;91.626;80.070
922;35;13;91.626;95.720
923;13;36;86.284;81.670
923;36;13;86.284;97.620
924;13;37;64.755;65.980
924;37;13;64.755;82.460
925;13;38;64.755;66.700
925;38;13;64.755;84.460
926;13;38;69.540;60.440
926;38;13;69.540;78.200
927;13;39;26.416;1.720
927;39;13;71.416;76.470
928;13;39;30.975;7.850
928;39;13;75.975;82.600
929;14;15;56.952;73.520
929;15;14;56.952;76.460
930;14;16;68.636;91.690
930;16;14;68.636;95.220
931;14;16;70.231;77.400
931;16;14;70.231;80.930
932;14;16;68.827;87.610
932;16;14;68.827;91.140
933;14;17;69.630;85.710
933;17;14;69.630;92.050
934;14;17;64.737;85.810
934;17;14;64.737;92.150
935;14;18;48.720;68.430
935;18;14;48.720;75.190
936;14;18;48.761;69.370
936;18;14;48.761;76.130
937;14;19;54.237;73.510
937;19;14;54.237;80.550
938;14;19;53.336;84.270
938;19;14;53.336;91.310
939;14;19;56.079;76.280
939;19;14;56.079;83.320
940;14;20;75.277;86.010
940;20;14;75.277;94.230
941;14;21;84.983;74.980
941;21;14;84.983;83.330
942;14;21;83.225;78.130
942;21;14;83.225;86.480
943;14;22;48.293;81.330
943;22;14;48.293;89.940
944;14;22;48.371;79.560
944;22;14;48.371;88.170
945;14;22;48.759;85.230
945;22;14;48.759;93.840
946;14;23;81.867;72.920
946;23;14;81.867;81.670
947;14;23;82.891;84.260
947;23;14;82.891;93.010
948;14;24;59.610;74.900
948;24;14;59.610;83.980
949;14;25;87.092;72.410
949;25;14;87.092;81.500
950;14;25;94.528;80.510
950;25;14;94.528;89.600
951;14;25;80.693;88.430
951;25;14;80.693;97.520
952;14;26;81.838;63.740
952;26;14;81.838;72.850
953;14;27;54.971;69.760
953;27;14;54.971;79.690
954;14;27;56.220;63.580
954;27;14;56.220;73.510
955;14;27;56.408;65.330
955;27;14;56.408;75.260
956;14;28;71.057;77.290
956;28;14;71.057;87.360
957;14;29;57.574;63.700
957;29;14;57.574;74.280
958;14;29;57.287;84.490
958;29;14;57.287;95.070
959;14;29;60.008;78.870
959;29;14;60.008;89.450
960;14;30;80.886;79.210
960;30;14;80.886;90.090
961;14;31;88.961;63.960
961;31;14;88.961;75.170
962;14;32;138.521;69.610
962;32;14;138.521;82.090
963;14;32;126.220;80.810
963;32;14;126.220;93.290
964;14;33;75.300;66.740
964;33;14;75.300;79.300
965;14;33;78.228;66.650
965;33;14;78.228;79.210
966;14;33;78.978;62.520
966;33;14;78.978;75.080
967;14;34;56.214;79.940
967;34;14;56.214;93.280
968;14;35;70.626;70.770
968;35;14;70.626;84.420
969;14;35;65.722;64.080
969;35;14;65.722;77.730
970;14;36;85.119;63.240
970;36;14;85.119;77.190
971;14;36;90.137;72.720
971;36;14;90.137;86.670
972;14;36;85.031;70.220
972;36;14;85.031;84.170
973;14;37;56.984;58.780
973;37;14;56.984;73.260
974;14;37;54.772;62.840
974;37;14;54.772;77.320
975;14;38;56.984;59.520
975;38;14;56.984;75.280
976;14;38;59.880;64.260
976;38;14;59.880;80.020
977;14;38;54.864;67.800
977;38;14;54.864;83.560
978;14;39;8.671;9.300
978;39;14;53.671;82.050
979;14;39;10.128;17.470
979;39;14;55.128;90.220
980;14;39;7.479;19.000
980;39;14;52.479;91.750
981;15;16;60.628;85.580
981;16;15;60.628;86.170
982;15;16;57.908;82.670
982;16;15;57.908;83.260
983;15;17;60.208;90.140
983;17;15;60.208;93.540
984;15;17;61.616;89.950
984;17;15;61.616;93.350
985;15;18;54.733;76.630
985;18;15;54.733;80.450
986;15;18;54.734;87.710
986;18;15;54.734;91.530
987;15;19;55.322;70.040
987;19;15;55.322;74.140
988;15;19;53.765;86.260
988;19;15;53.765;90.360
989;15;19;57.781;75.690
989;19;15;57.781;79.790
990;15;20;68.084;87.620
990;20;15;68.084;92.900
991;15;21;91.546;81.590
991;21;15;91.546;87.000
992;15;22;59.361;68.540
992;22;15;59.361;74.210
993;15;23;90.512;81.340
993;23;15;90.512;87.150
994;15;23;82.164;83.100
994;23;15;82.164;88.910
995;15;23;83.580;76.910
995;23;15;83.580;82.720
996;15;24;50.808;86.960
996;24;15;50.808;93.100
997;15;25;78.979;75.640
997;25;15;78.979;81.790
998;15;25;74.569;85.670
998;25;15;74.569;91.820
999;15;26;74.303;67.830
999;26;15;74.303;74.000
1000;15;27;47.930;67.720
1000;27;15;47.930;74.710
1001;15;27;47.235;82.830
1001;27;15;47.235;89.820
1002;15;28;62.198;76.140
1002;28;15;62.198;83.270
1003;15;28;58.526;68.450
1003;28;15;58.526;75.580
1004;15;29;55.118;76.040
1004;29;15;55.118;83.680
1005;15;29;57.253;81.370
1005;29;15;57.253;89.010
1006;15;29;55.371;69.310
1006;29;15;55.371;76.950
1007;15;30;72.071;71.040
1007;30;15;72.071;78.980
1008;15;31;81.819;82.110
1008;31;15;81.819;90.380
1009;15;31;79.039;71.640
1009;31;15;79.039;79.910
1010;15;32;128.972;76.160
1010;32;15;128.972;85.700
1011;15;33;63.455;83.600
1011;33;15;63.455;93.220
1012;15;33;60.599;64.980
1012;33;15;60.599;74.600
1013;15;34;48.022;79.870
1013;34;15;48.022;90.270
1014;15;34;47.683;81.370
1014;34;15;47.683;91.770
1015;15;34;47.903;74.440
1015;34;15;47.903;84.840
1016;15;35;82.002;65.200
1016;35;15;82.002;75.910
1017;15;36;91.480;76.780
1017;36;15;91.480;87.790
1018;15;37;45.760;60.220
1018;37;15;45.760;71.760
1019;15;37;45.616;67.810
1019;37;15;45.616;79.350
1020;15;37;45.717;77.380
1020;37;15;45.717;88.920
1021;15;38;45.760;75.120
1021;38;15;45.760;87.940
1022;15;38;45.656;79.640
1022;38;15;45.656;92.460
1023;15;39;18.196;4.510
1023;39;15;63.196;74.320
1024;16;17;48.361;71.770
1024;17;16;48.361;74.580
1025;16;17;48.310;77.370
1025;17;16;48.310;80.180
1026;16;18;68.397;79.960
1026;18;16;68.397;83.190
1027;16;19;70.756;80.870
1027;19;16;70.756;84.380
1028;16;20;79.770;79.170
1028;20;16;79.770;83.860
1029;16;21;106.902;78.460
1029;21;16;106.902;83.280
1030;16;22;69.198;82.500
1030;22;16;69.198;87.580
1031;16;22;69.088;71.630
1031;22;16;69.088;76.710
1032;16;22;63.447;71.620
1032;22;16;63.447;76.700
1033;16;23;105.087;75.890
1033;23;16;105.087;81.110
1034;16;23;96.265;88.100
1034;23;16;96.265;93.320
1035;16;24;55.018;84.480
1035;24;16;55.018;90.030
1036;16;24;53.295;79.310
1036;24;16;53.295;84.860
1037;16;25;88.358;75.320
1037;25;16;88.358;80.880
1038;16;25;89.820;78.250
1038;25;16;89.820;83.810
1039;16;26;58.725;77.180
1039;26;16;58.725;82.760
1040;16;27;60.151;66.880
1040;27;16;60.151;73.280
1041;16;27;58.588;75.900
1041;27;16;58.588;82.300
1042;16;27;63.485;87.640
1042;27;16;63.485;94.040
1043;16;28;72.982;68.000
1043;28;16;72.982;74.540
1044;16;29;70.710;70.640
1044;29;16;70.710;77.690
1045;16;30;81.182;74.120
1045;30;16;81.182;81.470
1046;16;31;92.207;76.940
1046;31;16;92.207;84.620
1047;16;32;133.556;61.190
1047;32;16;133.556;70.140
1048;16;32;127.827;63.600
1048;32;16;127.827;72.550
1049;16;32;120.686;74.170
1049;32;16;120.686;83.120
1050;16;33;65.283;81.600
1050;33;16;65.283;90.630
1051;16;33;66.398;75.780
1051;33;16;66.398;84.810
1052;16;34;63.636;67.220
1052;34;16;63.636;77.030
1053;16;34;65.478;75.470
1053;34;16;65.478;85.280
1054;16;34;63.315;68.610
1054;34;16;63.315;78.420
1055;16;35;93.874;71.510
1055;35;16;93.874;81.630
1056;16;35;82.482;61.980
1056;35;16;82.482;72.100
1057;16;36;106.881;63.970
1057;36;16;106.881;74.390
1058;16;36;94.645;61.370
1058;36;16;94.645;71.790
1059;16;36;117.982;73.950
1059;36;16;117.982;84.370
1060;16;37;59.954;58.440
1060;37;16;59.954;69.390
1061;16;38;59.954;79.750
1061;38;16;59.954;91.980
1062;16;38;56.386;58.490
1062;38;16;56.386;70.720
1063;16;39;31.884;23.280
1063;39;16;76.884;92.500
1064;16;39;38.235;5.000
1064;39;16;83.235;74.220
1065;17;18;68.885;74.190
1065;18;17;68.885;74.610
1066;17;19;70.526;81.320
1066;19;17;70.526;82.020
1067;17;19;76.358;82.740
1067;19;17;76.358;83.440
1068;17;19;73.466;89.710
1068;19;17;73.466;90.410
1069;17;20;77.459;83.200
1069;20;17;77.459;85.080
1070;17;20;79.174;89.190
1070;20;17;79.174;91.070
1071;17;20;85.027;82.850
1071;20;17;85.027;84.730
1072;17;21;106.754;70.320
1072;21;17;106.754;72.330
1073;17;22;70.602;83.180
1073;22;17;70.602;85.450
1074;17;22;68.586;66.590
1074;22;17;68.586;68.860
1075;17;23;105.469;69.610
1075;23;17;105.469;72.020
1076;17;24;55.203;73.320
1076;24;17;55.203;76.060
1077;17;24;56.036;73.640
1077;24;17;56.036;76.380
1078;17;24;57.501;84.430
1078;24;17;57.501;87.170
1079;17;25;85.557;69.310
1079;25;17;85.557;72.060
1080;17;25;83.072;64.950
1080;25;17;83.072;67.700
1081;17;25;76.960;76.370
1081;25;17;76.960;79.120
1082;17;26;59.501;74.260
1082;26;17;59.501;77.030
1083;17;26;58.073;79.570
1083;26;17;58.073;82.340
1084;17;26;62.321;76.390
1084;26;17;62.321;79.160
1085;17;27;60.372;75.150
1085;27;17;60.372;78.740
1086;17;27;60.413;80.880
1086;27;17;60.413;84.470
1087;17;27;58.647;83.660
1087;27;17;58.647;87.250
1088;17;28;70.644;76.590
1088;28;17;70.644;80.320
1089;17;28;76.528;75.260
1089;28;17;76.528;78.990
1090;17;29;70.006;75.070
1090;29;17;70.006;79.310
1091;17;29;74.639;62.600
1091;29;17;74.639;66.840
1092;17;30;78.419;70.850
1092;30;17;78.419;75.390
1093;17;30;76.143;63.730
1093;30;17;76.143;68.270
1094;17;31;89.526;76.290
1094;31;17;89.526;81.160
1095;17;32;130.235;64.810
1095;32;17;130.235;70.950
1096;17;32;115.833;65.960
1096;32;17;115.833;72.100
1097;17;32;141.477;75.450
1097;32;17;141.477;81.590
1098;17;33;62.085;83.500
1098;33;17;62.085;89.720
1099;17;33;64.986;82.280
1099;33;17;64.986;88.500
1100;17;33;62.932;84.710
1100;33;17;62.932;90.930
1101;17;34;63.100;68.120
1101;34;17;63.100;75.120
1102;17;35;95.168;72.830
1102;35;17;95.168;80.140
1103;17;36;106.686;83.600
1103;36;17;106.686;91.210
1104;17;37;59.627;69.920
1104;37;17;59.627;78.060
1105;17;37;63.246;68.940
1105;37;17;63.246;77.080
1106;17;38;59.627;62.720
1106;38;17;59.627;72.140
1107;17;38;56.439;79.810
1107;38;17;56.439;89.230
1108;17;39;32.509;9.310
1108;39;17;77.509;75.720
1109;17;39;27.428;24.750
1109;39;17;72.428;91.160
1110;17;39;39.557;10.610
1110;39;17;84.557;77.020
1111;18;19;50.626;72.140
1111;19;18;50.626;72.420
1112;18;20;71.561;70.170
1112;20;18;71.561;71.630
1113;18;20;74.794;86.380
1113;20;18;74.794;87.840
1114;18;21;83.904;78.410
1114;21;18;83.904;80.000
1115;18;21;78.010;80.250
1115;21;18;78.010;81.840
1116;18;21;76.083;67.870
1116;21;18;76.083;69.460
1117;18;22;52.011;84.380
1117;22;18;52.011;86.230
1118;18;23;81.692;66.880
1118;23;18;81.692;68.870
1119;18;23;80.352;78.870
1119;23;18;80.352;80.860
1120;18;23;89.886;87.810
1120;23;18;89.886;89.800
1121;18;24;58.682;88.130
1121;24;18;58.682;90.450
1122;18;25;83.387;64.340
1122;25;18;83.387;66.670
1123;18;26;81.967;67.660
1123;26;18;81.967;70.010
1124;18;26;83.335;84.670
1124;26;18;83.335;87.020
1125;18;26;76.394;82.500
1125;26;18;76.394;84.850
1126;18;27;53.547;81.490
1126;27;18;53.547;84.660
1127;18;28;67.457;87.250
1127;28;18;67.457;90.560
1128;18;28;70.781;80.890
1128;28;18;70.781;84.200
1129;18;28;69.550;69.000
1129;28;18;69.550;72.310
1130;18;29;53.861;77.510
1130;29;18;53.861;81.330
1131;18;29;54.762;71.940
1131;29;18;54.762;75.760
1132;18;29;55.667;69.070
1132;29;18;55.667;72.890
1133;18;30;77.233;86.300
1133;30;18;77.233;90.420
1134;18;31;85.242;72.220
1134;31;18;85.242;76.670
1135;18;31;75.331;72.210
1135;31;18;75.331;76.660
1136;18;32;134.874;83.080
1136;32;18;134.874;88.800
1137;18;32;152.319;79.310
1137;32;18;152.319;85.030
1138;18;33;72.548;81.800
1138;33;18;72.548;87.600
1139;18;34;53.264;84.000
1139;34;18;53.264;90.580
1140;18;34;52.145;77.220
1140;34;18;52.145;83.800
1141;18;34;51.789;63.450
1141;34;18;51.789;70.030
1142;18;35;72.272;75.910
1142;35;18;72.272;82.800
1143;18;35;68.751;80.870
1143;35;18;68.751;87.760
1144;18;35;69.352;69.400
1144;35;18;69.352;76.290
1145;18;36;83.963;70.600
1145;36;18;83.963;77.790
1146;18;36;90.800;69.530
1146;36;18;90.800;76.720
1147;18;36;90.370;71.800
1147;36;18;90.370;78.990
1148;18;37;54.975;67.210
1148;37;18;54.975;74.930
1149;18;37;54.580;70.290
1149;37;18;54.580;78.010
1150;18;38;54.975;64.440
1150;38;18;54.975;73.440
1151;18;39;8.647;9.220
1151;39;18;53.647;75.210
1152;19;20;66.391;81.640
1152;20;19;66.391;82.820
1153;19;21;81.232;84.750
1153;21;19;81.232;86.060
1154;19;22;57.504;86.580
1154;22;19;57.504;88.150
1155;19;23;80.398;82.990
1155;23;19;80.398;84.700
1156;19;23;77.997;87.350
1156;23;19;77.997;89.060
1157;19;24;60.741;72.380
1157;24;19;60.741;74.420
1158;19;24;64.125;87.200
1158;24;19;64.125;89.240
1159;19;25;78.289;76.990
1159;25;19;78.289;79.040
1160;19;25;80.417;88.140
1160;25;19;80.417;90.190
1161;19;26;84.479;81.100
1161;26;19;84.479;83.170
1162;19;26;87.097;81.670
1162;26;19;87.097;83.740
1163;19;26;83.215;82.830
1163;26;19;83.215;84.900
1164;19;27;55.748;79.780
1164;27;19;55.748;82.670
1165;19;27;54.014;84.860
1165;27;19;54.014;87.750
1166;19;28;63.034;65.830
1166;28;19;63.034;68.860
1167;19;29;48.653;76.620
1167;29;19;48.653;80.160
1168;19;29;47.785;71.340
1168;29;19;47.785;74.880
1169;19;29;49.285;79.440
1169;29;19;49.285;82.980
1170;19;30;72.463;75.040
1170;30;19;72.463;78.880
1171;19;31;79.894;64.770
1171;31;19;79.894;68.940
1172;19;31;86.126;79.050
1172;31;19;86.126;83.220
1173;19;31;83.399;80.870
1173;31;19;83.399;85.040
1174;19;32;130.017;74.320
1174;32;19;130.017;79.760
1175;19;32;109.757;70.140
1175;32;19;109.757;75.580
1176;19;32;144.501;60.300
1176;32;19;144.501;65.740
1177;19;33;70.458;78.940
1177;33;19;70.458;84.460
1178;19;33;76.230;63.490
1178;33;19;76.230;69.010
1179;19;34;52.563;75.760
1179;34;19;52.563;82.060
1180;19;34;51.204;77.110
1180;34;19;51.204;83.410
1181;19;35;73.971;61.830
1181;35;19;73.971;68.440
1182;19;36;81.177;67.410
1182;36;19;81.177;74.320
1183;19;36;90.184;63.860
1183;36;19;90.184;70.770
1184;19;37;55.906;73.210
1184;37;19;55.906;80.650
1185;19;37;54.833;59.300
1185;37;19;54.833;66.740
1186;19;37;55.699;75.180
1186;37;19;55.699;82.620
1187;19;38;55.906;70.070
1187;38;19;55.906;78.790
1188;19;38;56.160;62.730
1188;38;19;56.160;71.450
1189;19;38;53.650;73.720
1189;38;19;53.650;82.440
1190;19;39;9.829;7.610
1190;39;19;54.829;73.320
1191;19;39;11.985;4.410
1191;39;19;56.985;70.120
1192;20;21;87.562;83.210
1192;21;20;87.562;83.340
1193;20;22;78.559;70.540
1193;22;20;78.559;70.930
1194;20;23;91.439;79.300
1194;23;20;91.439;79.830
1195;20;23;91.745;84.760
1195;23;20;91.745;85.290
1196;20;24;72.714;85.380
1196;24;20;72.714;86.240
1197;20;24;70.530;83.050
1197;24;20;70.530;83.910
1198;20;24;71.781;73.300
1198;24;20;71.781;74.160
1199;20;25;56.906;88.360
1199;25;20;56.906;89.230
1200;20;26;91.263;77.530
1200;26;20;91.263;78.420
1201;20;26;100.733;67.010
1201;26;20;100.733;67.900
1202;20;26;84.285;87.970
1202;26;20;84.285;88.860
1203;20;27;70.823;74.160
1203;27;20;70.823;75.870
1204;20;28;51.815;74.460
1204;28;20;51.815;76.310
1205;20;28;52.569;78.810
1205;28;20;52.569;80.660
1206;20;28;51.287;78.940
1206;28;20;51.287;80.790
1207;20;29;62.796;83.550
1207;29;20;62.796;85.910
1208;20;29;58.970;65.600
1208;29;20;58.970;67.960
1209;20;30;52.159;85.360
1209;30;20;52.159;88.020
1210;20;30;53.794;80.840
1210;30;20;53.794;83.500
1211;20;30;52.209;67.150
1211;30;20;52.209;69.810
1212;20;31;58.861;77.080
1212;31;20;58.861;80.070
1213;20;32;108.744;76.270
1213;32;20;108.744;80.530
1214;20;32;116.599;71.640
1214;32;20;116.599;75.900
1215;20;32;112.195;61.940
1215;32;20;112.195;66.200
1216;20;33;64.386;76.910
1216;33;20;64.386;81.250
1217;20;34;66.146;63.850
1217;34;20;66.146;68.970
1218;20;34;70.716;61.310
1218;34;20;70.716;66.430
1219;20;35;92.246;78.910
1219;35;20;92.246;84.340
1220;20;35;97.464;63.080
1220;35;20;97.464;68.510
1221;20;35;82.734;83.070
1221;35;20;82.734;88.500
1222;20;36;87.077;66.990
1222;36;20;87.077;72.720
1223;20;36;90.237;65.030
1223;36;20;90.237;70.760
1224;20;36;76.817;59.850
1224;36;20;76.817;65.580
1225;20;37;68.766;59.280
1225;37;20;68.766;65.540
1226;20;37;71.292;81.250
1226;37;20;71.292;87.510
1227;20;38;68.766;71.500
1227;38;20;68.766;79.040
1228;20;39;29.975;12.810
1228;39;20;74.975;77.340
1229;20;39;26.598;7.780
1229;39;20;71.598;72.310
1230;20;39;23.295;20.630
1230;39;20;68.295;85.160
1231;21;22;86.315;81.000
1231;22;21;86.315;81.260
1232;21;23;54.760;86.710
1232;23;21;54.760;87.110
1233;21;24;96.894;76.310
1233;24;21;96.894;77.040
1234;21;25;95.252;78.610
1234;25;21;95.252;79.350
1235;21;26;120.617;80.190
1235;26;21;120.617;80.950
1236;21;26;106.904;76.500
1236;26;21;106.904;77.260
1237;21;26;118.678;67.190
1237;26;21;118.678;67.950
1238;21;27;91.758;73.270
1238;27;21;91.758;74.850
1239;21;27;84.154;73.510
1239;27;21;84.154;75.090
1240;21;27;87.096;66.180
1240;27;21;87.096;67.760
1241;21;28;90.399;71.320
1241;28;21;90.399;73.040
1242;21;28;95.799;84.160
1242;28;21;95.799;85.880
1243;21;28;96.004;85.540
1243;28;21;96.004;87.260
1244;21;29;82.096;81.300
1244;29;21;82.096;83.530
1245;21;30;94.291;75.380
1245;30;21;94.291;77.910
1246;21;30;95.037;69.250
1246;30;21;95.037;71.780
1247;21;30;95.824;62.240
1247;30;21;95.824;64.770
1248;21;31;93.041;72.740
1248;31;21;93.041;75.600
1249;21;32;141.250;76.820
1249;32;21;141.250;80.950
1250;21;33;102.987;81.510
1250;33;21;102.987;85.720
1251;21;34;88.689;63.340
1251;34;21;88.689;68.330
1252;21;34;92.272;70.330
1252;34;21;92.272;75.320
1253;21;35;72.076;60.240
1253;35;21;72.076;65.540
1254;21;36;45.866;79.220
1254;36;21;45.866;84.820
1255;21;37;92.138;69.820
1255;37;21;92.138;75.950
1256;21;37;90.475;59.160
1256;37;21;90.475;65.290
1257;21;37;97.940;80.810
1257;37;21;97.940;86.940
1258;21;38;92.138;57.390
1258;38;21;92.138;64.800
1259;21;38;92.832;75.220
1259;38;21;92.832;82.630
1260;21;39;31.387;20.800
1260;39;21;76.387;85.200
1261;21;39;26.550;20.300
1261;39;21;71.550;84.700
1262;21;39;33.291;21.410
1262;39;21;78.291;85.810
1263;22;23;82.461;83.980
1263;23;22;82.461;84.120
1264;22;24;61.005;88.030
1264;24;22;61.005;88.500
1265;22;25;90.361;65.650
1265;25;22;90.361;66.130
1266;22;26;81.905;69.020
1266;26;22;81.905;69.520
1267;22;27;56.984;78.110
1267;27;22;56.984;79.430
1268;22;28;74.241;82.670
1268;28;22;74.241;84.130
1269;22;28;68.903;73.200
1269;28;22;68.903;74.660
1270;22;29;60.867;80.840
1270;29;22;60.867;82.810
1271;22;29;59.427;82.480
1271;29;22;59.427;84.450
1272;22;30;84.107;78.270
1272;30;22;84.107;80.540
1273;22;30;81.012;80.690
1273;30;22;81.012;82.960
1274;22;30;88.402;83.040
1274;30;22;88.402;85.310
1275;22;31;92.253;64.260
1275;31;22;92.253;66.860
1276;22;31;95.698;83.280
1276;31;22;95.698;85.880
1277;22;31;85.728;80.780
1277;31;22;85.728;83.380
1278;22;32;141.727;75.200
1278;32;22;141.727;79.070
1279;22;33;77.816;71.370
1279;33;22;77.816;75.320
1280;22;34;59.076;60.020
1280;34;22;59.076;64.750
1281;22;34;57.822;62.520
1281;34;22;57.822;67.250
1282;22;35;69.677;76.670
1282;35;22;69.677;81.710
1283;22;35;69.409;64.350
1283;35;22;69.409;69.390
1284;22;36;86.514;63.980
1284;36;22;86.514;69.320
1285;22;36;86.542;76.120
1285;36;22;86.542;81.460
1286;22;36;89.013;67.280
1286;36;22;89.013;72.620
1287;22;37;59.258;80.790
1287;37;22;59.258;86.660
1288;22;38;59.258;67.330
1288;38;22;59.258;74.480
1289;22;39;10.043;10.730
1289;39;22;55.043;74.870
1290;23;24;95.305;72.810
1290;24;23;95.305;73.140
1291;23;24;85.204;76.690
1291;24;23;85.204;77.020
1292;23;25;100.613;81.170
1292;25;23;100.613;81.510
1293;23;25;101.265;66.140
1293;25;23;101.265;66.480
1294;23;25;92.773;86.050
1294;25;23;92.773;86.390
1295;23;26;118.587;80.630
1295;26;23;118.587;80.990
1296;23;26;104.746;70.600
1296;26;23;104.746;70.960
1297;23;26;105.175;64.290
1297;26;23;105.175;64.650
1298;23;27;90.108;73.090
1298;27;23;90.108;74.270
1299;23;27;88.005;69.510
1299;27;23;88.005;70.690
1300;23;28;92.972;76.630
1300;28;23;92.972;77.950
1301;23;29;82.171;62.460
1301;29;23;82.171;64.290
1302;23;29;73.377;85.940
1302;29;23;73.377;87.770
1303;23;29;88.628;62.710
1303;29;23;88.628;64.540
1304;23;30;98.504;81.240
1304;30;23;98.504;83.370
1305;23;30;109.528;80.540
1305;30;23;109.528;82.670
1306;23;30;108.119;70.160
1306;30;23;108.119;72.290
1307;23;31;99.067;80.070
1307;31;23;99.067;82.530
1308;23;31;107.204;85.970
1308;31;23;107.204;88.430
1309;23;31;87.297;69.180
1309;31;23;87.297;71.640
1310;23;32;148.777;67.920
1310;32;23;148.777;71.650
1311;23;32;142.154;77.350
1311;32;23;142.154;81.080
1312;23;33;104.458;84.010
1312;33;23;104.458;87.820
1313;23;33;95.350;77.130
1313;33;23;95.350;80.940
1314;23;34;87.936;81.220
1314;34;23;87.936;85.810
1315;23;35;63.721;63.670
1315;35;23;63.721;68.570
1316;23;35;66.474;68.610
1316;35;23;66.474;73.510
1317;23;36;55.592;70.340
1317;36;23;55.592;75.540
1318;23;37;90.992;74.730
1318;37;23;90.992;80.460
1319;23;37;79.688;77.600
1319;37;23;79.688;83.330
1320;23;37;86.448;83.060
1320;37;23;86.448;88.790
1321;23;38;90.992;72.030
1321;38;23;90.992;79.040
1322;23;39;28.285;5.170
1322;39;23;73.285;69.170
1323;23;39;35.319;14.630
1323;39;23;80.319;78.630
1324;23;39;34.421;2.910
1324;39;23;79.421;66.910
1325;24;25;82.895;73.050
1325;25;24;82.895;73.060
1326;24;25;79.791;86.480
1326;25;24;79.791;86.490
1327;24;25;78.410;80.880
1327;25;24;78.410;80.890
1328;24;26;68.744;64.690
1328;26;24;68.744;64.720
1329;24;27;50.201;71.240
1329;27;24;50.201;72.090
1330;24;27;50.564;72.970
1330;27;24;50.564;73.820
1331;24;28;66.324;76.280
1331;28;24;66.324;77.270
1332;24;29;60.908;67.990
1332;29;24;60.908;69.490
1333;24;29;62.919;85.320
1333;29;24;62.919;86.820
1334;24;29;63.796;81.370
1334;29;24;63.796;82.870
1335;24;30;75.776;80.790
1335;30;24;75.776;82.590
1336;24;30;68.389;74.050
1336;30;24;68.389;75.850
1337;24;31;86.135;62.940
1337;31;24;86.135;65.070
1338;24;32;131.494;63.230
1338;32;24;131.494;66.630
1339;24;32;125.299;82.280
1339;32;24;125.299;85.680
1340;24;33;63.804;78.250
1340;33;24;63.804;81.730
1341;24;33;61.683;77.580
1341;33;24;61.683;81.060
1342;24;34;53.820;64.320
1342;34;24;53.820;68.580
1343;24;34;51.841;64.230
1343;34;24;51.841;68.490
1344;24;35;85.234;80.500
1344;35;24;85.234;85.070
1345;24;35;86.907;61.310
1345;35;24;86.907;65.880
1346;24;36;96.868;67.890
1346;36;24;96.868;72.760
1347;24;37;50.077;74.520
1347;37;24;50.077;79.920
1348;24;37;51.184;59.520
1348;37;24;51.184;64.920
1349;24;38;50.077;58.220
1349;38;24;50.077;64.900
1350;24;39;22.308;9.230
1350;39;24;67.308;72.900
1351;24;39;22.845;2.000
1351;39;24;67.845;65.670
1352;25;26;98.065;82.470
1352;26;25;98.065;82.490
1353;25;26;85.608;77.520
1353;26;25;85.608;77.540
1354;25;27;81.848;80.330
1354;27;25;81.848;81.170
1355;25;27;74.861;71.230
1355;27;25;74.861;72.070
1356;25;27;79.492;79.600
1356;27;25;79.492;80.440
1357;25;28;61.782;84.410
1357;28;25;61.782;85.390
1358;25;28;60.104;83.150
1358;28;25;60.104;84.130
1359;25;29;74.679;68.000
1359;29;25;74.679;69.490
1360;25;29;78.725;70.300
1360;29;25;78.725;71.790
1361;25;29;78.640;67.090
1361;29;25;78.640;68.580
1362;25;30;52.199;68.040
1362;30;25;52.199;69.830
1363;25;30;53.313;77.250
1363;30;25;53.313;79.040
1364;25;30;50.496;79.390
1364;30;25;50.496;81.180
1365;25;31;49.753;63.100
1365;31;25;49.753;65.220
1366;25;31;48.828;66.850
1366;31;25;48.828;68.970
1367;25;32;96.879;81.320
1367;32;25;96.879;84.710
1368;25;32;108.940;78.400
1368;32;25;108.940;81.790
1369;25;32;103.839;84.750
1369;32;25;103.839;88.140
1370;25;33;69.486;81.920
1370;33;25;69.486;85.390
1371;25;33;73.445;68.060
1371;33;25;73.445;71.530
1372;25;34;77.433;60.340
1372;34;25;77.433;64.590
1373;25;34;84.721;72.720
1373;34;25;84.721;76.970
1374;25;35;103.515;75.890
1374;35;25;103.515;80.450
1375;25;35;98.628;81.440
1375;35;25;98.628;86.000
1376;25;35;93.515;59.360
1376;35;25;93.515;63.920
1377;25;36;94.635;68.200
1377;36;25;94.635;73.060
1378;25;37;79.595;60.320
1378;37;25;79.595;65.710
1379;25;37;71.962;76.710
1379;37;25;71.962;82.100
1380;25;37;77.833;81.710
1380;37;25;77.833;87.100
1381;25;38;79.595;68.410
1381;38;25;79.595;75.080
1382;25;39;41.795;15.840
1382;39;25;86.795;79.500
1383;25;39;49.216;15.970
1383;39;25;94.216;79.630
1384;25;39;46.165;4.830
1384;39;25;91.165;68.490
1385;26;27;73.859;71.210
1385;27;26;73.859;72.030
1386;26;27;71.406;77.720
1386;27;26;71.406;78.540
1387;26;27;77.806;79.120
1387;27;26;77.806;79.940
1388;26;28;84.493;67.720
1388;28;26;84.493;68.680
1389;26;28;84.554;78.360
1389;28;26;84.554;79.320
1390;26;29;84.320;84.660
1390;29;26;84.320;86.130
1391;26;29;78.730;63.300
1391;29;26;78.730;64.770
1392;26;30;91.181;63.210
1392;30;26;91.181;64.980
1393;26;30;85.390;73.360
1393;30;26;85.390;75.130
1394;26;31;102.371;64.040
1394;31;26;102.371;66.140
1395;26;31;106.186;75.750
1395;31;26;106.186;77.850
1396;26;32;138.102;82.570
1396;32;26;138.102;85.940
1397;26;32;151.526;71.990
1397;32;26;151.526;75.360
1398;26;33;73.594;73.140
1398;33;26;73.594;76.590
1399;26;33;70.274;78.750
1399;33;26;70.274;82.200
1400;26;33;69.152;68.880
1400;33;26;69.152;72.330
1401;26;34;77.290;66.840
1401;34;26;77.290;71.070
1402;26;34;70.857;62.580
1402;34;26;70.857;66.810
1403;26;34;73.054;74.580
1403;34;26;73.054;78.810
1404;26;35;106.384;68.220
1404;35;26;106.384;72.760
1405;26;36;120.602;59.690
1405;36;26;120.602;64.530
1406;26;36;110.175;60.640
1406;36;26;110.175;65.480
1407;26;37;73.647;63.800
1407;37;26;73.647;69.170
1408;26;37;74.505;67.150
1408;37;26;74.505;72.520
1409;26;37;67.817;66.640
1409;37;26;67.817;72.010
1410;26;38;73.647;80.480
1410;38;26;73.647;87.130
1411;26;38;67.220;75.150
1411;38;26;67.220;81.800
1412;26;38;69.598;58.230
1412;38;26;69.598;64.880
1413;26;39;45.309;1.620
1413;39;26;90.309;65.260
1414;26;39;52.430;12.030
1414;39;26;97.430;75.670
1415;27;28;65.072;85.030
1415;28;27;65.072;85.170
1416;27;28;64.519;70.340
1416;28;27;64.519;70.480
1417;27;28;64.338;67.340
1417;28;27;64.338;67.480
1418;27;29;56.496;78.090
1418;29;27;56.496;78.740
1419;27;30;74.973;75.640
1419;30;27;74.973;76.590
1420;27;31;84.610;81.950
1420;31;27;84.610;83.230
1421;27;32;131.899;76.920
1421;32;27;131.899;79.470
1422;27;32;117.845;83.790
1422;32;27;117.845;86.340
1423;27;33;65.993;81.140
1423;33;27;65.993;83.770
1424;27;34;49.899;59.420
1424;34;27;49.899;62.830
1425;27;34;50.576;60.100
1425;34;27;50.576;63.510
1426;27;35;80.483;61.740
1426;35;27;80.483;65.460
1427;27;35;76.971;69.050
1427;35;27;76.971;72.770
1428;27;35;73.935;74.330
1428;35;27;73.935;78.050
1429;27;36;91.746;76.630
1429;36;27;91.746;80.650
1430;27;36;86.650;66.940
1430;36;27;86.650;70.960
1431;27;36;91.448;64.210
1431;36;27;91.448;68.230
1432;27;37;47.493;62.480
1432;37;27;47.493;67.030
1433;27;38;47.493;71.110
1433;38;27;47.493;76.940
1434;27;38;47.887;57.310
1434;38;27;47.887;63.140
1435;27;38;47.200;68.490
1435;38;27;47.200;74.320
1436;27;39;17.194;24.660
1436;39;27;62.194;87.480
1437;28;29;59.425;85.030
1437;29;28;59.425;85.540
1438;28;30;54.975;76.570
1438;30;28;54.975;77.380
1439;28;31;64.811;83.270
1439;31;28;64.811;84.410
1440;28;31;67.404;78.860
1440;31;28;67.404;80.000
1441;28;32;112.493;63.990
1441;32;28;112.493;66.400
1442;28;32;115.899;71.160
1442;32;28;115.899;73.570
1443;28;33;58.514;79.650
1443;33;28;58.514;82.140
1444;28;34;60.760;70.620
1444;34;28;60.760;73.890
1445;28;34;60.136;63.090
1445;34;28;60.136;66.360
1446;28;34;60.826;76.590
1446;34;28;60.826;79.860
1447;28;35;91.063;61.260
1447;35;28;91.063;64.840
1448;28;35;79.816;71.870
1448;35;28;79.816;75.450
1449;28;36;90.020;62.870
1449;36;28;90.020;66.750
1450;28;36;93.477;65.640
1450;36;28;93.477;69.520
1451;28;36;92.742;68.060
1451;36;28;92.742;71.940
1452;28;37;62.815;70.240
1452;37;28;62.815;74.650
1453;28;37;63.941;75.410
1453;37;28;63.941;79.820
1454;28;38;62.815;61.070
1454;38;28;62.815;66.760
1455;28;38;66.108;68.850
1455;38;28;66.108;74.540
1456;28;38;65.340;80.440
1456;38;28;65.340;86.130
1457;28;39;27.562;22.790
1457;39;28;72.562;85.470
1458;28;39;21.771;7.050
1458;39;28;66.771;69.730
1459;29;30;68.809;76.940
1459;30;29;68.809;77.240
1460;29;30;66.025;77.120
1460;30;29;66.025;77.420
1461;29;31;76.396;73.420
1461;31;29;76.396;74.050
1462;29;31;71.309;63.050
1462;31;29;71.309;63.680
1463;29;32;126.373;78.570
1463;32;29;126.373;80.470
1464;29;32;106.562;69.390
1464;32;29;106.562;71.290
1465;29;33;67.715;77.970
1465;33;29;67.715;79.950
1466;29;34;52.096;82.290
1466;34;29;52.096;85.050
1467;29;34;53.301;61.630
1467;34;29;53.301;64.390
1468;29;34;51.096;73.960
1468;34;29;51.096;76.720
1469;29;35;77.138;81.170
1469;35;29;77.138;84.240
1470;29;35;81.000;61.190
1470;35;29;81.000;64.260
1471;29;35;70.848;64.440
1471;35;29;70.848;67.510
1472;29;36;81.957;79.880
1472;36;29;81.957;83.250
1473;29;36;74.977;67.360
1473;36;29;74.977;70.730
1474;29;37;55.833;82.180
1474;37;29;55.833;86.080
1475;29;37;53.726;65.160
1475;37;29;53.726;69.060
1476;29;37;54.491;76.060
1476;37;29;54.491;79.960
1477;29;38;55.833;76.770
1477;38;29;55.833;81.950
1478;29;39;13.217;11.030
1478;39;29;58.217;73.200
1479;29;39;13.157;11.740
1479;39;29;58.157;73.910
1480;30;31;56.195;81.510
1480;31;30;56.195;81.840
1481;30;31;54.887;74.570
1481;31;30;54.887;74.900
1482;30;31;55.423;84.740
1482;31;30;55.423;85.070
1483;30;32;102.641;78.900
1483;32;30;102.641;80.500
1484;30;32;91.705;61.500
1484;32;30;91.705;63.100
1485;30;33;62.743;60.460
1485;33;30;62.743;62.140
1486;30;33;58.778;68.230
1486;33;30;58.778;69.910
1487;30;34;70.735;69.370
1487;34;30;70.735;71.830
1488;30;35;99.245;78.830
1488;35;30;99.245;81.600
1489;30;35;86.943;75.250
1489;35;30;86.943;78.020
1490;30;35;104.687;68.380
1490;35;30;104.687;71.150
1491;30;36;93.768;71.090
1491;36;30;93.768;74.160
1492;30;36;96.035;63.820
1492;36;30;96.035;66.890
1493;30;37;72.657;68.960
1493;37;30;72.657;72.560
1494;30;37;67.969;81.930
1494;37;30;67.969;85.530
1495;30;37;76.474;68.370
1495;37;30;76.474;71.970
1496;30;38;72.657;69.410
1496;38;30;72.657;74.290
1497;30;38;67.901;77.440
1497;38;30;67.901;82.320
1498;30;39;36.549;4.130
1498;39;30;81.549;66.000
1499;30;39;42.515;3.910
1499;39;30;87.515;65.780
1500;31;32;96.357;77.240
1500;32;31;96.357;78.510
1501;31;33;73.875;74.450
1501;33;31;73.875;75.800
1502;31;33;72.451;68.070
1502;33;31;72.451;69.420
1503;31;33;79.725;69.060
1503;33;31;79.725;70.410
1504;31;34;79.989;75.810
1504;34;31;79.989;77.940
1505;31;34;80.083;80.590
1505;34;31;80.083;82.720
1506;31;34;85.096;83.870
1506;34;31;85.096;86.000
1507;31;35;103.488;81.920
1507;35;31;103.488;84.360
1508;31;36;92.374;80.750
1508;36;31;92.374;83.490
1509;31;37;82.478;73.360
1509;37;31;82.478;76.630
1510;31;37;88.211;60.760
1510;37;31;88.211;64.030
1511;31;38;82.478;81.590
1511;38;31;82.478;86.140
1512;31;38;76.992;65.400
1512;38;31;76.992;69.950
1513;31;39;42.745;3.280
1513;39;31;87.745;64.820
1514;32;33;113.519;73.730
1514;33;32;113.519;73.810
1515;32;33;117.472;80.340
1515;33;32;117.472;80.420
1516;32;33;101.628;62.100
1516;33;32;101.628;62.180
1517;32;34;128.084;67.450
1517;34;32;128.084;68.310
1518;32;34;142.356;65.580
1518;34;32;142.356;66.440
1519;32;34;144.062;71.510
1519;34;32;144.062;72.370
1520;32;35;154.833;77.440
1520;35;32;154.833;78.610
1521;32;35;144.731;70.060
1521;35;32;144.731;71.230
1522;32;35;141.011;78.880
1522;35;32;141.011;80.050
1523;32;36;140.462;82.170
1523;36;32;140.462;83.640
1524;32;36;156.982;61.100
1524;36;32;156.982;62.570
1525;32;37;129.450;75.720
1525;37;32;129.450;77.720
1526;32;38;129.450;72.090
1526;38;32;129.450;75.370
1527;32;38;112.447;67.140
1527;38;32;112.447;70.420
1528;32;39;93.673;18.210
1528;39;32;138.673;78.480
1529;33;34;64.284;69.230
1529;34;33;64.284;70.010
1530;33;34;60.425;68.400
1530;34;33;60.425;69.180
1531;33;34;61.347;79.380
1531;34;33;61.347;80.160
1532;33;35;99.329;60.720
1532;35;33;99.329;61.810
1533;33;36;102.683;66.590
1533;36;33;102.683;67.980
1534;33;36;101.095;79.990
1534;36;33;101.095;81.380
1535;33;37;63.593;79.220
1535;37;33;63.593;81.140
1536;33;38;63.593;58.420
1536;38;33;63.593;61.620
1537;33;39;35.108;17.800
1537;39;33;80.108;77.990
1538;33;39;36.567;20.420
1538;39;33;81.567;80.610
1539;34;35;80.309;81.270
1539;35;34;80.309;81.580
1540;34;35;72.973;79.490
1540;35;34;72.973;79.800
1541;34;36;88.605;75.540
1541;36;34;88.605;76.150
1542;34;36;92.042;60.440
1542;36;34;92.042;61.050
1543;34;36;91.951;64.560
1543;36;34;91.951;65.170
1544;34;37;48.742;77.080
1544;37;34;48.742;78.220
1545;34;37;48.302;59.100
1545;37;34;48.302;60.240
1546;34;38;48.742;69.670
1546;38;34;48.742;72.090
1547;34;39;16.208;8.770
1547;39;34;61.208;68.180
1548;34;39;12.924;16.860
1548;39;34;57.924;76.270
1549;34;39;15.613;5.710
1549;39;34;60.613;65.120
1550;35;36;72.723;78.180
1550;36;35;72.723;78.480
1551;35;36;78.653;68.660
1551;36;35;78.653;68.960
1552;35;36;69.112;66.200
1552;36;35;69.112;66.500
1553;35;37;82.210;64.590
1553;37;35;82.210;65.420
1554;35;37;87.810;81.550
1554;37;35;87.810;82.380
1555;35;37;84.437;75.470
1555;37;35;84.437;76.300
1556;35;38;82.210;74.910
1556;38;35;82.210;77.020
1557;35;39;19.222;1.860
1557;39;35;64.222;60.960
1558;35;39;19.558;21.760
1558;39;35;64.558;80.860
1559;35;39;21.682;23.280
1559;39;35;66.682;82.380
1560;36;37;92.081;64.620
1560;37;36;92.081;65.150
1561;36;38;92.081;74.830
1561;38;36;92.081;76.640
1562;36;39;31.553;2.990
1562;39;36;76.553;61.790
1563;37;38;45.000;78.550
1563;38;37;45.000;79.830
1564;37;38;45.000;69.440
1564;38;37;45.000;70.720
1565;37;39;18.520;17.560
1565;39;37;63.520;75.830
1566;38;39;18.520;22.480
1566;39;38;63.520;79.470
1567;38;39;15.885;8.390
1567;39;38;60.885;65.380
1568;38;39;22.386;5.610
1568;39;38;67.386;62.600
