40
240.0
0;0;1;68.796;122.010
0;1;0;23.796;22.010
1;0;1;70.267;113.830
1;1;0;25.267;13.830
2;0;2;67.496;107.220
2;2;0;22.496;22.380
3;0;3;78.232;82.050
3;3;0;33.232;8.740
4;0;3;74.370;81.420
4;3;0;29.370;8.110
5;0;4;94.491;90.420
5;4;0;49.491;17.540
6;0;4;99.052;85.040
6;4;0;54.052;12.160
7;0;5;67.688;87.260
7;5;0;22.688;15.480
8;0;5;70.448;79.460
8;5;0;25.448;7.680
9;0;6;103.284;93.820
9;6;0;58.284;23.450
10;0;7;75.107;79.830
10;7;0;30.107;9.550
11;0;7;75.837;78.930
11;7;0;30.837;8.650
12;0;8;71.736;85.370
12;8;0;26.736;16.080
13;0;9;94.508;72.750
13;9;0;49.508;4.320
14;0;9;98.505;89.640
14;9;0;53.505;21.210
15;0;9;84.093;73.550
15;9;0;39.093;5.120
16;0;10;141.367;67.470
16;10;0;96.367;0.920
17;0;11;69.972;90.740
17;11;0;24.972;24.460
18;0;12;63.196;73.880
18;12;0;18.196;10.580
19;0;12;66.310;78.060
19;12;0;21.310;14.760
20;0;12;67.713;74.000
20;12;0;22.713;10.700
21;0;13;71.770;81.020
21;13;0;26.770;17.930
22;0;14;71.416;75.570
22;14;0;26.416;12.760
23;0;15;53.671;68.170
23;15;0;8.671;7.890
24;0;16;76.884;66.040
24;16;0;31.884;6.600
25;0;16;72.932;61.830
25;16;0;27.932;2.390
26;0;16;78.296;77.730
26;16;0;33.296;18.290
27;0;17;59.300;82.170
27;17;0;14.300;24.660
28;0;17;58.983;82.290
28;17;0;13.983;24.780
29;0;18;76.553;72.370
29;18;0;31.553;17.300
30;0;19;72.064;63.430
30;19;0;27.064;8.450
31;0;19;68.786;69.030
31;19;0;23.786;14.050
32;0;19;71.238;78.520
32;19;0;26.238;23.540
33;0;20;54.829;63.110
33;20;0;9.829;8.150
34;0;20;56.201;63.050
34;20;0;11.201;8.090
35;0;20;57.178;72.660
35;20;0;12.178;17.700
36;0;21;86.795;78.760
36;21;0;41.795;23.940
37;0;21;90.880;70.750
37;21;0;45.880;15.930
38;0;22;63.520;57.300
38;22;0;18.520;2.660
39;0;22;67.539;73.610
39;22;0;22.539;18.970
40;0;22;67.394;78.150
40;22;0;22.394;23.510
41;0;23;74.975;78.030
41;23;0;29.975;23.760
42;0;24;77.509;56.750
42;24;0;32.509;2.640
43;0;24;76.224;67.660
43;24;0;31.224;13.550
44;0;25;67.308;77.850
44;25;0;22.308;23.770
45;0;26;55.043;67.990
45;26;0;10.043;14.200
46;0;27;134.706;63.860
46;27;0;89.706;10.560
47;0;27;116.867;70.640
47;27;0;71.867;17.340
48;0;27;113.631;64.630
48;27;0;68.631;11.330
49;0;28;138.673;70.950
49;28;0;93.673;17.750
50;0;29;58.217;66.950
50;29;0;13.217;15.090
51;0;29;58.762;70.440
51;29;0;13.762;18.580
52;0;30;87.745;60.210
52;30;0;42.745;8.930
53;0;31;80.108;58.770
53;31;0;35.108;7.880
54;0;32;90.309;70.530
54;32;0;45.309;19.920
55;0;32;93.034;73.190
55;32;0;48.034;22.580
56;0;32;83.806;64.990
56;32;0;38.806;14.380
57;0;33;127.655;61.150
57;33;0;82.655;11.050
58;0;33;111.406;52.530
58;33;0;66.406;2.430
59;0;34;61.208;57.130
59;34;0;16.208;7.440
60;0;34;63.753;56.320
60;34;0;18.753;6.630
61;0;35;72.562;52.330
61;35;0;27.562;2.770
62;0;35;75.131;53.150
62;35;0;30.131;3.590
63;0;35;69.922;57.990
63;35;0;24.922;8.430
64;0;36;63.520;57.880
64;36;0;18.520;8.630
65;0;36;61.462;66.850
65;36;0;16.462;17.600
66;0;36;64.541;53.640
66;36;0;19.541;4.390
67;0;37;62.194;55.240
67;37;0;17.194;6.000
68;0;37;65.608;65.240
68;37;0;20.608;16.000
69;0;38;76.387;52.380
69;38;0;31.387;3.570
70;0;39;0.000;24.390
70;39;0;0.000;24.390
71;1;2;90.080;95.550
71;2;1;90.080;110.710
72;1;3;90.169;85.610
72;3;1;90.169;112.300
73;1;3;84.904;79.230
73;3;1;84.904;105.920
74;1;3;99.988;93.870
74;3;1;99.988;120.560
75;1;4;110.336;78.160
75;4;1;110.336;105.280
76;1;4;119.169;86.020
76;4;1;119.169;113.140
77;1;5;91.481;81.420
77;5;1;91.481;109.640
78;1;5;80.309;73.360
78;5;1;80.309;101.580
79;1;5;83.218;89.090
79;5;1;83.218;117.310
80;1;6;111.860;94.920
80;6;1;111.860;124.550
81;1;7;89.354;85.490
81;7;1;89.354;115.210
82;1;7;92.320;94.360
82;7;1;92.320;124.080
83;1;8;81.092;88.860
83;8;1;81.092;119.570
84;1;8;78.671;93.880
84;8;1;78.671;124.590
85;1;9;95.417;92.200
85;9;1;95.417;123.770
86;1;10;162.144;75.340
86;10;1;162.144;108.790
87;1;10;139.614;83.640
87;10;1;139.614;117.090
88;1;10;134.595;91.310
88;10;1;134.595;124.760
89;1;11;79.321;67.700
89;11;1;79.321;101.420
90;1;11;71.436;84.960
90;11;1;71.436;118.680
91;1;11;86.265;84.210
91;11;1;86.265;117.930
92;1;12;84.989;75.700
92;12;1;84.989;112.400
93;1;12;92.679;66.110
93;12;1;92.679;102.810
94;1;13;83.599;72.070
94;13;1;83.599;108.980
95;1;13;81.581;78.980
95;13;1;81.581;115.890
96;1;13;75.598;79.520
96;13;1;75.598;116.430
97;1;14;82.919;65.920
97;14;1;82.919;103.110
98;1;15;77.461;78.280
98;15;1;77.461;118.000
99;1;16;100.020;67.550
99;16;1;100.020;108.110
100;1;16;92.585;60.970
100;16;1;92.585;101.530
101;1;16;103.300;67.140
101;16;1;103.300;107.700
102;1;17;74.467;59.710
102;17;1;74.467;102.200
103;1;17;76.522;68.860
103;17;1;76.522;111.350
104;1;17;80.124;70.300
104;17;1;80.124;112.790
105;1;18;53.558;66.690
105;18;1;53.558;111.620
106;1;18;55.463;71.390
106;18;1;55.463;116.320
107;1;19;51.582;58.650
107;19;1;51.582;103.670
108;1;19;50.968;77.190
108;19;1;50.968;122.210
109;1;19;50.794;66.020
109;19;1;50.794;111.040
110;1;20;74.708;63.780
110;20;1;74.708;108.820
111;1;20;81.579;61.000
111;20;1;81.579;106.040
112;1;21;93.633;74.680
112;21;1;93.633;119.860
113;1;22;85.525;73.970
113;22;1;85.525;119.330
114;1;22;82.606;74.100
114;22;1;82.606;119.460
115;1;22;91.231;60.450
115;22;1;91.231;105.810
116;1;23;84.495;57.190
116;23;1;84.495;102.920
117;1;24;100.131;59.850
117;24;1;100.131;105.740
118;1;25;90.082;57.910
118;25;1;90.082;103.830
119;1;26;78.565;55.280
119;26;1;78.565;101.490
120;1;27;157.538;56.790
120;27;1;157.538;103.490
121;1;28;142.123;77.710
121;28;1;142.123;124.510
122;1;28;153.083;72.180
122;28;1;153.083;118.980
123;1;28;130.257;73.990
123;28;1;130.257;120.790
124;1;29;76.108;74.380
124;29;1;76.108;122.520
125;1;29;82.879;66.540
125;29;1;82.879;114.680
126;1;30;92.145;64.580
126;30;1;92.145;113.300
127;1;30;81.269;51.680
127;30;1;81.269;100.400
128;1;30;90.344;75.830
128;30;1;90.344;124.550
129;1;31;98.025;68.910
129;31;1;98.025;118.020
130;1;32;113.670;71.810
130;32;1;113.670;121.200
131;1;32;111.167;65.530
131;32;1;111.167;114.920
132;1;32;97.566;64.120
132;32;1;97.566;113.510
133;1;33;126.186;65.400
133;33;1;126.186;115.300
134;1;34;82.266;74.090
134;34;1;82.266;124.400
135;1;34;85.414;51.840
135;34;1;85.414;102.150
136;1;35;86.226;74.560
136;35;1;86.226;125.000
137;1;35;79.509;68.190
137;35;1;79.509;118.630
138;1;35;94.251;72.770
138;35;1;94.251;123.210
139;1;36;85.525;65.940
139;36;1;85.525;116.690
140;1;36;81.371;73.340
140;36;1;81.371;124.090
141;1;36;92.731;71.770
141;36;1;92.731;122.520
142;1;37;84.892;62.730
142;37;1;84.892;113.490
143;1;37;77.598;61.630
143;37;1;77.598;112.390
144;1;38;53.115;67.440
144;38;1;53.115;118.630
145;1;39;23.796;3.070
145;39;1;68.796;103.070
146;1;39;21.661;0.900
146;39;1;66.661;100.900
147;1;39;26.582;4.260
147;39;1;71.582;104.260
148;2;3;70.556;77.170
148;3;2;70.556;88.700
149;2;3;70.754;85.600
149;3;2;70.754;97.130
150;2;3;64.898;91.250
150;3;2;64.898;102.780
151;2;4;77.528;97.470
151;4;2;77.528;109.430
152;2;4;74.018;74.400
152;4;2;74.018;86.360
153;2;4;83.625;97.000
153;4;2;83.625;108.960
154;2;5;54.749;85.810
154;5;2;54.749;98.870
155;2;6;93.284;86.560
155;6;2;93.284;101.030
156;2;6;87.738;95.020
156;6;2;87.738;109.490
157;2;7;65.740;95.020
157;7;2;65.740;109.580
158;2;7;69.084;79.340
158;7;2;69.084;93.900
159;2;7;61.479;75.640
159;7;2;61.479;90.200
160;2;8;70.880;88.920
160;8;2;70.880;104.470
161;2;9;93.924;88.360
161;9;2;93.924;104.770
162;2;9;89.414;88.530
162;9;2;89.414;104.940
163;2;10;119.040;80.750
163;10;2;119.040;99.040
164;2;11;70.339;72.540
164;11;2;70.339;91.100
165;2;12;50.468;69.590
165;12;2;50.468;91.130
166;2;12;50.890;79.870
166;12;2;50.890;101.410
167;2;13;67.821;81.610
167;13;2;67.821;103.360
168;2;13;65.449;82.710
168;13;2;65.449;104.460
169;2;13;66.721;84.530
169;13;2;66.721;106.280
170;2;14;68.133;71.530
170;14;2;68.133;93.560
171;2;15;59.979;77.120
171;15;2;59.979;101.680
172;2;15;60.371;65.720
172;15;2;60.371;90.280
173;2;15;61.741;71.960
173;15;2;61.741;96.520
174;2;16;55.181;61.710
174;16;2;55.181;87.110
175;2;17;63.595;59.120
175;17;2;63.595;86.450
176;2;17;60.814;70.610
176;17;2;60.814;97.940
177;2;18;96.773;74.310
177;18;2;96.773;104.080
178;2;18;102.169;61.880
178;18;2;102.169;91.650
179;2;18;98.914;72.610
179;18;2;98.914;102.380
180;2;19;91.711;76.110
180;19;2;91.711;105.970
181;2;20;60.606;67.840
181;20;2;60.606;97.720
182;2;21;82.094;69.170
182;21;2;82.094;99.190
183;2;21;84.295;72.050
183;21;2;84.295;102.070
184;2;22;49.777;76.710
184;22;2;49.777;106.910
185;2;22;48.940;67.270
185;22;2;48.940;97.470
186;2;22;50.659;76.200
186;22;2;50.659;106.400
187;2;23;71.979;56.540
187;23;2;71.979;87.110
188;2;23;74.797;74.190
188;23;2;74.797;104.760
189;2;23;76.089;57.830
189;23;2;76.089;88.400
190;2;24;55.085;61.160
190;24;2;55.085;91.890
191;2;24;52.710;70.020
191;24;2;52.710;100.750
192;2;25;45.845;75.060
192;25;2;45.845;105.820
193;2;26;61.512;64.790
193;26;2;61.512;95.840
194;2;27;112.495;63.720
194;27;2;112.495;95.260
195;2;28;130.650;76.850
195;28;2;130.650;108.490
196;2;28;133.395;75.420
196;28;2;133.395;107.060
197;2;28;135.183;59.450
197;28;2;135.183;91.090
198;2;29;60.584;71.770
198;29;2;60.584;104.750
199;2;29;60.065;68.460
199;29;2;60.065;101.440
200;2;30;85.360;57.260
200;30;2;85.360;90.820
201;2;31;62.990;63.340
201;31;2;62.990;97.290
202;2;31;59.790;68.660
202;31;2;59.790;102.610
203;2;32;68.888;51.820
203;32;2;68.888;86.050
204;2;33;125.059;66.070
204;33;2;125.059;100.810
205;2;33;132.305;54.920
205;33;2;132.305;89.660
206;2;34;53.489;62.120
206;34;2;53.489;97.270
207;2;34;54.094;69.050
207;34;2;54.094;104.200
208;2;35;65.552;70.360
208;35;2;65.552;105.640
209;2;35;64.417;74.270
209;35;2;64.417;109.550
210;2;36;49.777;66.490
210;36;2;49.777;102.080
211;2;37;50.307;55.960
211;37;2;50.307;91.560
212;2;37;49.183;56.610
212;37;2;49.183;92.210
213;2;37;50.038;49.330
213;37;2;50.038;84.930
214;2;38;96.814;65.880
214;38;2;96.814;101.910
215;2;39;22.496;16.690
215;39;2;67.496;101.530
216;2;39;25.584;16.820
216;39;2;70.584;101.660
217;2;39;24.532;11.950
217;39;2;69.532;96.790
218;3;4;65.896;76.900
218;4;3;65.896;77.330
219;3;4;68.278;97.780
219;4;3;68.278;98.210
220;3;5;80.092;83.140
220;5;3;80.092;84.670
221;3;6;70.157;84.910
221;6;3;70.157;87.850
222;3;7;49.830;87.170
222;7;3;49.830;90.200
223;3;8;54.199;85.080
223;8;3;54.199;89.100
224;3;8;52.203;90.030
224;8;3;52.203;94.050
225;3;8;56.064;74.970
225;8;3;56.064;78.990
226;3;9;69.021;72.000
226;9;3;69.021;76.880
227;3;9;70.368;78.810
227;9;3;70.368;83.690
228;3;9;71.477;71.640
228;9;3;71.477;76.520
229;3;10;121.063;89.190
229;10;3;121.063;95.950
230;3;10;129.010;91.070
230;10;3;129.010;97.830
231;3;10;107.971;77.080
231;10;3;107.971;83.840
232;3;11;55.870;68.930
232;11;3;55.870;75.960
233;3;11;54.270;68.130
233;11;3;54.270;75.160
234;3;12;67.745;66.930
234;12;3;67.745;76.940
235;3;13;51.816;73.370
235;13;3;51.816;83.590
236;3;13;51.928;78.540
236;13;3;51.928;88.760
237;3;14;52.399;71.240
237;14;3;52.399;81.740
238;3;14;53.989;83.360
238;14;3;53.989;93.860
239;3;14;53.958;71.970
239;14;3;53.958;82.470
240;3;15;76.950;62.960
240;15;3;76.950;75.990
241;3;15;71.997;69.240
241;15;3;71.997;82.270
242;3;16;76.901;76.610
242;16;3;76.901;90.480
243;3;16;80.301;60.700
243;16;3;80.301;74.570
244;3;16;76.050;80.860
244;16;3;76.050;94.730
245;3;17;64.038;78.560
245;17;3;64.038;94.360
246;3;17;61.394;79.600
246;17;3;61.394;95.400
247;3;17;64.334;82.070
247;17;3;64.334;97.870
248;3;18;93.138;78.100
248;18;3;93.138;96.340
249;3;19;88.073;60.730
249;19;3;88.073;79.060
250;3;20;68.842;55.720
250;20;3;68.842;74.070
251;3;20;64.883;76.110
251;20;3;64.883;94.460
252;3;20;68.498;70.560
252;20;3;68.498;88.910
253;3;21;56.583;68.000
253;21;3;56.583;86.490
254;3;21;56.648;68.910
254;21;3;56.648;87.400
255;3;21;58.408;58.900
255;21;3;58.408;77.390
256;3;22;68.314;55.580
256;22;3;68.314;74.250
257;3;22;72.711;56.310
257;22;3;72.711;74.980
258;3;23;51.249;60.800
258;23;3;51.249;79.840
259;3;23;50.112;57.020
259;23;3;50.112;76.060
260;3;24;74.210;69.390
260;24;3;74.210;88.590
261;3;24;67.679;56.010
261;24;3;67.679;75.210
262;3;24;69.367;74.490
262;24;3;69.367;93.690
263;3;25;71.367;78.670
263;25;3;71.367;97.900
264;3;26;80.128;75.950
264;26;3;80.128;95.470
265;3;27;122.466;62.090
265;27;3;122.466;82.100
266;3;27;106.283;75.520
266;27;3;106.283;95.530
267;3;27;130.878;59.050
267;27;3;130.878;79.060
268;3;28;106.618;59.710
268;28;3;106.618;79.820
269;3;28;117.303;70.740
269;28;3;117.303;90.850
270;3;29;65.207;59.460
270;29;3;65.207;80.910
271;3;30;60.318;72.130
271;30;3;60.318;94.160
272;3;30;64.049;62.570
272;30;3;64.049;84.600
273;3;30;60.906;64.580
273;30;3;60.906;86.610
274;3;31;59.211;59.240
274;31;3;59.211;81.660
275;3;31;61.047;60.260
275;31;3;61.047;82.680
276;3;31;61.720;61.950
276;31;3;61.720;84.370
277;3;32;87.271;69.600
277;32;3;87.271;92.300
278;3;32;79.514;62.360
278;32;3;79.514;85.060
279;3;33;99.514;58.870
279;33;3;99.514;82.080
280;3;33;111.934;52.780
280;33;3;111.934;75.990
281;3;33;97.837;71.150
281;33;3;97.837;94.360
282;3;34;66.534;58.720
282;34;3;66.534;82.340
283;3;34;64.711;62.610
283;34;3;64.711;86.230
284;3;34;62.682;54.030
284;34;3;62.682;77.650
285;3;35;50.893;69.710
285;35;3;50.893;93.460
286;3;35;51.986;69.030
286;35;3;51.986;92.780
287;3;36;68.314;56.120
287;36;3;68.314;80.180
288;3;37;70.659;63.430
288;37;3;70.659;87.500
289;3;37;68.229;68.910
289;37;3;68.229;92.980
290;3;37;72.248;61.600
290;37;3;72.248;85.670
291;3;38;93.597;62.590
291;38;3;93.597;87.090
292;3;38;97.152;73.350
292;38;3;97.152;97.850
293;3;39;33.232;19.340
293;39;3;78.232;92.650
294;3;39;39.912;6.140
294;39;3;84.912;79.450
295;3;39;34.709;22.460
295;39;3;79.709;95.770
296;4;5;86.520;76.130
296;5;4;86.520;77.230
297;4;5;85.330;82.790
297;5;4;85.330;83.890
298;4;6;66.975;80.370
298;6;4;66.975;82.880
299;4;6;68.828;90.560
299;6;4;68.828;93.070
300;4;6;61.949;91.470
300;6;4;61.949;93.980
301;4;7;65.984;79.200
301;7;4;65.984;81.800
302;4;7;63.457;82.970
302;7;4;63.457;85.570
303;4;8;74.997;84.040
303;8;4;74.997;87.630
304;4;8;69.956;85.740
304;8;4;69.956;89.330
305;4;8;80.606;93.580
305;8;4;80.606;97.170
306;4;9;81.911;74.990
306;9;4;81.911;79.440
307;4;9;74.018;80.640
307;9;4;74.018;85.090
308;4;9;81.422;79.750
308;9;4;81.422;84.200
309;4;10;100.850;69.530
309;10;4;100.850;75.860
310;4;10;93.540;81.900
310;10;4;93.540;88.230
311;4;11;76.517;85.370
311;11;4;76.517;91.970
312;4;11;75.595;81.510
312;11;4;75.595;88.110
313;4;11;78.208;83.200
313;11;4;78.208;89.800
314;4;12;78.322;76.190
314;12;4;78.322;85.770
315;4;12;83.141;65.950
315;12;4;83.141;75.530
316;4;13;71.892;78.680
316;13;4;71.892;88.470
317;4;14;72.608;78.730
317;14;4;72.608;88.800
318;4;15;90.133;74.520
318;15;4;90.133;87.120
319;4;16;77.378;80.490
319;16;4;77.378;93.930
320;4;16;74.216;72.810
320;16;4;74.216;86.250
321;4;16;84.159;68.990
321;16;4;84.159;82.430
322;4;17;81.875;76.070
322;17;4;81.875;91.440
323;4;18;113.875;64.110
323;18;4;113.875;81.920
324;4;18;115.444;57.680
324;18;4;115.444;75.490
325;4;19;108.746;79.780
325;19;4;108.746;97.680
326;4;19;114.030;64.510
326;19;4;114.030;82.410
327;4;20;84.694;60.180
327;20;4;84.694;78.100
328;4;21;70.235;74.470
328;21;4;70.235;92.530
329;4;21;70.229;57.590
329;21;4;70.229;75.650
330;4;21;68.629;66.290
330;21;4;68.629;84.350
331;4;22;78.457;56.190
331;22;4;78.457;74.430
332;4;22;84.280;54.760
332;22;4;84.280;73.000
333;4;22;81.413;59.590
333;22;4;81.413;77.830
334;4;23;72.129;69.700
334;23;4;72.129;88.310
335;4;24;74.022;67.100
335;24;4;74.022;85.870
336;4;25;78.306;61.430
336;25;4;78.306;80.230
337;4;25;81.875;76.600
337;25;4;81.875;95.400
338;4;25;84.242;60.330
338;25;4;84.242;79.130
339;4;26;92.682;76.110
339;26;4;92.682;95.200
340;4;26;89.655;56.360
340;26;4;89.655;75.450
341;4;27;105.354;56.510
341;27;4;105.354;76.090
342;4;27;111.799;77.800
342;27;4;111.799;97.380
343;4;28;102.209;59.060
343;28;4;102.209;78.740
344;4;29;81.604;58.660
344;29;4;81.604;79.680
345;4;30;74.925;60.980
345;30;4;74.925;82.580
346;4;30;76.577;56.650
346;30;4;76.577;78.250
347;4;30;67.849;73.060
347;30;4;67.849;94.660
348;4;31;59.867;61.420
348;31;4;59.867;83.410
349;4;31;57.465;70.260
349;31;4;57.465;92.250
350;4;32;80.955;63.610
350;32;4;80.955;85.880
351;4;33;103.258;50.740
351;33;4;103.258;73.520
352;4;33;113.717;64.620
352;33;4;113.717;87.400
353;4;33;90.610;68.810
353;33;4;90.610;91.590
354;4;34;79.030;74.310
354;34;4;79.030;97.500
355;4;34;76.415;68.680
355;34;4;76.415;91.870
356;4;34;84.212;53.920
356;34;4;84.212;77.110
357;4;35;69.109;71.490
357;35;4;69.109;94.810
358;4;35;65.292;70.370
358;35;4;65.292;93.690
359;4;35;72.486;70.090
359;35;4;72.486;93.410
360;4;36;78.457;52.600
360;36;4;78.457;76.230
361;4;36;85.546;67.130
361;36;4;85.546;90.760
362;4;36;78.140;53.930
362;36;4;78.140;77.560
363;4;37;80.845;55.150
363;37;4;80.845;78.790
364;4;37;84.829;73.230
364;37;4;84.829;96.870
365;4;38;114.299;59.270
365;38;4;114.299;83.340
366;4;38;125.398;70.250
366;38;4;125.398;94.320
367;4;39;49.491;12.600
367;39;4;94.491;85.480
368;4;39;61.817;22.560
368;39;4;106.817;95.440
369;5;6;103.017;85.240
369;6;5;103.017;86.650
370;5;6;93.349;85.040
370;6;5;93.349;86.450
371;5;6;100.386;71.300
371;6;5;100.386;72.710
372;5;7;75.314;81.030
372;7;5;75.314;82.530
373;5;7;77.697;71.320
373;7;5;77.697;72.820
374;5;7;73.108;81.870
374;7;5;73.108;83.370
375;5;8;79.348;78.790
375;8;5;79.348;81.280
376;5;8;81.736;72.510
376;8;5;81.736;75.000
377;5;8;79.455;81.720
377;8;5;79.455;84.210
378;5;9;103.016;77.700
378;9;5;103.016;81.050
379;5;9;106.659;89.380
379;9;5;106.659;92.730
380;5;9;102.225;73.270
380;9;5;102.225;76.620
381;5;10;122.822;74.360
381;10;5;122.822;79.590
382;5;10;130.328;69.500
382;10;5;130.328;74.730
383;5;10;124.296;88.610
383;10;5;124.296;93.840
384;5;11;78.502;87.240
384;11;5;78.502;92.740
385;5;11;77.366;80.310
385;11;5;77.366;85.810
386;5;11;85.437;85.710
386;11;5;85.437;91.210
387;5;12;57.858;69.090
387;12;5;57.858;77.570
388;5;13;76.705;84.670
388;13;5;76.705;93.360
389;5;14;76.911;67.900
389;14;5;76.911;76.870
390;5;14;77.132;68.560
390;14;5;77.132;77.530
391;5;14;69.207;81.350
391;14;5;69.207;90.320
392;5;15;59.020;85.100
392;15;5;59.020;96.600
393;5;16;57.000;81.930
393;16;5;57.000;94.270
394;5;16;59.031;78.600
394;16;5;59.031;90.940
395;5;16;58.656;80.540
395;16;5;58.656;92.880
396;5;17;69.713;69.400
396;17;5;69.713;83.670
397;5;18;99.080;59.850
397;18;5;99.080;76.560
398;5;19;94.368;71.700
398;19;5;94.368;88.500
399;5;20;64.811;73.350
399;20;5;64.811;90.170
400;5;21;91.542;73.810
400;21;5;91.542;90.770
401;5;22;57.156;77.730
401;22;5;57.156;94.870
402;5;22;58.920;67.260
402;22;5;58.920;84.400
403;5;22;55.949;70.450
403;22;5;55.949;87.590
404;5;23;80.915;60.390
404;23;5;80.915;77.900
405;5;23;81.457;67.530
405;23;5;81.457;85.040
406;5;23;74.854;59.800
406;23;5;74.854;77.310
407;5;24;59.400;56.050
407;24;5;59.400;73.720
408;5;24;60.381;64.410
408;24;5;60.381;82.080
409;5;24;62.297;71.390
409;24;5;62.297;89.060
410;5;25;53.905;67.950
410;25;5;53.905;85.650
411;5;25;56.029;75.160
411;25;5;56.029;92.860
412;5;25;54.822;68.580
412;25;5;54.822;86.280
413;5;26;58.441;59.170
413;26;5;58.441;77.160
414;5;26;60.431;65.640
414;26;5;60.431;83.630
415;5;26;58.483;58.410
415;26;5;58.483;76.400
416;5;27;113.332;66.330
416;27;5;113.332;84.810
417;5;27;109.459;57.860
417;27;5;109.459;76.340
418;5;28;140.389;77.430
418;28;5;140.389;96.010
419;5;29;66.444;64.020
419;29;5;66.444;83.940
420;5;29;66.598;59.140
420;29;5;66.598;79.060
421;5;29;68.104;69.360
421;29;5;68.104;89.280
422;5;30;94.578;66.230
422;30;5;94.578;86.730
423;5;30;106.182;52.090
423;30;5;106.182;72.590
424;5;30;95.737;53.920
424;30;5;95.737;74.420
425;5;31;72.411;71.210
425;31;5;72.411;92.100
426;5;31;69.599;75.380
426;31;5;69.599;96.270
427;5;32;68.621;74.690
427;32;5;68.621;95.860
428;5;32;64.893;54.350
428;32;5;64.893;75.520
429;5;33;134.595;69.400
429;33;5;134.595;91.080
430;5;33;141.566;62.750
430;33;5;141.566;84.430
431;5;33;119.591;70.370
431;33;5;119.591;92.050
432;5;34;60.221;52.560
432;34;5;60.221;74.650
433;5;35;74.821;68.410
433;35;5;74.821;90.630
434;5;35;76.329;51.150
434;35;5;76.329;73.370
435;5;35;74.098;68.210
435;35;5;74.098;90.430
436;5;36;57.156;60.000
436;36;5;57.156;82.530
437;5;36;59.638;55.330
437;36;5;59.638;77.860
438;5;37;55.323;56.920
438;37;5;55.323;79.460
439;5;37;53.962;61.950
439;37;5;53.962;84.490
440;5;38;98.965;67.610
440;38;5;98.965;90.580
441;5;39;22.688;3.030
441;39;5;67.688;74.810
442;5;39;23.426;9.110
442;39;5;68.426;80.890
443;6;7;74.047;87.940
443;7;6;74.047;88.030
444;6;8;77.227;92.690
444;8;6;77.227;93.770
445;6;8;75.093;93.410
445;8;6;75.093;94.490
446;6;9;67.443;91.080
446;9;6;67.443;93.020
447;6;9;66.402;93.070
447;9;6;66.402;95.010
448;6;10;115.880;88.490
448;10;6;115.880;92.310
449;6;10;99.254;81.410
449;10;6;99.254;85.230
450;6;10;121.736;87.420
450;10;6;121.736;91.240
451;6;11;79.121;76.650
451;11;6;79.121;80.740
452;6;11;77.216;81.100
452;11;6;77.216;85.190
453;6;11;76.702;71.110
453;11;6;76.702;75.200
454;6;12;91.819;67.930
454;12;6;91.819;75.000
455;6;12;84.640;71.780
455;12;6;84.640;78.850
456;6;13;76.525;77.590
456;13;6;76.525;84.870
457;6;14;76.918;66.740
457;14;6;76.918;74.300
458;6;14;80.916;73.080
458;14;6;80.916;80.640
459;6;15;101.963;69.240
459;15;6;101.963;79.330
460;6;15;115.638;68.100
460;15;6;115.638;78.190
461;6;15;114.842;76.920
461;15;6;114.842;87.010
462;6;16;96.445;76.760
462;16;6;96.445;87.690
463;6;16;109.044;80.470
463;16;6;109.044;91.400
464;6;16;91.806;82.620
464;16;6;91.806;93.550
465;6;17;89.000;73.780
465;17;6;89.000;86.640
466;6;18;112.696;78.070
466;18;6;112.696;93.370
467;6;19;108.227;62.300
467;19;6;108.227;77.690
468;6;20;93.998;67.930
468;20;6;93.998;83.340
469;6;20;97.039;66.170
469;20;6;97.039;81.580
470;6;20;94.163;55.700
470;20;6;94.163;71.110
471;6;21;63.228;64.870
471;21;6;63.228;80.420
472;6;21;65.370;60.310
472;21;6;65.370;75.860
473;6;22;92.259;74.460
473;22;6;92.259;90.190
474;6;22;83.593;71.560
474;22;6;83.593;87.290
475;6;22;93.497;56.970
475;22;6;93.497;72.700
476;6;23;73.729;64.840
476;23;6;73.729;80.940
477;6;23;73.748;77.800
477;23;6;73.748;93.900
478;6;24;93.168;59.480
478;24;6;93.168;75.740
479;6;25;94.129;60.950
479;25;6;94.129;77.240
480;6;26;105.077;59.570
480;26;6;105.077;76.150
481;6;27;124.928;77.500
481;27;6;124.928;94.570
482;6;28;82.380;63.130
482;28;6;82.380;80.300
483;6;28;85.727;60.590
483;28;6;85.727;77.760
484;6;28;91.179;69.800
484;28;6;91.179;86.970
485;6;29;90.358;69.220
485;29;6;90.358;87.730
486;6;30;65.472;71.440
486;30;6;65.472;90.530
487;6;31;76.245;56.720
487;31;6;76.245;76.200
488;6;32;102.399;55.320
488;32;6;102.399;75.080
489;6;32;106.267;71.730
489;32;6;106.267;91.490
490;6;33;81.316;57.230
490;33;6;81.316;77.500
491;6;34;91.165;64.970
491;34;6;91.165;85.650
492;6;35;76.010;70.250
492;35;6;76.010;91.060
493;6;36;92.259;54.230
493;36;6;92.259;75.350
494;6;37;94.732;73.690
494;37;6;94.732;94.820
495;6;37;98.083;59.080
495;37;6;98.083;80.210
496;6;38;113.337;66.000
496;38;6;113.337;87.560
497;6;39;58.284;15.480
497;39;6;103.284;85.850
498;6;39;53.258;24.330
498;39;6;98.258;94.700
499;7;8;55.054;70.020
499;8;7;55.054;71.010
500;7;8;52.928;74.070
500;8;7;52.928;75.060
501;7;8;56.640;72.830
501;8;7;56.640;73.820
502;7;9;73.717;83.340
502;9;7;73.717;85.190
503;7;9;70.632;80.980
503;9;7;70.632;82.830
504;7;9;69.804;86.300
504;9;7;69.804;88.150
505;7;10;119.701;88.970
505;10;7;119.701;92.700
506;7;10;129.929;80.490
506;10;7;129.929;84.220
507;7;11;56.138;75.880
507;11;7;56.138;79.880
508;7;11;54.750;69.390
508;11;7;54.750;73.390
509;7;12;63.125;79.570
509;12;7;63.125;86.550
510;7;12;60.438;65.550
510;12;7;60.438;72.530
511;7;13;51.317;76.520
511;13;7;51.317;83.710
512;7;14;52.058;84.870
512;14;7;52.058;92.340
513;7;15;72.936;84.500
513;15;7;72.936;94.500
514;7;16;72.199;84.160
514;16;7;72.199;95.000
515;7;16;68.468;62.540
515;16;7;68.468;73.380
516;7;17;61.387;64.690
516;17;7;61.387;77.460
517;7;17;58.489;62.070
517;17;7;58.489;74.840
518;7;18;93.137;74.870
518;18;7;93.137;90.080
519;7;19;87.953;65.190
519;19;7;87.953;80.490
520;7;19;82.096;75.040
520;19;7;82.096;90.340
521;7;20;65.413;71.050
521;20;7;65.413;86.370
522;7;20;66.920;76.820
522;20;7;66.920;92.140
523;7;20;64.039;66.990
523;20;7;64.039;82.310
524;7;21;61.410;57.550
524;21;7;61.410;73.010
525;7;21;59.631;71.770
525;21;7;59.631;87.230
526;7;22;63.660;55.590
526;22;7;63.660;71.230
527;7;23;53.554;70.960
527;23;7;53.554;86.970
528;7;23;52.811;64.370
528;23;7;52.811;80.380
529;7;24;69.601;75.790
529;24;7;69.601;91.960
530;7;25;66.555;72.120
530;25;7;66.555;88.320
531;7;26;76.032;54.790
531;26;7;76.032;71.280
532;7;26;76.647;58.740
532;26;7;76.647;75.230
533;7;26;77.415;64.940
533;26;7;77.415;81.430
534;7;27;119.737;63.680
534;27;7;119.737;80.660
535;7;27;105.513;69.050
535;27;7;105.513;86.030
536;7;27;117.626;57.140
536;27;7;117.626;74.120
537;7;28;110.940;54.740
537;28;7;110.940;71.820
538;7;29;61.893;71.450
538;29;7;61.893;89.870
539;7;30;65.023;58.700
539;30;7;65.023;77.700
540;7;30;68.898;62.150
540;30;7;68.898;81.150
541;7;31;55.896;58.590
541;31;7;55.896;77.980
542;7;31;53.237;51.260
542;31;7;53.237;70.650
543;7;32;82.998;58.960
543;32;7;82.998;78.630
544;7;32;86.797;59.220
544;32;7;86.797;78.890
545;7;32;74.960;71.260
545;32;7;74.960;90.930
546;7;33;104.320;60.730
546;33;7;104.320;80.910
547;7;33;96.525;66.180
547;33;7;96.525;86.360
548;7;34;62.161;58.860
548;34;7;62.161;79.450
549;7;34;58.838;51.270
549;34;7;58.838;71.860
550;7;35;48.134;57.890
550;35;7;48.134;78.610
551;7;36;63.660;61.680
551;36;7;63.660;82.710
552;7;37;66.053;62.560
552;37;7;66.053;83.600
553;7;37;64.605;59.590
553;37;7;64.605;80.630
554;7;38;93.521;58.440
554;38;7;93.521;79.910
555;7;38;91.748;70.980
555;38;7;91.748;92.450
556;7;39;30.107;21.770
556;39;7;75.107;92.050
557;8;9;69.134;88.200
557;9;8;69.134;89.060
558;8;9;70.345;80.350
558;9;8;70.345;81.210
559;8;9;70.963;69.090
559;9;8;70.963;69.950
560;8;10;129.631;71.110
560;10;8;129.631;73.850
561;8;10;120.884;73.740
561;10;8;120.884;76.480
562;8;11;46.897;82.240
562;11;8;46.897;85.250
563;8;11;46.878;68.740
563;11;8;46.878;71.750
564;8;11;46.871;69.010
564;11;8;46.871;72.020
565;8;12;66.505;87.840
565;12;8;66.505;93.830
566;8;12;63.889;63.560
566;12;8;63.889;69.550
567;8;13;48.909;86.530
567;13;8;48.909;92.730
568;8;14;48.248;83.320
568;14;8;48.248;89.800
569;8;15;72.607;62.740
569;15;8;72.607;71.750
570;8;15;68.479;68.080
570;15;8;68.479;77.090
571;8;15;69.490;63.390
571;15;8;69.490;72.400
572;8;16;79.368;61.690
572;16;8;79.368;71.540
573;8;17;57.681;58.610
573;17;8;57.681;70.390
574;8;18;83.943;70.340
574;18;8;83.943;84.560
575;8;18;76.677;64.100
575;18;8;76.677;78.320
576;8;18;91.832;64.480
576;18;8;91.832;78.700
577;8;19;78.875;79.150
577;19;8;78.875;93.460
578;8;19;85.172;72.460
578;19;8;85.172;86.770
579;8;19;73.057;73.810
579;19;8;73.057;88.120
580;8;20;63.528;61.860
580;20;8;63.528;76.190
581;8;21;60.062;78.070
581;21;8;60.062;92.540
582;8;21;62.778;79.450
582;21;8;62.778;93.920
583;8;21;59.142;65.100
583;21;8;59.142;79.570
584;8;22;67.227;65.630
584;22;8;67.227;80.280
585;8;23;48.532;67.830
585;23;8;48.532;82.850
586;8;23;48.928;79.090
586;23;8;48.928;94.110
587;8;23;49.100;56.050
587;23;8;49.100;71.070
588;8;24;77.326;72.810
588;24;8;77.326;87.990
589;8;24;76.052;64.630
589;24;8;76.052;79.810
590;8;24;83.471;69.950
590;24;8;83.471;85.130
591;8;25;71.558;56.140
591;25;8;71.558;71.350
592;8;25;72.801;78.940
592;25;8;72.801;94.150
593;8;26;75.900;71.640
593;26;8;75.900;87.140
594;8;27;129.689;75.630
594;27;8;129.689;91.620
595;8;27;138.936;75.980
595;27;8;138.936;91.970
596;8;27;127.120;77.030
596;27;8;127.120;93.020
597;8;28;111.937;69.790
597;28;8;111.937;85.880
598;8;29;60.035;74.670
598;29;8;60.035;92.100
599;8;30;61.368;59.140
599;30;8;61.368;77.150
600;8;30;64.495;58.140
600;30;8;64.495;76.150
601;8;30;64.017;52.000
601;30;8;64.017;70.010
602;8;31;65.863;73.470
602;31;8;65.863;91.870
603;8;32;91.477;66.470
603;32;8;91.477;85.150
604;8;32;99.620;71.980
604;32;8;99.620;90.660
605;8;33;101.894;70.930
605;33;8;101.894;90.120
606;8;34;64.252;70.630
606;34;8;64.252;90.230
607;8;35;52.406;73.460
607;35;8;52.406;93.190
608;8;36;67.227;53.230
608;36;8;67.227;73.270
609;8;36;68.707;61.620
609;36;8;68.707;81.660
610;8;36;63.309;63.090
610;36;8;63.309;83.130
611;8;37;69.083;58.000
611;37;8;69.083;78.050
612;8;38;84.399;58.920
612;38;8;84.399;79.400
613;8;38;93.524;53.440
613;38;8;93.524;73.920
614;8;39;26.736;9.400
614;39;8;71.736;78.690
615;9;10;136.357;80.390
615;10;9;136.357;82.270
616;9;10;117.848;82.940
616;10;9;117.848;84.820
617;9;10;127.003;88.850
617;10;9;127.003;90.730
618;9;11;70.455;89.980
618;11;9;70.455;92.130
619;9;11;72.911;88.070
619;11;9;72.911;90.220
620;9;12;90.195;79.770
620;12;9;90.195;84.900
621;9;13;71.323;75.200
621;13;9;71.323;80.540
622;9;14;71.164;70.310
622;14;9;71.164;75.930
623;9;15;96.604;83.110
623;15;9;96.604;91.260
624;9;15;108.654;66.120
624;15;9;108.654;74.270
625;9;16;100.908;76.100
625;16;9;100.908;85.090
626;9;16;114.192;68.730
626;16;9;114.192;77.720
627;9;16;114.852;72.660
627;16;9;114.852;81.650
628;9;17;81.387;75.600
628;17;9;81.387;86.520
629;9;17;83.968;70.430
629;17;9;83.968;81.350
630;9;18;94.181;63.300
630;18;9;94.181;76.660
631;9;19;90.491;59.140
631;19;9;90.491;72.590
632;9;19;85.959;56.330
632;19;9;85.959;69.780
633;9;20;87.406;58.520
633;20;9;87.406;71.990
634;9;21;57.957;61.790
634;21;9;57.957;75.400
635;9;22;90.875;57.310
635;22;9;90.875;71.100
636;9;22;93.630;59.460
636;22;9;93.630;73.250
637;9;22;85.255;60.580
637;22;9;85.255;74.370
638;9;23;67.112;68.890
638;23;9;67.112;83.050
639;9;23;63.821;54.860
639;23;9;63.821;69.020
640;9;23;66.854;76.810
640;23;9;66.854;90.970
641;9;24;98.228;70.550
641;24;9;98.228;84.870
642;9;24;102.533;69.090
642;24;9;102.533;83.410
643;9;25;94.686;77.470
643;25;9;94.686;91.820
644;9;25;91.314;65.220
644;25;9;91.314;79.570
645;9;26;99.891;66.240
645;26;9;99.891;80.880
646;9;26;88.189;72.790
646;26;9;88.189;87.430
647;9;26;87.371;64.380
647;26;9;87.371;79.020
648;9;27;142.238;64.910
648;27;9;142.238;80.040
649;9;28;91.711;58.340
649;28;9;91.711;73.570
650;9;29;84.055;62.930
650;29;9;84.055;79.500
651;9;29;85.820;71.410
651;29;9;85.820;87.980
652;9;29;92.385;72.910
652;29;9;92.385;89.480
653;9;30;53.703;75.200
653;30;9;53.703;92.350
654;9;31;82.429;66.700
654;31;9;82.429;84.240
655;9;32;110.986;74.000
655;32;9;110.986;91.820
656;9;32;106.627;54.760
656;32;9;106.627;72.580
657;9;32;118.354;66.710
657;32;9;118.354;84.530
658;9;33;78.148;57.510
658;33;9;78.148;75.840
659;9;33;85.804;56.100
659;33;9;85.804;74.430
660;9;33;75.711;69.700
660;33;9;75.711;88.030
661;9;34;88.212;54.320
661;34;9;88.212;73.060
662;9;34;94.030;55.110
662;34;9;94.030;73.850
663;9;34;91.243;53.410
663;34;9;91.243;72.150
664;9;35;73.380;66.310
664;35;9;73.380;85.180
665;9;36;90.875;67.260
665;36;9;90.875;86.440
666;9;37;92.930;71.640
666;37;9;92.930;90.830
667;9;38;94.934;66.690
667;38;9;94.934;86.310
668;9;39;49.508;3.020
668;39;9;94.508;71.450
669;10;11;130.837;81.570
669;11;10;130.837;81.840
670;10;12;123.211;81.400
670;12;10;123.211;84.650
671;10;12;132.842;85.080
671;12;10;132.842;88.330
672;10;13;126.016;84.690
672;13;10;126.016;88.150
673;10;13;113.969;64.830
673;13;10;113.969;68.290
674;10;13;135.754;86.010
674;13;10;135.754;89.470
675;10;14;126.758;83.280
675;14;10;126.758;87.020
676;10;14;123.422;76.260
676;14;10;123.422;80.000
677;10;14;137.527;66.860
677;14;10;137.527;70.600
678;10;15;133.962;83.410
678;15;10;133.962;89.680
679;10;16;111.004;64.470
679;16;10;111.004;71.580
680;10;16;101.314;65.160
680;16;10;101.314;72.270
681;10;16;111.782;64.510
681;16;10;111.782;71.620
682;10;17;132.714;80.570
682;17;10;132.714;89.610
683;10;17;148.434;69.730
683;17;10;148.434;78.770
684;10;17;137.351;73.920
684;17;10;137.351;82.960
685;10;18;167.224;74.390
685;18;10;167.224;85.870
686;10;18;170.114;60.560
686;18;10;170.114;72.040
687;10;18;197.401;66.770
687;18;10;197.401;78.250
688;10;19;161.972;75.350
688;19;10;161.972;86.920
689;10;19;187.944;58.660
689;19;10;187.944;70.230
690;10;20;132.948;64.290
690;20;10;132.948;75.880
691;10;20;112.806;70.760
691;20;10;112.806;82.350
692;10;21;125.830;73.540
692;21;10;125.830;85.270
693;10;21;105.924;70.840
693;21;10;105.924;82.570
694;10;22;122.853;56.340
694;22;10;122.853;68.250
695;10;22;138.679;72.170
695;22;10;138.679;84.080
696;10;23;127.258;70.340
696;23;10;127.258;82.620
697;10;23;128.381;66.460
697;23;10;128.381;78.740
698;10;23;109.382;77.390
698;23;10;109.382;89.670
699;10;24;109.423;60.440
699;24;10;109.423;72.880
700;10;24;109.485;62.000
700;24;10;109.485;74.440
701;10;25;119.360;59.450
701;25;10;119.360;71.920
702;10;25;106.348;59.850
702;25;10;106.348;72.320
703;10;25;126.755;58.350
703;25;10;126.755;70.820
704;10;26;135.019;68.300
704;26;10;135.019;81.060
705;10;26;123.432;58.570
705;26;10;123.432;71.330
706;10;27;68.740;61.290
706;27;10;68.740;74.540
707;10;27;72.145;65.110
707;27;10;72.145;78.360
708;10;28;134.770;73.410
708;28;10;134.770;86.760
709;10;28;138.999;62.640
709;28;10;138.999;75.990
710;10;28;148.659;66.560
710;28;10;148.659;79.910
711;10;29;131.088;57.470
711;29;10;131.088;72.160
712;10;29;125.135;75.800
712;29;10;125.135;90.490
713;10;29;118.066;68.340
713;29;10;118.066;83.030
714;10;30;130.388;55.630
714;30;10;130.388;70.900
715;10;31;109.575;66.610
715;31;10;109.575;82.270
716;10;31;101.135;56.470
716;31;10;101.135;72.130
717;10;32;100.480;58.990
717;32;10;100.480;74.930
718;10;32;107.653;55.650
718;32;10;107.653;71.590
719;10;33;147.506;63.420
719;33;10;147.506;79.870
720;10;33;151.340;50.440
720;33;10;151.340;66.890
721;10;34;125.517;71.390
721;34;10;125.517;88.250
722;10;35;122.694;52.390
722;35;10;122.694;69.380
723;10;35;139.073;52.630
723;35;10;139.073;69.620
724;10;35;135.029;72.610
724;35;10;135.029;89.600
725;10;36;122.853;66.970
725;36;10;122.853;84.270
726;10;36;120.364;68.090
726;36;10;120.364;85.390
727;10;37;124.270;73.650
727;37;10;124.270;90.960
728;10;38;167.504;67.950
728;38;10;167.504;85.690
729;10;38;141.590;58.460
729;38;10;141.590;76.200
730;10;38;161.275;49.230
730;38;10;161.275;66.970
731;10;39;96.367;4.150
731;39;10;141.367;70.700
732;11;12;65.726;78.480
732;12;11;65.726;81.460
733;11;13;49.821;70.520
733;13;11;49.821;73.710
734;11;14;49.080;78.720
734;14;11;49.080;82.190
735;11;14;48.457;82.410
735;14;11;48.457;85.880
736;11;14;49.348;70.140
736;14;11;49.348;73.610
737;11;15;71.162;64.700
737;15;11;71.162;70.700
738;11;15;68.439;78.320
738;15;11;68.439;84.320
739;11;16;79.163;82.760
739;16;11;79.163;89.600
740;11;16;81.252;80.110
740;16;11;81.252;86.950
741;11;17;56.061;60.390
741;17;11;56.061;69.160
742;11;18;82.362;70.780
742;18;11;82.362;81.990
743;11;18;91.136;69.870
743;18;11;91.136;81.080
744;11;18;77.567;64.000
744;18;11;77.567;75.210
745;11;19;77.257;66.510
745;19;11;77.257;77.810
746;11;19;82.107;75.540
746;19;11;82.107;86.840
747;11;19;70.078;75.910
747;19;11;70.078;87.210
748;11;20;62.004;64.570
748;20;11;62.004;75.890
749;11;21;61.863;59.760
749;21;11;61.863;71.220
750;11;21;58.266;77.140
750;21;11;58.266;88.600
751;11;21;65.684;76.040
751;21;11;65.684;87.500
752;11;22;66.465;64.710
752;22;11;66.465;76.350
753;11;22;65.914;78.570
753;22;11;65.914;90.210
754;11;23;50.426;58.530
754;23;11;50.426;70.540
755;11;24;77.276;70.660
755;24;11;77.276;82.830
756;11;25;70.980;63.260
756;25;11;70.980;75.460
757;11;26;74.452;54.000
757;26;11;74.452;66.490
758;11;26;69.983;57.620
758;26;11;69.983;70.110
759;11;26;73.724;76.470
759;26;11;73.724;88.960
760;11;27;130.443;66.150
760;27;11;130.443;79.130
761;11;28;113.717;67.990
761;28;11;113.717;81.070
762;11;28;124.521;62.200
762;28;11;124.521;75.280
763;11;29;58.601;53.790
763;29;11;58.601;68.210
764;11;30;62.936;66.980
764;30;11;62.936;81.980
765;11;30;60.551;54.930
765;30;11;60.551;69.930
766;11;30;66.118;66.370
766;30;11;66.118;81.370
767;11;31;66.734;65.080
767;31;11;66.734;80.470
768;11;31;61.516;62.000
768;31;11;61.516;77.390
769;11;31;65.246;61.500
769;31;11;65.246;76.890
770;11;32;91.565;65.790
770;32;11;91.565;81.460
771;11;32;100.376;67.430
771;32;11;100.376;83.100
772;11;33;103.368;63.230
772;33;11;103.368;79.410
773;11;33;99.598;66.310
773;33;11;99.598;82.490
774;11;33;89.626;50.170
774;33;11;89.626;66.350
775;11;34;63.311;62.780
775;34;11;63.311;79.370
776;11;34;61.378;52.110
776;34;11;61.378;68.700
777;11;35;53.231;62.090
777;35;11;53.231;78.810
778;11;35;52.595;52.940
778;35;11;52.595;69.660
779;11;35;55.221;71.320
779;35;11;55.221;88.040
780;11;36;66.465;73.300
780;36;11;66.465;90.330
781;11;37;68.190;69.680
781;37;11;68.190;86.720
782;11;37;66.404;57.660
782;37;11;66.404;74.700
783;11;38;82.798;55.660
783;38;11;82.798;73.130
784;11;38;84.476;52.810
784;38;11;84.476;70.280
785;11;38;75.457;67.900
785;38;11;75.457;85.370
786;11;39;24.972;1.810
786;39;11;69.972;68.090
787;12;13;63.873;64.390
787;13;12;63.873;64.600
788;12;14;64.060;82.020
788;14;12;64.060;82.510
789;12;14;61.622;81.170
789;14;12;61.622;81.660
790;12;14;65.906;84.390
790;14;12;65.906;84.880
791;12;15;56.952;65.230
791;15;12;56.952;68.250
792;12;16;60.628;82.980
792;16;12;60.628;86.840
793;12;16;63.783;71.450
793;16;12;63.783;75.310
794;12;16;63.202;72.740
794;16;12;63.202;76.600
795;12;17;58.165;63.990
795;17;12;58.165;69.780
796;12;17;59.562;80.180
796;17;12;59.562;85.970
797;12;17;56.162;81.290
797;17;12;56.162;87.080
798;12;18;91.480;55.890
798;18;12;91.480;64.120
799;12;19;86.380;57.480
799;19;12;86.380;65.800
800;12;19;84.503;59.660
800;19;12;84.503;67.980
801;12;19;90.029;60.930
801;19;12;90.029;69.250
802;12;20;55.322;60.070
802;20;12;55.322;68.410
803;12;20;56.506;59.710
803;20;12;56.506;68.050
804;12;21;78.979;71.300
804;21;12;78.979;79.780
805;12;22;45.760;63.080
805;22;12;45.760;71.740
806;12;22;45.776;57.870
806;22;12;45.776;66.530
807;12;22;45.783;62.530
807;22;12;45.783;71.190
808;12;23;68.084;69.270
808;23;12;68.084;78.300
809;12;23;62.904;71.750
809;23;12;62.904;80.780
810;12;24;60.208;62.300
810;24;12;60.208;71.490
811;12;24;59.725;60.680
811;24;12;59.725;69.870
812;12;25;50.808;58.520
812;25;12;50.808;67.740
813;12;25;50.148;71.510
813;25;12;50.148;80.730
814;12;26;59.361;73.520
814;26;12;59.361;83.030
815;12;26;62.692;75.390
815;26;12;62.692;84.900
816;12;27;117.557;63.070
816;27;12;117.557;73.070
817;12;27;123.678;54.210
817;27;12;123.678;64.210
818;12;27;110.015;56.630
818;27;12;110.015;66.630
819;12;28;128.972;66.800
819;28;12;128.972;76.900
820;12;28;132.708;63.740
820;28;12;132.708;73.840
821;12;29;55.118;65.610
821;29;12;55.118;77.050
822;12;29;53.702;72.990
822;29;12;53.702;84.430
823;12;29;56.138;55.810
823;29;12;56.138;67.250
824;12;30;81.819;60.410
824;30;12;81.819;72.430
825;12;30;82.507;56.720
825;30;12;82.507;68.740
826;12;31;63.455;71.610
826;31;12;63.455;84.020
827;12;31;67.298;71.660
827;31;12;67.298;84.070
828;12;31;63.185;63.150
828;31;12;63.185;75.560
829;12;32;74.303;57.990
829;32;12;74.303;70.680
830;12;33;122.057;73.630
830;33;12;122.057;86.830
831;12;33;110.583;59.450
831;33;12;110.583;72.650
832;12;34;48.022;64.210
832;34;12;48.022;77.820
833;12;34;48.407;62.790
833;34;12;48.407;76.400
834;12;34;47.803;70.260
834;34;12;47.803;83.870
835;12;35;62.198;71.850
835;35;12;62.198;85.590
836;12;36;45.760;59.350
836;36;12;45.760;73.400
837;12;36;45.586;61.520
837;36;12;45.586;75.570
838;12;36;45.728;67.820
838;36;12;45.728;81.870
839;12;37;47.930;50.840
839;37;12;47.930;64.900
840;12;37;48.341;67.120
840;37;12;48.341;81.180
841;12;37;47.591;60.510
841;37;12;47.591;74.570
842;12;38;91.546;72.630
842;38;12;91.546;87.120
843;12;38;96.935;73.720
843;38;12;96.935;88.210
844;12;38;82.897;71.680
844;38;12;82.897;86.170
845;12;39;18.196;18.370
845;39;12;63.196;81.670
846;12;39;16.926;3.930
846;39;12;61.926;67.230
847;13;14;45.742;75.570
847;14;13;45.742;75.850
848;13;14;45.627;71.740
848;14;13;45.627;72.020
849;13;14;45.577;76.410
849;14;13;45.577;76.690
850;13;15;71.395;84.490
850;15;13;71.395;87.300
851;13;16;75.866;65.190
851;16;13;75.866;68.840
852;13;16;83.131;83.340
852;16;13;83.131;86.990
853;13;17;57.476;75.530
853;17;13;57.476;81.110
854;13;18;87.008;73.930
854;18;13;87.008;81.950
855;13;18;89.100;71.700
855;18;13;89.100;79.720
856;13;19;81.860;78.610
856;19;13;81.860;86.720
857;13;20;62.738;60.050
857;20;13;62.738;68.180
858;13;20;61.507;67.600
858;20;13;61.507;75.730
859;13;21;60.707;63.710
859;21;13;60.707;71.980
860;13;21;57.589;72.390
860;21;13;57.589;80.660
861;13;22;64.555;74.830
861;22;13;64.555;83.280
862;13;22;66.500;55.860
862;22;13;66.500;64.310
863;13;23;49.211;69.720
863;23;13;49.211;78.540
864;13;23;49.492;72.730
864;23;13;49.492;81.550
865;13;23;49.174;74.050
865;23;13;49.174;82.870
866;13;24;73.693;69.590
866;24;13;73.693;78.570
867;13;25;68.546;68.180
867;25;13;68.546;77.190
868;13;25;68.625;61.160
868;25;13;68.625;70.170
869;13;25;69.594;57.530
869;25;13;69.594;66.540
870;13;26;74.659;62.990
870;26;13;74.659;72.290
871;13;26;69.510;66.560
871;26;13;69.510;75.860
872;13;27;125.801;56.440
872;27;13;125.801;66.230
873;13;27;130.204;60.380
873;27;13;130.204;70.170
874;13;27;121.125;68.310
874;27;13;121.125;78.100
875;13;28;112.282;73.310
875;28;13;112.282;83.200
876;13;28;116.949;54.230
876;28;13;116.949;64.120
877;13;28;104.400;56.920
877;28;13;104.400;66.810
878;13;29;59.092;55.630
878;29;13;59.092;66.860
879;13;29;62.091;65.210
879;29;13;62.091;76.440
880;13;30;63.021;71.880
880;30;13;63.021;83.690
881;13;30;66.859;70.370
881;30;13;66.859;82.180
882;13;31;62.000;59.480
882;31;13;62.000;71.680
883;13;31;64.136;64.170
883;31;13;64.136;76.370
884;13;31;62.705;59.740
884;31;13;62.705;71.940
885;13;32;87.726;69.690
885;32;13;87.726;82.170
886;13;33;103.500;61.140
886;33;13;103.500;74.130
887;13;34;61.968;63.940
887;34;13;61.968;77.340
888;13;35;48.504;61.000
888;35;13;48.504;74.530
889;13;35;48.724;66.120
889;35;13;48.724;79.650
890;13;35;48.012;71.440
890;35;13;48.012;84.970
891;13;36;64.555;65.220
891;36;13;64.555;79.060
892;13;36;59.997;66.450
892;36;13;59.997;80.290
893;13;36;64.394;54.930
893;36;13;64.394;68.770
894;13;37;66.618;65.610
894;37;13;66.618;79.460
895;13;38;87.419;66.530
895;38;13;87.419;80.810
896;13;39;26.770;4.900
896;39;13;71.770;67.990
897;13;39;24.780;12.630
897;39;13;69.780;75.720
898;14;15;71.270;76.830
898;15;14;71.270;79.360
899;14;15;73.391;76.570
899;15;14;73.391;79.100
900;14;16;76.323;69.850
900;16;14;76.323;73.220
901;14;16;79.191;61.930
901;16;14;79.191;65.300
902;14;16;76.935;63.020
902;16;14;76.935;66.390
903;14;17;57.117;73.490
903;17;14;57.117;78.790
904;14;18;86.284;64.390
904;18;14;86.284;72.130
905;14;18;76.664;66.250
905;18;14;76.664;73.990
906;14;18;78.045;59.320
906;18;14;78.045;67.060
907;14;19;81.140;69.860
907;19;14;81.140;77.690
908;14;19;87.471;56.540
908;19;14;87.471;64.370
909;14;19;74.051;65.740
909;19;14;74.051;73.570
910;14;20;62.511;68.180
910;20;14;62.511;76.030
911;14;20;65.486;76.580
911;20;14;65.486;84.430
912;14;20;66.322;56.410
912;20;14;66.322;64.260
913;14;21;60.826;55.940
913;21;14;60.826;63.930
914;14;21;63.771;68.570
914;21;14;63.771;76.560
915;14;21;58.208;63.760
915;21;14;58.208;71.750
916;14;22;64.755;70.560
916;22;14;64.755;78.730
917;14;22;65.604;57.110
917;22;14;65.604;65.280
918;14;23;49.095;72.530
918;23;14;49.095;81.070
919;14;23;49.335;74.510
919;23;14;49.335;83.050
920;14;24;74.198;66.580
920;24;14;74.198;75.280
921;14;24;67.810;71.680
921;24;14;67.810;80.380
922;14;25;68.844;61.050
922;25;14;68.844;69.780
923;14;26;74.545;69.810
923;26;14;74.545;78.830
924;14;26;69.930;67.940
924;26;14;69.930;76.960
925;14;26;79.111;73.390
925;26;14;79.111;82.410
926;14;27;126.504;65.460
926;27;14;126.504;74.970
927;14;27;109.840;58.340
927;27;14;109.840;67.850
928;14;27;117.213;70.160
928;27;14;117.213;79.670
929;14;28;112.512;61.950
929;28;14;112.512;71.560
930;14;29;58.879;62.310
930;29;14;58.879;73.260
931;14;29;60.449;68.080
931;29;14;60.449;79.030
932;14;29;58.925;66.440
932;29;14;58.925;77.390
933;14;30;62.955;74.070
933;30;14;62.955;85.600
934;14;31;62.719;63.590
934;31;14;62.719;75.510
935;14;32;88.283;60.580
935;32;14;88.283;72.780
936;14;33;103.486;52.110
936;33;14;103.486;64.820
937;14;33;90.505;71.640
937;33;14;90.505;84.350
938;14;33;105.695;61.460
938;33;14;105.695;74.170
939;14;34;62.062;64.960
939;34;14;62.062;78.080
940;14;34;64.614;71.770
940;34;14;64.614;84.890
941;14;34;58.993;57.860
941;34;14;58.993;70.980
942;14;35;49.209;59.670
942;35;14;49.209;72.920
943;14;35;48.340;72.440
943;35;14;48.340;85.690
944;14;36;64.755;53.070
944;36;14;64.755;66.630
945;14;37;66.767;62.210
945;37;14;66.767;75.780
946;14;37;68.526;72.810
946;37;14;68.526;86.380
947;14;37;64.043;66.550
947;37;14;64.043;80.120
948;14;38;86.697;60.980
948;38;14;86.697;74.980
949;14;38;96.902;59.330
949;38;14;96.902;73.330
950;14;39;26.416;23.530
950;39;14;71.416;86.340
951;14;39;25.181;23.210
951;39;14;70.181;86.020
952;15;16;68.636;79.930
952;16;15;68.636;80.770
953;15;16;72.129;81.780
953;16;15;72.129;82.620
954;15;16;73.543;67.570
954;16;15;73.543;68.410
955;15;17;60.282;58.270
955;17;15;60.282;61.040
956;15;17;61.496;78.810
956;17;15;61.496;81.580
957;15;17;57.389;82.210
957;17;15;57.389;84.980
958;15;18;85.119;64.460
958;18;15;85.119;69.670
959;15;18;82.832;70.550
959;18;15;82.832;75.760
960;15;18;83.346;63.890
960;18;15;83.346;69.100
961;15;19;80.498;61.240
961;19;15;80.498;66.540
962;15;19;75.493;69.220
962;19;15;75.493;74.520
963;15;19;72.717;62.330
963;19;15;72.717;67.630
964;15;20;54.237;75.480
964;20;15;54.237;80.800
965;15;21;87.092;64.340
965;21;15;87.092;69.800
966;15;21;96.803;55.330
966;21;15;96.803;60.790
967;15;22;56.984;66.040
967;22;15;56.984;71.680
968;15;23;75.277;78.340
968;23;15;75.277;84.350
969;15;23;75.829;76.240
969;23;15;75.829;82.250
970;15;24;69.630;59.140
970;24;15;69.630;65.310
971;15;24;74.201;67.200
971;24;15;74.201;73.370
972;15;24;74.735;67.450
972;24;15;74.735;73.620
973;15;25;59.610;69.530
973;25;15;59.610;75.730
974;15;25;57.297;78.340
974;25;15;57.297;84.540
975;15;26;48.293;57.230
975;26;15;48.293;63.720
976;15;27;126.402;72.430
976;27;15;126.402;79.410
977;15;27;139.604;74.230
977;27;15;139.604;81.210
978;15;28;138.521;74.570
978;28;15;138.521;81.650
979;15;29;57.574;53.470
979;29;15;57.574;61.890
980;15;29;60.621;52.430
980;29;15;60.621;60.850
981;15;29;59.153;68.670
981;29;15;59.153;77.090
982;15;30;88.961;72.350
982;30;15;88.961;81.350
983;15;31;75.300;59.640
983;31;15;75.300;69.030
984;15;31;77.505;65.440
984;31;15;77.505;74.830
985;15;32;81.838;68.780
985;32;15;81.838;78.450
986;15;32;90.702;66.940
986;32;15;90.702;76.610
987;15;33;129.500;51.380
987;33;15;129.500;61.560
988;15;33;126.521;58.990
988;33;15;126.521;69.170
989;15;34;56.214;59.440
989;34;15;56.214;70.030
990;15;34;57.732;73.940
990;34;15;57.732;84.530
991;15;34;53.674;68.440
991;34;15;53.674;79.030
992;15;35;71.057;59.760
992;35;15;71.057;70.480
993;15;36;56.984;64.560
993;36;15;56.984;75.590
994;15;37;54.971;52.590
994;37;15;54.971;63.630
995;15;38;84.983;55.540
995;38;15;84.983;67.010
996;15;38;81.302;65.080
996;38;15;81.302;76.550
997;15;38;83.617;53.140
997;38;15;83.617;64.610
998;15;39;8.671;14.310
998;39;15;53.671;74.590
999;16;17;73.634;62.530
999;17;16;73.634;64.460
1000;16;17;72.823;65.470
1000;17;16;72.823;67.400
1001;16;17;77.684;80.720
1001;17;16;77.684;82.650
1002;16;18;106.881;69.360
1002;18;16;106.881;73.730
1003;16;19;101.848;70.870
1003;19;16;101.848;75.330
1004;16;20;70.756;61.140
1004;20;16;70.756;65.620
1005;16;20;74.280;75.110
1005;20;16;74.280;79.590
1006;16;20;70.389;63.360
1006;20;16;70.389;67.840
1007;16;21;88.358;56.700
1007;21;16;88.358;61.320
1008;16;22;59.954;70.510
1008;22;16;59.954;75.310
1009;16;23;79.770;70.710
1009;23;16;79.770;75.880
1010;16;24;48.361;62.210
1010;24;16;48.361;67.540
1011;16;25;55.018;59.280
1011;25;16;55.018;64.640
1012;16;26;69.198;59.360
1012;26;16;69.198;65.010
1013;16;26;72.614;68.950
1013;26;16;72.614;74.600
1014;16;26;68.690;68.560
1014;26;16;68.690;74.210
1015;16;27;102.824;57.700
1015;27;16;102.824;63.840
1016;16;27;114.347;66.460
1016;27;16;114.347;72.600
1017;16;28;133.556;67.920
1017;28;16;133.556;74.160
1018;16;28;145.673;59.980
1018;28;16;145.673;66.220
1019;16;28;118.721;56.070
1019;28;16;118.721;62.310
1020;16;29;70.710;63.780
1020;29;16;70.710;71.360
1021;16;29;74.574;76.360
1021;29;16;74.574;83.940
1022;16;29;70.885;76.550
1022;29;16;70.885;84.130
1023;16;30;92.207;72.720
1023;30;16;92.207;80.880
1024;16;30;88.155;65.650
1024;30;16;88.155;73.810
1025;16;30;92.939;66.240
1025;30;16;92.939;74.400
1026;16;31;65.283;56.700
1026;31;16;65.283;65.250
1027;16;31;63.064;51.230
1027;31;16;63.064;59.780
1028;16;32;58.725;67.420
1028;32;16;58.725;76.250
1029;16;32;60.239;55.530
1029;32;16;60.239;64.360
1030;16;33;130.414;62.580
1030;33;16;130.414;71.920
1031;16;33;127.070;53.980
1031;33;16;127.070;63.320
1032;16;33;148.192;66.870
1032;33;16;148.192;76.210
1033;16;34;63.636;66.200
1033;34;16;63.636;75.950
1034;16;34;65.587;60.770
1034;34;16;65.587;70.520
1035;16;35;72.982;52.570
1035;35;16;72.982;62.450
1036;16;36;59.954;58.490
1036;36;16;59.954;68.680
1037;16;36;59.338;65.590
1037;36;16;59.338;75.780
1038;16;37;60.151;57.310
1038;37;16;60.151;67.510
1039;16;38;106.902;54.480
1039;38;16;106.902;65.110
1040;16;38;115.789;69.330
1040;38;16;115.789;79.960
1041;16;38;109.810;65.530
1041;38;16;109.810;76.160
1042;16;39;31.884;19.630
1042;39;16;76.884;79.070
1043;16;39;25.004;7.050
1043;39;16;70.004;66.490
1044;16;39;26.059;11.200
1044;39;16;71.059;70.640
1045;17;18;79.795;72.420
1045;18;17;79.795;74.860
1046;17;18;77.260;73.190
1046;18;17;77.260;75.630
1047;17;19;74.559;77.450
1047;19;17;74.559;79.980
1048;17;19;68.560;72.060
1048;19;17;68.560;74.590
1049;17;20;51.045;62.510
1049;20;17;51.045;65.060
1050;17;21;72.645;57.680
1050;21;17;72.645;60.370
1051;17;21;74.549;65.030
1051;21;17;74.549;67.720
1052;17;21;67.853;57.310
1052;21;17;67.853;60.000
1053;17;22;58.901;75.750
1053;22;17;58.901;78.620
1054;17;22;61.726;55.450
1054;22;17;61.726;58.320
1055;17;23;60.757;74.100
1055;23;17;60.757;77.340
1056;17;23;58.317;59.110
1056;23;17;58.317;62.350
1057;17;23;63.512;73.710
1057;23;17;63.512;76.950
1058;17;24;72.729;65.210
1058;24;17;72.729;68.610
1059;17;24;69.784;76.780
1059;24;17;69.784;80.180
1060;17;25;63.973;74.940
1060;25;17;63.973;78.370
1061;17;25;60.505;56.810
1061;25;17;60.505;60.240
1062;17;25;60.517;73.850
1062;25;17;60.517;77.280
1063;17;26;63.548;57.130
1063;26;17;63.548;60.850
1064;17;27;129.272;77.430
1064;27;17;129.272;81.640
1065;17;27;149.797;71.660
1065;27;17;149.797;75.870
1066;17;28;124.501;64.630
1066;28;17;124.501;68.940
1067;17;28;127.966;58.190
1067;28;17;127.966;62.500
1068;17;28;112.935;63.570
1068;28;17;112.935;67.880
1069;17;29;48.270;57.100
1069;29;17;48.270;62.750
1070;17;29;48.083;76.450
1070;29;17;48.083;82.100
1071;17;30;73.995;58.030
1071;30;17;73.995;64.260
1072;17;31;68.653;69.140
1072;31;17;68.653;75.760
1073;17;31;62.785;58.320
1073;31;17;62.785;64.940
1074;17;31;74.145;62.590
1074;31;17;74.145;69.210
1075;17;32;87.145;75.140
1075;32;17;87.145;82.040
1076;17;32;86.372;51.830
1076;32;17;86.372;58.730
1077;17;33;114.399;61.680
1077;33;17;114.399;69.090
1078;17;33;108.092;62.540
1078;33;17;108.092;69.950
1079;17;33;108.221;54.620
1079;33;17;108.221;62.030
1080;17;34;55.165;69.440
1080;34;17;55.165;77.260
1081;17;34;53.386;73.410
1081;34;17;53.386;81.230
1082;17;35;58.570;67.360
1082;35;17;58.570;75.310
1083;17;35;59.255;74.110
1083;35;17;59.255;82.060
1084;17;35;56.931;49.660
1084;35;17;56.931;57.610
1085;17;36;58.901;72.910
1085;36;17;58.901;81.170
1086;17;37;59.722;64.350
1086;37;17;59.722;72.620
1087;17;37;59.128;72.210
1087;37;17;59.128;80.480
1088;17;38;79.992;70.410
1088;38;17;79.992;79.110
1089;17;38;71.535;61.070
1089;38;17;71.535;69.770
1090;17;39;14.300;20.890
1090;39;17;59.300;78.400
1091;18;19;50.254;71.700
1091;19;18;50.254;71.790
1092;18;20;81.177;75.470
1092;20;18;81.177;75.580
1093;18;20;81.502;73.000
1093;20;18;81.502;73.110
1094;18;21;94.635;62.210
1094;21;18;94.635;62.460
1095;18;21;90.175;77.970
1095;21;18;90.175;78.220
1096;18;21;89.206;76.650
1096;21;18;89.206;76.900
1097;18;22;92.081;66.590
1097;22;18;92.081;67.020
1098;18;23;87.077;62.920
1098;23;18;87.077;63.720
1099;18;24;106.686;75.600
1099;24;18;106.686;76.560
1100;18;24;111.520;57.130
1100;24;18;111.520;58.090
1101;18;25;96.868;65.420
1101;25;18;96.868;66.410
1102;18;25;95.951;57.240
1102;25;18;95.951;58.230
1103;18;26;86.514;77.540
1103;26;18;86.514;78.820
1104;18;26;90.084;77.030
1104;26;18;90.084;78.310
1105;18;27;163.881;75.760
1105;27;18;163.881;77.530
1106;18;27;161.268;58.210
1106;27;18;161.268;59.980
1107;18;27;181.485;69.800
1107;27;18;181.485;71.570
1108;18;28;140.462;71.170
1108;28;18;140.462;73.040
1109;18;29;81.957;69.620
1109;29;18;81.957;72.830
1110;18;30;92.374;72.530
1110;30;18;92.374;76.320
1111;18;30;103.797;57.220
1111;30;18;103.797;61.010
1112;18;31;102.683;57.580
1112;31;18;102.683;61.760
1113;18;31;94.693;52.220
1113;31;18;94.693;56.400
1114;18;32;120.602;66.500
1114;32;18;120.602;70.960
1115;18;32;125.722;75.450
1115;32;18;125.722;79.910
1116;18;33;123.067;52.760
1116;33;18;123.067;57.730
1117;18;33;134.391;64.430
1117;33;18;134.391;69.400
1118;18;34;88.605;70.430
1118;34;18;88.605;75.810
1119;18;34;92.010;68.860
1119;34;18;92.010;74.240
1120;18;34;90.371;68.290
1120;34;18;90.371;73.670
1121;18;35;90.020;69.970
1121;35;18;90.020;75.480
1122;18;35;83.695;67.220
1122;35;18;83.695;72.730
1123;18;36;92.081;73.400
1123;36;18;92.081;79.220
1124;18;36;102.158;51.330
1124;36;18;102.158;57.150
1125;18;36;97.979;73.730
1125;36;18;97.979;79.550
1126;18;37;91.746;54.770
1126;37;18;91.746;60.600
1127;18;37;97.385;53.190
1127;37;18;97.385;59.020
1128;18;37;92.869;50.140
1128;37;18;92.869;55.970
1129;18;38;45.866;52.020
1129;38;18;45.866;58.280
1130;18;38;46.039;72.890
1130;38;18;46.039;79.150
1131;18;38;45.848;58.290
1131;38;18;45.848;64.550
1132;18;39;31.553;24.780
1132;39;18;76.553;79.850
1133;19;20;76.105;76.880
1133;20;19;76.105;76.900
1134;19;21;90.068;76.100
1134;21;19;90.068;76.260
1135;19;21;95.588;67.090
1135;21;19;95.588;67.250
1136;19;21;83.257;75.710
1136;21;19;83.257;75.870
1137;19;22;86.994;58.570
1137;22;19;86.994;58.910
1138;19;22;90.048;62.060
1138;22;19;90.048;62.400
1139;19;23;82.071;66.410
1139;23;19;82.071;67.120
1140;19;23;88.489;70.240
1140;23;19;88.489;70.950
1141;19;23;82.711;79.110
1141;23;19;82.711;79.820
1142;19;24;101.576;60.780
1142;24;19;101.576;61.650
1143;19;25;91.830;59.790
1143;25;19;91.830;60.690
1144;19;25;92.219;64.090
1144;25;19;92.219;64.990
1145;19;25;80.182;70.120
1145;25;19;80.182;71.020
1146;19;26;82.097;59.660
1146;26;19;82.097;60.850
1147;19;26;74.271;54.870
1147;26;19;74.271;56.060
1148;19;26;79.077;65.930
1148;26;19;79.077;67.120
1149;19;27;158.702;53.420
1149;27;19;158.702;55.100
1150;19;28;137.061;77.740
1150;28;19;137.061;79.520
1151;19;28;124.871;64.000
1151;28;19;124.871;65.780
1152;19;28;154.174;70.910
1152;28;19;154.174;72.690
1153;19;29;76.768;73.050
1153;29;19;76.768;76.170
1154;19;30;88.065;67.940
1154;30;19;88.065;71.640
1155;19;30;79.731;70.410
1155;30;19;79.731;74.110
1156;19;31;97.438;74.380
1156;31;19;97.438;78.470
1157;19;31;89.027;62.280
1157;31;19;89.027;66.370
1158;19;32;115.574;52.050
1158;32;19;115.574;56.420
1159;19;33;120.434;72.140
1159;33;19;120.434;77.020
1160;19;33;117.811;73.020
1160;33;19;117.811;77.900
1161;19;33;131.855;52.170
1161;33;19;131.855;57.050
1162;19;34;83.480;63.470
1162;34;19;83.480;68.760
1163;19;34;77.361;50.060
1163;34;19;77.361;55.350
1164;19;34;83.142;53.360
1164;34;19;83.142;58.650
1165;19;35;84.831;68.280
1165;35;19;84.831;73.700
1166;19;35;92.895;67.500
1166;35;19;92.895;72.920
1167;19;35;85.385;59.590
1167;35;19;85.385;65.010
1168;19;36;86.994;71.780
1168;36;19;86.994;77.510
1169;19;37;86.742;55.150
1169;37;19;86.742;60.890
1170;19;38;50.569;66.450
1170;38;19;50.569;72.620
1171;19;38;50.585;55.520
1171;38;19;50.585;61.690
1172;19;39;27.064;17.920
1172;39;19;72.064;72.900
1173;20;21;78.289;71.200
1173;21;20;78.289;71.340
1174;20;21;82.857;59.760
1174;21;20;82.857;59.900
1175;20;21;80.707;62.900
1175;21;20;80.707;63.040
1176;20;22;55.906;65.570
1176;22;20;55.906;65.890
1177;20;23;66.391;66.990
1177;23;20;66.391;67.680
1178;20;23;65.608;58.030
1178;23;20;65.608;58.720
1179;20;23;65.056;64.820
1179;23;20;65.056;65.510
1180;20;24;70.526;57.380
1180;24;20;70.526;58.230
1181;20;24;66.817;55.950
1181;24;20;66.817;56.800
1182;20;25;60.741;56.060
1182;25;20;60.741;56.940
1183;20;26;57.504;70.170
1183;26;20;57.504;71.340
1184;20;26;59.044;78.490
1184;26;20;59.044;79.660
1185;20;27;127.867;76.150
1185;27;20;127.867;77.810
1186;20;28;130.017;56.670
1186;28;20;130.017;58.430
1187;20;28;130.847;61.570
1187;28;20;130.847;63.330
1188;20;29;48.653;55.100
1188;29;20;48.653;58.200
1189;20;29;48.756;65.570
1189;29;20;48.756;68.670
1190;20;29;48.197;60.870
1190;29;20;48.197;63.970
1191;20;30;79.894;54.420
1191;30;20;79.894;58.100
1192;20;30;80.538;65.660
1192;30;20;80.538;69.340
1193;20;31;70.458;67.600
1193;31;20;70.458;71.670
1194;20;32;84.479;64.690
1194;32;20;84.479;69.040
1195;20;32;93.695;62.680
1195;32;20;93.695;67.030
1196;20;33;120.372;57.050
1196;33;20;120.372;61.910
1197;20;34;52.563;62.620
1197;34;20;52.563;67.890
1198;20;34;51.174;68.420
1198;34;20;51.174;73.690
1199;20;35;63.034;57.530
1199;35;20;63.034;62.930
1200;20;36;55.906;49.450
1200;36;20;55.906;55.160
1201;20;37;55.748;68.530
1201;37;20;55.748;74.250
1202;20;37;55.016;70.200
1202;37;20;55.016;75.920
1203;20;38;81.232;70.650
1203;38;20;81.232;76.800
1204;20;39;9.829;10.260
1204;39;20;54.829;65.220
1205;21;22;79.595;78.310
1205;22;21;79.595;78.490
1206;21;22;74.318;56.610
1206;22;21;74.318;56.790
1207;21;22;87.821;68.450
1207;22;21;87.821;68.630
1208;21;23;56.906;61.330
1208;23;21;56.906;61.880
1209;21;24;85.557;67.030
1209;24;21;85.557;67.740
1210;21;24;93.036;75.630
1210;24;21;93.036;76.340
1211;21;24;84.959;74.010
1211;24;21;84.959;74.720
1212;21;25;82.895;60.550
1212;25;21;82.895;61.290
1213;21;25;77.380;54.760
1213;25;21;77.380;55.500
1214;21;26;90.361;71.130
1214;26;21;90.361;72.160
1215;21;27;130.109;68.530
1215;27;21;130.109;70.050
1216;21;27;121.935;74.160
1216;27;21;121.935;75.680
1217;21;28;96.879;68.690
1217;28;21;96.879;70.310
1218;21;29;74.679;56.620
1218;29;21;74.679;59.580
1219;21;29;80.298;71.690
1219;29;21;80.298;74.650
1220;21;29;68.562;56.020
1220;29;21;68.562;58.980
1221;21;30;49.753;57.480
1221;30;21;49.753;61.020
1222;21;31;69.486;64.830
1222;31;21;69.486;68.760
1223;21;31;67.067;58.430
1223;31;21;67.067;62.360
1224;21;31;69.296;60.330
1224;31;21;69.296;64.260
1225;21;32;98.065;61.970
1225;32;21;98.065;66.180
1226;21;32;92.946;65.510
1226;32;21;92.946;69.720
1227;21;32;107.266;57.080
1227;32;21;107.266;61.290
1228;21;33;88.081;62.470
1228;33;21;88.081;67.190
1229;21;33;86.491;50.750
1229;33;21;86.491;55.470
1230;21;34;77.433;55.700
1230;34;21;77.433;60.830
1231;21;34;76.163;59.120
1231;34;21;76.163;64.250
1232;21;34;80.159;66.350
1232;34;21;80.159;71.480
1233;21;35;61.782;60.340
1233;35;21;61.782;65.600
1234;21;35;65.246;54.390
1234;35;21;65.246;59.650
1235;21;36;79.595;63.250
1235;36;21;79.595;68.820
1236;21;36;84.042;60.480
1236;36;21;84.042;66.050
1237;21;37;81.848;57.980
1237;37;21;81.848;63.560
1238;21;37;81.250;52.940
1238;37;21;81.250;58.520
1239;21;37;81.223;52.890
1239;37;21;81.223;58.470
1240;21;38;95.252;52.950
1240;38;21;95.252;58.960
1241;21;38;90.213;58.020
1241;38;21;90.213;64.030
1242;21;38;85.357;63.650
1242;38;21;85.357;69.660
1243;21;39;41.795;6.370
1243;39;21;86.795;61.190
1244;21;39;37.731;10.940
1244;39;21;82.731;65.760
1245;21;39;38.534;22.960
1245;39;21;83.534;77.780
1246;22;23;68.766;79.140
1246;23;22;68.766;79.510
1247;22;23;70.201;71.810
1247;23;22;70.201;72.180
1248;22;24;59.627;69.180
1248;24;22;59.627;69.710
1249;22;24;62.645;62.160
1249;24;22;62.645;62.690
1250;22;24;56.300;60.660
1250;24;22;56.300;61.190
1251;22;25;50.077;71.180
1251;25;22;50.077;71.740
1252;22;26;59.258;54.370
1252;26;22;59.258;55.220
1253;22;26;55.826;74.860
1253;26;22;55.826;75.710
1254;22;27;117.013;70.250
1254;27;22;117.013;71.590
1255;22;27;131.368;74.890
1255;27;22;131.368;76.230
1256;22;27;103.982;62.020
1256;27;22;103.982;63.360
1257;22;28;129.450;59.380
1257;28;22;129.450;60.820
1258;22;29;55.833;71.600
1258;29;22;55.833;74.380
1259;22;29;56.795;59.180
1259;29;22;56.795;61.960
1260;22;30;82.478;72.970
1260;30;22;82.478;76.330
1261;22;31;63.593;53.090
1261;31;22;63.593;56.840
1262;22;31;67.177;63.900
1262;31;22;67.177;67.650
1263;22;31;64.638;53.390
1263;31;22;64.638;57.140
1264;22;32;73.647;64.520
1264;32;22;73.647;68.550
1265;22;33;122.675;68.340
1265;33;22;122.675;72.880
1266;22;34;48.742;70.380
1266;34;22;48.742;75.330
1267;22;35;62.815;50.900
1267;35;22;62.815;55.980
1268;22;35;58.679;61.200
1268;35;22;58.679;66.280
1269;22;35;64.442;70.900
1269;35;22;64.442;75.980
1270;22;36;45.000;68.070
1270;36;22;45.000;73.460
1271;22;37;47.493;50.860
1271;37;22;47.493;56.260
1272;22;38;92.138;72.560
1272;38;22;92.138;78.390
1273;22;39;18.520;0.930
1273;39;22;63.520;55.570
1274;22;39;22.814;8.510
1274;39;22;67.814;63.150
1275;22;39;17.686;22.280
1275;39;22;62.686;76.920
1276;23;24;77.459;67.530
1276;24;23;77.459;67.690
1277;23;25;72.714;70.350
1277;25;23;72.714;70.540
1278;23;25;75.201;67.810
1278;25;23;75.201;68.000
1279;23;26;78.559;67.050
1279;26;23;78.559;67.530
1280;23;26;74.371;56.070
1280;26;23;74.371;56.550
1281;23;26;77.711;54.850
1281;26;23;77.711;55.330
1282;23;27;128.146;54.120
1282;27;23;128.146;55.090
1283;23;28;108.744;56.630
1283;28;23;108.744;57.700
1284;23;28;97.841;55.820
1284;28;23;97.841;56.890
1285;23;29;62.796;66.200
1285;29;23;62.796;68.610
1286;23;29;59.573;53.830
1286;29;23;59.573;56.240
1287;23;30;58.861;59.160
1287;30;23;58.861;62.150
1288;23;31;64.386;66.090
1288;31;23;64.386;69.470
1289;23;32;91.263;66.740
1289;32;23;91.263;70.400
1290;23;33;99.398;67.340
1290;33;23;99.398;71.510
1291;23;33;112.710;61.430
1291;33;23;112.710;65.600
1292;23;34;66.146;59.920
1292;34;23;66.146;64.500
1293;23;34;71.321;67.580
1293;34;23;71.321;72.160
1294;23;34;65.955;68.950
1294;34;23;65.955;73.530
1295;23;35;51.815;65.280
1295;35;23;51.815;69.990
1296;23;35;51.534;59.420
1296;35;23;51.534;64.130
1297;23;35;50.249;60.010
1297;35;23;50.249;64.720
1298;23;36;68.766;63.400
1298;36;23;68.766;68.420
1299;23;36;73.025;66.230
1299;36;23;73.025;71.250
1300;23;37;70.823;63.520
1300;37;23;70.823;68.550
1301;23;38;87.562;56.380
1301;38;23;87.562;61.840
1302;23;38;78.267;50.310
1302;38;23;78.267;55.770
1303;23;38;77.731;55.270
1303;38;23;77.731;60.730
1304;23;39;29.975;2.180
1304;39;23;74.975;56.450
1305;23;39;23.975;19.560
1305;39;23;68.975;73.830
1306;23;39;36.751;22.630
1306;39;23;81.751;76.900
1307;24;25;55.203;65.120
1307;25;24;55.203;65.150
1308;24;25;56.922;71.240
1308;25;24;56.922;71.270
1309;24;25;55.202;70.260
1309;25;24;55.202;70.290
1310;24;26;70.602;70.680
1310;26;24;70.602;71.000
1311;24;27;102.419;59.860
1311;27;24;102.419;60.670
1312;24;27;110.092;56.490
1312;27;24;110.092;57.300
1313;24;28;130.235;66.710
1313;28;24;130.235;67.620
1314;24;28;143.120;75.980
1314;28;24;143.120;76.890
1315;24;28;139.913;58.700
1315;28;24;139.913;59.610
1316;24;29;70.006;52.030
1316;29;24;70.006;54.280
1317;24;29;66.561;72.510
1317;29;24;66.561;74.760
1318;24;29;72.089;52.150
1318;29;24;72.089;54.400
1319;24;30;89.526;56.300
1319;30;24;89.526;59.130
1320;24;30;97.829;66.800
1320;30;24;97.829;69.630
1321;24;31;62.085;63.140
1321;31;24;62.085;66.360
1322;24;31;61.671;69.110
1322;31;24;61.671;72.330
1323;24;32;59.501;64.690
1323;32;24;59.501;68.190
1324;24;32;56.122;50.940
1324;32;24;56.122;54.440
1325;24;33;127.343;52.730
1325;33;24;127.343;56.740
1326;24;33;130.503;51.280
1326;33;24;130.503;55.290
1327;24;33;131.567;55.240
1327;33;24;131.567;59.250
1328;24;34;63.100;51.460
1328;34;24;63.100;55.880
1329;24;34;63.716;56.190
1329;34;24;63.716;60.610
1330;24;35;70.644;69.790
1330;35;24;70.644;74.340
1331;24;36;59.627;55.750
1331;36;24;59.627;60.610
1332;24;36;57.856;51.020
1332;36;24;57.856;55.880
1333;24;36;57.227;65.800
1333;36;24;57.227;70.660
1334;24;37;60.372;69.400
1334;37;24;60.372;74.270
1335;24;37;61.045;73.570
1335;37;24;61.045;78.440
1336;24;38;106.754;50.800
1336;38;24;106.754;56.100
1337;24;38;115.315;71.240
1337;38;24;115.315;76.540
1338;24;38;93.443;49.840
1338;38;24;93.443;55.140
1339;24;39;32.509;20.900
1339;39;24;77.509;75.010
1340;25;26;61.005;71.600
1340;26;25;61.005;71.890
1341;25;27;112.550;71.870
1341;27;25;112.550;72.650
1342;25;28;131.494;77.660
1342;28;25;131.494;78.540
1343;25;29;60.908;76.390
1343;29;25;60.908;78.610
1344;25;29;61.501;64.690
1344;29;25;61.501;66.910
1345;25;30;86.135;65.240
1345;30;25;86.135;68.040
1346;25;31;63.804;65.150
1346;31;25;63.804;68.340
1347;25;32;68.744;71.530
1347;32;25;68.744;75.000
1348;25;32;65.027;73.000
1348;32;25;65.027;76.470
1349;25;33;125.874;59.200
1349;33;25;125.874;63.180
1350;25;34;53.820;71.150
1350;34;25;53.820;75.540
1351;25;34;55.550;70.000
1351;34;25;55.550;74.390
1352;25;34;52.281;56.280
1352;34;25;52.281;60.670
1353;25;35;66.324;52.350
1353;35;25;66.324;56.870
1354;25;35;70.858;51.270
1354;35;25;70.858;55.790
1355;25;36;50.077;53.700
1355;36;25;50.077;58.530
1356;25;36;51.286;56.620
1356;36;25;51.286;61.450
1357;25;36;49.840;50.980
1357;36;25;49.840;55.810
1358;25;37;50.201;65.760
1358;37;25;50.201;70.600
1359;25;38;96.894;67.120
1359;38;25;96.894;72.390
1360;25;39;22.308;17.620
1360;39;25;67.308;71.700
1361;25;39;25.196;18.210
1361;39;25;70.196;72.290
1362;25;39;19.522;3.240
1362;39;25;64.522;57.320
1363;26;27;126.613;63.300
1363;27;26;126.613;63.790
1364;26;27;131.469;61.580
1364;27;26;131.469;62.070
1365;26;27;116.598;64.000
1365;27;26;116.598;64.490
1366;26;28;141.727;75.810
1366;28;26;141.727;76.400
1367;26;28;123.556;72.480
1367;28;26;123.556;73.070
1368;26;28;136.969;68.750
1368;28;26;136.969;69.340
1369;26;29;60.867;75.380
1369;29;26;60.867;77.310
1370;26;29;58.666;67.120
1370;29;26;58.666;69.050
1371;26;29;63.976;69.190
1371;29;26;63.976;71.120
1372;26;30;92.253;74.730
1372;30;26;92.253;77.240
1373;26;31;77.816;67.380
1373;31;26;77.816;70.280
1374;26;31;75.914;53.280
1374;31;26;75.914;56.180
1375;26;32;81.905;67.400
1375;32;26;81.905;70.580
1376;26;32;73.538;55.970
1376;32;26;73.538;59.150
1377;26;33;132.793;74.460
1377;33;26;132.793;78.150
1378;26;34;59.076;69.690
1378;34;26;59.076;73.790
1379;26;35;74.241;68.870
1379;35;26;74.241;73.100
1380;26;35;79.973;66.560
1380;35;26;79.973;70.790
1381;26;36;59.258;54.260
1381;36;26;59.258;58.800
1382;26;36;56.254;50.960
1382;36;26;56.254;55.500
1383;26;37;56.984;50.010
1383;37;26;56.984;54.560
1384;26;38;86.315;70.620
1384;38;26;86.315;75.600
1385;26;39;10.043;23.430
1385;39;26;55.043;77.220
1386;26;39;9.565;17.530
1386;39;26;54.565;71.320
1387;26;39;12.505;8.200
1387;39;26;57.505;61.990
1388;27;28;150.798;58.830
1388;28;27;150.798;58.930
1389;27;28;159.616;69.100
1389;28;27;159.616;69.200
1390;27;28;143.686;69.860
1390;28;27;143.686;69.960
1391;27;29;126.934;55.920
1391;29;27;126.934;57.360
1392;27;30;134.861;67.660
1392;30;27;134.861;69.680
1393;27;30;130.079;60.500
1393;30;27;130.079;62.520
1394;27;30;114.896;59.020
1394;30;27;114.896;61.040
1395;27;31;108.847;66.200
1395;31;27;108.847;68.610
1396;27;31;106.489;62.840
1396;31;27;106.489;65.250
1397;27;31;117.388;52.770
1397;31;27;117.388;55.180
1398;27;32;89.720;59.190
1398;32;27;89.720;61.880
1399;27;33;159.841;73.560
1399;33;27;159.841;76.760
1400;27;34;120.341;71.800
1400;34;27;120.341;75.410
1401;27;35;122.298;61.850
1401;35;27;122.298;65.590
1402;27;35;112.626;62.530
1402;35;27;112.626;66.270
1403;27;35;122.140;72.880
1403;35;27;122.140;76.620
1404;27;36;117.013;65.300
1404;36;27;117.013;69.350
1405;27;36;119.927;56.190
1405;36;27;119.927;60.240
1406;27;36;134.073;50.180
1406;36;27;134.073;54.230
1407;27;37;117.749;61.310
1407;37;27;117.749;65.370
1408;27;38;163.997;63.270
1408;38;27;163.997;67.760
1409;27;38;159.353;61.150
1409;38;27;159.353;65.640
1410;27;38;160.828;48.850
1410;38;27;160.828;53.340
1411;27;39;89.706;3.980
1411;39;27;134.706;57.280
1412;27;39;77.650;2.200
1412;39;27;122.650;55.500
1413;27;39;88.644;24.300
1413;39;27;133.644;77.600
1414;28;29;126.373;69.300
1414;29;28;126.373;70.640
1415;28;30;96.357;70.560
1415;30;28;96.357;72.480
1416;28;31;113.519;71.860
1416;31;28;113.519;74.170
1417;28;31;128.304;70.800
1417;31;28;128.304;73.110
1418;28;31;114.312;59.890
1418;31;28;114.312;62.200
1419;28;32;138.102;53.050
1419;32;28;138.102;55.640
1420;28;32;149.652;72.250
1420;32;28;149.652;74.840
1421;28;32;122.183;66.260
1421;32;28;122.183;68.850
1422;28;33;67.794;50.850
1422;33;28;67.794;53.950
1423;28;34;128.084;60.840
1423;34;28;128.084;64.350
1424;28;34;121.764;68.270
1424;34;28;121.764;71.780
1425;28;34;108.378;53.090
1425;34;28;108.378;56.600
1426;28;35;112.493;59.000
1426;35;28;112.493;62.640
1427;28;35;116.397;69.350
1427;35;28;116.397;72.990
1428;28;35;108.301;59.250
1428;35;28;108.301;62.890
1429;28;36;129.450;61.170
1429;36;28;129.450;65.120
1430;28;36;122.300;68.910
1430;36;28;122.300;72.860
1431;28;36;133.841;65.990
1431;36;28;133.841;69.940
1432;28;37;131.899;67.820
1432;37;28;131.899;71.780
1433;28;37;148.214;63.360
1433;37;28;148.214;67.320
1434;28;38;141.250;71.150
1434;38;28;141.250;75.540
1435;28;38;134.345;68.960
1435;38;28;134.345;73.350
1436;28;38;137.627;67.740
1436;38;28;137.627;72.130
1437;28;39;93.673;0.630
1437;39;28;138.673;53.830
1438;29;30;76.396;61.440
1438;30;29;76.396;62.020
1439;29;31;67.715;65.950
1439;31;29;67.715;66.920
1440;29;31;66.453;57.420
1440;31;29;66.453;58.390
1441;29;31;72.562;54.180
1441;31;29;72.562;55.150
1442;29;32;84.320;52.040
1442;32;29;84.320;53.290
1443;29;33;116.927;52.460
1443;33;29;116.927;54.220
1444;29;33;122.552;55.640
1444;33;29;122.552;57.400
1445;29;33;109.553;62.430
1445;33;29;109.553;64.190
1446;29;34;52.096;51.800
1446;34;29;52.096;53.970
1447;29;34;51.653;70.870
1447;34;29;51.653;73.040
1448;29;34;50.787;61.790
1448;34;29;50.787;63.960
1449;29;35;59.425;62.760
1449;35;29;59.425;65.060
1450;29;36;55.833;71.050
1450;36;29;55.833;73.660
1451;29;37;56.496;71.510
1451;37;29;56.496;74.130
1452;29;37;58.737;54.250
1452;37;29;58.737;56.870
1453;29;37;57.239;67.840
1453;37;29;57.239;70.460
1454;29;38;82.096;62.550
1454;38;29;82.096;65.600
1455;29;38;90.816;68.760
1455;38;29;90.816;71.810
1456;29;38;90.173;71.390
1456;38;29;90.173;74.440
1457;29;39;13.217;21.620
1457;39;29;58.217;73.480
1458;30;31;73.875;56.090
1458;31;30;73.875;56.480
1459;30;31;72.158;53.910
1459;31;30;72.158;54.300
1460;30;31;78.331;57.030
1460;31;30;78.331;57.420
1461;30;32;102.371;55.120
1461;32;30;102.371;55.790
1462;30;32;92.343;50.670
1462;32;30;92.343;51.340
1463;30;32;91.116;67.410
1463;32;30;91.116;68.080
1464;30;33;85.569;55.710
1464;33;30;85.569;56.890
1465;30;34;79.989;59.770
1465;34;30;79.989;61.360
1466;30;35;64.811;50.580
1466;35;30;64.811;52.300
1467;30;36;82.478;49.730
1467;36;30;82.478;51.760
1468;30;36;86.071;58.180
1468;36;30;86.071;60.210
1469;30;37;84.610;73.810
1469;37;30;84.610;75.850
1470;30;38;93.041;70.180
1470;38;30;93.041;72.650
1471;30;38;83.303;66.970
1471;38;30;83.303;69.440
1472;30;38;96.048;54.540
1472;38;30;96.048;57.010
1473;30;39;42.745;21.290
1473;39;30;87.745;72.570
1474;31;32;73.594;68.820
1474;32;31;73.594;69.100
1475;31;33;110.334;54.100
1475;33;31;110.334;54.890
1476;31;33;109.258;53.150
1476;33;31;109.258;53.940
1477;31;33;94.423;74.240
1477;33;31;94.423;75.030
1478;31;34;64.284;55.360
1478;34;31;64.284;56.560
1479;31;35;58.514;62.150
1479;35;31;58.514;63.480
1480;31;35;59.162;54.230
1480;35;31;59.162;55.560
1481;31;35;57.996;65.380
1481;35;31;57.996;66.710
1482;31;36;63.593;61.570
1482;36;31;63.593;63.210
1483;31;37;65.993;65.800
1483;37;31;65.993;67.450
1484;31;38;102.987;63.550
1484;38;31;102.987;65.630
1485;31;38;106.939;56.900
1485;38;31;106.939;58.980
1486;31;38;95.583;60.830
1486;38;31;95.583;62.910
1487;31;39;35.108;13.930
1487;39;31;80.108;64.820
1488;31;39;42.725;22.830
1488;39;31;87.725;73.720
1489;31;39;36.838;6.570
1489;39;31;81.838;57.460
1490;32;33;138.061;57.120
1490;33;32;138.061;57.630
1491;32;33;131.305;66.170
1491;33;32;131.305;66.680
1492;32;34;77.290;63.790
1492;34;32;77.290;64.710
1493;32;35;84.493;60.220
1493;35;32;84.493;61.270
1494;32;35;78.264;54.970
1494;35;32;78.264;56.020
1495;32;36;73.647;56.670
1495;36;32;73.647;58.030
1496;32;36;79.943;68.950
1496;36;32;79.943;70.310
1497;32;37;73.859;55.370
1497;37;32;73.859;56.740
1498;32;37;74.050;70.180
1498;37;32;74.050;71.550
1499;32;38;120.617;56.010
1499;38;32;120.617;57.810
1500;32;38;101.795;68.560
1500;38;32;101.795;70.360
1501;32;38;138.660;70.440
1501;38;32;138.660;72.240
1502;32;39;45.309;21.830
1502;39;32;90.309;72.440
1503;33;34;120.427;55.140
1503;34;33;120.427;55.550
1504;33;35;104.861;63.210
1504;35;33;104.861;63.750
1505;33;36;122.675;68.310
1505;36;33;122.675;69.160
1506;33;36;129.592;52.660
1506;36;33;129.592;53.510
1507;33;37;124.917;50.670
1507;37;33;124.917;51.530
1508;33;37;114.354;61.430
1508;37;33;114.354;62.290
1509;33;37;141.586;53.140
1509;37;33;141.586;54.000
1510;33;38;123.905;58.370
1510;38;33;123.905;59.660
1511;33;38;105.741;68.490
1511;38;33;105.741;69.780
1512;33;38;121.015;57.900
1512;38;33;121.015;59.190
1513;33;39;82.655;15.730
1513;39;33;127.655;65.830
1514;34;35;60.760;51.410
1514;35;34;60.760;51.540
1515;34;36;48.742;52.720
1515;36;34;48.742;53.160
1516;34;37;49.899;73.810
1516;37;34;49.899;74.260
1517;34;38;88.689;52.670
1517;38;34;88.689;53.550
1518;34;39;16.208;19.100
1518;39;34;61.208;68.790
1519;34;39;15.806;8.110
1519;39;34;60.806;57.800
1520;35;36;62.815;68.410
1520;36;35;62.815;68.720
1521;35;37;65.072;68.680
1521;37;35;65.072;69.000
1522;35;37;60.755;73.340
1522;37;35;60.755;73.660
1523;35;38;90.399;62.010
1523;38;35;90.399;62.760
1524;35;38;93.154;67.720
1524;38;35;93.154;68.470
1525;35;39;27.562;24.430
1525;39;35;72.562;73.990
1526;36;37;47.493;60.890
1526;37;36;47.493;60.900
1527;36;37;46.979;56.550
1527;37;36;46.979;56.560
1528;36;38;92.138;51.040
1528;38;36;92.138;51.480
1529;36;39;18.520;3.720
1529;39;36;63.520;52.970
1530;36;39;17.118;21.060
1530;39;36;62.118;70.310
1531;36;39;17.517;22.920
1531;39;36;62.517;72.170
1532;37;38;91.758;66.580
1532;38;37;91.758;67.010
1533;37;38;89.185;56.460
1533;38;37;89.185;56.890
1534;37;38;97.784;60.900
1534;38;37;97.784;61.330
1535;37;39;17.194;5.400
1535;39;37;62.194;54.640
1536;37;39;13.315;15.430
1536;39;37;58.315;64.670
1537;38;39;31.387;12.320
1537;39;38;76.387;61.130
1538;38;39;25.686;9.850
1538;39;38;70.686;58.660
1539;38;39;26.918;9.210
1539;39;38;71.918;58.020
