40
240.0
0;0;1;68.796;95.300
0;1;0;23.796;0.220
1;0;2;94.491;96.430
1;2;0;49.491;7.610
2;0;3;67.688;85.110
2;3;0;22.688;0.420
3;0;3;63.242;84.850
3;3;0;18.242;0.160
4;0;3;68.380;101.730
4;3;0;23.380;17.040
5;0;4;73.285;103.270
5;4;0;28.285;20.020
6;0;4;67.271;102.330
6;4;0;22.271;19.080
7;0;5;75.107;87.050
7;5;0;30.107;5.330
8;0;5;67.964;98.720
8;5;0;22.964;17.000
9;0;6;53.647;82.210
9;6;0;8.647;1.570
10;0;6;51.674;99.940
10;6;0;6.674;19.300
11;0;7;77.509;93.630
11;7;0;32.509;15.320
12;0;7;72.705;97.750
12;7;0;27.705;19.440
13;0;8;62.194;81.920
13;8;0;17.194;4.470
14;0;9;90.309;87.070
14;9;0;45.309;10.080
15;0;9;101.279;83.930
15;9;0;56.279;6.940
16;0;9;95.209;94.820
16;9;0;50.209;17.830
17;0;10;81.549;91.770
17;10;0;36.549;15.250
18;0;10;74.090;96.410
18;10;0;29.090;19.890
19;0;10;84.061;94.700
19;10;0;39.061;18.180
20;0;11;76.387;92.100
20;11;0;31.387;20.440
21;0;11;74.760;81.340
21;11;0;29.760;9.680
22;0;12;64.222;74.650
22;12;0;19.222;3.030
23;0;12;61.607;88.090
23;12;0;16.607;16.470
24;0;12;64.621;73.590
24;12;0;19.621;1.970
25;0;13;72.562;80.270
25;13;0;27.562;9.000
26;0;13;76.482;94.880
26;13;0;31.482;23.610
27;0;13;76.872;84.780
27;13;0;31.872;13.510
28;0;14;67.496;77.310
28;14;0;22.496;6.300
29;0;14;66.042;71.040
29;14;0;21.042;0.030
30;0;15;124.572;78.350
30;15;0;79.572;7.790
31;0;15;114.952;81.090
31;15;0;69.952;10.530
32;0;16;138.673;74.490
32;16;0;93.673;5.710
33;0;16;142.649;69.590
33;16;0;97.649;0.810
34;0;17;63.196;76.630
34;17;0;18.196;8.220
35;0;17;62.339;70.790
35;17;0;17.339;2.380
36;0;18;119.442;74.700
36;18;0;74.442;8.250
37;0;18;117.131;77.820
37;18;0;72.131;11.370
38;0;19;54.829;77.700
38;19;0;9.829;12.890
39;0;19;52.767;88.290
39;19;0;7.767;23.480
40;0;20;63.520;67.410
40;20;0;18.520;5.030
41;0;21;116.350;77.540
41;21;0;71.350;15.370
42;0;21;125.453;81.620
42;21;0;80.453;19.450
43;0;21;132.158;82.750
43;21;0;87.158;20.580
44;0;22;63.686;70.820
44;22;0;18.686;8.710
45;0;22;64.604;77.490
45;22;0;19.604;15.380
46;0;22;67.782;76.770
46;22;0;22.782;14.660
47;0;23;63.315;65.030
47;23;0;18.315;3.590
48;0;23;62.567;68.570
48;23;0;17.567;7.130
49;0;23;62.110;74.010
49;23;0;17.110;12.570
50;0;24;65.827;62.530
50;24;0;20.827;1.320
51;0;24;70.393;70.590
51;24;0;25.393;9.380
52;0;25;70.336;63.810
52;25;0;25.336;2.800
53;0;25;72.700;78.370
53;25;0;27.700;17.360
54;0;25;72.551;79.590
54;25;0;27.551;18.580
55;0;26;51.651;78.720
55;26;0;6.651;18.070
56;0;26;51.333;64.630
56;26;0;6.333;3.980
57;0;26;50.817;72.180
57;26;0;5.817;11.530
58;0;27;64.290;79.830
58;27;0;19.290;19.850
59;0;28;121.973;82.030
59;28;0;76.973;22.510
60;0;29;94.508;76.980
60;29;0;49.508;18.020
61;0;29;82.636;64.170
61;29;0;37.636;5.210
62;0;29;82.815;76.970
62;29;0;37.815;18.010
63;0;30;52.648;71.770
63;30;0;7.648;12.870
64;0;30;51.133;68.480
64;30;0;6.133;9.580
65;0;30;52.471;69.070
65;30;0;7.471;10.170
66;0;31;76.884;72.180
66;31;0;31.884;13.490
67;0;31;72.210;69.210
67;31;0;27.210;10.520
68;0;31;77.502;82.300
68;31;0;32.502;23.610
69;0;32;97.651;65.000
69;32;0;52.651;7.250
70;0;32;103.191;70.980
70;32;0;58.191;13.230
71;0;33;66.172;62.900
71;33;0;21.172;5.460
72;0;34;74.690;62.630
72;34;0;29.690;5.540
73;0;34;71.988;80.580
73;34;0;26.988;23.490
74;0;35;63.520;67.900
74;35;0;18.520;11.240
75;0;35;64.263;61.800
75;35;0;19.263;5.140
76;0;36;60.608;63.130
76;36;0;15.608;6.570
77;0;36;56.893;78.000
77;36;0;11.893;21.440
78;0;37;126.991;68.320
78;37;0;81.991;13.500
79;0;38;75.026;56.670
79;38;0;30.026;2.150
80;0;38;68.457;57.750
80;38;0;23.457;3.230
81;0;39;0.000;0.660
81;39;0;0.000;0.660
82;1;2;110.336;110.390
82;2;1;110.336;116.650
83;1;2;107.742;111.310
83;2;1;107.742;117.570
84;1;3;91.481;88.550
84;3;1;91.481;98.940
85;1;4;51.988;91.830
85;4;1;51.988;103.660
86;1;5;89.354;83.830
86;5;1;89.354;97.190
87;1;5;100.029;83.650
87;5;1;100.029;97.010
88;1;6;76.730;87.820
88;6;1;76.730;102.260
89;1;7;100.131;95.830
89;7;1;100.131;112.600
90;1;7;97.000;84.960
90;7;1;97.000;101.730
91;1;7;91.654;82.680
91;7;1;91.654;99.450
92;1;8;84.892;102.180
92;8;1;84.892;119.810
93;1;8;76.737;83.930
93;8;1;76.737;101.560
94;1;8;81.449;91.760
94;8;1;81.449;109.390
95;1;9;113.670;88.120
95;9;1;113.670;106.210
96;1;10;91.542;97.160
96;10;1;91.542;115.720
97;1;10;96.320;80.420
97;10;1;96.320;98.980
98;1;11;53.115;78.880
98;11;1;53.115;102.300
99;1;11;53.950;87.130
99;11;1;53.950;110.550
100;1;11;52.274;85.110
100;11;1;52.274;108.530
101;1;12;64.619;86.990
101;12;1;64.619;110.450
102;1;12;67.947;90.720
102;12;1;67.947;114.180
103;1;12;61.443;85.290
103;12;1;61.443;108.750
104;1;13;86.226;75.280
104;13;1;86.226;99.090
105;1;13;83.006;91.570
105;13;1;83.006;115.380
106;1;13;93.408;73.270
106;13;1;93.408;97.080
107;1;14;90.080;87.680
107;14;1;90.080;111.750
108;1;15;147.414;93.320
108;15;1;147.414;117.840
109;1;16;142.123;80.610
109;16;1;142.123;106.910
110;1;16;150.027;78.230
110;16;1;150.027;104.530
111;1;16;133.452;71.220
111;16;1;133.452;97.520
112;1;17;84.989;72.980
112;17;1;84.989;99.650
113;1;17;87.188;82.230
113;17;1;87.188;108.900
114;1;18;142.767;81.650
114;18;1;142.767;110.280
115;1;18;125.787;89.290
115;18;1;125.787;117.920
116;1;18;152.688;71.140
116;18;1;152.688;99.770
117;1;19;74.708;75.750
117;19;1;74.708;106.020
118;1;19;76.673;74.170
118;19;1;76.673;104.440
119;1;19;81.847;85.700
119;19;1;81.847;115.970
120;1;20;85.525;72.950
120;20;1;85.525;105.650
121;1;21;122.761;65.990
121;21;1;122.761;98.900
122;1;21;130.328;81.130
122;21;1;130.328;114.040
123;1;22;86.065;71.040
123;22;1;86.065;104.010
124;1;22;77.709;66.980
124;22;1;77.709;99.950
125;1;22;84.385;63.590
125;22;1;84.385;96.560
126;1;23;86.710;80.090
126;23;1;86.710;113.730
127;1;24;82.779;66.220
127;24;1;82.779;100.090
128;1;24;89.707;85.710
128;24;1;89.707;119.580
129;1;25;53.171;66.410
129;25;1;53.171;100.480
130;1;26;71.558;72.590
130;26;1;71.558;107.020
131;1;26;72.162;82.780
131;26;1;72.162;117.210
132;1;26;76.486;64.940
132;26;1;76.486;99.370
133;1;27;84.024;70.370
133;27;1;84.024;105.470
134;1;27;77.172;76.700
134;27;1;77.172;111.800
135;1;27;82.570;62.350
135;27;1;82.570;97.450
136;1;28;132.213;62.080
136;28;1;132.213;97.640
137;1;29;95.417;60.640
137;29;1;95.417;96.760
138;1;29;91.771;75.310
138;29;1;91.771;111.430
139;1;30;76.099;78.150
139;30;1;76.099;114.330
140;1;30;72.402;75.040
140;30;1;72.402;111.220
141;1;30;81.178;71.130
141;30;1;81.178;107.310
142;1;31;100.020;59.550
142;31;1;100.020;95.940
143;1;31;103.802;76.090
143;31;1;103.802;112.480
144;1;31;88.057;59.420
144;31;1;88.057;95.810
145;1;32;120.887;79.930
145;32;1;120.887;117.260
146;1;33;89.356;81.900
146;33;1;89.356;119.540
147;1;33;88.677;62.830
147;33;1;88.677;100.470
148;1;33;97.791;61.570
148;33;1;97.791;99.210
149;1;34;86.989;62.650
149;34;1;86.989;100.640
150;1;34;78.257;71.100
150;34;1;78.257;109.090
151;1;34;91.340;73.790
151;34;1;91.340;111.780
152;1;35;85.525;75.290
152;35;1;85.525;113.710
153;1;36;81.786;61.970
153;36;1;81.786;100.490
154;1;36;89.504;71.900
154;36;1;89.504;110.420
155;1;36;81.172;63.530
155;36;1;81.172;102.050
156;1;37;131.923;73.450
156;37;1;131.923;113.710
157;1;38;98.562;75.810
157;38;1;98.562;116.370
158;1;39;23.796;11.520
158;39;1;68.796;106.600
159;1;39;21.754;7.230
159;39;1;66.754;102.310
160;2;3;86.520;106.050
160;3;2;86.520;110.180
161;2;3;79.786;88.620
161;3;2;79.786;92.750
162;2;3;78.760;86.970
162;3;2;78.760;91.100
163;2;4;117.069;91.390
163;4;2;117.069;96.960
164;2;4;116.109;91.410
164;4;2;116.109;96.980
165;2;4;112.547;98.700
165;4;2;112.547;104.270
166;2;5;65.984;81.820
166;5;2;65.984;88.920
167;2;6;87.276;97.330
167;6;2;87.276;105.510
168;2;6;94.194;87.320
168;6;2;94.194;95.500
169;2;7;74.022;100.290
169;7;2;74.022;110.800
170;2;7;74.577;85.120
170;7;2;74.577;95.630
171;2;7;73.308;83.350
171;7;2;73.308;93.860
172;2;8;80.845;93.690
172;8;2;80.845;105.060
173;2;8;76.911;86.050
173;8;2;76.911;97.420
174;2;8;79.593;100.800
174;8;2;79.593;112.170
175;2;9;80.955;85.410
175;9;2;80.955;97.240
176;2;9;73.659;85.450
176;9;2;73.659;97.280
177;2;9;85.641;85.110
177;9;2;85.641;96.940
178;2;10;66.570;88.130
178;10;2;66.570;100.430
179;2;11;114.299;75.190
179;11;2;114.299;92.350
180;2;11;101.632;75.730
180;11;2;101.632;92.890
181;2;11;130.746;84.600
181;11;2;130.746;101.760
182;2;12;113.662;94.660
182;12;2;113.662;111.860
183;2;12;103.383;79.250
183;12;2;103.383;96.450
184;2;13;69.109;79.230
184;13;2;69.109;96.780
185;2;14;77.528;75.750
185;14;2;77.528;93.560
186;2;14;73.202;91.710
186;14;2;73.202;109.520
187;2;14;79.406;74.810
187;14;2;79.406;92.620
188;2;15;96.851;88.480
188;15;2;96.851;106.740
189;2;15;108.256;88.040
189;15;2;108.256;106.300
190;2;15;105.734;79.690
190;15;2;105.734;97.950
191;2;16;102.209;89.690
191;16;2;102.209;109.730
192;2;16;114.361;82.840
192;16;2;114.361;102.880
193;2;16;92.869;73.570
193;16;2;92.869;93.610
194;2;17;78.322;87.600
194;17;2;78.322;108.010
195;2;17;77.413;73.290
195;17;2;77.413;93.700
196;2;17;79.358;82.110
196;17;2;79.358;102.520
197;2;18;97.504;85.300
197;18;2;97.504;107.670
198;2;18;102.453;85.500
198;18;2;102.453;107.870
199;2;19;84.694;71.570
199;19;2;84.694;95.580
200;2;19;78.150;89.220
200;19;2;78.150;113.230
201;2;20;78.457;70.590
201;20;2;78.457;97.030
202;2;21;79.185;63.230
202;21;2;79.185;89.880
203;2;21;86.603;65.000
203;21;2;86.603;91.650
204;2;22;79.129;69.650
204;22;2;79.129;96.360
205;2;22;78.807;71.530
205;22;2;78.807;98.240
206;2;23;92.752;65.980
206;23;2;92.752;93.360
207;2;23;83.158;74.190
207;23;2;83.158;101.570
208;2;24;73.902;81.060
208;24;2;73.902;108.670
209;2;24;71.378;65.750
209;24;2;71.378;93.360
210;2;24;72.056;77.960
210;24;2;72.056;105.570
211;2;25;105.577;84.290
211;25;2;105.577;112.100
212;2;25;115.245;84.770
212;25;2;115.245;112.580
213;2;26;88.091;75.260
213;26;2;88.091;103.430
214;2;26;83.693;72.800
214;26;2;83.693;100.970
215;2;27;75.463;68.150
215;27;2;75.463;96.990
216;2;28;76.549;76.070
216;28;2;76.549;105.370
217;2;28;81.485;76.720
217;28;2;81.485;106.020
218;2;29;81.911;62.910
218;29;2;81.911;92.770
219;2;29;77.530;65.650
219;29;2;77.530;95.510
220;2;30;93.438;63.290
220;30;2;93.438;93.210
221;2;30;84.261;60.390
221;30;2;84.261;90.310
222;2;31;77.378;75.310
222;31;2;77.378;105.440
223;2;31;82.609;63.290
223;31;2;82.609;93.420
224;2;31;73.647;64.580
224;31;2;73.647;94.710
225;2;32;82.436;82.630
225;32;2;82.436;113.700
226;2;32;81.076;75.480
226;32;2;81.076;106.550
227;2;33;80.589;58.040
227;33;2;80.589;89.420
228;2;33;79.757;61.580
228;33;2;79.757;92.960
229;2;34;68.587;62.210
229;34;2;68.587;93.940
230;2;34;64.194;81.920
230;34;2;64.194;113.650
231;2;34;68.152;66.220
231;34;2;68.152;97.950
232;2;35;78.457;81.290
232;35;2;78.457;113.450
233;2;35;83.406;80.370
233;35;2;83.406;112.530
234;2;36;79.637;62.470
234;36;2;79.637;94.730
235;2;36;85.169;78.410
235;36;2;85.169;110.670
236;2;37;89.955;63.830
236;37;2;89.955;97.830
237;2;37;82.681;55.450
237;37;2;82.681;89.450
238;2;38;92.913;59.800
238;38;2;92.913;94.100
239;2;39;49.491;20.250
239;39;2;94.491;109.070
240;3;4;95.763;100.990
240;4;3;95.763;102.430
241;3;5;75.314;95.780
241;5;3;75.314;98.750
242;3;6;60.381;85.340
242;6;3;60.381;89.390
243;3;6;61.144;101.980
243;6;3;61.144;106.030
244;3;7;59.400;85.430
244;7;3;59.400;91.810
245;3;8;55.323;101.620
245;8;3;55.323;108.860
246;3;9;68.621;101.380
246;9;3;68.621;109.080
247;3;9;67.432;81.380
247;9;3;67.432;89.080
248;3;10;84.488;77.500
248;10;3;84.488;85.670
249;3;11;98.965;88.680
249;11;3;98.965;101.710
250;3;11;95.351;94.480
250;11;3;95.351;107.510
251;3;12;82.763;78.740
251;12;3;82.763;91.810
252;3;12;85.853;83.000
252;12;3;85.853;96.070
253;3;13;74.821;78.410
253;13;3;74.821;91.830
254;3;13;67.868;78.550
254;13;3;67.868;91.970
255;3;13;79.717;78.000
255;13;3;79.717;91.420
256;3;14;54.749;80.600
256;14;3;54.749;94.280
257;3;14;56.264;87.230
257;14;3;56.264;100.910
258;3;15;103.279;81.360
258;15;3;103.279;95.490
259;3;16;140.389;81.580
259;16;3;140.389;97.490
260;3;17;57.858;74.410
260;17;3;57.858;90.690
261;3;17;55.591;86.920
261;17;3;55.591;103.200
262;3;18;97.433;76.730
262;18;3;97.433;94.970
263;3;19;64.811;84.980
263;19;3;64.811;104.860
264;3;20;57.156;62.670
264;20;3;57.156;84.980
265;3;20;54.577;82.610
265;20;3;54.577;104.920
266;3;20;54.259;76.310
266;20;3;54.259;98.620
267;3;21;116.810;66.160
267;21;3;116.810;88.680
268;3;21;107.361;81.530
268;21;3;107.361;104.050
269;3;21;118.522;81.060
269;21;3;118.522;103.580
270;3;22;55.905;68.340
270;22;3;55.905;90.920
271;3;22;58.269;67.300
271;22;3;58.269;89.880
272;3;22;56.240;80.390
272;22;3;56.240;102.970
273;3;23;52.549;63.610
273;23;3;52.549;86.860
274;3;23;52.281;72.650
274;23;3;52.281;95.900
275;3;24;67.821;83.660
275;24;3;67.821;107.140
276;3;25;92.282;72.620
276;25;3;92.282;96.300
277;3;26;66.487;80.180
277;26;3;66.487;104.220
278;3;26;67.916;71.260
278;26;3;67.916;95.300
279;3;27;62.705;80.820
279;27;3;62.705;105.530
280;3;28;117.778;68.270
280;28;3;117.778;93.440
281;3;28;102.281;72.310
281;28;3;102.281;97.480
282;3;29;103.016;72.370
282;29;3;103.016;98.100
283;3;29;99.143;73.270
283;29;3;99.143;99.000
284;3;30;60.801;62.430
284;30;3;60.801;88.220
285;3;31;57.000;72.340
285;31;3;57.000;98.340
286;3;32;76.063;66.440
286;32;3;76.063;93.380
287;3;33;51.869;58.790
287;33;3;51.869;86.040
288;3;33;50.251;71.600
288;33;3;50.251;98.850
289;3;33;50.591;79.210
289;33;3;50.591;106.460
290;3;34;77.620;73.540
290;34;3;77.620;101.140
291;3;35;57.156;60.870
291;35;3;57.156;88.900
292;3;36;60.128;62.540
292;36;3;60.128;90.670
293;3;37;128.027;66.420
293;37;3;128.027;96.290
294;3;37;139.274;60.020
294;37;3;139.274;89.890
295;3;37;147.205;62.490
295;37;3;147.205;92.360
296;3;38;54.344;77.100
296;38;3;54.344;107.270
297;3;39;22.688;19.710
297;39;3;67.688;104.400
298;3;39;19.286;12.020
298;39;3;64.286;96.710
299;4;5;96.088;100.280
299;5;4;96.088;101.810
300;4;5;96.021;98.190
300;5;4;96.021;99.720
301;4;5;101.859;83.020
301;5;4;101.859;84.550
302;4;6;81.692;98.120
302;6;4;81.692;100.730
303;4;6;83.917;93.330
303;6;4;83.917;95.940
304;4;7;105.469;101.190
304;7;4;105.469;106.130
305;4;7;99.108;97.970
305;7;4;99.108;102.910
306;4;7;113.217;80.900
306;7;4;113.217;85.840
307;4;8;90.108;95.490
307;8;4;90.108;101.290
308;4;8;79.854;81.690
308;8;4;79.854;87.490
309;4;8;89.448;86.000
309;8;4;89.448;91.800
310;4;9;118.587;87.390
310;9;4;118.587;93.650
311;4;9;119.779;84.140
311;9;4;119.779;90.400
312;4;9;125.078;98.640
312;9;4;125.078;104.900
313;4;10;98.504;96.990
313;10;4;98.504;103.720
314;4;10;90.725;86.130
314;10;4;90.725;92.860
315;4;11;54.760;91.560
315;11;4;54.760;103.150
316;4;11;52.471;83.780
316;11;4;52.471;95.370
317;4;12;63.721;79.240
317;12;4;63.721;90.870
318;4;13;92.972;96.240
318;13;4;92.972;108.220
319;4;14;95.384;71.700
319;14;4;95.384;83.940
320;4;14;100.798;73.140
320;14;4;100.798;85.380
321;4;14;92.519;81.880
321;14;4;92.519;94.120
322;4;15;152.715;80.530
322;15;4;152.715;93.220
323;4;16;148.777;71.690
323;16;4;148.777;86.160
324;4;17;90.512;76.430
324;17;4;90.512;91.270
325;4;18;147.722;89.340
325;18;4;147.722;106.140
326;4;18;131.443;75.800
326;18;4;131.443;92.600
327;4;18;140.253;85.720
327;18;4;140.253;102.520
328;4;19;80.398;74.410
328;19;4;80.398;92.850
329;4;19;73.921;77.400
329;19;4;73.921;95.840
330;4;20;90.992;71.330
330;20;4;90.992;92.200
331;4;20;91.417;70.220
331;20;4;91.417;91.090
332;4;21;129.661;76.520
332;21;4;129.661;97.600
333;4;21;122.724;62.180
333;21;4;122.724;83.260
334;4;21;147.493;78.600
334;21;4;147.493;99.680
335;4;22;91.414;79.000
335;22;4;91.414;100.140
336;4;22;97.424;68.250
336;22;4;97.424;89.390
337;4;22;80.083;83.050
337;22;4;80.083;104.190
338;4;23;90.296;76.420
338;23;4;90.296;98.230
339;4;23;85.209;62.020
339;23;4;85.209;83.830
340;4;24;89.149;63.810
340;24;4;89.149;85.850
341;4;25;59.458;65.750
341;25;4;59.458;87.990
342;4;25;57.895;79.130
342;25;4;57.895;101.370
343;4;25;57.003;70.480
343;25;4;57.003;92.720
344;4;26;77.067;66.350
344;26;4;77.067;88.950
345;4;26;72.412;72.380
345;26;4;72.412;94.980
346;4;26;81.853;65.370
346;26;4;81.853;87.970
347;4;27;89.999;72.930
347;27;4;89.999;96.200
348;4;27;84.875;75.120
348;27;4;84.875;98.390
349;4;28;139.200;78.140
349;28;4;139.200;101.870
350;4;28;160.102;66.450
350;28;4;160.102;90.180
351;4;28;142.442;79.420
351;28;4;142.442;103.150
352;4;29;102.108;77.760
352;29;4;102.108;102.050
353;4;29;108.685;83.520
353;29;4;108.685;107.810
354;4;29;111.801;68.560
354;29;4;111.801;92.850
355;4;30;80.025;63.530
355;30;4;80.025;87.880
356;4;31;105.087;71.360
356;31;4;105.087;95.920
357;4;31;107.513;77.230
357;31;4;107.513;101.790
358;4;32;125.908;58.470
358;32;4;125.908;83.970
359;4;33;94.364;66.680
359;33;4;94.364;92.490
360;4;34;93.832;76.730
360;34;4;93.832;102.890
361;4;34;84.150;68.930
361;34;4;84.150;95.090
362;4;34;87.546;79.100
362;34;4;87.546;105.260
363;4;35;90.992;69.650
363;35;4;90.992;96.240
364;4;35;100.679;80.340
364;35;4;100.679;106.930
365;4;35;98.677;60.820
365;35;4;98.677;87.410
366;4;36;87.419;66.430
366;36;4;87.419;93.120
367;4;36;90.791;70.680
367;36;4;90.791;97.370
368;4;36;97.257;72.870
368;36;4;97.257;99.560
369;4;37;138.718;66.050
369;37;4;138.718;94.480
370;4;38;102.121;71.550
370;38;4;102.121;100.280
371;4;39;28.285;4.870
371;39;4;73.285;88.120
372;4;39;23.242;22.480
372;39;4;68.242;105.730
373;4;39;21.264;24.070
373;39;4;66.264;107.320
374;5;6;69.444;89.180
374;6;5;69.444;90.260
375;5;6;67.240;102.060
375;6;5;67.240;103.140
376;5;6;73.061;83.400
376;6;5;73.061;84.480
377;5;7;69.601;92.200
377;7;5;69.601;95.610
378;5;7;70.806;85.850
378;7;5;70.806;89.260
379;5;7;72.935;101.720
379;7;5;72.935;105.130
380;5;8;66.053;78.040
380;8;5;66.053;82.310
381;5;8;62.890;87.940
381;8;5;62.890;92.210
382;5;9;82.998;82.070
382;9;5;82.998;86.800
383;5;9;80.593;101.250
383;9;5;80.593;105.980
384;5;9;78.928;95.530
384;9;5;78.928;100.260
385;5;10;54.238;93.590
385;10;5;54.238;98.790
386;5;10;55.747;97.290
386;10;5;55.747;102.490
387;5;10;53.189;99.950
387;10;5;53.189;105.150
388;5;11;93.521;76.850
388;11;5;93.521;86.910
389;5;11;91.689;83.790
389;11;5;91.689;93.850
390;5;12;93.824;88.570
390;12;5;93.824;98.670
391;5;12;99.843;86.230
391;12;5;99.843;96.330
392;5;13;48.134;72.700
392;13;5;48.134;83.150
393;5;13;48.742;94.770
393;13;5;48.742;105.220
394;5;13;47.528;74.530
394;13;5;47.528;84.980
395;5;14;65.740;72.930
395;14;5;65.740;83.640
396;5;14;68.985;95.110
396;14;5;68.985;105.820
397;5;14;64.343;85.530
397;14;5;64.343;96.240
398;5;15;110.123;80.010
398;15;5;110.123;91.170
399;5;16;110.940;92.150
399;16;5;110.940;105.090
400;5;16;112.069;72.310
400;16;5;112.069;85.250
401;5;16;104.873;72.350
401;16;5;104.873;85.290
402;5;17;63.125;76.990
402;17;5;63.125;90.300
403;5;17;62.994;75.680
403;17;5;62.994;88.990
404;5;18;108.137;87.100
404;18;5;108.137;102.370
405;5;19;65.413;76.100
405;19;5;65.413;93.010
406;5;19;69.648;74.630
406;19;5;69.648;91.540
407;5;19;63.144;65.110
407;19;5;63.144;82.020
408;5;20;63.660;70.870
408;20;5;63.660;90.210
409;5;21;87.679;84.080
409;21;5;87.679;103.630
410;5;21;88.785;63.950
410;21;5;88.785;83.500
411;5;22;64.813;67.710
411;22;5;64.813;87.320
412;5;23;79.073;65.900
412;23;5;79.073;86.180
413;5;23;81.217;73.700
413;23;5;81.217;93.980
414;5;24;54.569;84.920
414;24;5;54.569;105.430
415;5;24;56.384;84.420
415;24;5;56.384;104.930
416;5;24;53.837;65.860
416;24;5;53.837;86.370
417;5;25;84.813;64.060
417;25;5;84.813;84.770
418;5;25;79.041;81.950
418;25;5;79.041;102.660
419;5;26;68.466;76.490
419;26;5;68.466;97.560
420;5;26;73.451;68.060
420;26;5;73.451;89.130
421;5;26;67.657;77.070
421;26;5;67.657;98.140
422;5;27;58.515;60.750
422;27;5;58.515;82.490
423;5;27;59.138;72.370
423;27;5;59.138;94.110
424;5;27;56.301;71.230
424;27;5;56.301;92.970
425;5;28;91.911;71.420
425;28;5;91.911;93.620
426;5;28;97.314;70.470
426;28;5;97.314;92.670
427;5;29;73.717;81.260
427;29;5;73.717;104.020
428;5;30;76.014;69.840
428;30;5;76.014;92.660
429;5;30;83.072;64.660
429;30;5;83.072;87.480
430;5;30;73.601;59.370
430;30;5;73.601;82.190
431;5;31;72.199;81.650
431;31;5;72.199;104.680
432;5;31;68.740;79.950
432;31;5;68.740;102.980
433;5;32;88.031;73.140
433;32;5;88.031;97.110
434;5;33;68.447;72.950
434;33;5;68.447;97.230
435;5;33;71.023;69.310
435;33;5;71.023;93.590
436;5;34;48.827;74.340
436;34;5;48.827;98.970
437;5;34;48.194;79.540
437;34;5;48.194;104.170
438;5;34;49.677;77.820
438;34;5;49.677;102.450
439;5;35;63.660;79.470
439;35;5;63.660;104.530
440;5;35;61.251;59.280
440;35;5;61.251;84.340
441;5;36;62.643;78.510
441;36;5;62.643;103.670
442;5;37;98.755;71.040
442;37;5;98.755;97.940
443;5;37;88.020;55.930
443;37;5;88.020;82.830
444;5;37;88.700;66.210
444;37;5;88.700;93.110
445;5;38;84.115;72.530
445;38;5;84.115;99.730
446;5;38;75.379;74.500
446;38;5;75.379;101.700
447;5;38;86.259;77.450
447;38;5;86.259;104.650
448;5;39;30.107;12.480
448;39;5;75.107;94.200
449;5;39;25.807;15.020
449;39;5;70.807;96.740
450;5;39;32.604;15.480
450;39;5;77.604;97.200
451;6;7;68.885;90.700
451;7;6;68.885;93.030
452;6;7;65.759;91.110
452;7;6;65.759;93.440
453;6;7;66.561;91.610
453;7;6;66.561;93.940
454;6;8;53.547;100.970
454;8;6;53.547;104.160
455;6;8;54.947;100.750
455;8;6;54.947;103.940
456;6;9;81.967;100.930
456;9;6;81.967;104.580
457;6;9;82.825;86.730
457;9;6;82.825;90.380
458;6;9;75.780;86.270
458;9;6;75.780;89.920
459;6;10;77.233;99.490
459;10;6;77.233;103.610
460;6;10;84.332;87.550
460;10;6;84.332;91.670
461;6;11;83.904;74.730
461;11;6;83.904;83.710
462;6;11;91.420;81.980
462;11;6;91.420;90.960
463;6;12;72.272;90.830
463;12;6;72.272;99.850
464;6;12;71.048;87.200
464;12;6;71.048;96.220
465;6;13;67.457;84.520
465;13;6;67.457;93.890
466;6;13;63.645;76.490
466;13;6;63.645;85.860
467;6;13;67.899;71.570
467;13;6;67.899;80.940
468;6;14;58.852;90.840
468;14;6;58.852;100.470
469;6;14;57.180;72.520
469;14;6;57.180;82.150
470;6;14;55.669;71.500
470;14;6;55.669;81.130
471;6;15;116.038;82.660
471;15;6;116.038;92.740
472;6;15;109.555;91.330
472;15;6;109.555;101.410
473;6;16;134.874;81.150
473;16;6;134.874;93.010
474;6;16;124.272;85.080
474;16;6;124.272;96.940
475;6;16;136.039;85.250
475;16;6;136.039;97.110
476;6;17;54.733;78.610
476;17;6;54.733;90.840
477;6;17;53.280;88.330
477;17;6;53.280;100.560
478;6;17;57.056;72.040
478;17;6;57.056;84.270
479;6;18;111.092;78.040
479;18;6;111.092;92.230
480;6;19;50.626;83.010
480;19;6;50.626;98.840
481;6;19;49.480;69.200
481;19;6;49.480;85.030
482;6;19;49.405;76.210
482;19;6;49.405;92.040
483;6;20;54.975;65.740
483;20;6;54.975;84.000
484;6;20;54.134;77.050
484;20;6;54.134;95.310
485;6;20;52.634;73.110
485;20;6;52.634;91.370
486;6;21;111.918;76.710
486;21;6;111.918;95.180
487;6;21;99.278;78.850
487;21;6;99.278;97.320
488;6;21;118.388;62.590
488;21;6;118.388;81.060
489;6;22;55.056;78.610
489;22;6;55.056;97.140
490;6;23;58.400;69.490
490;23;6;58.400;88.690
491;6;24;59.887;67.640
491;24;6;59.887;87.070
492;6;24;62.003;71.700
492;24;6;62.003;91.130
493;6;25;76.945;84.230
493;25;6;76.945;103.860
494;6;25;84.675;75.290
494;25;6;84.675;94.920
495;6;25;80.580;84.960
495;25;6;80.580;104.590
496;6;26;51.171;74.390
496;26;6;51.171;94.380
497;6;26;49.664;82.890
497;26;6;49.664;102.880
498;6;27;56.840;76.750
498;27;6;56.840;97.410
499;6;27;58.827;74.400
499;27;6;58.827;95.060
500;6;28;116.122;72.640
500;28;6;116.122;93.760
501;6;28;104.101;79.360
501;28;6;104.101;100.480
502;6;29;92.906;77.070
502;29;6;92.906;98.750
503;6;29;100.453;71.560
503;29;6;100.453;93.240
504;6;29;93.016;68.560
504;29;6;93.016;90.240
505;6;30;51.574;67.590
505;30;6;51.574;89.330
506;6;30;50.035;82.530
506;30;6;50.035;104.270
507;6;31;68.397;61.560
507;31;6;68.397;83.510
508;6;31;69.115;71.820
508;31;6;69.115;93.770
509;6;31;69.211;61.960
509;31;6;69.211;83.910
510;6;32;89.241;75.400
510;32;6;89.241;98.290
511;6;32;86.535;81.500
511;32;6;86.535;104.390
512;6;33;57.678;69.370
512;33;6;57.678;92.570
513;6;33;59.520;67.340
513;33;6;59.520;90.540
514;6;33;56.177;58.300
514;33;6;56.177;81.500
515;6;34;70.001;61.200
515;34;6;70.001;84.750
516;6;35;54.975;58.980
516;35;6;54.975;82.960
517;6;35;54.272;75.640
517;35;6;54.272;99.620
518;6;36;52.652;56.660
518;36;6;52.652;80.740
519;6;36;51.882;69.760
519;36;6;51.882;93.840
520;6;36;53.416;64.140
520;36;6;53.416;88.220
521;6;37;122.863;67.340
521;37;6;122.863;93.160
522;6;37;112.639;59.550
522;37;6;112.639;85.370
523;6;37;106.909;77.270
523;37;6;106.909;103.090
524;6;38;68.888;54.600
524;38;6;68.888;80.720
525;6;39;8.647;16.380
525;39;6;53.647;97.020
526;7;8;60.372;99.330
526;8;7;60.372;100.190
527;7;9;59.501;92.800
527;9;7;59.501;94.120
528;7;10;78.419;89.640
528;10;7;78.419;91.430
529;7;10;72.954;82.240
529;10;7;72.954;84.030
530;7;10;70.602;101.060
530;10;7;70.602;102.850
531;7;11;106.754;76.880
531;11;7;106.754;83.530
532;7;11;99.233;79.100
532;11;7;99.233;85.750
533;7;12;95.168;90.520
533;12;7;95.168;97.210
534;7;13;70.644;71.870
534;13;7;70.644;78.910
535;7;13;70.521;87.300
535;13;7;70.521;94.340
536;7;14;55.085;84.090
536;14;7;55.085;91.390
537;7;14;57.135;81.240
537;14;7;57.135;88.540
538;7;15;92.290;73.030
538;15;7;92.290;80.780
539;7;15;88.142;73.540
539;15;7;88.142;81.290
540;7;15;97.322;79.050
540;15;7;97.322;86.800
541;7;16;130.235;75.380
541;16;7;130.235;84.910
542;7;17;60.208;72.280
542;17;7;60.208;82.180
543;7;18;87.910;83.090
543;18;7;87.910;94.950
544;7;18;98.387;86.630
544;18;7;98.387;98.490
545;7;18;94.077;75.790
545;18;7;94.077;87.650
546;7;19;70.526;71.950
546;19;7;70.526;85.450
547;7;19;66.140;79.530
547;19;7;66.140;93.030
548;7;20;59.627;84.890
548;20;7;59.627;100.820
549;7;21;106.687;81.490
549;21;7;106.687;97.630
550;7;22;59.075;84.580
550;22;7;59.075;100.780
551;7;22;58.298;72.090
551;22;7;58.298;88.290
552;7;22;58.568;79.090
552;22;7;58.568;95.290
553;7;23;66.825;80.840
553;23;7;66.825;97.710
554;7;23;69.270;81.990
554;23;7;69.270;98.860
555;7;23;67.500;70.210
555;23;7;67.500;87.080
556;7;24;66.551;69.210
556;24;7;66.551;86.310
557;7;24;63.441;84.870
557;24;7;63.441;101.970
558;7;24;71.752;71.740
558;24;7;71.752;88.840
559;7;25;98.966;77.560
559;25;7;98.966;94.860
560;7;25;88.490;73.920
560;25;7;88.490;91.220
561;7;26;73.573;81.850
561;26;7;73.573;99.510
562;7;27;62.568;61.810
562;27;7;62.568;80.140
563;7;28;105.565;72.180
563;28;7;105.565;90.970
564;7;28;119.830;80.120
564;28;7;119.830;98.910
565;7;29;98.228;71.930
565;29;7;98.228;91.280
566;7;30;72.476;62.250
566;30;7;72.476;81.660
567;7;31;48.361;70.400
567;31;7;48.361;90.020
568;7;31;48.085;61.810
568;31;7;48.085;81.430
569;7;32;66.106;76.930
569;32;7;66.106;97.490
570;7;32;70.943;67.940
570;32;7;70.943;88.500
571;7;33;56.546;66.570
571;33;7;56.546;87.440
572;7;33;58.056;68.180
572;33;7;58.056;89.050
573;7;34;73.044;71.330
573;34;7;73.044;92.550
574;7;34;79.631;80.250
574;34;7;79.631;101.470
575;7;35;59.627;60.370
575;35;7;59.627;82.020
576;7;35;63.181;74.180
576;35;7;63.181;95.830
577;7;36;63.504;70.050
577;36;7;63.504;91.800
578;7;37;117.833;73.770
578;37;7;117.833;97.260
579;7;37;116.458;69.310
579;37;7;116.458;92.800
580;7;37;108.327;56.670
580;37;7;108.327;80.160
581;7;38;63.996;57.430
581;38;7;63.996;81.220
582;7;38;63.977;60.120
582;38;7;63.977;83.910
583;7;39;32.509;0.380
583;39;7;77.509;78.690
584;7;39;39.772;17.010
584;39;7;84.772;95.320
585;8;9;73.859;79.710
585;9;8;73.859;80.170
586;8;10;74.973;98.430
586;10;8;74.973;99.360
587;8;11;91.758;79.230
587;11;8;91.758;85.020
588;8;11;84.078;95.380
588;11;8;84.078;101.170
589;8;12;80.483;86.830
589;12;8;80.483;92.660
590;8;12;72.248;72.800
590;12;8;72.248;78.630
591;8;12;88.236;85.940
591;12;8;88.236;91.770
592;8;13;65.072;73.010
592;13;8;65.072;79.190
593;8;13;68.850;86.680
593;13;8;68.850;92.860
594;8;14;50.307;77.980
594;14;8;50.307;84.420
595;8;14;49.945;84.080
595;14;8;49.945;90.520
596;8;15;107.614;81.280
596;15;8;107.614;88.170
597;8;15;101.651;83.800
597;15;8;101.651;90.690
598;8;16;131.899;82.930
598;16;8;131.899;91.600
599;8;16;140.438;78.030
599;16;8;140.438;86.700
600;8;16;140.431;75.810
600;16;8;140.431;84.480
601;8;17;47.930;78.550
601;17;8;47.930;87.590
602;8;17;48.013;81.450
602;17;8;48.013;90.490
603;8;18;102.892;67.790
603;18;8;102.892;78.790
604;8;19;55.748;78.290
604;19;8;55.748;90.930
605;8;19;53.985;72.360
605;19;8;53.985;85.000
606;8;19;53.619;78.260
606;19;8;53.619;90.900
607;8;20;47.493;68.200
607;20;8;47.493;83.270
608;8;20;47.467;71.770
608;20;8;47.467;86.840
609;8;20;46.919;81.010
609;20;8;46.919;96.080
610;8;21;108.490;62.580
610;21;8;108.490;77.860
611;8;22;46.755;63.920
611;22;8;46.755;79.260
612;8;23;58.035;61.790
612;23;8;58.035;77.800
613;8;23;55.339;81.590
613;23;8;55.339;97.600
614;8;23;56.312;61.850
614;23;8;56.312;77.860
615;8;24;57.704;65.700
615;24;8;57.704;81.940
616;8;24;58.300;85.420
616;24;8;58.300;101.660
617;8;24;58.774;72.190
617;24;8;58.774;88.430
618;8;25;84.311;82.240
618;25;8;84.311;98.680
619;8;26;58.413;81.600
619;26;8;58.413;98.400
620;8;27;52.711;60.160
620;27;8;52.711;77.630
621;8;28;111.028;82.450
621;28;8;111.028;100.380
622;8;28;102.133;76.310
622;28;8;102.133;94.240
623;8;28;113.563;80.460
623;28;8;113.563;98.390
624;8;29;92.930;78.260
624;29;8;92.930;96.750
625;8;29;82.798;71.890
625;29;8;82.798;90.380
626;8;29;86.305;75.780
626;29;8;86.305;94.270
627;8;30;58.189;78.180
627;30;8;58.189;96.730
628;8;30;61.297;76.570
628;30;8;61.297;95.120
629;8;31;60.151;82.970
629;31;8;60.151;101.730
630;8;31;60.799;74.250
630;31;8;60.799;93.010
631;8;32;81.006;75.930
631;32;8;81.006;95.630
632;8;32;74.314;79.560
632;32;8;74.314;99.260
633;8;32;81.630;64.330
633;32;8;81.630;84.030
634;8;33;49.784;69.790
634;33;8;49.784;89.800
635;8;33;49.230;80.080
635;33;8;49.230;100.090
636;8;34;67.870;77.390
636;34;8;67.870;97.750
637;8;34;73.200;61.960
637;34;8;73.200;82.320
638;8;34;67.802;67.420
638;34;8;67.802;87.780
639;8;35;47.493;67.690
639;35;8;47.493;88.480
640;8;36;49.840;64.460
640;36;8;49.840;85.350
641;8;37;119.643;68.110
641;37;8;119.643;90.740
642;8;38;64.667;74.130
642;38;8;64.667;97.060
643;8;39;17.194;19.240
643;39;8;62.194;96.690
644;9;10;91.181;81.710
644;10;9;91.181;82.180
645;9;10;87.024;96.910
645;10;9;87.024;97.380
646;9;10;100.904;92.870
646;10;9;100.904;93.340
647;9;11;120.617;84.460
647;11;9;120.617;89.790
648;9;12;106.384;76.970
648;12;9;106.384;82.340
649;9;13;84.493;88.480
649;13;9;84.493;94.200
650;9;13;75.448;79.240
650;13;9;75.448;84.960
651;9;14;68.888;77.030
651;14;9;68.888;83.010
652;9;14;63.678;82.100
652;14;9;63.678;88.080
653;9;15;79.657;77.130
653;15;9;79.657;83.560
654;9;15;82.938;82.780
654;15;9;82.938;89.210
655;9;15;85.119;88.150
655;15;9;85.119;94.580
656;9;16;138.102;89.740
656;16;9;138.102;97.950
657;9;16;124.475;83.780
657;16;9;124.475;91.990
658;9;16;139.943;84.180
658;16;9;139.943;92.390
659;9;17;74.303;86.730
659;17;9;74.303;95.310
660;9;17;73.885;72.880
660;17;9;73.885;81.460
661;9;18;74.136;86.670
661;18;9;74.136;97.210
662;9;19;84.479;89.260
662;19;9;84.479;101.440
663;9;19;91.669;79.860
663;19;9;91.669;92.040
664;9;19;77.130;86.050
664;19;9;77.130;98.230
665;9;20;73.647;75.400
665;20;9;73.647;90.010
666;9;20;74.346;82.090
666;20;9;74.346;96.700
667;9;21;115.123;74.050
667;21;9;115.123;88.870
668;9;21;122.442;80.570
668;21;9;122.442;95.390
669;9;21;99.090;77.590
669;21;9;99.090;92.410
670;9;22;72.879;86.010
670;22;9;72.879;100.890
671;9;22;72.493;69.950
671;22;9;72.493;84.830
672;9;22;69.494;80.350
672;22;9;69.494;95.230
673;9;23;75.731;83.380
673;23;9;75.731;98.930
674;9;23;71.722;63.090
674;23;9;71.722;78.640
675;9;23;79.630;78.800
675;23;9;79.630;94.350
676;9;24;81.011;62.410
676;24;9;81.011;78.190
677;9;24;84.997;69.720
677;24;9;84.997;85.500
678;9;24;83.642;67.110
678;24;9;83.642;82.890
679;9;25;113.074;75.690
679;25;9;113.074;91.670
680;9;25;109.849;63.030
680;25;9;109.849;79.010
681;9;25;101.554;80.490
681;25;9;101.554;96.470
682;9;26;87.272;71.430
682;26;9;87.272;87.770
683;9;26;96.787;68.100
683;26;9;96.787;84.440
684;9;27;77.050;80.640
684;27;9;77.050;97.650
685;9;28;111.005;79.030
685;28;9;111.005;96.500
686;9;28;99.114;74.360
686;28;9;99.114;91.830
687;9;28;113.084;83.550
687;28;9;113.084;101.020
688;9;29;110.986;64.170
688;29;9;110.986;82.200
689;9;30;84.149;67.910
689;30;9;84.149;86.000
690;9;31;58.725;75.350
690;31;9;58.725;93.650
691;9;31;62.028;68.840
691;31;9;62.028;87.140
692;9;32;52.444;81.490
692;32;9;52.444;100.730
693;9;32;51.613;75.340
693;32;9;51.613;94.580
694;9;32;54.184;68.750
694;32;9;54.184;87.990
695;9;33;69.314;72.180
695;33;9;69.314;91.730
696;9;33;75.302;69.810
696;33;9;75.302;89.360
697;9;34;86.666;59.130
697;34;9;86.666;79.030
698;9;35;73.647;67.850
698;35;9;73.647;88.180
699;9;35;67.880;56.740
699;35;9;67.880;77.070
700;9;36;77.631;61.720
700;36;9;77.631;82.150
701;9;37;125.897;55.170
701;37;9;125.897;77.340
702;9;37;128.394;76.560
702;37;9;128.394;98.730
703;9;37;110.773;68.760
703;37;9;110.773;90.930
704;9;38;67.057;63.480
704;38;9;67.057;85.950
705;9;39;45.309;22.500
705;39;9;90.309;99.490
706;10;11;94.291;72.270
706;11;10;94.291;77.130
707;10;12;99.245;89.150
707;12;10;99.245;94.050
708;10;12;90.448;80.980
708;12;10;90.448;85.880
709;10;13;54.975;79.300
709;13;10;54.975;84.550
710;10;14;74.967;79.380
710;14;10;74.967;84.890
711;10;14;80.182;83.660
711;14;10;80.182;89.170
712;10;15;115.732;79.380
712;15;10;115.732;85.340
713;10;15;121.734;81.160
713;15;10;121.734;87.120
714;10;15;132.735;92.740
714;15;10;132.735;98.700
715;10;16;102.641;69.500
715;16;10;102.641;77.240
716;10;17;72.071;76.430
716;17;10;72.071;84.540
717;10;17;65.311;80.300
717;17;10;65.311;88.410
718;10;18;114.654;84.620
718;18;10;114.654;94.690
719;10;19;72.463;67.270
719;19;10;72.463;78.980
720;10;19;65.925;77.670
720;19;10;65.925;89.380
721;10;20;72.657;71.310
721;20;10;72.657;85.450
722;10;20;72.135;81.350
722;20;10;72.135;95.490
723;10;21;79.854;76.050
723;21;10;79.854;90.400
724;10;22;73.847;69.650
724;22;10;73.847;84.060
725;10;22;69.775;63.030
725;22;10;69.775;77.440
726;10;22;69.102;68.260
726;22;10;69.102;82.670
727;10;23;87.897;62.990
727;23;10;87.897;78.070
728;10;24;62.667;75.120
728;24;10;62.667;90.430
729;10;25;85.666;83.360
729;25;10;85.666;98.870
730;10;25;90.332;64.860
730;25;10;90.332;80.370
731;10;26;74.991;60.820
731;26;10;74.991;76.690
732;10;27;67.291;62.180
732;27;10;67.291;78.720
733;10;28;86.270;69.240
733;28;10;86.270;86.240
734;10;28;79.346;79.510
734;28;10;79.346;96.510
735;10;29;64.858;76.120
735;29;10;64.858;93.680
736;10;30;83.752;60.900
736;30;10;83.752;78.520
737;10;30;88.221;66.300
737;30;10;88.221;83.920
738;10;31;81.182;70.130
738;31;10;81.182;87.960
739;10;31;74.827;64.320
739;31;10;74.827;82.150
740;10;32;95.588;67.410
740;32;10;95.588;86.180
741;10;32;101.005;72.920
741;32;10;101.005;91.690
742;10;33;77.631;69.130
742;33;10;77.631;88.210
743;10;33;84.497;63.930
743;33;10;84.497;83.010
744;10;34;52.264;72.740
744;34;10;52.264;92.170
745;10;34;53.800;57.730
745;34;10;53.800;77.160
746;10;34;53.448;62.230
746;34;10;53.448;81.660
747;10;35;72.657;76.440
747;35;10;72.657;96.300
748;10;36;71.148;79.660
748;36;10;71.148;99.620
749;10;36;72.953;58.700
749;36;10;72.953;78.660
750;10;37;90.674;78.960
750;37;10;90.674;100.660
751;10;38;93.346;61.150
751;38;10;93.346;83.150
752;10;39;36.549;7.910
752;39;10;81.549;84.430
753;11;12;72.076;85.780
753;12;11;72.076;85.820
754;11;12;73.166;94.620
754;12;11;73.166;94.660
755;11;13;90.399;78.890
755;13;11;90.399;79.280
756;11;14;96.814;76.400
756;14;11;96.814;77.050
757;11;15;153.905;91.200
757;15;11;153.905;92.300
758;11;15;175.655;79.890
758;15;11;175.655;80.990
759;11;16;141.250;85.480
759;16;11;141.250;88.360
760;11;16;147.576;69.760
760;16;11;147.576;72.640
761;11;16;119.586;76.470
761;16;11;119.586;79.350
762;11;17;91.546;81.450
762;17;11;91.546;84.700
763;11;17;92.898;68.650
763;17;11;92.898;71.900
764;11;17;91.406;78.520
764;17;11;91.406;81.770
765;11;18;149.601;87.010
765;18;11;149.601;92.220
766;11;19;81.232;64.890
766;19;11;81.232;71.740
767;11;20;92.138;76.510
767;20;11;92.138;85.790
768;11;21;123.233;62.430
768;21;11;123.233;71.920
769;11;22;92.793;64.730
769;22;11;92.793;74.280
770;11;22;93.761;82.080
770;22;11;93.761;91.630
771;11;23;94.527;66.160
771;23;11;94.527;76.380
772;11;23;96.600;64.750
772;23;11;96.600;74.970
773;11;24;88.076;82.960
773;24;11;88.076;93.410
774;11;24;88.253;63.090
774;24;11;88.253;73.540
775;11;25;53.722;75.480
775;25;11;53.722;86.130
776;11;25;52.943;76.670
776;25;11;52.943;87.320
777;11;25;52.977;75.230
777;25;11;52.977;85.880
778;11;26;78.346;80.320
778;26;11;78.346;91.330
779;11;26;76.518;82.420
779;26;11;76.518;93.430
780;11;27;90.011;62.820
780;27;11;90.011;74.500
781;11;27;98.167;66.090
781;27;11;98.167;77.770
782;11;28;133.825;70.950
782;28;11;133.825;83.090
783;11;28;131.216;73.340
783;28;11;131.216;85.480
784;11;29;94.934;60.940
784;29;11;94.934;73.640
785;11;30;83.857;67.410
785;30;11;83.857;80.170
786;11;30;81.980;81.040
786;30;11;81.980;93.800
787;11;31;106.902;66.870
787;31;11;106.902;79.840
788;11;31;93.035;62.110
788;31;11;93.035;75.080
789;11;32;127.719;71.770
789;32;11;127.719;85.680
790;11;32;133.731;82.120
790;32;11;133.731;96.030
791;11;33;96.362;59.460
791;33;11;96.362;73.680
792;11;33;85.130;77.780
792;33;11;85.130;92.000
793;11;34;90.714;77.170
793;34;11;90.714;91.740
794;11;34;94.158;81.310
794;34;11;94.158;95.880
795;11;34;92.430;72.200
795;34;11;92.430;86.770
796;11;35;92.138;81.560
796;35;11;92.138;96.560
797;11;36;88.259;80.930
797;36;11;88.259;96.030
798;11;37;131.713;68.350
798;37;11;131.713;85.190
799;11;37;128.068;54.970
799;37;11;128.068;71.810
800;11;37;144.179;71.490
800;37;11;144.179;88.330
801;11;38;106.346;74.420
801;38;11;106.346;91.560
802;11;38;93.793;68.980
802;38;11;93.793;86.120
803;11;38;116.187;78.420
803;38;11;116.187;95.560
804;11;39;31.387;20.490
804;39;11;76.387;92.150
805;11;39;37.956;9.240
805;39;11;82.956;80.900
806;12;13;91.063;81.320
806;13;12;91.063;81.670
807;12;13;88.230;83.810
807;13;12;88.230;84.160
808;12;14;85.599;90.490
808;14;12;85.599;91.100
809;12;14;80.812;80.650
809;14;12;80.812;81.260
810;12;15;141.041;95.060
810;15;12;141.041;96.120
811;12;15;138.481;79.480
811;15;12;138.481;80.540
812;12;15;149.432;73.770
812;15;12;149.432;74.830
813;12;16;154.833;72.650
813;16;12;154.833;75.490
814;12;16;170.723;73.460
814;16;12;170.723;76.300
815;12;17;82.002;78.290
815;17;12;82.002;81.500
816;12;18;135.045;68.190
816;18;12;135.045;73.360
817;12;18;125.235;67.550
817;18;12;125.235;72.720
818;12;19;73.971;66.780
818;19;12;73.971;73.590
819;12;19;76.708;84.100
819;19;12;76.708;90.910
820;12;20;82.210;73.370
820;20;12;82.210;82.610
821;12;20;80.121;71.790
821;20;12;80.121;81.030
822;12;20;73.589;62.410
822;20;12;73.589;71.650
823;12;21;133.461;83.930
823;21;12;133.461;93.380
824;12;22;82.142;77.060
824;22;12;82.142;86.570
825;12;23;75.947;69.730
825;23;12;75.947;79.910
826;12;23;68.561;81.900
826;23;12;68.561;92.080
827;12;24;84.848;81.220
827;24;12;84.848;91.630
828;12;24;83.862;73.160
828;24;12;83.862;83.570
829;12;24;89.453;79.360
829;24;12;89.453;89.770
830;12;25;71.588;62.040
830;25;12;71.588;72.650
831;12;26;70.585;78.000
831;26;12;70.585;88.970
832;12;27;83.502;69.020
832;27;12;83.502;80.660
833;12;27;87.142;80.730
833;27;12;87.142;92.370
834;12;27;85.385;70.110
834;27;12;85.385;81.750
835;12;28;140.326;81.680
835;28;12;140.326;93.780
836;12;28;143.418;73.930
836;28;12;143.418;86.030
837;12;28;157.795;74.080
837;28;12;157.795;86.180
838;12;29;108.856;83.610
838;29;12;108.856;96.270
839;12;30;67.692;59.270
839;30;12;67.692;71.990
840;12;30;67.672;73.500
840;30;12;67.672;86.220
841;12;31;93.874;71.050
841;31;12;93.874;83.980
842;12;31;90.958;60.510
842;31;12;90.958;73.440
843;12;32;113.826;81.050
843;32;12;113.826;94.920
844;12;32;126.518;64.110
844;32;12;126.518;77.980
845;12;32;111.533;72.200
845;32;12;111.533;86.070
846;12;33;83.631;60.170
846;33;12;83.631;74.350
847;12;33;75.967;76.800
847;33;12;75.967;90.980
848;12;34;92.882;74.400
848;34;12;92.882;88.930
849;12;35;82.210;61.660
849;35;12;82.210;76.620
850;12;36;79.699;64.010
850;36;12;79.699;79.070
851;12;36;83.567;69.250
851;36;12;83.567;84.310
852;12;37;143.653;55.420
852;37;12;143.653;72.220
853;12;37;142.129;60.050
853;37;12;142.129;76.850
854;12;38;87.085;59.070
854;38;12;87.085;76.170
855;12;39;19.222;13.540
855;39;12;64.222;85.160
856;12;39;18.639;1.220
856;39;12;63.639;72.840
857;12;39;18.709;9.420
857;39;12;63.709;81.040
858;13;14;65.552;82.240
858;14;13;65.552;82.500
859;13;14;67.809;88.980
859;14;13;67.809;89.240
860;13;15;112.603;91.520
860;15;13;112.603;92.230
861;13;16;112.493;90.020
861;16;13;112.493;92.510
862;13;16;107.673;93.530
862;16;13;107.673;96.020
863;13;17;62.198;80.080
863;17;13;62.198;82.940
864;13;17;58.529;82.760
864;17;13;58.529;85.620
865;13;17;59.787;83.420
865;17;13;59.787;86.280
866;13;18;110.343;74.470
866;18;13;110.343;79.290
867;13;19;63.034;79.630
867;19;13;63.034;86.090
868;13;19;58.808;84.920
868;19;13;58.808;91.380
869;13;19;65.519;77.370
869;19;13;65.519;83.830
870;13;20;62.815;75.840
870;20;13;62.815;84.730
871;13;20;59.975;86.400
871;20;13;59.975;95.290
872;13;20;61.066;86.380
872;20;13;61.066;95.270
873;13;21;89.461;64.510
873;21;13;89.461;73.610
874;13;21;86.158;72.900
874;21;13;86.158;82.000
875;13;21;87.385;65.980
875;21;13;87.385;75.080
876;13;22;64.032;78.540
876;22;13;64.032;87.700
877;13;22;67.714;74.390
877;22;13;67.714;83.550
878;13;23;77.940;83.340
878;23;13;77.940;93.170
879;13;24;52.708;71.870
879;24;13;52.708;81.930
880;13;24;52.159;75.780
880;24;13;52.159;85.840
881;13;25;81.695;78.990
881;25;13;81.695;89.250
882;13;25;73.283;76.430
882;25;13;73.283;86.690
883;13;25;83.316;69.110
883;25;13;83.316;79.370
884;13;26;65.912;80.900
884;26;13;65.912;91.520
885;13;27;57.365;74.550
885;27;13;57.365;85.840
886;13;27;54.944;71.280
886;27;13;54.944;82.570
887;13;27;55.489;84.130
887;27;13;55.489;95.420
888;13;28;94.420;70.960
888;28;13;94.420;82.710
889;13;29;73.380;75.310
889;29;13;73.380;87.620
890;13;29;74.365;70.240
890;29;13;74.365;82.550
891;13;30;74.019;68.710
891;30;13;74.019;81.080
892;13;30;77.848;74.350
892;30;13;77.848;86.720
893;13;30;68.652;78.900
893;30;13;68.652;91.270
894;13;31;72.982;63.450
894;31;13;72.982;76.030
895;13;31;66.539;66.170
895;31;13;66.539;78.750
896;13;32;89.869;80.460
896;32;13;89.869;93.980
897;13;32;87.164;70.050
897;32;13;87.164;83.570
898;13;33;68.020;72.820
898;33;13;68.020;86.650
899;13;33;69.827;70.350
899;33;13;69.827;84.180
900;13;34;47.805;61.760
900;34;13;47.805;75.940
901;13;34;48.306;60.820
901;34;13;48.306;75.000
902;13;35;62.815;69.320
902;35;13;62.815;83.930
903;13;36;61.173;64.240
903;36;13;61.173;78.950
904;13;37;100.425;75.550
904;37;13;100.425;92.000
905;13;37;92.579;68.040
905;37;13;92.579;84.490
906;13;38;83.871;59.660
906;38;13;83.871;76.410
907;13;38;84.224;59.730
907;38;13;84.224;76.480
908;13;38;85.219;70.760
908;38;13;85.219;87.510
909;13;39;27.562;19.980
909;39;13;72.562;91.250
910;13;39;30.312;19.180
910;39;13;75.312;90.450
911;14;15;102.363;87.920
911;15;14;102.363;88.370
912;14;15;116.430;73.950
912;15;14;116.430;74.400
913;14;15;115.361;81.780
913;15;14;115.361;82.230
914;14;16;130.650;92.090
914;16;14;130.650;94.320
915;14;16;109.763;78.900
915;16;14;109.763;81.130
916;14;17;50.468;81.120
916;17;14;50.468;83.720
917;14;18;97.787;70.790
917;18;14;97.787;75.350
918;14;18;105.674;77.580
918;18;14;105.674;82.140
919;14;18;101.270;78.170
919;18;14;101.270;82.730
920;14;19;60.606;78.750
920;19;14;60.606;84.950
921;14;19;61.875;78.170
921;19;14;61.875;84.370
922;14;19;61.400;67.650
922;19;14;61.400;73.850
923;14;20;49.777;84.300
923;20;14;49.777;92.930
924;14;20;50.748;73.220
924;20;14;50.748;81.850
925;14;21;107.080;76.400
925;21;14;107.080;85.240
926;14;22;49.023;63.840
926;22;14;49.023;72.740
927;14;22;48.131;85.570
927;22;14;48.131;94.470
928;14;23;60.226;68.230
928;23;14;60.226;77.800
929;14;23;56.696;77.980
929;23;14;56.696;87.550
930;14;23;59.905;80.960
930;23;14;59.905;90.530
931;14;24;59.254;75.350
931;24;14;59.254;85.150
932;14;24;57.774;67.710
932;24;14;57.774;77.510
933;14;24;61.954;63.110
933;24;14;61.954;72.910
934;14;25;89.188;72.820
934;25;14;89.188;82.820
935;14;25;98.512;82.870
935;25;14;98.512;92.870
936;14;26;63.534;82.880
936;26;14;63.534;93.240
937;14;27;54.290;62.410
937;27;14;54.290;73.440
938;14;27;53.079;61.460
938;27;14;53.079;72.490
939;14;28;108.438;65.570
939;28;14;108.438;77.060
940;14;28;108.569;65.440
940;28;14;108.569;76.930
941;14;29;93.924;65.370
941;29;14;93.924;77.420
942;14;29;93.632;83.850
942;29;14;93.632;95.900
943;14;29;98.143;66.250
943;29;14;98.143;78.300
944;14;30;63.056;76.300
944;30;14;63.056;88.410
945;14;30;60.570;70.230
945;30;14;60.570;82.340
946;14;30;60.298;76.370
946;30;14;60.298;88.480
947;14;31;55.181;73.680
947;31;14;55.181;86.000
948;14;31;56.205;73.470
948;31;14;56.205;85.790
949;14;32;75.906;69.790
949;32;14;75.906;83.050
950;14;32;73.518;82.500
950;32;14;73.518;95.760
951;14;33;48.090;81.840
951;33;14;48.090;95.410
952;14;34;68.312;81.600
952;34;14;68.312;95.520
953;14;34;71.936;58.830
953;34;14;71.936;72.750
954;14;35;49.777;73.590
954;35;14;49.777;87.940
955;14;35;50.106;66.480
955;35;14;50.106;80.830
956;14;36;53.778;60.610
956;36;14;53.778;75.060
957;14;36;53.550;61.790
957;36;14;53.550;76.240
958;14;37;118.294;68.550
958;37;14;118.294;84.740
959;14;38;63.382;73.550
959;38;14;63.382;90.040
960;14;38;64.311;72.920
960;38;14;64.311;89.410
961;14;38;63.028;58.780
961;38;14;63.028;75.270
962;14;39;22.496;1.710
962;39;14;67.496;72.720
963;14;39;21.438;24.990
963;39;14;66.438;96.000
964;14;39;25.307;18.240
964;39;14;70.307;89.250
965;15;16;145.386;88.180
965;16;15;145.386;89.960
966;15;16;159.734;79.550
966;16;15;159.734;81.330
967;15;17;107.439;83.800
967;17;15;107.439;85.950
968;15;17;110.523;91.560
968;17;15;110.523;93.710
969;15;18;53.891;75.780
969;18;15;53.891;79.890
970;15;18;53.880;67.270
970;18;15;53.880;71.380
971;15;18;55.205;74.780
971;18;15;55.205;78.890
972;15;19;117.753;77.030
972;19;15;117.753;82.780
973;15;19;125.944;83.690
973;19;15;125.944;89.440
974;15;19;125.294;70.000
974;19;15;125.294;75.750
975;15;20;106.891;81.840
975;20;15;106.891;90.020
976;15;20;106.741;80.110
976;20;15;106.741;88.290
977;15;20;101.812;67.360
977;20;15;101.812;75.540
978;15;21;126.254;63.900
978;21;15;126.254;72.290
979;15;21;131.069;82.390
979;21;15;131.069;90.780
980;15;21;111.566;66.280
980;21;15;111.566;74.670
981;15;22;106.364;75.400
981;22;15;106.364;83.850
982;15;23;110.310;76.910
982;23;15;110.310;86.030
983;15;23;108.942;74.040
983;23;15;108.942;83.160
984;15;23;113.903;81.000
984;23;15;113.903;90.120
985;15;24;111.786;61.340
985;24;15;111.786;70.690
986;15;24;126.819;66.060
986;24;15;126.819;75.410
987;15;24;118.744;73.400
987;24;15;118.744;82.750
988;15;25;145.892;71.680
988;25;15;145.892;81.230
989;15;26;120.858;73.740
989;26;15;120.858;83.650
990;15;26;109.172;74.860
990;26;15;109.172;84.770
991;15;26;130.894;67.970
991;26;15;130.894;77.880
992;15;27;109.018;60.190
992;27;15;109.018;70.770
993;15;27;115.065;79.800
993;27;15;115.065;90.380
994;15;28;115.801;60.770
994;28;15;115.801;71.810
995;15;29;133.529;78.810
995;29;15;133.529;90.410
996;15;30;118.727;60.430
996;30;15;118.727;72.090
997;15;30;104.654;60.230
997;30;15;104.654;71.890
998;15;30;124.757;83.130
998;30;15;124.757;94.790
999;15;31;92.692;79.890
999;31;15;92.692;91.760
1000;15;32;72.216;58.350
1000;32;15;72.216;71.160
1001;15;32;67.628;61.320
1001;32;15;67.628;74.130
1002;15;33;103.401;71.790
1002;33;15;103.401;84.910
1003;15;33;97.426;73.340
1003;33;15;97.426;86.460
1004;15;34;113.917;81.490
1004;34;15;113.917;94.960
1005;15;34;120.343;80.340
1005;34;15;120.343;93.810
1006;15;34;109.604;58.310
1006;34;15;109.604;71.780
1007;15;35;106.891;71.430
1007;35;15;106.891;85.330
1008;15;36;110.684;75.180
1008;36;15;110.684;89.180
1009;15;36;102.788;75.020
1009;36;15;102.788;89.020
1010;15;37;134.838;57.620
1010;37;15;134.838;73.360
1011;15;38;100.587;55.990
1011;38;15;100.587;72.030
1012;15;38;110.725;55.390
1012;38;15;110.725;71.430
1013;15;38;113.428;64.740
1013;38;15;113.428;80.780
1014;15;39;79.572;20.130
1014;39;15;124.572;90.690
1015;15;39;75.216;10.390
1015;39;15;120.216;80.950
1016;15;39;97.029;19.850
1016;39;15;142.029;90.410
1017;16;17;128.972;85.960
1017;17;16;128.972;86.330
1018;16;18;149.258;71.650
1018;18;16;149.258;73.980
1019;16;18;154.540;84.210
1019;18;16;154.540;86.540
1020;16;18;160.581;89.980
1020;18;16;160.581;92.310
1021;16;19;130.017;66.400
1021;19;16;130.017;70.370
1022;16;20;129.450;64.280
1022;20;16;129.450;70.680
1023;16;20;137.388;72.890
1023;20;16;137.388;79.290
1024;16;20;141.951;83.190
1024;20;16;141.951;89.590
1025;16;21;68.616;72.300
1025;21;16;68.616;78.910
1026;16;22;130.535;69.630
1026;22;16;130.535;76.300
1027;16;22;116.854;62.930
1027;22;16;116.854;69.600
1028;16;22;142.694;62.450
1028;22;16;142.694;69.120
1029;16;23;144.932;62.110
1029;23;16;144.932;69.450
1030;16;24;120.189;81.790
1030;24;16;120.189;89.360
1031;16;25;134.327;72.540
1031;25;16;134.327;80.310
1032;16;25;113.537;67.080
1032;25;16;113.537;74.850
1033;16;25;113.942;79.450
1033;25;16;113.942;87.220
1034;16;26;132.307;77.560
1034;26;16;132.307;85.690
1035;16;27;124.454;66.840
1035;27;16;124.454;75.640
1036;16;27;120.139;82.060
1036;27;16;120.139;90.860
1037;16;28;74.586;72.910
1037;28;16;74.586;82.170
1038;16;29;91.711;66.400
1038;29;16;91.711;76.220
1039;16;29;81.032;74.470
1039;29;16;81.032;84.290
1040;16;30;141.388;78.830
1040;30;16;141.388;88.710
1041;16;30;134.435;82.460
1041;30;16;134.435;92.340
1042;16;31;133.556;75.100
1042;31;16;133.556;85.190
1043;16;31;140.777;78.880
1043;31;16;140.777;88.970
1044;16;31;126.921;66.640
1044;31;16;126.921;76.730
1045;16;32;138.798;60.000
1045;32;16;138.798;71.030
1046;16;33;133.638;77.330
1046;33;16;133.638;88.670
1047;16;33;131.446;73.550
1047;33;16;131.446;84.890
1048;16;33;117.036;73.230
1048;33;16;117.036;84.570
1049;16;34;109.881;75.900
1049;34;16;109.881;87.590
1050;16;35;129.450;63.010
1050;35;16;129.450;75.130
1051;16;35;142.348;67.550
1051;35;16;142.348;79.670
1052;16;36;128.549;65.840
1052;36;16;128.549;78.060
1053;16;36;140.716;57.020
1053;36;16;140.716;69.240
1054;16;36;148.685;62.410
1054;36;16;148.685;74.630
1055;16;37;57.409;62.440
1055;37;16;57.409;76.400
1056;16;37;55.679;73.870
1056;37;16;55.679;87.830
1057;16;37;56.581;66.510
1057;37;16;56.581;80.470
1058;16;38;148.288;71.210
1058;38;16;148.288;85.470
1059;16;39;93.673;1.630
1059;39;16;138.673;70.410
1060;17;18;103.090;87.750
1060;18;17;103.090;89.710
1061;17;19;55.322;73.680
1061;19;17;55.322;77.280
1062;17;19;55.406;72.940
1062;19;17;55.406;76.540
1063;17;19;55.219;87.720
1063;19;17;55.219;91.320
1064;17;20;45.760;76.990
1064;20;17;45.760;83.020
1065;17;20;45.837;67.670
1065;20;17;45.837;73.700
1066;17;20;45.921;63.660
1066;20;17;45.921;69.690
1067;17;21;105.572;63.370
1067;21;17;105.572;69.610
1068;17;21;108.920;73.320
1068;21;17;108.920;79.560
1069;17;22;46.983;75.360
1069;22;17;46.983;81.660
1070;17;22;46.953;81.500
1070;22;17;46.953;87.800
1071;17;23;60.964;67.840
1071;23;17;60.964;74.810
1072;17;23;60.302;84.090
1072;23;17;60.302;91.060
1073;17;24;54.969;61.880
1073;24;17;54.969;69.080
1074;17;25;83.807;81.600
1074;25;17;83.807;89.000
1075;17;26;58.464;72.420
1075;26;17;58.464;80.180
1076;17;27;49.879;63.650
1076;27;17;49.879;72.080
1077;17;28;108.257;61.920
1077;28;17;108.257;70.810
1078;17;29;90.195;59.950
1078;29;17;90.195;69.400
1079;17;29;84.860;81.260
1079;29;17;84.860;90.710
1080;17;29;94.548;71.580
1080;29;17;94.548;81.030
1081;17;30;60.254;77.730
1081;30;17;60.254;87.240
1082;17;31;60.628;62.800
1082;31;17;60.628;72.520
1083;17;31;60.500;61.230
1083;31;17;60.500;70.950
1084;17;31;59.451;75.640
1084;31;17;59.451;85.360
1085;17;32;81.234;63.450
1085;32;17;81.234;74.110
1086;17;32;76.928;81.350
1086;32;17;76.928;92.010
1087;17;32;83.733;79.200
1087;32;17;83.733;89.860
1088;17;33;51.494;63.810
1088;33;17;51.494;74.780
1089;17;34;65.000;74.420
1089;34;17;65.000;85.740
1090;17;34;61.169;76.190
1090;34;17;61.169;87.510
1091;17;35;45.760;64.710
1091;35;17;45.760;76.460
1092;17;35;45.622;77.400
1092;35;17;45.622;89.150
1093;17;35;45.584;76.930
1093;35;17;45.584;88.680
1094;17;36;48.328;59.740
1094;36;17;48.328;71.590
1095;17;36;47.973;73.480
1095;36;17;47.973;85.330
1096;17;37;116.720;73.820
1096;37;17;116.720;87.410
1097;17;37;126.156;78.670
1097;37;17;126.156;92.260
1098;17;38;67.147;63.710
1098;38;17;67.147;77.600
1099;17;38;68.912;70.810
1099;38;17;68.912;84.700
1100;17;38;67.595;71.120
1100;38;17;67.595;85.010
1101;17;39;18.196;2.310
1101;39;17;63.196;70.720
1102;18;19;113.379;77.240
1102;19;18;113.379;78.880
1103;18;19;103.018;82.260
1103;19;18;103.018;83.900
1104;18;20;102.478;63.410
1104;20;18;102.478;67.480
1105;18;21;128.961;82.570
1105;21;18;128.961;86.850
1106;18;22;101.809;76.320
1106;22;18;101.809;80.660
1107;18;22;103.179;78.540
1107;22;18;103.179;82.880
1108;18;23;104.115;81.360
1108;23;18;104.115;86.370
1109;18;24;108.550;81.020
1109;24;18;108.550;86.260
1110;18;24;122.232;73.350
1110;24;18;122.232;78.590
1111;18;24;119.492;73.330
1111;24;18;119.492;78.570
1112;18;25;141.875;83.850
1112;25;18;141.875;89.290
1113;18;26;116.292;76.470
1113;26;18;116.292;82.270
1114;18;27;105.251;68.270
1114;27;18;105.251;74.740
1115;18;27;97.762;83.540
1115;27;18;97.762;90.010
1116;18;27;118.747;79.000
1116;27;18;118.747;85.470
1117;18;28;119.772;74.820
1117;28;18;119.772;81.750
1118;18;28;127.946;74.060
1118;28;18;127.946;80.990
1119;18;29;133.328;62.230
1119;29;18;133.328;69.720
1120;18;29;118.475;60.390
1120;29;18;118.475;67.880
1121;18;30;113.151;80.590
1121;30;18;113.151;88.140
1122;18;31;87.748;76.070
1122;31;18;87.748;83.830
1123;18;31;93.567;80.830
1123;31;18;93.567;88.590
1124;18;32;66.887;64.560
1124;32;18;66.887;73.260
1125;18;32;68.962;79.380
1125;32;18;68.962;88.080
1126;18;32;68.836;81.760
1126;32;18;68.836;90.460
1127;18;33;98.424;64.020
1127;33;18;98.424;73.030
1128;18;34;111.963;81.800
1128;34;18;111.963;91.160
1129;18;34;125.298;57.410
1129;34;18;125.298;66.770
1130;18;34;97.479;70.010
1130;34;18;97.479;79.370
1131;18;35;102.478;71.550
1131;35;18;102.478;81.340
1132;18;35;104.952;58.130
1132;35;18;104.952;67.920
1133;18;36;106.402;61.290
1133;36;18;106.402;71.180
1134;18;36;96.840;73.200
1134;36;18;96.840;83.090
1135;18;37;138.199;71.360
1135;37;18;138.199;82.990
1136;18;37;154.444;71.490
1136;37;18;154.444;83.120
1137;18;37;127.895;73.380
1137;37;18;127.895;85.010
1138;18;38;93.727;74.880
1138;38;18;93.727;86.810
1139;18;38;98.456;58.910
1139;38;18;98.456;70.840
1140;18;38;94.985;72.810
1140;38;18;94.985;84.740
1141;18;39;74.442;11.630
1141;39;18;119.442;78.080
1142;18;39;75.420;4.530
1142;39;18;120.420;70.980
1143;18;39;84.734;16.650
1143;39;18;129.734;83.100
1144;19;20;55.906;82.900
1144;20;19;55.906;85.330
1145;19;20;57.901;69.360
1145;20;19;57.901;71.790
1146;19;21;107.303;85.980
1146;21;19;107.303;88.620
1147;19;21;116.953;69.450
1147;21;19;116.953;72.090
1148;19;21;119.822;86.240
1148;21;19;119.822;88.880
1149;19;22;56.600;63.310
1149;22;19;56.600;66.010
1150;19;22;55.357;67.990
1150;22;19;55.357;70.690
1151;19;23;63.896;80.070
1151;23;19;63.896;83.440
1152;19;23;60.661;70.620
1152;23;19;60.661;73.990
1153;19;24;56.015;74.180
1153;24;19;56.015;77.780
1154;19;25;73.603;78.010
1154;25;19;73.603;81.810
1155;19;25;76.887;73.510
1155;25;19;76.887;77.310
1156;19;26;48.511;82.870
1156;26;19;48.511;87.030
1157;19;26;49.008;82.020
1157;26;19;49.008;86.180
1158;19;26;49.252;64.070
1158;26;19;49.252;68.230
1159;19;27;54.857;65.170
1159;27;19;54.857;70.000
1160;19;27;53.993;79.980
1160;27;19;53.993;84.810
1161;19;28;112.324;62.560
1161;28;19;112.324;67.850
1162;19;28;128.133;79.010
1162;28;19;128.133;84.300
1163;19;28;117.676;65.600
1163;28;19;117.676;70.890
1164;19;29;87.406;82.340
1164;29;19;87.406;88.190
1165;19;30;56.562;75.680
1165;30;19;56.562;81.590
1166;19;30;57.554;74.230
1166;30;19;57.554;80.140
1167;19;30;57.114;78.540
1167;30;19;57.114;84.450
1168;19;31;70.756;82.850
1168;31;19;70.756;88.970
1169;19;32;91.506;69.940
1169;32;19;91.506;77.000
1170;19;32;88.392;67.920
1170;32;19;88.392;74.980
1171;19;33;60.512;58.190
1171;33;19;60.512;65.560
1172;19;34;65.363;81.570
1172;34;19;65.363;89.290
1173;19;34;60.682;67.290
1173;34;19;60.682;75.010
1174;19;34;61.445;78.170
1174;34;19;61.445;85.890
1175;19;35;55.906;80.670
1175;35;19;55.906;88.820
1176;19;35;54.453;68.220
1176;35;19;54.453;76.370
1177;19;35;56.399;77.530
1177;35;19;56.399;85.680
1178;19;36;52.079;74.590
1178;36;19;52.079;82.840
1179;19;36;51.471;69.820
1179;36;19;51.471;78.070
1180;19;36;51.978;79.530
1180;36;19;51.978;87.780
1181;19;37;118.127;72.690
1181;37;19;118.127;82.680
1182;19;37;125.310;68.280
1182;37;19;125.310;78.270
1183;19;38;73.791;63.530
1183;38;19;73.791;73.820
1184;19;38;77.105;61.950
1184;38;19;77.105;72.240
1185;19;38;74.902;54.550
1185;38;19;74.902;64.840
1186;19;39;9.829;10.610
1186;39;19;54.829;75.420
1187;19;39;10.680;24.240
1187;39;19;55.680;89.050
1188;19;39;12.248;24.400
1188;39;19;57.248;89.210
1189;20;21;106.024;66.310
1189;21;20;106.024;66.520
1190;20;22;46.253;75.240
1190;22;20;46.253;75.510
1191;20;22;46.410;63.210
1191;22;20;46.410;63.480
1192;20;23;60.483;63.580
1192;23;20;60.483;64.520
1193;20;23;58.791;72.160
1193;23;20;58.791;73.100
1194;20;23;63.821;77.420
1194;23;20;63.821;78.360
1195;20;24;55.664;69.090
1195;24;20;55.664;70.260
1196;20;24;55.090;77.570
1196;24;20;55.090;78.740
1197;20;25;84.442;70.280
1197;25;20;84.442;71.650
1198;20;26;58.977;71.390
1198;26;20;58.977;73.120
1199;20;26;61.455;62.880
1199;26;20;61.455;64.610
1200;20;27;50.552;60.160
1200;27;20;50.552;62.560
1201;20;27;49.957;75.680
1201;27;20;49.957;78.080
1202;20;27;50.483;78.480
1202;27;20;50.483;80.880
1203;20;28;108.546;68.650
1203;28;20;108.546;71.510
1204;20;28;106.018;78.390
1204;28;20;106.018;81.250
1205;20;29;90.875;65.890
1205;29;20;90.875;69.310
1206;20;30;60.269;61.200
1206;30;20;60.269;64.680
1207;20;31;59.954;75.600
1207;31;20;59.954;79.290
1208;20;31;63.172;64.460
1208;31;20;63.172;68.150
1209;20;32;80.612;69.490
1209;32;20;80.612;74.120
1210;20;32;73.565;77.130
1210;32;20;73.565;81.760
1211;20;32;77.197;60.410
1211;32;20;77.197;65.040
1212;20;33;50.739;71.110
1212;33;20;50.739;76.050
1213;20;34;65.620;70.980
1213;34;20;65.620;76.270
1214;20;35;45.000;70.690
1214;35;20;45.000;76.410
1215;20;35;45.000;61.750
1215;35;20;45.000;67.470
1216;20;36;49.002;64.110
1216;36;20;49.002;69.930
1217;20;37;117.184;78.310
1217;37;20;117.184;85.870
1218;20;37;113.115;73.710
1218;37;20;113.115;81.270
1219;20;38;66.427;70.190
1219;38;20;66.427;78.050
1220;20;38;65.123;78.160
1220;38;20;65.123;86.020
1221;20;38;62.984;74.780
1221;38;20;62.984;82.640
1222;20;39;18.520;13.150
1222;39;20;63.520;75.530
1223;21;22;107.083;69.670
1223;22;21;107.083;69.730
1224;21;22;97.304;86.420
1224;22;21;97.304;86.480
1225;21;22;114.958;70.690
1225;22;21;114.958;70.750
1226;21;23;121.504;84.060
1226;23;21;121.504;84.790
1227;21;23;134.310;65.940
1227;23;21;134.310;66.670
1228;21;24;97.091;85.790
1228;24;21;97.091;86.750
1229;21;24;91.796;69.830
1229;24;21;91.796;70.790
1230;21;24;98.891;64.430
1230;24;21;98.891;65.390
1231;21;25;115.480;71.700
1231;25;21;115.480;72.860
1232;21;25;98.018;76.390
1232;25;21;98.018;77.550
1233;21;26;109.830;69.840
1233;26;21;109.830;71.360
1234;21;26;118.414;73.150
1234;26;21;118.414;74.670
1235;21;26;117.322;76.310
1235;26;21;117.322;77.830
1236;21;27;101.153;76.580
1236;27;21;101.153;78.770
1237;21;27;113.486;74.570
1237;27;21;113.486;76.760
1238;21;27;90.331;69.740
1238;27;21;90.331;71.930
1239;21;28;60.436;72.810
1239;28;21;60.436;75.460
1240;21;29;73.838;80.620
1240;29;21;73.838;83.830
1241;21;30;118.478;77.400
1241;30;21;118.478;80.670
1242;21;30;119.919;65.190
1242;30;21;119.919;68.460
1243;21;30;103.407;71.930
1243;30;21;103.407;75.200
1244;21;31;109.996;81.550
1244;31;21;109.996;85.030
1245;21;31;96.576;66.510
1245;31;21;96.576;69.990
1246;21;31;112.848;78.380
1246;31;21;112.848;81.860
1247;21;32;116.407;81.970
1247;32;21;116.407;86.390
1248;21;33;110.084;59.570
1248;33;21;110.084;64.300
1249;21;33;126.197;58.810
1249;33;21;126.197;63.540
1250;21;33;121.896;61.020
1250;33;21;121.896;65.750
1251;21;34;86.967;77.450
1251;34;21;86.967;82.530
1252;21;34;82.008;76.670
1252;34;21;82.008;81.750
1253;21;34;92.294;65.410
1253;34;21;92.294;70.490
1254;21;35;106.024;71.800
1254;35;21;106.024;77.310
1255;21;35;99.035;64.010
1255;35;21;99.035;69.520
1256;21;35;94.265;78.870
1256;35;21;94.265;84.380
1257;21;36;105.322;63.090
1257;36;21;105.322;68.700
1258;21;36;105.547;72.090
1258;36;21;105.547;77.700
1259;21;36;101.059;76.610
1259;36;21;101.059;82.220
1260;21;37;56.221;62.560
1260;37;21;56.221;69.910
1261;21;37;58.476;71.000
1261;37;21;58.476;78.350
1262;21;37;56.133;58.870
1262;37;21;56.133;66.220
1263;21;38;124.672;63.230
1263;38;21;124.672;70.880
1264;21;38;109.606;58.030
1264;38;21;109.606;65.680
1265;21;39;71.350;19.610
1265;39;21;116.350;81.780
1266;21;39;73.744;19.870
1266;39;21;118.744;82.040
1267;21;39;56.983;18.230
1267;39;21;101.983;80.400
1268;22;23;59.427;65.970
1268;23;22;59.427;66.640
1269;22;24;56.916;84.570
1269;24;22;56.916;85.470
1270;22;24;53.961;83.860
1270;24;22;53.961;84.760
1271;22;24;55.166;79.050
1271;24;22;55.166;79.950
1272;22;25;85.197;68.800
1272;25;22;85.197;69.900
1273;22;25;94.777;80.430
1273;25;22;94.777;81.530
1274;22;26;59.514;79.760
1274;26;22;59.514;81.220
1275;22;26;58.547;64.580
1275;26;22;58.547;66.040
1276;22;27;51.801;73.040
1276;27;22;51.801;75.170
1277;22;27;51.390;68.070
1277;27;22;51.390;70.200
1278;22;28;109.413;71.680
1278;28;22;109.413;74.270
1279;22;29;92.122;73.630
1279;29;22;92.122;76.780
1280;22;29;98.627;74.770
1280;29;22;98.627;77.920
1281;22;29;85.436;75.400
1281;29;22;85.436;78.550
1282;22;30;59.928;67.140
1282;30;22;59.928;70.350
1283;22;30;62.865;66.620
1283;30;22;62.865;69.830
1284;22;31;59.157;64.340
1284;31;22;59.157;67.760
1285;22;31;58.678;76.740
1285;31;22;58.678;80.160
1286;22;32;79.926;60.000
1286;32;22;79.926;64.360
1287;22;32;85.805;80.980
1287;32;22;85.805;85.340
1288;22;33;49.534;60.940
1288;33;22;49.534;65.610
1289;22;33;49.362;69.320
1289;33;22;49.362;73.990
1290;22;34;66.837;78.020
1290;34;22;66.837;83.040
1291;22;35;46.253;68.540
1291;35;22;46.253;73.990
1292;22;36;49.963;80.100
1292;36;22;49.963;85.650
1293;22;36;49.280;68.790
1293;36;22;49.280;74.340
1294;22;37;118.254;76.670
1294;37;22;118.254;83.960
1295;22;37;110.368;78.230
1295;37;22;110.368;85.520
1296;22;38;65.174;68.720
1296;38;22;65.174;76.310
1297;22;38;69.802;63.690
1297;38;22;69.802;71.280
1298;22;38;61.718;64.320
1298;38;22;61.718;71.910
1299;22;39;18.686;13.260
1299;39;22;63.686;75.370
1300;23;24;70.351;81.290
1300;24;23;70.351;81.520
1301;23;24;71.271;68.160
1301;24;23;71.271;68.390
1302;23;25;88.638;65.210
1302;25;23;88.638;65.640
1303;23;25;85.007;79.880
1303;25;23;85.007;80.310
1304;23;25;85.037;61.800
1304;25;23;85.037;62.230
1305;23;26;64.327;84.830
1305;26;23;64.327;85.620
1306;23;27;65.617;74.340
1306;27;23;65.617;75.800
1307;23;27;64.119;73.240
1307;27;23;64.119;74.700
1308;23;27;63.777;67.420
1308;27;23;63.777;68.880
1309;23;28;123.579;69.710
1309;28;23;123.579;71.630
1310;23;28;115.028;74.460
1310;28;23;115.028;76.380
1311;23;29;105.227;77.580
1311;29;23;105.227;80.060
1312;23;30;55.697;70.700
1312;30;23;55.697;73.240
1313;23;31;64.544;79.710
1313;31;23;64.544;82.460
1314;23;31;66.958;61.110
1314;31;23;66.958;63.860
1315;23;32;83.132;77.560
1315;32;23;83.132;81.250
1316;23;32;88.989;66.860
1316;32;23;88.989;70.550
1317;23;32;80.853;79.260
1317;32;23;80.853;82.950
1318;23;33;57.165;75.270
1318;33;23;57.165;79.270
1319;23;33;56.338;66.150
1319;33;23;56.338;70.150
1320;23;33;54.420;77.600
1320;33;23;54.420;81.600
1321;23;34;80.714;69.020
1321;34;23;80.714;73.370
1322;23;34;82.690;63.270
1322;34;23;82.690;67.620
1323;23;35;60.483;68.090
1323;35;23;60.483;72.870
1324;23;35;58.142;77.840
1324;35;23;58.142;82.620
1325;23;35;60.737;63.530
1325;35;23;60.737;68.310
1326;23;36;61.864;70.200
1326;36;23;61.864;75.080
1327;23;37;132.667;58.830
1327;37;23;132.667;65.450
1328;23;38;56.863;70.100
1328;38;23;56.863;77.020
1329;23;39;18.315;17.210
1329;39;23;63.315;78.650
1330;23;39;18.088;11.650
1330;39;23;63.088;73.090
1331;23;39;16.815;15.050
1331;39;23;61.815;76.490
1332;24;25;79.629;70.180
1332;25;24;79.629;70.380
1333;24;25;82.601;76.700
1333;25;24;82.601;76.900
1334;24;26;59.274;73.000
1334;26;24;59.274;73.560
1335;24;26;58.859;73.360
1335;26;24;58.859;73.920
1336;24;26;62.767;61.040
1336;26;24;62.767;61.600
1337;24;27;50.126;83.870
1337;27;24;50.126;85.100
1338;24;27;49.276;81.220
1338;27;24;49.276;82.450
1339;24;27;50.730;60.170
1339;27;24;50.730;61.400
1340;24;28;101.410;68.990
1340;28;24;101.410;70.680
1341;24;28;92.401;74.300
1341;28;24;92.401;75.990
1342;24;29;80.236;79.570
1342;29;24;80.236;81.820
1343;24;29;87.740;62.700
1343;29;24;87.740;64.950
1344;24;29;77.837;70.870
1344;29;24;77.837;73.120
1345;24;30;66.460;62.330
1345;30;24;66.460;64.640
1346;24;30;66.896;69.940
1346;30;24;66.896;72.250
1347;24;31;68.195;80.920
1347;31;24;68.195;83.440
1348;24;31;69.994;66.630
1348;31;24;69.994;69.150
1349;24;31;66.828;69.280
1349;31;24;66.828;71.800
1350;24;32;87.199;75.580
1350;32;24;87.199;79.040
1351;24;32;95.494;80.380
1351;32;24;95.494;83.840
1352;24;33;61.247;67.540
1352;33;24;61.247;71.310
1353;24;33;62.912;65.950
1353;33;24;62.912;69.720
1354;24;34;55.416;73.040
1354;34;24;55.416;77.160
1355;24;34;55.846;75.240
1355;34;24;55.846;79.360
1356;24;35;55.664;70.700
1356;35;24;55.664;75.250
1357;24;36;53.507;73.540
1357;36;24;53.507;78.190
1358;24;36;53.238;75.880
1358;36;24;53.238;80.530
1359;24;36;52.000;67.530
1359;36;24;52.000;72.180
1360;24;37;108.095;59.780
1360;37;24;108.095;66.170
1361;24;37;93.359;69.350
1361;37;24;93.359;75.740
1362;24;38;77.075;68.250
1362;38;24;77.075;74.940
1363;24;38;82.958;70.410
1363;38;24;82.958;77.100
1364;24;39;20.827;19.410
1364;39;24;65.827;80.620
1365;24;39;24.821;6.120
1365;39;24;69.821;67.330
1366;24;39;25.764;10.430
1366;39;24;70.764;71.640
1367;25;26;71.038;76.280
1367;26;25;71.038;76.640
1368;25;27;81.879;84.900
1368;27;25;81.879;85.930
1369;25;27;79.947;79.660
1369;27;25;79.947;80.690
1370;25;28;125.577;79.730
1370;28;25;125.577;81.220
1371;25;28;116.791;71.790
1371;28;25;116.791;73.280
1372;25;28;118.999;81.780
1372;28;25;118.999;83.270
1373;25;29;87.680;70.740
1373;29;25;87.680;72.790
1374;25;30;77.982;70.470
1374;30;25;77.982;72.580
1375;25;31;99.354;83.270
1375;31;25;99.354;85.590
1376;25;31;107.520;65.370
1376;31;25;107.520;67.690
1377;25;32;120.039;58.490
1377;32;25;120.039;61.750
1378;25;33;89.025;61.610
1378;33;25;89.025;65.180
1379;25;33;95.472;68.280
1379;33;25;95.472;71.850
1380;25;33;83.874;72.270
1380;33;25;83.874;75.840
1381;25;34;81.992;73.060
1381;34;25;81.992;76.980
1382;25;34;83.959;73.490
1382;34;25;83.959;77.410
1383;25;35;84.442;77.490
1383;35;25;84.442;81.840
1384;25;36;80.485;56.960
1384;36;25;80.485;61.410
1385;25;36;72.872;70.850
1385;36;25;72.872;75.300
1386;25;36;81.995;80.060
1386;36;25;81.995;84.510
1387;25;37;124.353;68.010
1387;37;25;124.353;74.200
1388;25;38;100.244;56.250
1388;38;25;100.244;62.740
1389;25;38;104.983;60.940
1389;38;25;104.983;67.430
1390;25;39;25.336;14.170
1390;39;25;70.336;75.180
1391;26;27;58.365;61.620
1391;27;26;58.365;62.290
1392;26;28;115.322;65.990
1392;28;26;115.322;67.120
1393;26;28;129.567;73.960
1393;28;26;129.567;75.090
1394;26;28;125.967;84.050
1394;28;26;125.967;85.180
1395;26;29;88.814;63.580
1395;29;26;88.814;65.270
1396;26;29;99.473;83.470
1396;29;26;99.473;85.160
1397;26;29;88.613;68.690
1397;29;26;88.613;70.380
1398;26;30;55.342;76.170
1398;30;26;55.342;77.920
1399;26;31;73.563;62.080
1399;31;26;73.563;64.040
1400;26;32;94.405;70.210
1400;32;26;94.405;73.110
1401;26;32;105.014;63.550
1401;32;26;105.014;66.450
1402;26;32;85.859;64.230
1402;32;26;85.859;67.130
1403;26;33;63.039;69.180
1403;33;26;63.039;72.390
1404;26;33;63.132;71.260
1404;33;26;63.132;74.470
1405;26;33;60.861;64.840
1405;33;26;60.861;68.050
1406;26;34;68.066;67.510
1406;34;26;68.066;71.070
1407;26;34;71.191;72.830
1407;34;26;71.191;76.390
1408;26;34;64.680;73.770
1408;34;26;64.680;77.330
1409;26;35;58.977;68.890
1409;35;26;58.977;72.880
1410;26;35;55.609;71.040
1410;35;26;55.609;75.030
1411;26;35;56.613;76.740
1411;35;26;56.613;80.730
1412;26;36;55.358;71.620
1412;36;26;55.358;75.710
1413;26;36;53.222;62.630
1413;36;26;53.222;66.720
1414;26;36;55.558;60.380
1414;36;26;55.558;64.470
1415;26;37;120.540;55.030
1415;37;26;120.540;60.860
1416;26;37;135.896;78.190
1416;37;26;135.896;84.020
1417;26;38;75.057;73.580
1417;38;26;75.057;79.710
1418;26;38;70.103;75.520
1418;38;26;70.103;81.650
1419;26;38;72.353;56.910
1419;38;26;72.353;63.040
1420;26;39;6.651;0.870
1420;39;26;51.651;61.520
1421;26;39;8.215;18.610
1421;39;26;53.215;79.260
1422;27;28;104.499;69.160
1422;28;27;104.499;69.620
1423;27;28;115.727;67.710
1423;28;27;115.727;68.170
1424;27;29;85.323;75.120
1424;29;27;85.323;76.140
1425;27;29;93.038;74.620
1425;29;27;93.038;75.640
1426;27;29;83.994;70.600
1426;29;27;83.994;71.620
1427;27;30;63.193;81.760
1427;30;27;63.193;82.840
1428;27;31;63.772;80.560
1428;31;27;63.772;81.850
1429;27;31;68.275;69.910
1429;31;27;68.275;71.200
1430;27;32;83.597;78.930
1430;32;27;83.597;81.160
1431;27;33;56.129;79.160
1431;33;27;56.129;81.700
1432;27;33;53.961;72.140
1432;33;27;53.961;74.680
1433;27;34;60.161;66.290
1433;34;27;60.161;69.180
1434;27;35;50.552;75.840
1434;35;27;50.552;79.160
1435;27;35;51.825;67.760
1435;35;27;51.825;71.080
1436;27;35;49.709;75.960
1436;35;27;49.709;79.280
1437;27;36;49.319;64.760
1437;36;27;49.319;68.180
1438;27;37;112.256;64.290
1438;37;27;112.256;69.450
1439;27;37;109.373;62.070
1439;37;27;109.373;67.230
1440;27;38;71.949;64.910
1440;38;27;71.949;70.370
1441;27;38;70.944;74.260
1441;38;27;70.944;79.720
1442;27;38;65.581;61.510
1442;38;27;65.581;66.970
1443;27;39;19.290;11.670
1443;39;27;64.290;71.650
1444;27;39;23.692;11.290
1444;39;27;68.692;71.270
1445;27;39;22.173;8.300
1445;39;27;67.173;68.280
1446;28;29;86.633;62.470
1446;29;28;86.633;63.030
1447;28;30;122.629;61.100
1447;30;28;122.629;61.720
1448;28;31;108.918;70.230
1448;31;28;108.918;71.060
1449;28;31;108.565;59.520
1449;31;28;108.565;60.350
1450;28;32;110.697;78.230
1450;32;28;110.697;80.000
1451;28;32;123.051;82.540
1451;32;28;123.051;84.310
1452;28;33;111.528;69.870
1452;33;28;111.528;71.950
1453;28;34;92.454;77.540
1453;34;28;92.454;79.970
1454;28;34;101.428;60.180
1454;34;28;101.428;62.610
1455;28;34;101.614;72.240
1455;34;28;101.614;74.670
1456;28;35;108.546;75.100
1456;35;28;108.546;77.960
1457;28;35;105.359;61.230
1457;35;28;105.359;64.090
1458;28;36;108.818;81.350
1458;36;28;108.818;84.310
1459;28;36;96.424;64.240
1459;36;28;96.424;67.200
1460;28;36;109.812;66.140
1460;36;28;109.812;69.100
1461;28;37;64.736;71.020
1461;37;28;64.736;75.720
1462;28;37;59.905;66.250
1462;37;28;59.905;70.950
1463;28;37;65.226;73.890
1463;37;28;65.226;78.590
1464;28;38;124.455;62.000
1464;38;28;124.455;67.000
1465;28;38;117.516;66.890
1465;38;28;117.516;71.890
1466;28;38;105.915;60.530
1466;38;28;105.915;65.530
1467;28;39;76.973;15.360
1467;39;28;121.973;74.880
1468;28;39;64.568;13.970
1468;39;28;109.568;73.490
1469;28;39;74.357;13.880
1469;39;28;119.357;73.400
1470;29;30;98.895;65.980
1470;30;29;98.895;66.040
1471;29;30;107.630;69.120
1471;30;29;107.630;69.180
1472;29;30;92.132;66.540
1472;30;29;92.132;66.600
1473;29;31;100.908;65.680
1473;31;29;100.908;65.950
1474;29;31;101.363;64.850
1474;31;29;101.363;65.120
1475;29;31;91.999;76.120
1475;31;29;91.999;76.390
1476;29;32;115.128;81.770
1476;32;29;115.128;82.980
1477;29;33;96.304;63.420
1477;33;29;96.304;64.940
1478;29;33;91.930;77.420
1478;33;29;91.930;78.940
1479;29;34;70.655;73.410
1479;34;29;70.655;75.280
1480;29;35;90.875;80.520
1480;35;29;90.875;82.820
1481;29;35;80.198;77.990
1481;35;29;80.198;80.290
1482;29;36;88.480;72.610
1482;36;29;88.480;75.010
1483;29;36;91.309;66.440
1483;36;29;91.309;68.840
1484;29;36;91.053;63.980
1484;36;29;91.053;66.380
1485;29;37;81.779;57.420
1485;37;29;81.779;61.560
1486;29;37;78.367;63.860
1486;37;29;78.367;68.000
1487;29;38;112.183;58.660
1487;38;29;112.183;63.100
1488;29;38;109.737;74.170
1488;38;29;109.737;78.610
1489;29;38;101.677;61.200
1489;38;29;101.677;65.640
1490;29;39;49.508;22.590
1490;39;29;94.508;81.550
1491;29;39;60.608;3.290
1491;39;29;105.608;62.250
1492;30;31;71.250;80.570
1492;31;30;71.250;80.780
1493;30;31;73.630;79.620
1493;31;30;73.630;79.830
1494;30;31;74.060;79.790
1494;31;30;74.060;80.000
1495;30;32;91.577;63.580
1495;32;30;91.577;64.730
1496;30;32;89.681;66.130
1496;32;30;89.681;67.280
1497;30;33;60.946;81.080
1497;33;30;60.946;82.540
1498;30;33;64.089;79.600
1498;33;30;64.089;81.060
1499;30;34;76.539;73.170
1499;34;30;76.539;74.980
1500;30;35;60.269;72.400
1500;35;30;60.269;74.640
1501;30;35;60.120;62.550
1501;35;30;60.120;64.790
1502;30;36;58.893;77.510
1502;36;30;58.893;79.850
1503;30;37;129.406;63.260
1503;37;30;129.406;67.340
1504;30;38;67.490;73.150
1504;38;30;67.490;77.530
1505;30;38;67.888;64.480
1505;38;30;67.888;68.860
1506;30;38;68.443;56.140
1506;38;30;68.443;60.520
1507;30;39;7.648;16.940
1507;39;30;52.648;75.840
1508;30;39;6.979;19.970
1508;39;30;51.979;78.870
1509;30;39;6.649;10.300
1509;39;30;51.649;69.200
1510;31;32;65.867;70.540
1510;32;31;65.867;71.480
1511;31;33;55.724;63.770
1511;33;31;55.724;65.020
1512;31;33;53.563;59.760
1512;33;31;53.563;61.010
1513;31;34;75.495;59.580
1513;34;31;75.495;61.180
1514;31;35;59.954;78.040
1514;35;31;59.954;80.070
1515;31;35;62.460;60.320
1515;35;31;62.460;62.350
1516;31;36;63.951;80.330
1516;36;31;63.951;82.460
1517;31;37;121.152;60.100
1517;37;31;121.152;63.970
1518;31;38;60.711;73.760
1518;38;31;60.711;77.930
1519;31;38;61.519;61.140
1519;38;31;61.519;65.310
1520;31;38;64.218;73.340
1520;38;31;64.218;77.510
1521;31;39;31.884;2.810
1521;39;31;76.884;61.500
1522;31;39;31.422;6.960
1522;39;31;76.422;65.650
1523;32;33;76.563;78.440
1523;33;32;76.563;78.750
1524;32;34;91.809;59.350
1524;34;32;91.809;60.010
1525;32;35;80.612;63.720
1525;35;32;80.612;64.810
1526;32;35;81.445;62.420
1526;35;32;81.445;63.510
1527;32;35;88.020;60.280
1527;35;32;88.020;61.370
1528;32;36;84.554;73.920
1528;36;32;84.554;75.110
1529;32;37;126.826;73.040
1529;37;32;126.826;75.970
1530;32;37;117.064;70.100
1530;37;32;117.064;73.030
1531;32;38;73.986;71.140
1531;38;32;73.986;74.370
1532;32;38;74.422;64.980
1532;38;32;74.422;68.210
1533;32;39;52.651;21.700
1533;39;32;97.651;79.450
1534;33;34;70.811;71.360
1534;34;33;70.811;71.710
1535;33;34;69.091;80.300
1535;34;33;69.091;80.650
1536;33;34;65.038;62.580
1536;34;33;65.038;62.930
1537;33;35;50.739;76.820
1537;35;33;50.739;77.600
1538;33;35;49.766;68.870
1538;35;33;49.766;69.650
1539;33;35;50.031;73.390
1539;35;33;50.031;74.170
1540;33;36;54.394;63.360
1540;36;33;54.394;64.240
1541;33;36;52.745;62.430
1541;36;33;52.745;63.310
1542;33;36;54.530;64.180
1542;36;33;54.530;65.060
1543;33;37;121.293;60.460
1543;37;33;121.293;63.080
1544;33;37;137.757;73.920
1544;37;33;137.757;76.540
1545;33;38;60.879;63.020
1545;38;33;60.879;65.940
1546;33;39;21.172;5.790
1546;39;33;66.172;63.230
1547;33;39;26.438;19.650
1547;39;33;71.438;77.090
1548;34;35;65.620;79.440
1548;35;34;65.620;79.870
1549;34;35;61.093;78.770
1549;35;34;61.093;79.200
1550;34;36;63.914;56.580
1550;36;34;63.914;57.110
1551;34;36;63.067;75.280
1551;36;34;63.067;75.810
1552;34;36;63.588;73.770
1552;36;34;63.588;74.300
1553;34;37;97.867;70.710
1553;37;34;97.867;72.980
1554;34;37;104.211;63.840
1554;37;34;104.211;66.110
1555;34;37;104.313;66.890
1555;37;34;104.313;69.160
1556;34;38;86.651;75.150
1556;38;34;86.651;77.720
1557;34;38;87.223;61.550
1557;38;34;87.223;64.120
1558;34;39;29.690;16.320
1558;39;34;74.690;73.410
1559;34;39;28.241;18.060
1559;39;34;73.241;75.150
1560;34;39;36.326;1.660
1560;39;34;81.326;58.750
1561;35;36;49.002;63.210
1561;36;35;49.002;63.310
1562;35;37;117.184;61.550
1562;37;35;117.184;63.390
1563;35;37;133.208;61.030
1563;37;35;133.208;62.870
1564;35;37;100.500;69.770
1564;37;35;100.500;71.610
1565;35;38;66.427;71.140
1565;38;35;66.427;73.280
1566;35;38;68.447;70.290
1566;38;35;68.447;72.430
1567;35;39;18.520;15.600
1567;39;35;63.520;72.260
1568;36;37;116.392;56.270
1568;37;36;116.392;58.010
1569;36;37;122.556;64.230
1569;37;36;122.556;65.970
1570;36;37;107.426;62.380
1570;37;36;107.426;64.120
1571;36;38;69.469;56.370
1571;38;36;69.469;58.410
1572;36;39;15.608;1.170
1572;39;36;60.608;57.730
1573;36;39;15.144;22.400
1573;39;36;60.144;78.960
1574;37;38;135.886;62.110
1574;38;37;135.886;62.410
1575;37;38;129.422;64.140
1575;38;37;129.422;64.440
1576;37;39;81.991;22.700
1576;39;37;126.991;77.520
1577;38;39;30.026;9.040
1577;39;38;75.026;63.560
1578;38;39;24.790;2.180
1578;39;38;69.790;56.700
1579;38;39;29.742;18.320
1579;39;38;74.742;72.840
