40
240.0
0;0;1;68.796;102.350
0;1;0;23.796;2.350
1;0;2;67.688;99.810
1;2;0;22.688;17.510
2;0;3;67.496;95.220
2;3;0;22.496;18.430
3;0;4;75.107;74.400
3;4;0;30.107;3.160
4;0;5;94.491;83.700
4;5;0;49.491;15.640
5;0;5;90.328;86.440
5;5;0;45.328;18.380
6;0;5;82.576;89.910
6;5;0;37.576;21.850
7;0;6;77.509;85.140
7;6;0;32.509;17.780
8;0;6;79.694;86.580
8;6;0;34.694;19.220
9;0;6;70.365;82.110
9;6;0;25.365;14.750
10;0;7;73.285;78.960
10;7;0;28.285;12.590
11;0;7;68.890;67.240
11;7;0;23.890;0.870
12;0;8;90.309;71.250
12;8;0;45.309;6.260
13;0;9;62.194;78.610
13;9;0;17.194;13.640
14;0;10;63.196;79.020
14;10;0;18.196;15.410
15;0;10;60.091;66.130
15;10;0;15.091;2.520
16;0;10;60.143;83.230
16;10;0;15.143;19.620
17;0;11;138.673;69.850
17;11;0;93.673;6.430
18;0;11;128.401;65.780
18;11;0;83.401;2.360
19;0;12;124.572;70.400
19;12;0;79.572;7.770
20;0;12;138.429;84.310
20;12;0;93.429;21.680
21;0;12;135.286;70.100
21;12;0;90.286;7.470
22;0;13;53.647;72.150
22;13;0;8.647;11.780
23;0;14;119.442;73.890
23;14;0;74.442;14.640
24;0;14;108.025;65.630
24;14;0;63.025;6.380
25;0;14;121.504;77.280
25;14;0;76.504;18.030
26;0;15;72.562;78.890
26;15;0;27.562;19.710
27;0;15;76.862;63.710
27;15;0;31.862;4.530
28;0;15;72.263;59.630
28;15;0;27.263;0.450
29;0;16;63.520;64.520
29;16;0;18.520;7.660
30;0;16;62.127;58.930
30;16;0;17.127;2.070
31;0;16;64.115;58.910
31;16;0;19.115;2.050
32;0;17;76.387;63.500
32;17;0;31.387;6.760
33;0;17;73.299;80.010
33;17;0;28.299;23.270
34;0;17;71.887;65.150
34;17;0;26.887;8.410
35;0;18;64.222;59.000
35;18;0;19.222;3.100
36;0;19;81.549;58.610
36;19;0;36.549;3.000
37;0;19;85.087;74.510
37;19;0;40.087;18.900
38;0;19;78.216;57.410
38;19;0;33.216;1.800
39;0;20;63.315;75.930
39;20;0;18.315;20.360
40;0;20;64.181;59.390
40;20;0;19.181;3.820
41;0;21;54.829;73.530
41;21;0;9.829;18.350
42;0;21;53.392;56.040
42;21;0;8.392;0.860
43;0;21;56.264;68.200
43;21;0;11.264;13.020
44;0;22;63.686;63.230
44;22;0;18.686;8.360
45;0;23;70.336;57.730
45;23;0;25.336;2.920
46;0;23;70.619;61.720
46;23;0;25.619;6.910
47;0;23;76.369;74.160
47;23;0;31.369;19.350
48;0;24;63.520;64.240
48;24;0;18.520;9.660
49;0;24;64.387;60.030
49;24;0;19.387;5.450
50;0;25;60.608;61.100
50;25;0;15.608;7.270
51;0;25;58.639;54.050
51;25;0;13.639;0.220
52;0;26;51.651;73.550
52;26;0;6.651;21.500
53;0;26;50.562;71.840
53;26;0;5.562;19.790
54;0;27;70.770;65.970
54;27;0;25.770;14.330
55;0;27;76.244;68.160
55;27;0;31.244;16.520
56;0;28;64.290;63.770
56;28;0;19.290;12.640
57;0;28;60.262;70.110
57;28;0;15.262;18.980
58;0;28;67.770;62.160
58;28;0;22.770;11.030
59;0;29;121.973;51.990
59;29;0;76.973;0.900
60;0;30;65.827;72.650
60;30;0;20.827;21.600
61;0;30;61.040;75.110
61;30;0;16.040;24.060
62;0;31;57.868;57.710
62;31;0;12.868;6.840
63;0;31;56.843;64.560
63;31;0;11.843;13.690
64;0;31;58.729;57.680
64;31;0;13.729;6.810
65;0;32;52.648;66.920
65;32;0;7.648;16.560
66;0;32;51.694;57.190
66;32;0;6.694;6.830
67;0;33;134.706;70.240
67;33;0;89.706;20.010
68;0;34;59.300;70.800
68;34;0;14.300;20.840
69;0;35;67.042;73.520
69;35;0;22.042;23.780
70;0;35;65.229;63.400
70;35;0;20.229;13.660
71;0;36;72.064;63.480
71;36;0;27.064;14.570
72;0;36;74.892;59.700
72;36;0;29.892;10.790
73;0;37;75.026;59.110
73;37;0;30.026;10.210
74;0;37;72.897;54.010
74;37;0;27.897;5.110
75;0;38;97.651;59.400
75;38;0;52.651;10.580
76;0;39;0.000;8.370
76;39;0;0.000;8.370
77;0;39;0.000;17.920
77;39;0;0.000;17.920
78;0;39;0.000;17.220
78;39;0;0.000;17.220
79;1;2;91.481;86.330
79;2;1;91.481;104.030
80;1;2;92.280;91.630
80;2;1;92.280;109.330
81;1;2;84.465;87.840
81;2;1;84.465;105.540
82;1;3;90.080;95.390
82;3;1;90.080;118.600
83;1;4;89.354;94.060
83;4;1;89.354;122.820
84;1;4;96.445;87.410
84;4;1;96.445;116.170
85;1;4;80.694;87.630
85;4;1;80.694;116.390
86;1;5;110.336;72.640
86;5;1;110.336;104.580
87;1;5;95.848;81.990
87;5;1;95.848;113.930
88;1;6;100.131;90.460
88;6;1;100.131;123.100
89;1;7;51.988;85.390
89;7;1;51.988;119.020
90;1;7;51.129;70.540
90;7;1;51.129;104.170
91;1;8;113.670;65.360
91;8;1;113.670;100.370
92;1;8;130.134;73.760
92;8;1;130.134;108.770
93;1;8;116.945;66.070
93;8;1;116.945;101.080
94;1;9;84.892;69.350
94;9;1;84.892;104.380
95;1;9;80.836;65.880
95;9;1;80.836;100.910
96;1;10;84.989;83.840
96;10;1;84.989;120.230
97;1;11;142.123;70.320
97;11;1;142.123;106.900
98;1;11;160.518;68.570
98;11;1;160.518;105.150
99;1;11;161.580;83.860
99;11;1;161.580;120.440
100;1;12;147.414;70.870
100;12;1;147.414;108.240
101;1;12;134.223;75.120
101;12;1;134.223;112.490
102;1;12;148.214;74.200
102;12;1;148.214;111.570
103;1;13;76.730;76.320
103;13;1;76.730;115.950
104;1;14;142.767;81.450
104;14;1;142.767;122.200
105;1;14;135.314;67.660
105;14;1;135.314;108.410
106;1;15;86.226;80.560
106;15;1;86.226;121.380
107;1;15;80.102;65.950
107;15;1;80.102;106.770
108;1;15;82.139;74.570
108;15;1;82.139;115.390
109;1;16;85.525;60.260
109;16;1;85.525;103.400
110;1;16;77.988;67.740
110;16;1;77.988;110.880
111;1;17;53.115;79.170
111;17;1;53.115;122.430
112;1;18;64.619;74.580
112;18;1;64.619;118.680
113;1;18;65.879;75.600
113;18;1;65.879;119.700
114;1;19;91.542;68.950
114;19;1;91.542;113.340
115;1;20;86.710;67.320
115;20;1;86.710;111.750
116;1;20;82.591;78.580
116;20;1;82.591;123.010
117;1;21;74.708;66.250
117;21;1;74.708;111.070
118;1;21;76.249;67.030
118;21;1;76.249;111.850
119;1;21;71.220;70.680
119;21;1;71.220;115.500
120;1;22;86.065;76.410
120;22;1;86.065;121.540
121;1;22;88.664;56.500
121;22;1;88.664;101.630
122;1;23;53.171;75.030
122;23;1;53.171;120.220
123;1;24;85.525;71.320
123;24;1;85.525;116.740
124;1;24;82.942;67.960
124;24;1;82.942;113.380
125;1;25;81.786;66.710
125;25;1;81.786;112.880
126;1;26;71.558;73.450
126;26;1;71.558;121.400
127;1;26;66.711;75.650
127;26;1;66.711;123.600
128;1;26;74.516;73.790
128;26;1;74.516;121.740
129;1;27;93.720;61.920
129;27;1;93.720;110.280
130;1;28;84.024;58.090
130;28;1;84.024;106.960
131;1;28;84.690;71.910
131;28;1;84.690;120.780
132;1;28;75.068;53.860
132;28;1;75.068;102.730
133;1;29;132.213;54.360
133;29;1;132.213;103.270
134;1;30;82.779;54.440
134;30;1;82.779;103.390
135;1;30;88.526;59.210
135;30;1;88.526;108.160
136;1;30;75.384;63.310
136;30;1;75.384;112.260
137;1;31;81.426;70.390
137;31;1;81.426;119.520
138;1;31;73.512;65.600
138;31;1;73.512;114.730
139;1;31;88.997;55.520
139;31;1;88.997;104.650
140;1;32;76.099;72.360
140;32;1;76.099;122.000
141;1;33;157.538;51.960
141;33;1;157.538;101.730
142;1;34;74.467;64.380
142;34;1;74.467;114.420
143;1;35;55.425;65.660
143;35;1;55.425;115.920
144;1;36;51.582;50.340
144;36;1;51.582;101.430
145;1;36;51.018;61.240
145;36;1;51.018;112.330
146;1;36;52.453;67.050
146;36;1;52.453;118.140
147;1;37;98.562;49.810
147;37;1;98.562;100.910
148;1;37;96.757;71.780
148;37;1;96.757;122.880
149;1;37;111.401;52.480
149;37;1;111.401;103.580
150;1;38;120.887;65.430
150;38;1;120.887;116.610
151;1;38;121.075;73.330
151;38;1;121.075;124.510
152;1;38;128.024;63.160
152;38;1;128.024;114.340
153;1;39;23.796;23.600
153;39;1;68.796;123.600
154;1;39;24.162;16.070
154;39;1;69.162;116.070
155;2;3;54.749;100.010
155;3;2;54.749;105.520
156;2;3;52.801;90.750
156;3;2;52.801;96.260
157;2;4;75.314;85.110
157;4;2;75.314;96.170
158;2;4;67.740;89.850
158;4;2;67.740;100.910
159;2;4;78.009;73.940
159;4;2;78.009;85.000
160;2;5;86.520;82.970
160;5;2;86.520;97.210
161;2;6;59.400;86.790
161;6;2;59.400;101.730
162;2;6;59.515;89.020
162;6;2;59.515;103.960
163;2;6;62.276;73.470
163;6;2;62.276;88.410
164;2;7;95.763;78.430
164;7;2;95.763;94.360
165;2;7;91.617;83.090
165;7;2;91.617;99.020
166;2;7;102.155;72.220
166;7;2;102.155;88.150
167;2;8;68.621;68.310
167;8;2;68.621;85.620
168;2;9;55.323;84.980
168;9;2;55.323;102.310
169;2;9;57.551;87.810
169;9;2;57.551;105.140
170;2;10;57.858;70.100
170;10;2;57.858;88.790
171;2;11;140.389;63.880
171;11;2;140.389;82.760
172;2;11;146.747;87.070
172;11;2;146.747;105.950
173;2;11;149.581;71.770
173;11;2;149.581;90.650
174;2;12;103.279;64.380
174;12;2;103.279;84.050
175;2;12;105.759;85.370
175;12;2;105.759;105.040
176;2;13;60.381;64.640
176;13;2;60.381;86.570
177;2;13;62.131;60.600
177;13;2;62.131;82.530
178;2;13;61.805;84.910
178;13;2;61.805;106.840
179;2;14;97.433;83.360
179;14;2;97.433;106.410
180;2;15;74.821;74.200
180;15;2;74.821;97.320
181;2;16;57.156;65.390
181;16;2;57.156;90.830
182;2;16;56.687;64.780
182;16;2;56.687;90.220
183;2;16;57.289;72.210
183;16;2;57.289;97.650
184;2;17;98.965;77.890
184;17;2;98.965;103.450
185;2;17;110.182;70.370
185;17;2;110.182;95.930
186;2;17;91.379;74.200
186;17;2;91.379;99.760
187;2;18;82.763;79.000
187;18;2;82.763;105.400
188;2;18;89.601;70.000
188;18;2;89.601;96.400
189;2;19;84.488;73.980
189;19;2;84.488;100.670
190;2;19;89.700;71.420
190;19;2;89.700;98.110
191;2;20;52.549;77.080
191;20;2;52.549;103.810
192;2;21;64.811;63.930
192;21;2;64.811;91.050
193;2;21;63.640;66.560
193;21;2;63.640;93.680
194;2;22;55.905;67.280
194;22;2;55.905;94.710
195;2;22;54.681;76.640
195;22;2;54.681;104.070
196;2;23;92.282;63.470
196;23;2;92.282;90.960
197;2;24;57.156;69.800
197;24;2;57.156;97.520
198;2;24;55.895;57.740
198;24;2;55.895;85.460
199;2;24;55.400;57.940
199;24;2;55.400;85.660
200;2;25;60.128;76.780
200;25;2;60.128;105.250
201;2;25;63.830;75.110
201;25;2;63.830;103.580
202;2;26;66.487;75.010
202;26;2;66.487;105.260
203;2;26;67.422;65.510
203;26;2;67.422;95.760
204;2;26;70.383;56.160
204;26;2;70.383;86.410
205;2;27;53.883;54.010
205;27;2;53.883;84.670
206;2;28;62.705;56.830
206;28;2;62.705;88.000
207;2;29;117.778;57.570
207;29;2;117.778;88.780
208;2;29;113.792;68.750
208;29;2;113.792;99.960
209;2;30;67.821;62.960
209;30;2;67.821;94.210
210;2;30;64.419;68.560
210;30;2;64.419;99.810
211;2;30;72.726;70.100
211;30;2;72.726;101.350
212;2;31;55.797;59.980
212;31;2;55.797;91.410
213;2;31;58.128;73.500
213;31;2;58.128;104.930
214;2;32;60.801;75.320
214;32;2;60.801;107.260
215;2;33;113.332;64.690
215;33;2;113.332;96.760
216;2;33;115.027;69.560
216;33;2;115.027;101.630
217;2;34;69.713;67.460
217;34;2;69.713;99.800
218;2;34;70.013;74.050
218;34;2;70.013;106.390
219;2;35;88.708;64.730
219;35;2;88.708;97.290
220;2;36;94.368;64.690
220;36;2;94.368;98.080
221;2;37;54.344;66.430
221;37;2;54.344;99.830
222;2;38;76.063;73.350
222;38;2;76.063;106.830
223;2;38;71.224;68.660
223;38;2;71.224;102.140
224;2;38;77.308;71.520
224;38;2;77.308;105.000
225;2;39;22.688;14.200
225;39;2;67.688;96.500
226;2;39;25.349;16.000
226;39;2;70.349;98.300
227;2;39;25.931;11.670
227;39;2;70.931;93.970
228;3;4;65.740;92.190
228;4;3;65.740;97.740
229;3;4;70.628;93.640
229;4;3;70.628;99.190
230;3;5;77.528;72.900
230;5;3;77.528;81.630
231;3;5;81.785;80.070
231;5;3;81.785;88.800
232;3;5;83.524;72.740
232;5;3;83.524;81.470
233;3;6;55.085;70.400
233;6;3;55.085;79.830
234;3;6;54.684;77.880
234;6;3;54.684;87.310
235;3;7;95.384;71.270
235;7;3;95.384;81.690
236;3;7;83.001;86.720
236;7;3;83.001;97.140
237;3;7;102.966;82.530
237;7;3;102.966;92.950
238;3;8;68.888;72.760
238;8;3;68.888;84.560
239;3;8;70.241;72.560
239;8;3;70.241;84.360
240;3;8;71.848;87.030
240;8;3;71.848;98.830
241;3;9;50.307;82.220
241;9;3;50.307;94.040
242;3;9;49.931;80.150
242;9;3;49.931;91.970
243;3;10;50.468;73.600
243;10;3;50.468;86.780
244;3;10;51.557;78.860
244;10;3;51.557;92.040
245;3;10;51.609;86.370
245;10;3;51.609;99.550
246;3;11;130.650;81.770
246;11;3;130.650;95.140
247;3;11;120.300;69.350
247;11;3;120.300;82.720
248;3;12;102.363;82.830
248;12;3;102.363;96.990
249;3;12;108.053;81.330
249;12;3;108.053;95.490
250;3;13;58.852;73.520
250;13;3;58.852;89.940
251;3;14;97.787;81.690
251;14;3;97.787;99.230
252;3;14;97.751;70.200
252;14;3;97.751;87.740
253;3;15;65.552;72.240
253;15;3;65.552;89.850
254;3;15;69.766;80.000
254;15;3;69.766;97.610
255;3;16;49.777;59.170
255;16;3;49.777;79.100
256;3;16;50.179;58.860
256;16;3;50.179;78.790
257;3;16;50.074;57.140
257;16;3;50.074;77.070
258;3;17;96.814;73.310
258;17;3;96.814;93.360
259;3;17;84.492;57.030
259;17;3;84.492;77.080
260;3;18;85.599;56.980
260;18;3;85.599;77.870
261;3;18;86.507;80.450
261;18;3;86.507;101.340
262;3;18;86.346;72.840
262;18;3;86.346;93.730
263;3;19;74.967;57.560
263;19;3;74.967;78.740
264;3;19;77.452;69.030
264;19;3;77.452;90.210
265;3;19;72.999;78.800
265;19;3;72.999;99.980
266;3;20;60.226;58.730
266;20;3;60.226;79.950
267;3;21;60.606;68.490
267;21;3;60.606;90.100
268;3;21;58.147;75.800
268;21;3;58.147;97.410
269;3;22;49.023;67.070
269;22;3;49.023;88.990
270;3;23;89.188;61.330
270;23;3;89.188;83.310
271;3;23;83.272;66.890
271;23;3;83.272;88.870
272;3;24;49.777;75.370
272;24;3;49.777;97.580
273;3;25;53.778;55.320
273;25;3;53.778;78.280
274;3;25;52.015;69.520
274;25;3;52.015;92.480
275;3;26;63.534;67.940
275;26;3;63.534;92.680
276;3;26;67.251;60.830
276;26;3;67.251;85.570
277;3;27;48.907;52.290
277;27;3;48.907;77.440
278;3;27;48.122;74.190
278;27;3;48.122;99.340
279;3;27;48.816;68.590
279;27;3;48.816;93.740
280;3;28;54.290;70.940
280;28;3;54.290;96.600
281;3;28;52.090;60.410
281;28;3;52.090;86.070
282;3;29;108.438;59.690
282;29;3;108.438;85.390
283;3;29;117.898;75.760
283;29;3;117.898;101.460
284;3;29;117.811;58.260
284;29;3;117.811;83.960
285;3;30;59.254;71.760
285;30;3;59.254;97.500
286;3;30;58.345;60.490
286;30;3;58.345;86.230
287;3;31;60.107;51.800
287;31;3;60.107;77.720
288;3;31;58.839;58.060
288;31;3;58.839;83.980
289;3;32;63.056;72.960
289;32;3;63.056;99.390
290;3;33;112.495;68.190
290;33;3;112.495;94.750
291;3;33;111.058;65.960
291;33;3;111.058;92.520
292;3;33;102.026;65.070
292;33;3;102.026;91.630
293;3;34;63.595;52.490
293;34;3;63.595;79.320
294;3;34;65.033;60.780
294;34;3;65.033;87.610
295;3;35;89.539;74.550
295;35;3;89.539;101.600
296;3;35;90.835;64.210
296;35;3;90.835;91.260
297;3;35;90.213;50.930
297;35;3;90.213;77.980
298;3;36;91.711;49.470
298;36;3;91.711;77.350
299;3;36;80.462;60.620
299;36;3;80.462;88.500
300;3;36;95.670;65.670
300;36;3;95.670;93.550
301;3;37;63.382;56.380
301;37;3;63.382;84.270
302;3;38;75.906;69.710
302;38;3;75.906;97.680
303;3;39;22.496;23.930
303;39;3;67.496;100.720
304;3;39;26.488;10.630
304;39;3;71.488;87.420
305;3;39;26.080;12.240
305;39;3;71.080;89.030
306;4;5;65.984;73.520
306;5;4;65.984;76.700
307;4;5;63.779;73.650
307;5;4;63.779;76.830
308;4;6;69.601;86.440
308;6;4;69.601;90.320
309;4;6;69.826;89.850
309;6;4;69.826;93.730
310;4;6;67.423;82.490
310;6;4;67.423;86.370
311;4;7;96.088;85.780
311;7;4;96.088;90.650
312;4;7;85.590;83.600
312;7;4;85.590;88.470
313;4;7;107.536;68.270
313;7;4;107.536;73.140
314;4;8;82.998;77.020
314;8;4;82.998;83.270
315;4;8;87.858;86.000
315;8;4;87.858;92.250
316;4;8;90.231;75.680
316;8;4;90.231;81.930
317;4;9;66.053;81.570
317;9;4;66.053;87.840
318;4;10;63.125;64.410
318;10;4;63.125;72.040
319;4;10;62.227;63.840
319;10;4;62.227;71.470
320;4;11;110.940;63.990
320;11;4;110.940;71.810
321;4;11;104.258;87.140
321;11;4;104.258;94.960
322;4;12;110.123;68.570
322;12;4;110.123;77.180
323;4;13;69.444;83.930
323;13;4;69.444;94.800
324;4;14;108.137;67.340
324;14;4;108.137;79.330
325;4;14;102.032;70.580
325;14;4;102.032;82.570
326;4;14;109.440;77.210
326;14;4;109.440;89.200
327;4;15;48.134;77.770
327;15;4;48.134;89.830
328;4;15;47.457;76.250
328;15;4;47.457;88.310
329;4;15;47.708;83.730
329;15;4;47.708;95.790
330;4;16;63.660;60.030
330;16;4;63.660;74.410
331;4;16;63.325;70.720
331;16;4;63.325;85.100
332;4;17;93.521;61.250
332;17;4;93.521;75.750
333;4;18;93.824;56.830
333;18;4;93.824;72.170
334;4;18;104.307;71.420
334;18;4;104.307;86.760
335;4;19;54.238;61.700
335;19;4;54.238;77.330
336;4;20;79.073;57.790
336;20;4;79.073;73.460
337;4;20;79.341;70.820
337;20;4;79.341;86.490
338;4;20;80.637;60.250
338;20;4;80.637;75.920
339;4;21;65.413;60.930
339;21;4;65.413;76.990
340;4;21;67.601;65.210
340;21;4;67.601;81.270
341;4;21;65.447;57.950
341;21;4;65.447;74.010
342;4;22;64.813;62.930
342;22;4;64.813;79.300
343;4;22;64.651;65.630
343;22;4;64.651;82.000
344;4;23;84.813;59.000
344;23;4;84.813;75.430
345;4;23;93.243;64.980
345;23;4;93.243;81.410
346;4;23;92.072;70.160
346;23;4;92.072;86.590
347;4;24;63.660;61.750
347;24;4;63.660;78.410
348;4;24;59.677;77.320
348;24;4;59.677;93.980
349;4;25;62.643;71.880
349;25;4;62.643;89.290
350;4;25;61.119;73.200
350;25;4;61.119;90.610
351;4;25;67.050;55.720
351;25;4;67.050;73.130
352;4;26;68.466;62.630
352;26;4;68.466;81.820
353;4;26;68.337;62.260
353;26;4;68.337;81.450
354;4;27;68.327;53.840
354;27;4;68.327;73.440
355;4;27;65.181;64.580
355;27;4;65.181;84.180
356;4;27;63.763;61.720
356;27;4;63.763;81.320
357;4;28;58.515;51.430
357;28;4;58.515;71.540
358;4;28;55.738;56.750
358;28;4;55.738;76.860
359;4;28;55.529;63.560
359;28;4;55.529;83.670
360;4;29;91.911;61.620
360;29;4;91.911;81.770
361;4;30;54.569;75.120
361;30;4;54.569;95.310
362;4;30;56.527;70.580
362;30;4;56.527;90.770
363;4;30;52.545;56.080
363;30;4;52.545;76.270
364;4;31;76.379;56.880
364;31;4;76.379;77.250
365;4;31;71.101;72.080
365;31;4;71.101;92.450
366;4;32;76.014;61.070
366;32;4;76.014;81.950
367;4;32;80.074;63.410
367;32;4;80.074;84.290
368;4;33;119.737;70.750
368;33;4;119.737;91.760
369;4;33;123.778;61.060
369;33;4;123.778;82.070
370;4;33;115.996;60.070
370;33;4;115.996;81.080
371;4;34;61.387;71.590
371;34;4;61.387;92.870
372;4;34;61.664;60.240
372;34;4;61.664;81.520
373;4;35;93.466;71.090
373;35;4;93.466;92.590
374;4;35;99.931;51.510
374;35;4;99.931;73.010
375;4;35;93.697;51.090
375;35;4;93.697;72.590
376;4;36;87.953;63.500
376;36;4;87.953;85.830
377;4;36;91.385;55.640
377;36;4;91.385;77.970
378;4;36;91.376;53.430
378;36;4;91.376;75.760
379;4;37;84.115;67.270
379;37;4;84.115;89.610
380;4;38;88.031;71.500
380;38;4;88.031;93.920
381;4;39;30.107;17.100
381;39;4;75.107;88.340
382;4;39;34.723;0.580
382;39;4;79.723;71.820
383;4;39;25.891;24.710
383;39;4;70.891;95.950
384;5;6;74.022;69.770
384;6;5;74.022;70.470
385;5;7;117.069;71.810
385;7;5;117.069;73.500
386;5;7;117.957;82.080
386;7;5;117.957;83.770
387;5;7;108.889;70.570
387;7;5;108.889;72.260
388;5;8;80.955;70.870
388;8;5;80.955;73.940
389;5;8;76.405;83.810
389;8;5;76.405;86.880
390;5;9;80.845;89.250
390;9;5;80.845;92.340
391;5;9;77.831;85.950
391;9;5;77.831;89.040
392;5;9;74.875;84.830
392;9;5;74.875;87.920
393;5;10;78.322;69.380
393;10;5;78.322;73.830
394;5;10;79.040;71.450
394;10;5;79.040;75.900
395;5;10;76.013;87.340
395;10;5;76.013;91.790
396;5;11;102.209;87.630
396;11;5;102.209;92.270
397;5;11;104.626;71.710
397;11;5;104.626;76.350
398;5;11;109.065;78.570
398;11;5;109.065;83.210
399;5;12;96.851;75.760
399;12;5;96.851;81.190
400;5;13;87.276;75.930
400;13;5;87.276;83.620
401;5;14;97.504;64.020
401;14;5;97.504;72.830
402;5;15;69.109;84.130
402;15;5;69.109;93.010
403;5;15;68.120;74.470
403;15;5;68.120;83.350
404;5;16;78.457;71.580
404;16;5;78.457;82.780
405;5;16;79.415;58.770
405;16;5;79.415;69.970
406;5;17;114.299;71.750
406;17;5;114.299;83.070
407;5;17;104.903;68.660
407;17;5;104.903;79.980
408;5;18;113.662;75.040
408;18;5;113.662;87.200
409;5;19;66.570;79.120
409;19;5;66.570;91.570
410;5;19;67.196;61.640
410;19;5;67.196;74.090
411;5;19;65.110;65.410
411;19;5;65.110;77.860
412;5;20;92.752;79.550
412;20;5;92.752;92.040
413;5;20;95.481;60.940
413;20;5;95.481;73.430
414;5;21;84.694;58.280
414;21;5;84.694;71.160
415;5;22;79.129;59.790
415;22;5;79.129;72.980
416;5;22;82.232;64.210
416;22;5;82.232;77.400
417;5;22;72.698;75.130
417;22;5;72.698;88.320
418;5;23;105.577;77.520
418;23;5;105.577;90.770
419;5;24;78.457;74.180
419;24;5;78.457;87.660
420;5;24;77.896;57.630
420;24;5;77.896;71.110
421;5;25;79.637;63.330
421;25;5;79.637;77.560
422;5;25;71.955;66.380
422;25;5;71.955;80.610
423;5;26;88.091;58.730
423;26;5;88.091;74.740
424;5;27;77.660;54.240
424;27;5;77.660;70.660
425;5;28;75.463;61.220
425;28;5;75.463;78.150
426;5;28;79.563;57.450
426;28;5;79.563;74.380
427;5;29;76.549;61.370
427;29;5;76.549;78.340
428;5;29;72.787;54.040
428;29;5;72.787;71.010
429;5;29;78.930;72.390
429;29;5;78.930;89.360
430;5;30;73.902;65.170
430;30;5;73.902;82.180
431;5;30;70.275;57.950
431;30;5;70.275;74.960
432;5;31;92.035;56.050
432;31;5;92.035;73.240
433;5;31;85.704;57.970
433;31;5;85.704;75.160
434;5;32;93.438;65.770
434;32;5;93.438;83.470
435;5;32;96.226;51.200
435;32;5;96.226;68.900
436;5;33;105.354;66.160
436;33;5;105.354;83.990
437;5;33;112.945;58.880
437;33;5;112.945;76.710
438;5;33;92.540;63.680
438;33;5;92.540;81.510
439;5;34;81.875;62.700
439;34;5;81.875;80.800
440;5;34;83.139;60.250
440;34;5;83.139;78.350
441;5;35;114.188;51.720
441;35;5;114.188;70.040
442;5;35;131.114;58.520
442;35;5;131.114;76.840
443;5;36;108.746;67.830
443;36;5;108.746;86.980
444;5;36;119.024;63.500
444;36;5;119.024;82.650
445;5;37;92.913;62.300
445;37;5;92.913;81.460
446;5;37;81.576;66.620
446;37;5;81.576;85.780
447;5;37;95.289;63.740
447;37;5;95.289;82.900
448;5;38;82.436;62.920
448;38;5;82.436;82.160
449;5;39;49.491;19.260
449;39;5;94.491;87.320
450;6;7;105.469;87.650
450;7;6;105.469;88.640
451;6;8;59.501;83.860
451;8;6;59.501;86.230
452;6;9;60.372;87.440
452;9;6;60.372;89.830
453;6;9;63.365;86.430
453;9;6;63.365;88.820
454;6;10;60.208;64.760
454;10;6;60.208;68.510
455;6;10;63.226;79.920
455;10;6;63.226;83.670
456;6;10;61.456;78.460
456;10;6;61.456;82.210
457;6;11;130.235;87.870
457;11;6;130.235;91.810
458;6;11;116.739;87.170
458;11;6;116.739;91.110
459;6;12;92.290;63.020
459;12;6;92.290;67.750
460;6;12;103.910;82.480
460;12;6;103.910;87.210
461;6;12;91.822;79.960
461;12;6;91.822;84.690
462;6;13;68.885;67.410
462;13;6;68.885;74.400
463;6;13;64.604;71.800
463;13;6;64.604;78.790
464;6;13;63.401;70.940
464;13;6;63.401;77.930
465;6;14;87.910;78.500
465;14;6;87.910;86.610
466;6;14;85.106;63.370
466;14;6;85.106;71.480
467;6;14;98.340;81.210
467;14;6;98.340;89.320
468;6;15;70.644;78.960
468;15;6;70.644;87.140
469;6;15;72.701;69.030
469;15;6;72.701;77.210
470;6;16;59.627;79.390
470;16;6;59.627;89.890
471;6;16;60.577;66.520
471;16;6;60.577;77.020
472;6;17;106.754;72.830
472;17;6;106.754;83.450
473;6;17;111.540;75.550
473;17;6;111.540;86.170
474;6;18;95.168;62.980
474;18;6;95.168;74.440
475;6;18;85.169;71.560
475;18;6;85.169;83.020
476;6;19;78.419;75.510
476;19;6;78.419;87.260
477;6;20;66.825;57.600
477;20;6;66.825;69.390
478;6;21;70.526;72.550
478;21;6;70.526;84.730
479;6;21;64.246;59.190
479;21;6;64.246;71.370
480;6;21;66.540;72.410
480;21;6;66.540;84.590
481;6;22;59.075;55.920
481;22;6;59.075;68.410
482;6;22;62.210;63.080
482;22;6;62.210;75.570
483;6;23;98.966;55.870
483;23;6;98.966;68.420
484;6;23;85.506;69.820
484;23;6;85.506;82.370
485;6;23;92.556;58.600
485;23;6;92.556;71.150
486;6;24;59.627;69.730
486;24;6;59.627;82.510
487;6;24;58.938;54.860
487;24;6;58.938;67.640
488;6;25;63.504;55.380
488;25;6;63.504;68.910
489;6;26;73.573;52.690
489;26;6;73.573;68.000
490;6;27;51.858;59.710
490;27;6;51.858;75.430
491;6;27;52.410;60.090
491;27;6;52.410;75.810
492;6;27;52.854;72.870
492;27;6;52.854;88.590
493;6;28;62.568;54.290
493;28;6;62.568;70.520
494;6;28;58.556;61.710
494;28;6;58.556;77.940
495;6;29;105.565;69.410
495;29;6;105.565;85.680
496;6;29;92.845;64.330
496;29;6;92.845;80.600
497;6;29;116.456;72.300
497;29;6;116.456;88.570
498;6;30;66.551;75.660
498;30;6;66.551;91.970
499;6;30;64.785;61.720
499;30;6;64.785;78.030
500;6;30;71.239;70.870
500;30;6;71.239;87.180
501;6;31;68.627;67.220
501;31;6;68.627;83.710
502;6;31;62.866;51.990
502;31;6;62.866;68.480
503;6;31;69.696;59.070
503;31;6;69.696;75.560
504;6;32;72.476;57.190
504;32;6;72.476;74.190
505;6;32;71.570;54.450
505;32;6;71.570;71.450
506;6;33;102.419;62.640
506;33;6;102.419;79.770
507;6;33;96.228;59.000
507;33;6;96.228;76.130
508;6;33;101.138;65.190
508;33;6;101.138;82.320
509;6;34;72.729;66.800
509;34;6;72.729;84.200
510;6;35;99.542;62.460
510;35;6;99.542;80.080
511;6;35;98.721;74.300
511;35;6;98.721;91.920
512;6;36;101.576;70.770
512;36;6;101.576;89.220
513;6;36;101.145;54.160
513;36;6;101.145;72.610
514;6;36;97.382;52.840
514;36;6;97.382;71.290
515;6;37;63.996;49.320
515;37;6;63.996;67.780
516;6;37;68.585;69.670
516;37;6;68.585;88.130
517;6;37;62.870;55.710
517;37;6;62.870;74.170
518;6;38;66.106;73.080
518;38;6;66.106;91.620
519;6;38;66.299;68.840
519;38;6;66.299;87.380
520;6;38;70.229;48.890
520;38;6;70.229;67.430
521;6;39;32.509;22.870
521;39;6;77.509;90.230
522;7;8;118.587;86.580
522;8;7;118.587;87.960
523;7;8;136.638;67.640
523;8;7;136.638;69.020
524;7;9;90.108;68.700
524;9;7;90.108;70.100
525;7;9;98.822;83.330
525;9;7;98.822;84.730
526;7;10;90.512;84.200
526;10;7;90.512;86.960
527;7;10;101.297;70.860
527;10;7;101.297;73.620
528;7;10;81.281;67.610
528;10;7;81.281;70.370
529;7;11;148.777;78.580
529;11;7;148.777;81.530
530;7;12;152.715;81.220
530;12;7;152.715;84.960
531;7;13;81.692;75.860
531;13;7;81.692;81.860
532;7;13;75.220;80.410
532;13;7;75.220;86.410
533;7;14;147.722;72.420
533;14;7;147.722;79.540
534;7;14;145.930;74.840
534;14;7;145.930;81.960
535;7;15;92.972;72.130
535;15;7;92.972;79.320
536;7;16;90.992;62.710
536;16;7;90.992;72.220
537;7;16;93.234;75.410
537;16;7;93.234;84.920
538;7;16;87.102;68.020
538;16;7;87.102;77.530
539;7;17;54.760;80.470
539;17;7;54.760;90.100
540;7;18;63.721;78.580
540;18;7;63.721;89.050
541;7;18;61.250;68.270
541;18;7;61.250;78.740
542;7;19;98.504;59.820
542;19;7;98.504;70.580
543;7;20;90.296;77.620
543;20;7;90.296;88.420
544;7;20;91.528;73.880
544;20;7;91.528;84.680
545;7;21;80.398;59.590
545;21;7;80.398;70.780
546;7;21;86.183;56.990
546;21;7;86.183;68.180
547;7;22;91.414;56.490
547;22;7;91.414;67.990
548;7;22;91.265;64.300
548;22;7;91.265;75.800
549;7;22;90.029;76.410
549;22;7;90.029;87.910
550;7;23;59.458;55.490
550;23;7;59.458;67.050
551;7;23;62.611;63.990
551;23;7;62.611;75.550
552;7;23;56.332;74.660
552;23;7;56.332;86.220
553;7;24;90.992;60.080
553;24;7;90.992;71.870
554;7;24;100.957;75.450
554;24;7;100.957;87.240
555;7;24;93.007;65.370
555;24;7;93.007;77.160
556;7;25;87.419;66.890
556;25;7;87.419;79.430
557;7;25;79.918;69.560
557;25;7;79.918;82.100
558;7;25;80.078;74.110
558;25;7;80.078;86.650
559;7;26;77.067;63.020
559;26;7;77.067;77.340
560;7;27;98.875;61.940
560;27;7;98.875;76.670
561;7;27;92.940;75.230
561;27;7;92.940;89.960
562;7;27;106.550;57.560
562;27;7;106.550;72.290
563;7;28;89.999;67.700
563;28;7;89.999;82.940
564;7;29;139.200;61.170
564;29;7;139.200;76.450
565;7;29;154.107;56.310
565;29;7;154.107;71.590
566;7;30;89.149;69.740
566;30;7;89.149;85.060
567;7;30;96.832;62.080
567;30;7;96.832;77.400
568;7;31;85.279;61.330
568;31;7;85.279;76.830
569;7;31;92.044;67.170
569;31;7;92.044;82.670
570;7;32;80.025;52.580
570;32;7;80.025;68.590
571;7;32;79.492;60.240
571;32;7;79.492;76.250
572;7;33;162.851;72.690
572;33;7;162.851;88.830
573;7;33;172.320;50.600
573;33;7;172.320;66.740
574;7;33;187.432;74.590
574;33;7;187.432;90.730
575;7;34;80.811;74.620
575;34;7;80.811;91.030
576;7;34;71.932;58.180
576;34;7;71.932;74.590
577;7;35;53.742;69.330
577;35;7;53.742;85.960
578;7;35;52.883;68.120
578;35;7;52.883;84.750
579;7;36;56.933;53.400
579;36;7;56.933;70.860
580;7;36;55.927;62.160
580;36;7;55.927;79.620
581;7;36;55.161;53.030
581;36;7;55.161;70.490
582;7;37;102.121;67.280
582;37;7;102.121;84.750
583;7;37;106.400;51.030
583;37;7;106.400;68.500
584;7;38;125.908;63.990
584;38;7;125.908;81.540
585;7;38;128.525;50.790
585;38;7;128.525;68.340
586;7;38;131.640;56.270
586;38;7;131.640;73.820
587;7;39;28.285;19.660
587;39;7;73.285;86.030
588;7;39;34.906;9.260
588;39;7;79.906;75.630
589;8;9;73.859;72.680
589;9;8;73.859;72.700
590;8;10;74.303;66.720
590;10;8;74.303;68.100
591;8;11;138.102;80.320
591;11;8;138.102;81.890
592;8;11;147.027;85.760
592;11;8;147.027;87.330
593;8;11;148.823;64.730
593;11;8;148.823;66.300
594;8;12;79.657;83.880
594;12;8;79.657;86.240
595;8;12;76.306;82.740
595;12;8;76.306;85.100
596;8;13;81.967;75.860
596;13;8;81.967;80.480
597;8;13;89.952;74.810
597;13;8;89.952;79.430
598;8;14;74.136;78.110
598;14;8;74.136;83.850
599;8;14;75.107;62.260
599;14;8;75.107;68.000
600;8;15;84.493;65.460
600;15;8;84.493;71.270
601;8;16;73.647;64.970
601;16;8;73.647;73.100
602;8;16;73.341;77.120
602;16;8;73.341;85.250
603;8;16;72.103;74.530
603;16;8;72.103;82.660
604;8;17;120.617;74.370
604;17;8;120.617;82.620
605;8;17;109.424;69.830
605;17;8;109.424;78.080
606;8;17;126.008;65.590
606;17;8;126.008;73.840
607;8;18;106.384;56.890
607;18;8;106.384;65.980
608;8;18;106.994;74.480
608;18;8;106.994;83.570
609;8;19;91.181;60.970
609;19;8;91.181;70.350
610;8;19;102.224;73.870
610;19;8;102.224;83.250
611;8;19;102.557;63.300
611;19;8;102.557;72.680
612;8;20;75.731;63.240
612;20;8;75.731;72.660
613;8;20;81.156;72.510
613;20;8;81.156;81.930
614;8;20;71.374;72.470
614;20;8;71.374;81.890
615;8;21;84.479;75.780
615;21;8;84.479;85.590
616;8;21;80.697;76.460
616;21;8;80.697;86.270
617;8;21;90.162;60.390
617;21;8;90.162;70.200
618;8;22;72.879;78.870
618;22;8;72.879;88.990
619;8;22;68.539;55.650
619;22;8;68.539;65.770
620;8;22;77.536;72.140
620;22;8;77.536;82.260
621;8;23;113.074;73.060
621;23;8;113.074;83.240
622;8;24;73.647;73.740
622;24;8;73.647;84.150
623;8;24;69.816;75.570
623;24;8;69.816;85.980
624;8;25;77.631;74.870
624;25;8;77.631;86.030
625;8;26;87.272;73.440
625;26;8;87.272;86.380
626;8;26;83.685;59.780
626;26;8;83.685;72.720
627;8;26;77.964;65.010
627;26;8;77.964;77.950
628;8;27;65.066;63.190
628;27;8;65.066;76.540
629;8;27;64.443;76.290
629;27;8;64.443;89.640
630;8;27;60.472;75.130
630;27;8;60.472;88.480
631;8;28;77.050;58.050
631;28;8;77.050;71.910
632;8;28;83.330;69.560
632;28;8;83.330;83.420
633;8;29;111.005;61.130
633;29;8;111.005;75.030
634;8;30;81.011;56.900
634;30;8;81.011;70.840
635;8;30;88.919;64.130
635;30;8;88.919;78.070
636;8;31;79.380;72.210
636;31;8;79.380;86.330
637;8;31;72.776;61.650
637;31;8;72.776;75.770
638;8;31;76.148;62.170
638;31;8;76.148;76.290
639;8;32;84.149;53.990
639;32;8;84.149;68.620
640;8;33;89.720;50.970
640;33;8;89.720;65.730
641;8;33;97.824;57.680
641;33;8;97.824;72.440
642;8;34;87.145;71.410
642;34;8;87.145;86.440
643;8;34;85.377;64.260
643;34;8;85.377;79.290
644;8;34;77.655;57.430
644;34;8;77.655;72.460
645;8;35;112.007;64.030
645;35;8;112.007;79.280
646;8;35;112.936;65.450
646;35;8;112.936;80.700
647;8;35;125.524;73.690
647;35;8;125.524;88.940
648;8;36;115.574;66.160
648;36;8;115.574;82.240
649;8;36;111.584;60.790
649;36;8;111.584;76.870
650;8;37;67.057;50.290
650;37;8;67.057;66.380
651;8;37;64.700;59.210
651;37;8;64.700;75.300
652;8;38;52.444;71.120
652;38;8;52.444;87.290
653;8;39;45.309;18.730
653;39;8;90.309;83.720
654;9;10;47.930;74.790
654;10;9;47.930;76.150
655;9;10;48.585;68.040
655;10;9;48.585;69.400
656;9;11;131.899;63.730
656;11;9;131.899;65.280
657;9;11;152.154;66.040
657;11;9;152.154;67.590
658;9;11;140.310;76.440
658;11;9;140.310;77.990
659;9;12;107.614;83.370
659;12;9;107.614;85.710
660;9;12;92.231;71.520
660;12;9;92.231;73.860
661;9;12;117.855;74.830
661;12;9;117.855;77.170
662;9;13;53.547;73.520
662;13;9;53.547;78.120
663;9;13;54.283;73.040
663;13;9;54.283;77.640
664;9;14;102.892;64.780
664;14;9;102.892;70.500
665;9;14;88.742;84.010
665;14;9;88.742;89.730
666;9;15;65.072;77.850
666;15;9;65.072;83.640
667;9;15;69.164;60.990
667;15;9;69.164;66.780
668;9;16;47.493;72.070
668;16;9;47.493;80.180
669;9;17;91.758;66.980
669;17;9;91.758;75.210
670;9;17;89.763;79.200
670;17;9;89.763;87.430
671;9;18;80.483;62.260
671;18;9;80.483;71.330
672;9;18;84.187;57.640
672;18;9;84.187;66.710
673;9;19;74.973;77.440
673;19;9;74.973;86.800
674;9;19;71.211;58.400
674;19;9;71.211;67.760
675;9;19;75.185;63.340
675;19;9;75.185;72.700
676;9;20;58.035;56.940
676;20;9;58.035;66.340
677;9;20;58.649;65.270
677;20;9;58.649;74.670
678;9;20;59.733;74.000
678;20;9;59.733;83.400
679;9;21;55.748;75.810
679;21;9;55.748;85.600
680;9;21;55.243;67.160
680;21;9;55.243;76.950
681;9;21;58.143;63.580
681;21;9;58.143;73.370
682;9;22;46.755;77.490
682;22;9;46.755;87.590
683;9;22;46.438;58.380
683;22;9;46.438;68.480
684;9;23;84.311;56.940
684;23;9;84.311;67.100
685;9;24;47.493;58.370
685;24;9;47.493;68.760
686;9;25;49.840;57.060
686;25;9;49.840;68.200
687;9;25;50.068;77.650
687;25;9;50.068;88.790
688;9;25;49.896;74.660
688;25;9;49.896;85.800
689;9;26;58.413;56.010
689;26;9;58.413;68.930
690;9;26;60.690;59.670
690;26;9;60.690;72.590
691;9;27;53.830;72.990
691;27;9;53.830;86.320
692;9;28;52.711;66.690
692;28;9;52.711;80.530
693;9;28;53.414;51.780
693;28;9;53.414;65.620
694;9;28;52.170;54.490
694;28;9;52.170;68.330
695;9;29;111.028;64.690
695;29;9;111.028;78.570
696;9;29;95.510;69.220
696;29;9;95.510;83.100
697;9;30;57.704;63.380
697;30;9;57.704;77.300
698;9;30;59.902;64.330
698;30;9;59.902;78.250
699;9;30;59.151;54.710
699;30;9;59.151;68.630
700;9;31;56.204;54.060
700;31;9;56.204;68.160
701;9;32;58.189;55.860
701;32;9;58.189;70.470
702;9;32;55.504;57.220
702;32;9;55.504;71.830
703;9;32;55.281;71.830
703;32;9;55.281;86.440
704;9;33;117.749;70.370
704;33;9;117.749;85.110
705;9;33;106.301;57.110
705;33;9;106.301;71.850
706;9;34;59.722;71.140
706;34;9;59.722;86.150
707;9;34;57.845;64.850
707;34;9;57.845;79.860
708;9;35;84.235;50.080
708;35;9;84.235;65.310
709;9;35;75.462;57.090
709;35;9;75.462;72.320
710;9;35;79.442;63.560
710;35;9;79.442;78.790
711;9;36;86.742;63.050
711;36;9;86.742;79.110
712;9;36;93.372;49.530
712;36;9;93.372;65.590
713;9;37;64.667;59.280
713;37;9;64.667;75.350
714;9;37;62.178;52.340
714;37;9;62.178;68.410
715;9;38;81.006;63.500
715;38;9;81.006;79.650
716;9;38;76.245;61.950
716;38;9;76.245;78.100
717;9;39;17.194;14.070
717;39;9;62.194;79.040
718;9;39;18.825;19.560
718;39;9;63.825;84.530
719;9;39;14.722;20.140
719;39;9;59.722;85.110
720;10;11;128.972;79.680
720;11;10;128.972;79.870
721;10;11;142.249;71.250
721;11;10;142.249;71.440
722;10;12;107.439;82.210
722;12;10;107.439;83.190
723;10;12;93.100;77.920
723;12;10;93.100;78.900
724;10;13;54.733;75.480
724;13;10;54.733;78.720
725;10;13;55.962;68.990
725;13;10;55.962;72.230
726;10;14;103.090;72.370
726;14;10;103.090;76.730
727;10;14;95.577;66.190
727;14;10;95.577;70.550
728;10;14;97.481;61.920
728;14;10;97.481;66.280
729;10;15;62.198;82.840
729;15;10;62.198;87.270
730;10;15;66.082;81.040
730;15;10;66.082;85.470
731;10;16;45.760;73.770
731;16;10;45.760;80.520
732;10;16;45.722;59.040
732;16;10;45.722;65.790
733;10;17;91.546;64.250
733;17;10;91.546;71.120
734;10;18;82.002;68.300
734;18;10;82.002;76.010
735;10;18;86.333;73.680
735;18;10;86.333;81.390
736;10;18;86.400;58.430
736;18;10;86.400;66.140
737;10;19;72.071;76.270
737;19;10;72.071;84.270
738;10;19;76.985;65.670
738;19;10;76.985;73.670
739;10;19;71.889;77.020
739;19;10;71.889;85.020
740;10;20;60.964;73.090
740;20;10;60.964;81.130
741;10;21;55.322;60.270
741;21;10;55.322;68.700
742;10;21;55.846;72.010
742;21;10;55.846;80.440
743;10;21;53.518;74.400
743;21;10;53.518;82.830
744;10;22;46.983;66.930
744;22;10;46.983;75.670
745;10;23;83.807;63.340
745;23;10;83.807;72.140
746;10;24;45.760;69.070
746;24;10;45.760;78.100
747;10;24;45.917;78.240
747;24;10;45.917;87.270
748;10;24;45.620;58.950
748;24;10;45.620;67.980
749;10;25;48.328;71.500
749;25;10;48.328;81.280
750;10;26;58.464;53.550
750;26;10;58.464;65.110
751;10;26;57.290;55.680
751;26;10;57.290;67.240
752;10;26;55.435;71.300
752;26;10;55.435;82.860
753;10;27;54.374;74.410
753;27;10;54.374;86.380
754;10;27;54.520;71.320
754;27;10;54.520;83.290
755;10;27;52.061;64.920
755;27;10;52.061;76.890
756;10;28;49.879;67.670
756;28;10;49.879;80.150
757;10;28;49.788;53.890
757;28;10;49.788;66.370
758;10;28;50.130;70.630
758;28;10;50.130;83.110
759;10;29;108.257;58.810
759;29;10;108.257;71.330
760;10;29;114.134;59.320
760;29;10;114.134;71.840
761;10;29;112.719;73.120
761;29;10;112.719;85.640
762;10;30;54.969;67.020
762;30;10;54.969;79.580
763;10;30;52.514;63.590
763;30;10;52.514;76.150
764;10;31;58.896;68.990
764;31;10;58.896;81.730
765;10;31;58.072;53.870
765;31;10;58.072;66.610
766;10;32;60.254;50.500
766;32;10;60.254;63.750
767;10;33;117.557;66.000
767;33;10;117.557;79.380
768;10;34;58.165;55.120
768;34;10;58.165;68.770
769;10;35;85.089;53.780
769;35;10;85.089;67.650
770;10;35;88.060;55.800
770;35;10;88.060;69.670
771;10;35;84.192;53.950
771;35;10;84.192;67.820
772;10;36;86.380;56.990
772;36;10;86.380;71.690
773;10;36;79.826;54.680
773;36;10;79.826;69.380
774;10;36;80.605;56.440
774;36;10;80.605;71.140
775;10;37;67.147;68.760
775;37;10;67.147;83.470
776;10;37;70.503;61.370
776;37;10;70.503;76.080
777;10;38;81.234;58.710
777;38;10;81.234;73.500
778;10;39;18.196;10.110
778;39;10;63.196;73.720
779;10;39;16.459;15.340
779;39;10;61.459;78.950
780;10;39;19.332;7.070
780;39;10;64.332;70.680
781;11;12;145.386;68.560
781;12;11;145.386;69.350
782;11;12;123.591;81.170
782;12;11;123.591;81.960
783;11;13;134.874;66.640
783;13;11;134.874;69.690
784;11;13;140.361;78.140
784;13;11;140.361;81.190
785;11;13;116.004;77.530
785;13;11;116.004;80.580
786;11;14;149.258;62.860
786;14;11;149.258;67.030
787;11;14;129.258;69.510
787;14;11;129.258;73.680
788;11;14;171.397;77.090
788;14;11;171.397;81.260
789;11;15;112.493;73.500
789;15;11;112.493;77.740
790;11;16;129.450;69.230
790;16;11;129.450;75.790
791;11;16;131.479;62.750
791;16;11;131.479;69.310
792;11;16;143.380;66.820
792;16;11;143.380;73.380
793;11;17;141.250;62.340
793;17;11;141.250;69.020
794;11;17;126.038;78.540
794;17;11;126.038;85.220
795;11;17;149.606;65.080
795;17;11;149.606;71.760
796;11;18;154.833;78.420
796;18;11;154.833;85.940
797;11;19;102.641;58.690
797;19;11;102.641;66.500
798;11;20;144.932;76.660
798;20;11;144.932;84.510
799;11;21;130.017;71.920
799;21;11;130.017;80.160
800;11;21;141.813;62.330
800;21;11;141.813;70.570
801;11;22;130.535;77.460
801;22;11;130.535;86.010
802;11;22;140.706;79.860
802;22;11;140.706;88.410
803;11;22;114.849;79.660
803;22;11;114.849;88.210
804;11;23;134.327;61.570
804;23;11;134.327;70.180
805;11;23;135.487;57.320
805;23;11;135.487;65.930
806;11;23;155.869;55.730
806;23;11;155.869;64.340
807;11;24;129.450;56.880
807;24;11;129.450;65.720
808;11;25;128.549;76.900
808;25;11;128.549;86.490
809;11;26;132.307;60.530
809;26;11;132.307;71.900
810;11;27;132.170;63.490
810;27;11;132.170;75.270
811;11;27;141.459;74.240
811;27;11;141.459;86.020
812;11;28;124.454;60.970
812;28;11;124.454;73.260
813;11;28;123.430;55.070
813;28;11;123.430;67.360
814;11;29;74.586;59.460
814;29;11;74.586;71.790
815;11;30;120.189;59.180
815;30;11;120.189;71.550
816;11;30;128.905;57.350
816;30;11;128.905;69.720
817;11;31;142.279;53.040
817;31;11;142.279;65.590
818;11;31;135.123;56.270
818;31;11;135.123;68.820
819;11;32;141.388;67.870
819;32;11;141.388;80.930
820;11;32;125.164;72.020
820;32;11;125.164;85.080
821;11;32;127.217;65.530
821;32;11;127.217;78.590
822;11;33;150.798;59.290
822;33;11;150.798;72.480
823;11;33;137.807;73.270
823;33;11;137.807;86.460
824;11;33;131.869;68.040
824;33;11;131.869;81.230
825;11;34;124.501;69.090
825;34;11;124.501;82.550
826;11;34;138.238;52.620
826;34;11;138.238;66.080
827;11;34;112.645;65.330
827;34;11;112.645;78.790
828;11;35;150.558;72.740
828;35;11;150.558;86.420
829;11;35;137.860;71.840
829;35;11;137.860;85.520
830;11;36;137.061;64.020
830;36;11;137.061;78.530
831;11;36;122.204;57.790
831;36;11;122.204;72.300
832;11;36;154.402;52.720
832;36;11;154.402;67.230
833;11;37;148.288;50.590
833;37;11;148.288;65.110
834;11;38;138.798;70.430
834;38;11;138.798;85.030
835;11;39;93.673;6.120
835;39;11;138.673;69.540
836;11;39;105.456;1.540
836;39;11;150.456;64.960
837;11;39;88.344;11.630
837;39;11;133.344;75.050
838;12;13;116.038;67.430
838;13;12;116.038;69.690
839;12;13;115.247;62.870
839;13;12;115.247;65.130
840;12;14;53.891;64.520
840;14;12;53.891;67.900
841;12;14;52.119;63.320
841;14;12;52.119;66.700
842;12;14;53.883;72.830
842;14;12;53.883;76.210
843;12;15;112.603;71.110
843;15;12;112.603;74.560
844;12;15;102.378;77.940
844;15;12;102.378;81.390
845;12;16;106.891;76.550
845;16;12;106.891;82.320
846;12;16;92.588;79.990
846;16;12;92.588;85.760
847;12;17;153.905;63.870
847;17;12;153.905;69.760
848;12;17;170.177;66.280
848;17;12;170.177;72.170
849;12;17;180.560;73.380
849;17;12;180.560;79.270
850;12;18;141.041;70.310
850;18;12;141.041;77.040
851;12;18;136.028;74.970
851;18;12;136.028;81.700
852;12;18;120.483;59.680
852;18;12;120.483;66.410
853;12;19;115.732;63.620
853;19;12;115.732;70.640
854;12;20;110.310;55.910
854;20;12;110.310;62.970
855;12;20;105.449;62.260
855;20;12;105.449;69.320
856;12;20;125.290;75.460
856;20;12;125.290;82.520
857;12;21;117.753;70.310
857;21;12;117.753;77.760
858;12;22;106.364;59.440
858;22;12;106.364;67.200
859;12;22;95.592;72.930
859;22;12;95.592;80.690
860;12;22;91.074;75.040
860;22;12;91.074;82.800
861;12;23;145.892;57.270
861;23;12;145.892;65.090
862;12;23;170.074;70.290
862;23;12;170.074;78.110
863;12;23;169.515;56.490
863;23;12;169.515;64.310
864;12;24;106.891;73.040
864;24;12;106.891;81.090
865;12;25;110.684;55.790
865;25;12;110.684;64.590
866;12;25;106.225;77.460
866;25;12;106.225;86.260
867;12;25;120.664;61.370
867;25;12;120.664;70.170
868;12;26;120.858;56.220
868;26;12;120.858;66.800
869;12;27;98.844;74.050
869;27;12;98.844;85.040
870;12;27;86.980;66.410
870;27;12;86.980;77.400
871;12;28;109.018;66.490
871;28;12;109.018;77.990
872;12;29;115.801;74.090
872;29;12;115.801;85.630
873;12;29;110.630;66.500
873;29;12;110.630;78.040
874;12;29;109.284;71.470
874;29;12;109.284;83.010
875;12;30;111.786;74.130
875;30;12;111.786;85.710
876;12;30;101.084;64.540
876;30;12;101.084;76.120
877;12;31;114.031;51.880
877;31;12;114.031;63.640
878;12;31;128.900;52.640
878;31;12;128.900;64.400
879;12;32;118.727;63.620
879;32;12;118.727;75.890
880;12;32;129.197;53.450
880;32;12;129.197;65.720
881;12;33;55.136;55.610
881;33;12;55.136;68.010
882;12;33;52.829;53.160
882;33;12;52.829;65.560
883;12;33;56.080;63.480
883;33;12;56.080;75.880
884;12;34;119.236;74.510
884;34;12;119.236;87.180
885;12;34;118.401;63.750
885;34;12;118.401;76.420
886;12;34;128.341;59.050
886;34;12;128.341;71.720
887;12;35;146.471;66.060
887;35;12;146.471;78.950
888;12;36;148.626;65.110
888;36;12;148.626;78.830
889;12;36;124.850;65.960
889;36;12;124.850;79.680
890;12;36;164.753;67.840
890;36;12;164.753;81.560
891;12;37;100.587;72.180
891;37;12;100.587;85.910
892;12;38;72.216;60.550
892;38;12;72.216;74.360
893;12;38;71.621;69.040
893;38;12;71.621;82.850
894;12;39;79.572;3.970
894;39;12;124.572;66.600
895;12;39;78.550;7.080
895;39;12;123.550;69.710
896;12;39;78.870;16.990
896;39;12;123.870;79.620
897;13;14;111.092;79.780
897;14;13;111.092;80.900
898;13;15;67.457;71.880
898;15;13;67.457;73.070
899;13;16;54.975;65.390
899;16;13;54.975;68.900
900;13;16;53.183;63.970
900;16;13;53.183;67.480
901;13;16;53.281;62.900
901;16;13;53.281;66.410
902;13;17;83.904;66.190
902;17;13;83.904;69.820
903;13;17;90.575;76.150
903;17;13;90.575;79.780
904;13;18;72.272;59.070
904;18;13;72.272;63.540
905;13;18;72.613;65.430
905;18;13;72.613;69.900
906;13;19;77.233;73.220
906;19;13;77.233;77.980
907;13;19;78.737;68.640
907;19;13;78.737;73.400
908;13;19;82.449;71.020
908;19;13;82.449;75.780
909;13;20;58.400;69.340
909;20;13;58.400;74.140
910;13;20;60.901;64.040
910;20;13;60.901;68.840
911;13;20;57.518;77.110
911;20;13;57.518;81.910
912;13;21;50.626;66.920
912;21;13;50.626;72.110
913;13;21;49.583;59.640
913;21;13;49.583;64.830
914;13;22;55.056;64.330
914;22;13;55.056;69.830
915;13;22;54.210;76.740
915;22;13;54.210;82.240
916;13;23;76.945;70.450
916;23;13;76.945;76.010
917;13;23;82.580;65.170
917;23;13;82.580;70.730
918;13;24;54.975;68.350
918;24;13;54.975;74.140
919;13;24;53.866;76.700
919;24;13;53.866;82.490
920;13;25;52.652;64.300
920;25;13;52.652;70.840
921;13;25;53.017;64.050
921;25;13;53.017;70.590
922;13;26;51.171;76.930
922;26;13;51.171;85.250
923;13;26;50.111;57.400
923;26;13;50.111;65.720
924;13;27;62.196;63.270
924;27;13;62.196;72.000
925;13;27;66.303;56.840
925;27;13;66.303;65.570
926;13;27;59.420;72.510
926;27;13;59.420;81.240
927;13;28;56.840;75.810
927;28;13;56.840;85.050
928;13;28;55.216;62.020
928;28;13;55.216;71.260
929;13;29;116.122;52.800
929;29;13;116.122;62.080
930;13;29;133.173;71.760
930;29;13;133.173;81.040
931;13;30;59.887;66.430
931;30;13;59.887;75.750
932;13;30;59.374;57.850
932;30;13;59.374;67.170
933;13;30;59.738;68.880
933;30;13;59.738;78.200
934;13;31;53.509;67.680
934;31;13;53.509;77.180
935;13;31;53.177;68.110
935;31;13;53.177;77.610
936;13;32;51.574;74.860
936;32;13;51.574;84.870
937;13;32;50.359;66.690
937;32;13;50.359;76.700
938;13;33;126.174;70.470
938;33;13;126.174;80.610
939;13;33;142.044;60.450
939;33;13;142.044;70.590
940;13;34;56.643;56.540
940;34;13;56.643;66.950
941;13;35;75.687;53.890
941;35;13;75.687;64.520
942;13;35;75.397;59.400
942;35;13;75.397;70.030
943;13;35;79.934;72.900
943;35;13;79.934;83.530
944;13;36;79.127;56.930
944;36;13;79.127;68.390
945;13;36;75.069;60.490
945;36;13;75.069;71.950
946;13;37;68.888;69.080
946;37;13;68.888;80.550
947;13;37;70.174;61.360
947;37;13;70.174;72.830
948;13;37;65.768;59.480
948;37;13;65.768;70.950
949;13;38;89.241;65.180
949;38;13;89.241;76.730
950;13;38;96.304;72.920
950;38;13;96.304;84.470
951;13;39;8.647;15.560
951;39;13;53.647;75.930
952;13;39;10.163;3.140
952;39;13;55.163;63.510
953;13;39;7.211;13.980
953;39;13;52.211;74.350
954;14;15;110.343;65.040
954;15;14;110.343;65.110
955;14;15;124.298;62.170
955;15;14;124.298;62.240
956;14;15;123.000;60.490
956;15;14;123.000;60.560
957;14;16;102.478;69.370
957;16;14;102.478;71.760
958;14;16;97.904;74.910
958;16;14;97.904;77.300
959;14;17;149.601;75.020
959;17;14;149.601;77.530
960;14;18;135.045;65.930
960;18;14;135.045;69.280
961;14;19;114.654;80.480
961;19;14;114.654;84.120
962;14;19;101.949;61.120
962;19;14;101.949;64.760
963;14;20;104.115;78.650
963;20;14;104.115;82.330
964;14;20;112.258;67.660
964;20;14;112.258;71.340
965;14;21;113.379;56.040
965;21;14;113.379;60.110
966;14;22;101.809;56.490
966;22;14;101.809;60.870
967;14;23;141.875;57.780
967;23;14;141.875;62.220
968;14;23;124.590;58.500
968;23;14;124.590;62.940
969;14;24;102.478;68.300
969;24;14;102.478;72.970
970;14;24;115.319;62.520
970;24;14;115.319;67.190
971;14;25;106.402;54.720
971;25;14;106.402;60.140
972;14;26;116.292;59.460
972;26;14;116.292;66.660
973;14;27;94.064;73.820
973;27;14;94.064;81.430
974;14;27;92.925;65.590
974;27;14;92.925;73.200
975;14;28;105.251;70.790
975;28;14;105.251;78.910
976;14;28;104.780;57.780
976;28;14;104.780;65.900
977;14;29;119.772;70.720
977;29;14;119.772;78.880
978;14;29;110.397;61.120
978;29;14;110.397;69.280
979;14;29;136.087;61.740
979;29;14;136.087;69.900
980;14;30;108.550;75.250
980;30;14;108.550;83.450
981;14;31;108.227;65.250
981;31;14;108.227;73.630
982;14;32;113.151;70.650
982;32;14;113.151;79.540
983;14;32;108.234;56.460
983;32;14;108.234;65.350
984;14;33;62.006;67.880
984;33;14;62.006;76.900
985;14;33;61.896;57.490
985;33;14;61.896;66.510
986;14;33;59.802;70.930
986;33;14;59.802;79.950
987;14;34;115.502;63.930
987;34;14;115.502;73.220
988;14;34;117.957;67.750
988;34;14;117.957;77.040
989;14;35;141.061;54.340
989;35;14;141.061;63.850
990;14;35;125.059;59.890
990;35;14;125.059;69.400
991;14;35;125.029;61.110
991;35;14;125.029;70.620
992;14;36;144.470;61.990
992;36;14;144.470;72.330
993;14;36;127.835;49.300
993;36;14;127.835;59.640
994;14;36;164.511;72.010
994;36;14;164.511;82.350
995;14;37;93.727;64.780
995;37;14;93.727;75.130
996;14;37;91.431;59.820
996;37;14;91.431;70.170
997;14;37;105.508;53.570
997;37;14;105.508;63.920
998;14;38;66.887;65.750
998;38;14;66.887;76.180
999;14;39;74.442;0.220
999;39;14;119.442;59.470
1000;14;39;72.300;23.750
1000;39;14;117.300;83.000
1001;14;39;77.452;7.580
1001;39;14;122.452;66.830
1002;15;16;62.815;78.900
1002;16;15;62.815;81.220
1003;15;16;64.881;76.340
1003;16;15;64.881;78.660
1004;15;17;90.399;79.400
1004;17;15;90.399;81.840
1005;15;17;92.708;76.730
1005;17;15;92.708;79.170
1006;15;17;94.692;59.020
1006;17;15;94.692;61.460
1007;15;18;91.063;56.040
1007;18;15;91.063;59.320
1008;15;19;54.975;71.270
1008;19;15;54.975;74.840
1009;15;20;77.940;63.420
1009;20;15;77.940;67.030
1010;15;20;76.625;61.950
1010;20;15;76.625;65.560
1011;15;20;81.530;58.780
1011;20;15;81.530;62.390
1012;15;21;63.034;66.560
1012;21;15;63.034;70.560
1013;15;21;64.924;57.470
1013;21;15;64.924;61.470
1014;15;22;64.032;60.240
1014;22;15;64.032;64.550
1015;15;22;68.718;78.240
1015;22;15;68.718;82.550
1016;15;22;65.095;77.570
1016;22;15;65.095;81.880
1017;15;23;81.695;73.720
1017;23;15;81.695;78.090
1018;15;23;86.864;68.010
1018;23;15;86.864;72.380
1019;15;23;77.471;66.120
1019;23;15;77.471;70.490
1020;15;24;62.815;70.480
1020;24;15;62.815;75.080
1021;15;24;60.467;77.570
1021;24;15;60.467;82.170
1022;15;25;61.173;57.270
1022;25;15;61.173;62.620
1023;15;26;65.912;76.090
1023;26;15;65.912;83.220
1024;15;26;64.797;63.170
1024;26;15;64.797;70.300
1025;15;26;61.562;65.970
1025;26;15;61.562;73.100
1026;15;27;68.529;61.610
1026;27;15;68.529;69.150
1027;15;27;62.828;73.430
1027;27;15;62.828;80.970
1028;15;28;57.365;74.470
1028;28;15;57.365;82.520
1029;15;29;94.420;62.920
1029;29;15;94.420;71.010
1030;15;29;94.233;67.170
1030;29;15;94.233;75.260
1031;15;30;52.708;71.910
1031;30;15;52.708;80.040
1032;15;30;54.133;57.680
1032;30;15;54.133;65.810
1033;15;31;74.834;70.580
1033;31;15;74.834;78.890
1034;15;31;73.845;74.570
1034;31;15;73.845;82.880
1035;15;32;74.019;51.840
1035;32;15;74.019;60.660
1036;15;32;70.603;71.370
1036;32;15;70.603;80.190
1037;15;32;74.467;51.860
1037;32;15;74.467;60.680
1038;15;33;122.298;51.990
1038;33;15;122.298;60.940
1039;15;34;58.570;74.050
1039;34;15;58.570;83.270
1040;15;35;90.454;64.500
1040;35;15;90.454;73.940
1041;15;35;96.615;67.700
1041;35;15;96.615;77.140
1042;15;36;84.831;71.410
1042;36;15;84.831;81.680
1043;15;36;80.769;49.700
1043;36;15;80.769;59.970
1044;15;37;83.871;71.940
1044;37;15;83.871;82.220
1045;15;37;77.802;65.280
1045;37;15;77.802;75.560
1046;15;37;92.859;70.560
1046;37;15;92.859;80.840
1047;15;38;89.869;56.620
1047;38;15;89.869;66.980
1048;15;38;91.048;56.780
1048;38;15;91.048;67.140
1049;15;39;27.562;14.460
1049;39;15;72.562;73.640
1050;16;17;92.138;57.060
1050;17;16;92.138;57.180
1051;16;18;82.210;57.290
1051;18;16;82.210;58.250
1052;16;18;78.442;72.210
1052;18;16;78.442;73.170
1053;16;18;88.854;75.640
1053;18;16;88.854;76.600
1054;16;19;72.657;78.810
1054;19;16;72.657;80.060
1055;16;19;72.327;67.640
1055;19;16;72.327;68.890
1056;16;20;60.483;63.320
1056;20;16;60.483;64.610
1057;16;20;57.272;79.030
1057;20;16;57.272;80.320
1058;16;21;55.906;74.020
1058;21;16;55.906;75.700
1059;16;21;57.372;65.480
1059;21;16;57.372;67.160
1060;16;21;57.624;75.020
1060;21;16;57.624;76.700
1061;16;22;46.253;63.950
1061;22;16;46.253;65.940
1062;16;22;46.405;68.740
1062;22;16;46.405;70.730
1063;16;23;84.442;57.300
1063;23;16;84.442;59.350
1064;16;24;45.000;64.630
1064;24;16;45.000;66.910
1065;16;25;49.002;58.500
1065;25;16;49.002;61.530
1066;16;26;58.977;64.070
1066;26;16;58.977;68.880
1067;16;26;61.439;69.380
1067;26;16;61.439;74.190
1068;16;26;61.990;66.010
1068;26;16;61.990;70.820
1069;16;27;53.673;65.610
1069;27;16;53.673;70.830
1070;16;27;52.614;74.100
1070;27;16;52.614;79.320
1071;16;28;50.552;57.270
1071;28;16;50.552;63.000
1072;16;28;49.536;75.030
1072;28;16;49.536;80.760
1073;16;28;51.244;61.780
1073;28;16;51.244;67.510
1074;16;29;108.546;70.620
1074;29;16;108.546;76.390
1075;16;29;97.756;66.590
1075;29;16;97.756;72.360
1076;16;30;55.664;70.960
1076;30;16;55.664;76.770
1077;16;30;53.872;66.790
1077;30;16;53.872;72.600
1078;16;30;56.040;58.060
1078;30;16;56.040;63.870
1079;16;31;58.646;62.650
1079;31;16;58.646;68.640
1080;16;32;60.269;54.260
1080;32;16;60.269;60.760
1081;16;33;117.013;72.750
1081;33;16;117.013;79.380
1082;16;34;58.901;67.160
1082;34;16;58.901;74.060
1083;16;35;85.469;56.160
1083;35;16;85.469;63.280
1084;16;36;86.994;52.950
1084;36;16;86.994;60.900
1085;16;36;77.347;71.950
1085;36;16;77.347;79.900
1086;16;37;66.427;56.130
1086;37;16;66.427;64.090
1087;16;37;65.416;58.560
1087;37;16;65.416;66.520
1088;16;37;70.019;60.050
1088;37;16;70.019;68.010
1089;16;38;80.612;54.520
1089;38;16;80.612;62.560
1090;16;38;81.151;67.360
1090;38;16;81.151;75.400
1091;16;39;18.520;20.370
1091;39;16;63.520;77.230
1092;17;18;72.076;73.880
1092;18;17;72.076;74.720
1093;17;19;94.291;56.860
1093;19;17;94.291;57.990
1094;17;20;94.527;56.720
1094;20;17;94.527;57.890
1095;17;20;105.103;75.350
1095;20;17;105.103;76.520
1096;17;21;81.232;56.850
1096;21;17;81.232;58.410
1097;17;21;86.546;71.130
1097;21;17;86.546;72.690
1098;17;21;72.434;72.410
1098;21;17;72.434;73.970
1099;17;22;92.793;78.910
1099;22;17;92.793;80.780
1100;17;22;96.494;67.370
1100;22;17;96.494;69.240
1101;17;22;86.015;76.850
1101;22;17;86.015;78.720
1102;17;23;53.722;59.260
1102;23;17;53.722;61.190
1103;17;24;92.138;72.520
1103;24;17;92.138;74.680
1104;17;24;94.962;61.360
1104;24;17;94.962;63.520
1105;17;24;99.132;59.430
1105;24;17;99.132;61.590
1106;17;25;88.259;75.550
1106;25;17;88.259;78.460
1107;17;26;78.346;63.330
1107;26;17;78.346;68.020
1108;17;27;100.565;63.780
1108;27;17;100.565;68.880
1109;17;27;88.253;71.970
1109;27;17;88.253;77.070
1110;17;27;111.550;76.620
1110;27;17;111.550;81.720
1111;17;28;90.011;62.880
1111;28;17;90.011;68.490
1112;17;28;88.482;58.980
1112;28;17;88.482;64.590
1113;17;28;99.884;67.290
1113;28;17;99.884;72.900
1114;17;29;133.825;73.870
1114;29;17;133.825;79.520
1115;17;29;120.359;70.010
1115;29;17;120.359;75.660
1116;17;29;149.097;52.360
1116;29;17;149.097;58.010
1117;17;30;88.076;61.580
1117;30;17;88.076;67.270
1118;17;30;84.896;72.340
1118;30;17;84.896;78.030
1119;17;31;89.173;61.360
1119;31;17;89.173;67.230
1120;17;32;83.857;55.170
1120;32;17;83.857;61.550
1121;17;32;77.139;71.500
1121;32;17;77.139;77.880
1122;17;32;87.107;54.440
1122;32;17;87.107;60.820
1123;17;33;163.997;54.180
1123;33;17;163.997;60.690
1124;17;34;79.992;64.440
1124;34;17;79.992;71.220
1125;17;35;62.231;56.160
1125;35;17;62.231;63.160
1126;17;35;59.478;71.790
1126;35;17;59.478;78.790
1127;17;35;63.382;50.810
1127;35;17;63.382;57.810
1128;17;36;50.569;65.730
1128;36;17;50.569;73.560
1129;17;36;49.273;64.840
1129;36;17;49.273;72.670
1130;17;37;106.346;54.500
1130;37;17;106.346;62.340
1131;17;38;127.719;50.580
1131;38;17;127.719;58.500
1132;17;38;112.361;55.490
1132;38;17;112.361;63.410
1133;17;38;142.488;70.070
1133;38;17;142.488;77.990
1134;17;39;31.387;16.310
1134;39;17;76.387;73.050
1135;18;19;99.245;66.530
1135;19;18;99.245;66.820
1136;18;19;102.334;63.450
1136;19;18;102.334;63.740
1137;18;19;89.465;77.980
1137;19;18;89.465;78.270
1138;18;20;75.947;79.850
1138;20;18;75.947;80.180
1139;18;20;71.611;56.750
1139;20;18;71.611;57.080
1140;18;21;73.971;61.800
1140;21;18;73.971;62.520
1141;18;21;76.303;58.860
1141;21;18;76.303;59.580
1142;18;21;79.532;72.210
1142;21;18;79.532;72.930
1143;18;22;82.142;59.400
1143;22;18;82.142;60.430
1144;18;23;71.588;73.440
1144;23;18;71.588;74.530
1145;18;24;82.210;77.820
1145;24;18;82.210;79.140
1146;18;24;89.594;60.220
1146;24;18;89.594;61.540
1147;18;25;79.699;60.010
1147;25;18;79.699;62.080
1148;18;25;79.230;70.240
1148;25;18;79.230;72.310
1149;18;25;75.134;59.630
1149;25;18;75.134;61.700
1150;18;26;70.585;71.970
1150;26;18;70.585;75.820
1151;18;27;88.312;59.130
1151;27;18;88.312;63.390
1152;18;27;84.811;66.780
1152;27;18;84.811;71.040
1153;18;28;83.502;71.250
1153;28;18;83.502;76.020
1154;18;28;75.228;61.610
1154;28;18;75.228;66.380
1155;18;28;90.847;54.410
1155;28;18;90.847;59.180
1156;18;29;140.326;56.000
1156;29;18;140.326;60.810
1157;18;29;149.511;64.190
1157;29;18;149.511;69.000
1158;18;29;143.490;51.480
1158;29;18;143.490;56.290
1159;18;30;84.848;69.300
1159;30;18;84.848;74.150
1160;18;31;72.034;59.330
1160;31;18;72.034;64.360
1161;18;32;67.692;57.140
1161;32;18;67.692;62.680
1162;18;32;64.109;70.360
1162;32;18;64.109;75.900
1163;18;32;63.672;74.680
1163;32;18;63.672;80.220
1164;18;33;151.092;70.990
1164;33;18;151.092;76.660
1165;18;33;162.178;57.130
1165;33;18;162.178;62.800
1166;18;34;77.493;56.650
1166;34;18;77.493;62.590
1167;18;35;55.032;63.460
1167;35;18;55.032;69.620
1168;18;35;55.466;64.260
1168;35;18;55.466;70.420
1169;18;35;55.282;57.900
1169;35;18;55.282;64.060
1170;18;36;71.022;54.500
1170;36;18;71.022;61.490
1171;18;36;71.420;58.100
1171;36;18;71.420;65.090
1172;18;36;70.358;70.140
1172;36;18;70.358;77.130
1173;18;37;87.085;65.910
1173;37;18;87.085;72.910
1174;18;38;113.826;55.720
1174;38;18;113.826;62.800
1175;18;39;19.222;18.730
1175;39;18;64.222;74.630
1176;19;20;87.897;69.810
1176;20;19;87.897;69.850
1177;19;20;95.237;72.200
1177;20;19;95.237;72.240
1178;19;21;72.463;77.740
1178;21;19;72.463;78.170
1179;19;22;73.847;76.990
1179;22;19;73.847;77.730
1180;19;22;78.466;58.460
1180;22;19;78.466;59.200
1181;19;23;85.666;74.610
1181;23;19;85.666;75.410
1182;19;23;84.791;72.300
1182;23;19;84.791;73.100
1183;19;24;72.657;59.330
1183;24;19;72.657;60.360
1184;19;24;70.120;64.950
1184;24;19;70.120;65.980
1185;19;25;71.148;72.070
1185;25;19;71.148;73.850
1186;19;25;70.142;65.100
1186;25;19;70.142;66.880
1187;19;25;64.972;77.530
1187;25;19;64.972;79.310
1188;19;26;74.991;59.140
1188;26;19;74.991;62.700
1189;19;26;80.069;53.940
1189;26;19;80.069;57.500
1190;19;26;81.609;55.850
1190;26;19;81.609;59.410
1191;19;27;77.548;71.290
1191;27;19;77.548;75.260
1192;19;27;70.374;51.920
1192;27;19;70.374;55.890
1193;19;28;67.291;60.500
1193;28;19;67.291;64.980
1194;19;29;86.270;68.000
1194;29;19;86.270;72.520
1195;19;29;92.163;52.440
1195;29;19;92.163;56.960
1196;19;30;62.667;64.760
1196;30;19;62.667;69.320
1197;19;30;59.931;63.840
1197;30;19;59.931;68.400
1198;19;31;84.788;65.530
1198;31;19;84.788;70.270
1199;19;32;83.752;72.500
1199;32;19;83.752;77.750
1200;19;32;85.162;61.400
1200;32;19;85.162;66.650
1201;19;33;124.963;71.600
1201;33;19;124.963;76.980
1202;19;33;134.530;65.970
1202;33;19;134.530;71.350
1203;19;34;67.250;54.250
1203;34;19;67.250;59.900
1204;19;34;65.066;55.020
1204;34;19;65.066;60.670
1205;19;35;97.326;69.960
1205;35;19;97.326;75.830
1206;19;35;100.390;59.090
1206;35;19;100.390;64.960
1207;19;36;88.859;71.240
1207;36;19;88.859;77.940
1208;19;36;85.290;60.500
1208;36;19;85.290;67.200
1209;19;36;88.547;65.640
1209;36;19;88.547;72.340
1210;19;37;93.346;61.260
1210;37;19;93.346;67.970
1211;19;37;84.823;55.560
1211;37;19;84.823;62.270
1212;19;37;97.525;56.760
1212;37;19;97.525;63.470
1213;19;38;95.588;49.190
1213;38;19;95.588;55.980
1214;19;38;101.296;49.920
1214;38;19;101.296;56.710
1215;19;39;36.549;5.160
1215;39;19;81.549;60.770
1216;19;39;38.507;4.500
1216;39;19;83.507;60.110
1217;20;21;63.896;70.580
1217;21;20;63.896;70.970
1218;20;21;66.514;61.400
1218;21;20;66.514;61.790
1219;20;22;59.427;62.010
1219;22;20;59.427;62.710
1220;20;22;58.394;54.910
1220;22;20;58.394;55.610
1221;20;22;57.671;58.610
1221;22;20;57.671;59.310
1222;20;23;88.638;71.460
1222;23;20;88.638;72.220
1223;20;24;60.483;68.770
1223;24;20;60.483;69.760
1224;20;24;64.230;62.630
1224;24;20;64.230;63.620
1225;20;24;56.914;60.040
1225;24;20;56.914;61.030
1226;20;25;61.864;70.020
1226;25;20;61.864;71.760
1227;20;26;64.327;75.850
1227;26;20;64.327;79.370
1228;20;27;60.737;64.450
1228;27;20;60.737;68.380
1229;20;27;63.303;63.640
1229;27;20;63.303;67.570
1230;20;28;65.617;54.860
1230;28;20;65.617;59.300
1231;20;28;67.775;56.810
1231;28;20;67.775;61.250
1232;20;29;123.579;52.800
1232;29;20;123.579;57.280
1233;20;29;105.001;58.820
1233;29;20;105.001;63.300
1234;20;30;70.351;63.970
1234;30;20;70.351;68.490
1235;20;30;69.022;56.170
1235;30;20;69.022;60.690
1236;20;31;50.480;68.170
1236;31;20;50.480;72.870
1237;20;31;51.177;75.450
1237;31;20;51.177;80.150
1238;20;31;51.723;54.330
1238;31;20;51.723;59.030
1239;20;32;55.697;51.040
1239;32;20;55.697;56.250
1240;20;33;120.300;59.420
1240;33;20;120.300;64.760
1241;20;34;69.707;70.740
1241;34;20;69.707;76.350
1242;20;34;66.537;64.570
1242;34;20;66.537;70.180
1243;20;34;65.631;62.550
1243;34;20;65.631;68.160
1244;20;35;82.712;50.730
1244;35;20;82.712;56.560
1245;20;35;74.656;52.150
1245;35;20;74.656;57.980
1246;20;35;91.568;71.210
1246;35;20;91.568;77.040
1247;20;36;90.364;70.300
1247;36;20;90.364;76.960
1248;20;37;56.863;58.860
1248;37;20;56.863;65.530
1249;20;37;59.195;51.650
1249;37;20;59.195;58.320
1250;20;37;56.178;71.370
1250;37;20;56.178;78.040
1251;20;38;83.132;53.900
1251;38;20;83.132;60.650
1252;20;38;76.963;65.030
1252;38;20;76.963;71.780
1253;20;39;18.315;7.650
1253;39;20;63.315;63.220
1254;20;39;14.213;3.970
1254;39;20;59.213;59.540
1255;21;22;56.600;67.530
1255;22;21;56.600;67.840
1256;21;22;57.652;75.590
1256;22;21;57.652;75.900
1257;21;22;57.900;61.010
1257;22;21;57.900;61.320
1258;21;23;73.603;65.230
1258;23;21;73.603;65.600
1259;21;24;55.906;62.350
1259;24;21;55.906;62.950
1260;21;24;54.490;59.530
1260;24;21;54.490;60.130
1261;21;24;53.629;71.930
1261;24;21;53.629;72.530
1262;21;25;52.079;68.200
1262;25;21;52.079;69.550
1263;21;26;48.511;66.260
1263;26;21;48.511;69.390
1264;21;26;49.225;58.170
1264;26;21;49.225;61.300
1265;21;26;47.827;60.190
1265;26;21;47.827;63.320
1266;21;27;64.418;69.840
1266;27;21;64.418;73.380
1267;21;27;63.685;59.600
1267;27;21;63.685;63.140
1268;21;27;67.928;76.060
1268;27;21;67.928;79.600
1269;21;28;54.857;69.960
1269;28;21;54.857;74.010
1270;21;29;112.324;52.700
1270;29;21;112.324;56.790
1271;21;29;119.935;74.040
1271;29;21;119.935;78.130
1272;21;30;56.015;70.400
1272;30;21;56.015;74.530
1273;21;30;54.661;58.710
1273;30;21;54.661;62.840
1274;21;30;55.698;64.910
1274;30;21;55.698;69.040
1275;21;31;59.133;51.310
1275;31;21;59.133;55.620
1276;21;32;56.562;70.810
1276;32;21;56.562;75.630
1277;21;33;127.867;50.480
1277;33;21;127.867;55.430
1278;21;34;51.045;67.720
1278;34;21;51.045;72.940
1279;21;34;50.152;53.840
1279;34;21;50.152;59.060
1280;21;34;50.721;67.090
1280;34;21;50.721;72.310
1281;21;35;75.541;55.880
1281;35;21;75.541;61.320
1282;21;35;73.048;64.890
1282;35;21;73.048;70.330
1283;21;35;77.457;53.480
1283;35;21;77.457;58.920
1284;21;36;76.105;60.080
1284;36;21;76.105;66.350
1285;21;37;73.791;53.290
1285;37;21;73.791;59.570
1286;21;38;91.506;65.060
1286;38;21;91.506;71.420
1287;21;39;9.829;21.210
1287;39;21;54.829;76.390
1288;21;39;9.891;20.050
1288;39;21;54.891;75.230
1289;21;39;9.400;3.520
1289;39;21;54.400;58.700
1290;22;23;85.197;68.130
1290;23;22;85.197;68.190
1291;22;23;94.705;74.990
1291;23;22;94.705;75.050
1292;22;23;95.138;67.260
1292;23;22;95.138;67.320
1293;22;24;46.253;78.690
1293;24;22;46.253;78.980
1294;22;25;49.963;56.410
1294;25;22;49.963;57.450
1295;22;26;59.514;62.160
1295;26;22;59.514;64.980
1296;22;26;60.170;52.780
1296;26;22;60.170;55.600
1297;22;26;62.171;61.450
1297;26;22;62.171;64.270
1298;22;27;52.824;75.970
1298;27;22;52.824;79.200
1299;22;27;53.987;67.120
1299;27;22;53.987;70.350
1300;22;28;51.801;70.650
1300;28;22;51.801;74.390
1301;22;28;51.486;66.970
1301;28;22;51.486;70.710
1302;22;29;109.413;55.910
1302;29;22;109.413;59.690
1303;22;29;120.351;61.860
1303;29;22;120.351;65.640
1304;22;30;56.916;63.600
1304;30;22;56.916;67.420
1305;22;30;53.982;57.960
1305;30;22;53.982;61.780
1306;22;31;57.906;60.990
1306;31;22;57.906;64.990
1307;22;31;57.097;52.460
1307;31;22;57.097;56.460
1308;22;31;56.090;70.920
1308;31;22;56.090;74.920
1309;22;32;59.928;56.770
1309;32;22;59.928;61.280
1310;22;33;116.494;50.900
1310;33;22;116.494;55.540
1311;22;34;59.952;62.010
1311;34;22;59.952;66.920
1312;22;34;57.971;74.100
1312;34;22;57.971;79.010
1313;22;35;85.704;51.890
1313;35;22;85.704;57.020
1314;22;35;85.676;74.440
1314;35;22;85.676;79.570
1315;22;36;87.702;68.380
1315;36;22;87.702;74.340
1316;22;36;97.066;63.590
1316;36;22;97.066;69.550
1317;22;36;83.856;60.210
1317;36;22;83.856;66.170
1318;22;37;65.174;52.500
1318;37;22;65.174;58.470
1319;22;38;79.926;67.460
1319;38;22;79.926;73.510
1320;22;38;72.467;69.360
1320;38;22;72.467;75.410
1321;22;38;82.218;54.980
1321;38;22;82.218;61.030
1322;22;39;18.686;21.680
1322;39;22;63.686;76.550
1323;22;39;19.156;0.580
1323;39;22;64.156;55.450
1324;22;39;20.989;18.460
1324;39;22;65.989;73.330
1325;23;24;84.442;72.700
1325;24;23;84.442;72.930
1326;23;25;80.485;78.310
1326;25;23;80.485;79.290
1327;23;25;74.030;59.290
1327;25;23;74.030;60.270
1328;23;26;71.038;64.590
1328;26;23;71.038;67.350
1329;23;27;93.019;62.960
1329;27;23;93.019;66.130
1330;23;27;99.654;72.410
1330;27;23;99.654;75.580
1331;23;27;81.851;66.100
1331;27;23;81.851;69.270
1332;23;28;81.879;73.020
1332;28;23;81.879;76.700
1333;23;28;72.765;55.020
1333;28;23;72.765;58.700
1334;23;28;80.796;73.690
1334;28;23;80.796;77.370
1335;23;29;125.577;56.950
1335;29;23;125.577;60.670
1336;23;30;79.629;70.260
1336;30;23;79.629;74.020
1337;23;30;75.220;70.740
1337;30;23;75.220;74.500
1338;23;30;74.254;71.450
1338;30;23;74.254;75.210
1339;23;31;83.170;61.990
1339;31;23;83.170;65.930
1340;23;32;77.982;63.900
1340;32;23;77.982;68.350
1341;23;33;155.950;75.120
1341;33;23;155.950;79.700
1342;23;34;71.712;68.140
1342;34;23;71.712;72.990
1343;23;34;74.765;53.150
1343;34;23;74.765;58.000
1344;23;34;72.227;58.830
1344;34;23;72.227;63.680
1345;23;35;63.286;67.290
1345;35;23;63.286;72.360
1346;23;35;61.538;61.360
1346;35;23;61.538;66.430
1347;23;36;48.195;49.050
1347;36;23;48.195;54.950
1348;23;37;100.244;63.150
1348;37;23;100.244;69.060
1349;23;38;120.039;59.740
1349;38;23;120.039;65.730
1350;23;38;135.105;58.530
1350;38;23;135.105;64.520
1351;23;39;25.336;0.160
1351;39;23;70.336;54.970
1352;23;39;26.807;4.770
1352;39;23;71.807;59.580
1353;23;39;31.207;13.620
1353;39;23;76.207;68.430
1354;24;25;49.002;57.810
1354;25;24;49.002;58.560
1355;24;25;48.750;57.040
1355;25;24;48.750;57.790
1356;24;26;58.977;71.070
1356;26;24;58.977;73.600
1357;24;27;53.673;63.040
1357;27;24;53.673;65.980
1358;24;27;53.097;59.490
1358;27;24;53.097;62.430
1359;24;27;52.684;58.440
1359;27;24;52.684;61.380
1360;24;28;50.552;74.090
1360;28;24;50.552;77.540
1361;24;28;49.715;57.340
1361;28;24;49.715;60.790
1362;24;28;51.526;53.700
1362;28;24;51.526;57.150
1363;24;29;108.546;69.690
1363;29;24;108.546;73.180
1364;24;29;105.263;69.940
1364;29;24;105.263;73.430
1365;24;30;55.664;70.530
1365;30;24;55.664;74.060
1366;24;30;56.650;55.430
1366;30;24;56.650;58.960
1367;24;31;58.646;66.340
1367;31;24;58.646;70.050
1368;24;32;60.269;60.340
1368;32;24;60.269;64.560
1369;24;33;117.013;65.470
1369;33;24;117.013;69.820
1370;24;34;58.901;65.290
1370;34;24;58.901;69.910
1371;24;34;55.955;61.690
1371;34;24;55.955;66.310
1372;24;34;56.604;65.840
1372;34;24;56.604;70.460
1373;24;35;85.469;74.130
1373;35;24;85.469;78.970
1374;24;35;93.630;55.320
1374;35;24;93.630;60.160
1375;24;36;86.994;60.140
1375;36;24;86.994;65.810
1376;24;36;92.636;63.700
1376;36;24;92.636;69.370
1377;24;37;66.427;55.160
1377;37;24;66.427;60.840
1378;24;37;65.426;58.070
1378;37;24;65.426;63.750
1379;24;37;63.408;49.360
1379;37;24;63.408;55.040
1380;24;38;80.612;72.830
1380;38;24;80.612;78.590
1381;24;38;77.886;50.980
1381;38;24;77.886;56.740
1382;24;38;82.063;57.580
1382;38;24;82.063;63.340
1383;24;39;18.520;12.580
1383;39;24;63.520;67.160
1384;24;39;17.988;5.070
1384;39;24;62.988;59.650
1385;25;26;55.358;56.870
1385;26;25;55.358;58.650
1386;25;26;57.110;66.360
1386;26;25;57.110;68.140
1387;25;26;53.869;65.790
1387;26;25;53.869;67.570
1388;25;27;57.675;69.980
1388;27;25;57.675;72.170
1389;25;28;49.319;71.830
1389;28;25;49.319;74.530
1390;25;28;49.145;69.900
1390;28;25;49.145;72.600
1391;25;28;48.961;69.390
1391;28;25;48.961;72.090
1392;25;29;108.818;74.880
1392;29;25;108.818;77.620
1393;25;29;102.217;68.060
1393;29;25;102.217;70.800
1394;25;29;105.865;69.850
1394;29;25;105.865;72.590
1395;25;30;53.507;55.310
1395;30;25;53.507;58.090
1396;25;31;58.737;68.390
1396;31;25;58.737;71.350
1397;25;31;61.217;74.180
1397;31;25;61.217;77.140
1398;25;31;55.723;72.960
1398;31;25;55.723;75.920
1399;25;32;58.893;51.040
1399;32;25;58.893;54.510
1400;25;33;120.795;57.990
1400;33;25;120.795;61.590
1401;25;33;138.489;57.450
1401;33;25;138.489;61.050
1402;25;34;55.001;60.930
1402;34;25;55.001;64.800
1403;25;34;56.951;69.500
1403;34;25;56.951;73.370
1404;25;34;57.480;54.290
1404;34;25;57.480;58.160
1405;25;35;82.246;57.670
1405;35;25;82.246;61.760
1406;25;35;77.567;60.720
1406;35;25;77.567;64.810
1407;25;36;83.072;52.930
1407;36;25;83.072;57.850
1408;25;36;81.531;67.890
1408;36;25;81.531;72.810
1409;25;36;86.846;59.140
1409;36;25;86.846;64.060
1410;25;37;69.469;52.160
1410;37;25;69.469;57.090
1411;25;37;73.895;64.740
1411;37;25;73.895;69.670
1412;25;37;68.728;65.620
1412;37;25;68.728;70.550
1413;25;38;84.554;66.490
1413;38;25;84.554;71.500
1414;25;39;15.608;9.820
1414;39;25;60.608;63.650
1415;25;39;18.963;3.020
1415;39;25;63.963;56.850
1416;26;27;67.231;62.770
1416;27;26;67.231;63.180
1417;26;28;58.365;69.140
1417;28;26;58.365;70.060
1418;26;28;57.851;67.670
1418;28;26;57.851;68.590
1419;26;28;57.022;60.140
1419;28;26;57.022;61.060
1420;26;29;115.322;73.310
1420;29;26;115.322;74.270
1421;26;29;118.245;67.810
1421;29;26;118.245;68.770
1422;26;29;105.409;72.970
1422;29;26;105.409;73.930
1423;26;30;59.274;54.760
1423;30;26;59.274;55.760
1424;26;30;57.178;52.580
1424;30;26;57.178;53.580
1425;26;31;59.098;59.850
1425;31;26;59.098;61.030
1426;26;31;58.112;51.760
1426;31;26;58.112;52.940
1427;26;31;58.860;61.770
1427;31;26;58.860;62.950
1428;26;32;55.342;63.670
1428;32;26;55.342;65.360
1429;26;32;57.892;65.660
1429;32;26;57.892;67.350
1430;26;33;130.984;69.350
1430;33;26;130.984;71.170
1431;26;34;52.807;55.230
1431;34;26;52.807;57.320
1432;26;34;51.547;61.300
1432;34;26;51.547;63.390
1433;26;35;72.044;73.910
1433;35;26;72.044;76.220
1434;26;35;68.294;59.030
1434;35;26;68.294;61.340
1435;26;35;66.247;61.180
1435;35;26;66.247;63.490
1436;26;36;73.372;68.730
1436;36;26;73.372;71.870
1437;26;36;73.949;73.720
1437;36;26;73.949;76.860
1438;26;37;75.057;72.140
1438;37;26;75.057;75.290
1439;26;37;68.769;66.360
1439;37;26;68.769;69.510
1440;26;37;79.163;58.370
1440;37;26;79.163;61.520
1441;26;38;94.405;54.010
1441;38;26;94.405;57.240
1442;26;38;88.991;49.320
1442;38;26;88.991;52.550
1443;26;38;94.757;58.380
1443;38;26;94.757;61.610
1444;26;39;6.651;19.210
1444;39;26;51.651;71.260
1445;27;28;57.986;63.360
1445;28;27;57.986;63.870
1446;27;29;108.996;68.360
1446;29;27;108.996;68.910
1447;27;29;124.667;57.710
1447;29;27;124.667;58.260
1448;27;29;120.806;75.690
1448;29;27;120.806;76.240
1449;27;30;62.776;73.560
1449;30;27;62.776;74.150
1450;27;30;61.416;58.270
1450;30;27;61.416;58.860
1451;27;30;64.563;63.440
1451;30;27;64.563;64.030
1452;27;31;61.910;65.720
1452;31;27;61.910;66.490
1453;27;32;65.622;63.380
1453;32;27;65.622;64.660
1454;27;33;108.980;75.150
1454;33;27;108.980;76.560
1455;27;33;116.135;74.650
1455;33;27;116.135;76.060
1456;27;34;67.496;65.960
1456;34;27;67.496;67.640
1457;27;35;92.772;61.840
1457;35;27;92.772;63.740
1458;27;36;95.507;57.240
1458;36;27;95.507;59.970
1459;27;36;107.225;52.130
1459;36;27;107.225;54.860
1460;27;37;61.168;62.270
1460;37;27;61.168;65.010
1461;27;38;72.177;67.890
1461;38;27;72.177;70.710
1462;27;39;25.770;19.230
1462;39;27;70.770;70.870
1463;28;29;104.499;72.450
1463;29;28;104.499;72.490
1464;28;30;50.126;70.390
1464;30;28;50.126;70.470
1465;28;31;62.927;59.260
1465;31;28;62.927;59.520
1466;28;31;65.142;73.750
1466;31;28;65.142;74.010
1467;28;31;58.617;56.760
1467;31;28;58.617;57.020
1468;28;32;63.193;54.750
1468;32;28;63.193;55.520
1469;28;32;61.597;57.220
1469;32;28;61.597;57.990
1470;28;32;61.410;59.530
1470;32;28;61.410;60.300
1471;28;33;119.072;51.640
1471;33;28;119.072;52.540
1472;28;33;114.216;69.350
1472;33;28;114.216;70.250
1473;28;34;55.257;68.720
1473;34;28;55.257;69.890
1474;28;34;54.803;58.970
1474;34;28;54.803;60.140
1475;28;34;57.582;54.030
1475;34;28;57.582;55.200
1476;28;35;85.393;67.680
1476;35;28;85.393;69.070
1477;28;35;85.904;72.630
1477;35;28;85.904;74.020
1478;28;35;92.596;69.530
1478;35;28;92.596;70.920
1479;28;36;84.653;65.460
1479;36;28;84.653;67.680
1480;28;36;93.345;70.550
1480;36;28;93.345;72.770
1481;28;36;86.382;54.350
1481;36;28;86.382;56.570
1482;28;37;71.949;68.060
1482;37;28;71.949;70.290
1483;28;38;83.597;49.700
1483;38;28;83.597;52.010
1484;28;38;92.979;60.200
1484;38;28;92.979;62.510
1485;28;39;19.290;19.590
1485;39;28;64.290;70.720
1486;28;39;16.031;6.690
1486;39;28;61.031;57.820
1487;29;30;101.410;60.210
1487;30;29;101.410;60.250
1488;29;30;106.583;74.890
1488;30;29;106.583;74.930
1489;29;31;122.149;52.340
1489;31;29;122.149;52.560
1490;29;32;122.629;57.820
1490;32;29;122.629;58.550
1491;29;32;120.895;61.140
1491;32;29;120.895;61.870
1492;29;33;121.384;51.630
1492;33;29;121.384;52.490
1493;29;34;107.912;70.100
1493;34;29;107.912;71.230
1494;29;34;112.625;55.060
1494;34;29;112.625;56.190
1495;29;35;138.557;63.650
1495;35;29;138.557;65.000
1496;29;35;158.009;59.750
1496;35;29;158.009;61.100
1497;29;35;122.490;65.730
1497;35;29;122.490;67.080
1498;29;36;128.699;49.720
1498;36;29;128.699;51.900
1499;29;36;135.451;49.980
1499;36;29;135.451;52.160
1500;29;37;124.455;67.360
1500;37;29;124.455;69.550
1501;29;37;136.811;71.730
1501;37;29;136.811;73.920
1502;29;37;142.203;50.720
1502;37;29;142.203;52.910
1503;29;38;110.697;64.730
1503;38;29;110.697;67.000
1504;29;39;76.973;1.410
1504;39;29;121.973;52.500
1505;30;31;67.127;61.430
1505;31;30;67.127;61.610
1506;30;32;66.460;61.580
1506;32;30;66.460;62.270
1507;30;33;121.741;68.380
1507;33;30;121.741;69.200
1508;30;34;53.338;66.190
1508;34;30;53.338;67.280
1509;30;34;51.746;63.210
1509;34;30;51.746;64.300
1510;30;35;85.470;62.650
1510;35;30;85.470;63.960
1511;30;36;82.580;59.550
1511;36;30;82.580;61.690
1512;30;36;87.727;72.890
1512;36;30;87.727;75.030
1513;30;36;89.316;73.880
1513;36;30;89.316;76.020
1514;30;37;77.075;71.170
1514;37;30;77.075;73.320
1515;30;37;81.254;55.850
1515;37;30;81.254;58.000
1516;30;37;80.267;61.340
1516;37;30;80.267;63.490
1517;30;38;87.199;66.840
1517;38;30;87.199;69.070
1518;30;39;20.827;6.950
1518;39;30;65.827;58.000
1519;30;39;24.821;14.830
1519;39;30;69.821;65.880
1520;30;39;22.424;11.640
1520;39;30;67.424;62.690
1521;31;32;50.327;69.220
1521;32;31;50.327;69.730
1522;31;32;50.484;60.090
1522;32;31;50.484;60.600
1523;31;32;50.215;63.960
1523;32;31;50.215;64.470
1524;31;33;124.100;64.930
1524;33;31;124.100;65.570
1525;31;33;139.422;61.170
1525;33;31;139.422;61.810
1526;31;33;124.557;57.720
1526;33;31;124.557;58.360
1527;31;34;65.129;74.440
1527;34;31;65.129;75.350
1528;31;34;65.123;74.160
1528;34;31;65.123;75.070
1529;31;34;62.029;67.360
1529;34;31;62.029;68.270
1530;31;35;77.990;57.790
1530;35;31;77.990;58.920
1531;31;35;70.467;58.730
1531;35;31;70.467;59.860
1532;31;36;84.932;65.180
1532;36;31;84.932;67.140
1533;31;36;85.570;71.560
1533;36;31;85.570;73.520
1534;31;37;62.176;56.090
1534;37;31;62.176;58.060
1535;31;37;59.214;53.560
1535;37;31;59.214;55.530
1536;31;37;60.302;56.490
1536;37;31;60.302;58.460
1537;31;38;86.824;66.410
1537;38;31;86.824;68.460
1538;31;38;87.274;59.440
1538;38;31;87.274;61.490
1539;31;38;80.437;64.150
1539;38;31;80.437;66.200
1540;31;39;12.868;20.940
1540;39;31;57.868;71.810
1541;31;39;10.915;18.470
1541;39;31;55.915;69.340
1542;31;39;14.810;10.290
1542;39;31;59.810;61.160
1543;32;33;128.829;50.490
1543;33;32;128.829;50.620
1544;32;33;142.625;65.450
1544;33;32;142.625;65.580
1545;32;33;144.150;71.290
1545;33;32;144.150;71.420
1546;32;34;62.517;52.260
1546;34;32;62.517;52.660
1547;32;34;60.929;60.610
1547;34;32;60.929;61.010
1548;32;35;72.922;51.880
1548;35;32;72.922;52.500
1549;32;35;68.954;71.380
1549;35;32;68.954;72.000
1550;32;35;74.320;69.340
1550;35;32;74.320;69.960
1551;32;36;79.669;72.730
1551;36;32;79.669;74.180
1552;32;37;67.490;52.930
1552;37;32;67.490;54.390
1553;32;37;68.835;49.620
1553;37;32;68.835;51.080
1554;32;37;69.984;59.360
1554;37;32;69.984;60.820
1555;32;38;91.577;56.180
1555;38;32;91.577;57.720
1556;32;39;7.648;15.930
1556;39;32;52.648;66.290
1557;33;34;129.272;57.750
1557;34;33;129.272;58.020
1558;33;35;156.595;64.960
1558;35;33;156.595;65.450
1559;33;35;148.906;59.380
1559;35;33;148.906;59.870
1560;33;36;158.702;72.150
1560;36;33;158.702;73.470
1561;33;36;177.793;61.120
1561;36;33;177.793;62.440
1562;33;36;144.419;53.920
1562;36;33;144.419;55.240
1563;33;37;110.351;54.530
1563;37;33;110.351;55.860
1564;33;37;116.459;65.790
1564;37;33;116.459;67.120
1565;33;38;82.277;69.620
1565;38;33;82.277;71.030
1566;33;38;78.653;73.780
1566;38;33;78.653;75.190
1567;33;39;89.706;11.040
1567;39;33;134.706;61.270
1568;34;35;77.318;63.520
1568;35;34;77.318;63.740
1569;34;35;73.678;50.460
1569;35;34;73.678;50.680
1570;34;36;74.559;69.450
1570;36;34;74.559;70.500
1571;34;37;78.948;73.190
1571;37;34;78.948;74.250
1572;34;37;78.469;49.370
1572;37;34;78.469;50.430
1573;34;37;78.566;53.670
1573;37;34;78.566;54.730
1574;34;38;93.810;56.320
1574;38;34;93.810;57.460
1575;34;38;86.984;70.440
1575;38;34;86.984;71.580
1576;34;38;89.465;57.690
1576;38;34;89.465;58.830
1577;34;39;14.300;15.190
1577;39;34;59.300;65.150
1578;34;39;14.610;14.350
1578;39;34;59.610;64.310
1579;34;39;16.384;18.300
1579;39;34;61.384;68.260
1580;35;36;62.006;50.570
1580;36;35;62.006;51.400
1581;35;36;65.823;52.050
1581;36;35;65.823;52.880
1582;35;36;64.471;59.770
1582;36;35;64.471;60.600
1583;35;37;94.404;53.620
1583;37;35;94.404;54.460
1584;35;38;119.411;49.780
1584;38;35;119.411;50.700
1585;35;38;101.973;68.060
1585;38;35;101.973;68.980
1586;35;39;22.042;4.520
1586;39;35;67.042;54.260
1587;35;39;17.208;1.100
1587;39;35;62.208;50.840
1588;35;39;19.701;21.110
1588;39;35;64.701;70.850
1589;36;37;102.084;58.130
1589;37;36;102.084;58.140
1590;36;38;122.606;64.250
1590;38;36;122.606;64.340
1591;36;38;140.107;73.020
1591;38;36;140.107;73.110
1592;36;38;104.595;60.720
1592;38;36;104.595;60.810
1593;36;39;27.064;17.320
1593;39;36;72.064;66.230
1594;36;39;27.216;5.080
1594;39;36;72.216;53.990
1595;37;38;73.986;70.720
1595;38;37;73.986;70.800
1596;37;38;68.731;54.100
1596;38;37;68.731;54.180
1597;37;38;74.776;58.760
1597;38;37;74.776;58.840
1598;37;39;30.026;2.120
1598;39;37;75.026;51.020
1599;37;39;37.000;15.940
1599;39;37;82.000;64.840
1600;37;39;22.782;19.910
1600;39;37;67.782;68.810
1601;38;39;52.651;1.090
1601;39;38;97.651;49.910
