40
360.0
0;0;1;94.491;100.050
0;1;0;49.491;0.050
1;0;1;104.687;107.430
1;1;0;59.687;7.430
2;0;2;53.647;109.670
2;2;0;8.647;24.060
3;0;2;53.232;108.170
3;2;0;8.232;22.560
4;0;2;53.469;97.030
4;2;0;8.469;11.420
5;0;3;81.549;89.800
5;3;0;36.549;4.580
6;0;3;90.300;108.640
6;3;0;45.300;23.420
7;0;4;73.285;93.210
7;4;0;28.285;16.530
8;0;5;76.387;77.840
8;5;0;31.387;4.870
9;0;6;64.222;79.470
9;6;0;19.222;7.480
10;0;6;63.795;86.210
10;6;0;18.795;14.220
11;0;7;74.690;82.900
11;7;0;29.690;12.030
12;0;7;71.109;93.700
12;7;0;26.109;22.830
13;0;8;116.350;73.750
13;8;0;71.350;5.020
14;0;8;122.527;77.890
14;8;0;77.527;9.160
15;0;8;99.198;80.110
15;8;0;54.198;11.380
16;0;9;72.562;84.430
16;9;0;27.562;19.340
17;0;9;65.774;83.430
17;9;0;20.774;18.340
18;0;10;62.194;79.740
18;10;0;17.194;15.120
19;0;10;58.122;78.920
19;10;0;13.122;14.300
20;0;11;75.107;86.120
20;11;0;30.107;21.640
21;0;11;72.457;81.140
21;11;0;27.457;16.660
22;0;12;77.509;71.870
22;12;0;32.509;8.580
23;0;12;80.324;63.970
23;12;0;35.324;0.680
24;0;12;83.185;66.790
24;12;0;38.185;3.500
25;0;13;66.172;83.650
25;13;0;21.172;20.890
26;0;13;62.023;79.160
26;13;0;17.023;16.400
27;0;13;64.360;76.470
27;13;0;19.360;13.710
28;0;14;90.309;65.270
28;14;0;45.309;2.530
29;0;14;90.384;64.950
29;14;0;45.384;2.210
30;0;14;94.943;87.490
30;14;0;49.943;24.750
31;0;15;94.508;74.020
31;15;0;49.508;11.640
32;0;16;54.829;79.610
32;16;0;9.829;18.250
33;0;16;56.103;85.440
33;16;0;11.103;24.080
34;0;17;78.232;83.230
34;17;0;33.232;22.080
35;0;17;73.308;70.150
35;17;0;28.308;9.000
36;0;18;71.736;79.570
36;18;0;26.736;20.880
37;0;18;70.278;76.430
37;18;0;25.278;17.740
38;0;19;99.909;83.090
38;19;0;54.909;24.680
39;0;19;92.511;76.420
39;19;0;47.511;18.010
40;0;20;103.284;65.720
40;20;0;58.284;7.880
41;0;20;110.227;71.450
41;20;0;65.227;13.610
42;0;21;69.972;69.520
42;21;0;24.972;13.930
43;0;21;72.516;58.820
43;21;0;27.516;3.230
44;0;22;76.884;66.510
44;22;0;31.884;12.480
45;0;23;65.827;60.250
45;23;0;20.827;6.260
46;0;23;65.929;76.080
46;23;0;20.929;22.090
47;0;23;66.937;73.170
47;23;0;21.937;19.180
48;0;24;68.796;78.210
48;24;0;23.796;24.610
49;0;25;71.416;59.560
49;25;0;26.416;6.300
50;0;25;77.398;57.130
50;25;0;32.398;3.870
51;0;26;71.770;55.010
51;26;0;26.770;2.790
52;0;27;53.671;70.820
52;27;0;8.671;18.750
53;0;27;52.334;75.960
53;27;0;7.334;23.890
54;0;27;53.181;73.080
54;27;0;8.181;21.010
55;0;28;67.688;71.430
55;28;0;22.688;19.470
56;0;28;66.223;59.360
56;28;0;21.223;7.400
57;0;28;71.070;61.040
57;28;0;26.070;9.080
58;0;29;63.520;75.730
58;29;0;18.520;23.960
59;0;29;65.962;64.820
59;29;0;20.962;13.050
60;0;29;67.764;52.200
60;29;0;22.764;0.430
61;0;30;80.994;51.740
61;30;0;35.994;0.860
62;0;30;87.779;67.100
62;30;0;42.779;16.220
63;0;30;72.594;56.750
63;30;0;27.594;5.870
64;0;31;63.196;70.650
64;31;0;18.196;20.690
65;0;32;64.290;64.590
65;32;0;19.290;14.720
66;0;32;69.049;58.550
66;32;0;24.049;8.680
67;0;32;66.249;73.920
67;32;0;21.249;24.050
68;0;33;141.367;58.520
68;33;0;96.367;9.220
69;0;33;122.289;68.320
69;33;0;77.289;19.020
70;0;33;138.246;66.840
70;33;0;93.246;17.540
71;0;34;52.648;51.640
71;34;0;7.648;3.330
72;0;34;54.239;61.830
72;34;0;9.239;13.520
73;0;34;53.353;61.510
73;34;0;8.353;13.200
74;0;35;51.651;63.840
74;35;0;6.651;16.110
75;0;36;80.108;54.430
75;36;0;35.108;6.760
76;0;36;83.840;66.010
76;36;0;38.840;18.340
77;0;36;75.340;61.120
77;36;0;30.340;13.450
78;0;37;97.651;54.390
78;37;0;52.651;7.080
79;0;37;109.437;55.470
79;37;0;64.437;8.160
80;0;38;69.350;58.930
80;38;0;24.350;12.150
81;0;38;67.016;58.340
81;38;0;22.016;11.560
82;0;38;65.431;64.600
82;38;0;20.431;17.820
83;0;39;0.000;0.700
83;39;0;0.000;0.700
84;0;39;0.000;11.080
84;39;0;0.000;11.080
85;1;2;87.276;93.690
85;2;1;87.276;108.080
86;1;3;66.570;96.740
86;3;1;66.570;111.520
87;1;4;117.069;76.980
87;4;1;117.069;100.300
88;1;4;100.775;79.450
88;4;1;100.775;102.770
89;1;4;123.795;85.400
89;4;1;123.795;108.720
90;1;5;114.299;78.170
90;5;1;114.299;105.200
91;1;5;131.042;95.010
91;5;1;131.042;122.040
92;1;6;113.662;72.240
92;6;1;113.662;100.250
93;1;6;98.059;79.590
93;6;1;98.059;107.600
94;1;7;68.587;95.240
94;7;1;68.587;124.370
95;1;7;64.452;72.850
95;7;1;64.452;101.980
96;1;8;79.185;75.110
96;8;1;79.185;106.380
97;1;8;79.363;92.680
97;8;1;79.363;123.950
98;1;8;86.581;70.960
98;8;1;86.581;102.230
99;1;9;69.109;78.220
99;9;1;69.109;113.130
100;1;9;68.280;82.010
100;9;1;68.280;116.920
101;1;9;73.087;78.360
101;9;1;73.087;113.270
102;1;10;80.845;80.210
102;10;1;80.845;115.590
103;1;10;78.708;73.610
103;10;1;78.708;108.990
104;1;10;84.678;75.780
104;10;1;84.678;111.160
105;1;11;65.984;82.250
105;11;1;65.984;117.770
106;1;11;69.774;89.070
106;11;1;69.774;124.590
107;1;12;74.022;64.600
107;12;1;74.022;101.310
108;1;12;71.571;65.040
108;12;1;71.571;101.750
109;1;12;76.978;82.640
109;12;1;76.978;119.350
110;1;13;80.589;65.370
110;13;1;80.589;102.610
111;1;13;77.214;83.520
111;13;1;77.214;120.760
112;1;13;84.727;84.390
112;13;1;84.727;121.630
113;1;14;80.955;84.190
113;14;1;80.955;121.450
114;1;15;81.911;65.320
114;15;1;81.911;102.940
115;1;15;82.711;83.230
115;15;1;82.711;120.850
116;1;15;85.231;77.760
116;15;1;85.231;115.380
117;1;16;84.694;74.380
117;16;1;84.694;113.020
118;1;17;65.896;65.760
118;17;1;65.896;104.610
119;1;18;74.997;83.530
119;18;1;74.997;124.840
120;1;18;67.627;79.090
120;18;1;67.627;120.400
121;1;19;75.486;80.750
121;19;1;75.486;122.340
122;1;19;79.525;58.960
122;19;1;79.525;100.550
123;1;19;82.531;71.300
123;19;1;82.531;112.890
124;1;20;66.975;62.400
124;20;1;66.975;104.560
125;1;20;64.864;81.530
125;20;1;64.864;123.690
126;1;21;76.517;75.870
126;21;1;76.517;120.280
127;1;21;68.785;57.710
127;21;1;68.785;102.120
128;1;22;77.378;56.860
128;22;1;77.378;102.830
129;1;22;70.767;77.090
129;22;1;70.767;123.060
130;1;23;73.902;74.580
130;23;1;73.902;120.590
131;1;23;75.422;63.170
131;23;1;75.422;109.180
132;1;24;110.336;68.960
132;24;1;110.336;115.360
133;1;24;105.146;58.660
133;24;1;105.146;105.060
134;1;25;72.608;65.980
134;25;1;72.608;112.720
135;1;25;77.621;53.700
135;25;1;77.621;100.440
136;1;25;73.343;60.850
136;25;1;73.343;107.590
137;1;26;71.892;64.630
137;26;1;71.892;112.410
138;1;27;90.133;61.930
138;27;1;90.133;109.860
139;1;27;87.146;57.400
139;27;1;87.146;105.330
140;1;28;86.520;58.050
140;28;1;86.520;106.090
141;1;28;91.909;57.370
141;28;1;91.909;105.410
142;1;28;82.102;71.890
142;28;1;82.102;119.930
143;1;29;78.457;60.340
143;29;1;78.457;108.570
144;1;29;73.349;67.500
144;29;1;73.349;115.730
145;1;30;63.132;62.670
145;30;1;63.132;111.790
146;1;30;63.199;62.030
146;30;1;63.199;111.150
147;1;30;66.823;59.420
147;30;1;66.823;108.540
148;1;31;78.322;56.560
148;31;1;78.322;106.600
149;1;31;71.320;61.730
149;31;1;71.320;111.770
150;1;32;75.463;59.280
150;32;1;75.463;109.410
151;1;33;100.850;56.740
151;33;1;100.850;107.440
152;1;33;95.359;58.870
152;33;1;95.359;109.570
153;1;33;95.197;51.700
153;33;1;95.197;102.400
154;1;34;93.438;65.760
154;34;1;93.438;117.450
155;1;35;88.091;58.360
155;35;1;88.091;110.630
156;1;36;59.867;56.610
156;36;1;59.867;108.940
157;1;36;56.616;48.530
157;36;1;56.616;100.860
158;1;37;82.436;51.460
158;37;1;82.436;104.150
159;1;37;85.663;59.910
159;37;1;85.663;112.600
160;1;37;88.187;65.870
160;37;1;88.187;118.560
161;1;38;107.636;51.290
161;38;1;107.636;104.510
162;1;38;105.528;66.800
162;38;1;105.528;120.020
163;1;38;119.274;60.320
163;38;1;119.274;113.540
164;1;39;49.491;5.770
164;39;1;94.491;105.770
165;1;39;59.590;16.440
165;39;1;104.590;116.440
166;2;3;77.233;86.800
166;3;2;77.233;87.190
167;2;3;75.946;87.750
167;3;2;75.946;88.140
168;2;3;74.785;90.740
168;3;2;74.785;91.130
169;2;4;81.692;88.890
169;4;2;81.692;97.820
170;2;5;83.904;80.800
170;5;2;83.904;93.440
171;2;6;72.272;95.460
171;6;2;72.272;109.080
172;2;6;75.435;84.220
172;6;2;75.435;97.840
173;2;7;70.001;79.550
173;7;2;70.001;94.290
174;2;7;73.047;75.140
174;7;2;73.047;89.880
175;2;8;111.918;74.130
175;8;2;111.918;91.010
176;2;8;116.579;78.710
176;8;2;116.579;95.590
177;2;9;67.457;72.750
177;9;2;67.457;93.270
178;2;10;53.547;71.610
178;10;2;53.547;92.600
179;2;10;52.285;70.140
179;10;2;52.285;91.130
180;2;10;55.233;74.670
180;10;2;55.233;95.660
181;2;11;69.444;88.650
181;11;2;69.444;109.780
182;2;11;69.752;80.050
182;11;2;69.752;101.180
183;2;11;64.523;78.230
183;11;2;64.523;99.360
184;2;12;68.885;66.660
184;12;2;68.885;88.980
185;2;12;73.938;68.640
185;12;2;73.938;90.960
186;2;12;66.604;83.040
186;12;2;66.604;105.360
187;2;13;57.678;76.870
187;13;2;57.678;99.720
188;2;13;59.978;65.570
188;13;2;59.978;88.420
189;2;13;58.678;79.800
189;13;2;58.678;102.650
190;2;14;81.967;79.350
190;14;2;81.967;102.220
191;2;14;88.868;72.810
191;14;2;88.868;95.680
192;2;14;88.705;69.550
192;14;2;88.705;92.420
193;2;15;92.906;74.420
193;15;2;92.906;97.650
194;2;15;81.108;80.070
194;15;2;81.108;103.300
195;2;15;89.090;72.550
195;15;2;89.090;95.780
196;2;16;50.626;73.530
196;16;2;50.626;97.780
197;2;16;51.865;81.860
197;16;2;51.865;106.110
198;2;17;73.348;74.870
198;17;2;73.348;99.330
199;2;17;78.037;74.430
199;17;2;78.037;98.890
200;2;17;69.504;84.490
200;17;2;69.504;108.950
201;2;18;68.890;66.510
201;18;2;68.890;93.430
202;2;18;69.750;75.700
202;18;2;69.750;102.620
203;2;18;72.012;73.920
203;18;2;72.012;100.840
204;2;19;96.710;62.840
204;19;2;96.710;90.040
205;2;19;86.899;60.600
205;19;2;86.899;87.800
206;2;19;97.751;61.150
206;19;2;97.751;88.350
207;2;20;98.422;61.670
207;20;2;98.422;89.440
208;2;20;105.443;72.950
208;20;2;105.443;100.720
209;2;21;67.456;78.730
209;21;2;67.456;108.750
210;2;21;69.038;60.830
210;21;2;69.038;90.850
211;2;21;62.289;75.070
211;21;2;62.289;105.090
212;2;22;68.397;66.770
212;22;2;68.397;98.350
213;2;22;71.077;55.560
213;22;2;71.077;87.140
214;2;22;72.855;67.760
214;22;2;72.855;99.340
215;2;23;59.887;56.450
215;23;2;59.887;88.070
216;2;23;57.933;56.010
216;23;2;57.933;87.630
217;2;23;59.894;70.730
217;23;2;59.894;102.350
218;2;24;76.730;64.910
218;24;2;76.730;96.920
219;2;24;72.970;63.420
219;24;2;72.970;95.430
220;2;25;67.563;75.030
220;25;2;67.563;107.380
221;2;25;68.607;72.110
221;25;2;68.607;104.460
222;2;26;67.698;60.800
222;26;2;67.698;94.190
223;2;27;48.720;74.700
223;27;2;48.720;108.240
224;2;28;60.381;59.980
224;28;2;60.381;93.630
225;2;29;54.975;62.970
225;29;2;54.975;96.810
226;2;29;56.153;59.390
226;29;2;56.153;93.230
227;2;29;54.753;60.090
227;29;2;54.753;93.930
228;2;30;75.763;52.210
228;30;2;75.763;86.940
229;2;30;71.006;71.350
229;30;2;71.006;106.080
230;2;30;76.691;51.350
230;30;2;76.691;86.080
231;2;31;54.733;61.610
231;31;2;54.733;97.260
232;2;31;54.952;50.020
232;31;2;54.952;85.670
233;2;32;56.840;65.140
233;32;2;56.840;100.880
234;2;33;132.759;50.340
234;33;2;132.759;86.650
235;2;33;135.963;69.780
235;33;2;135.963;106.090
236;2;34;51.574;66.740
236;34;2;51.574;104.040
237;2;34;50.899;52.460
237;34;2;50.899;89.760
238;2;35;51.171;67.960
238;35;2;51.171;105.840
239;2;35;52.388;66.330
239;35;2;52.388;104.210
240;2;35;49.835;64.670
240;35;2;49.835;102.550
241;2;36;72.548;61.790
241;36;2;72.548;99.730
242;2;36;77.172;54.950
242;36;2;77.172;92.890
243;2;37;89.241;64.810
243;37;2;89.241;103.110
244;2;38;76.617;60.350
244;38;2;76.617;99.180
245;2;38;74.598;66.770
245;38;2;74.598;105.600
246;2;38;72.768;58.940
246;38;2;72.768;97.770
247;2;39;8.647;0.520
247;39;2;53.647;86.130
248;2;39;7.813;15.760
248;39;2;52.813;101.370
249;3;4;98.504;77.780
249;4;3;98.504;86.320
250;3;4;93.767;96.950
250;4;3;93.767;105.490
251;3;5;94.291;89.780
251;5;3;94.291;102.030
252;3;5;93.151;85.800
252;5;3;93.151;98.050
253;3;5;99.152;97.520
253;5;3;99.152;109.770
254;3;6;99.245;96.660
254;6;3;99.245;109.890
255;3;6;98.856;87.660
255;6;3;98.856;100.890
256;3;6;86.548;94.790
256;6;3;86.548;108.020
257;3;7;52.264;86.970
257;7;3;52.264;101.320
258;3;7;51.420;73.300
258;7;3;51.420;87.650
259;3;7;53.288;92.820
259;7;3;53.288;107.170
260;3;8;79.854;74.120
260;8;3;79.854;90.610
261;3;9;54.975;74.870
261;9;3;54.975;95.000
262;3;9;53.458;68.350
262;9;3;53.458;88.480
263;3;9;54.823;76.140
263;9;3;54.823;96.270
264;3;10;74.973;65.890
264;10;3;74.973;86.490
265;3;10;71.624;73.240
265;10;3;71.624;93.840
266;3;11;54.238;79.600
266;11;3;54.238;100.340
267;3;12;78.419;71.760
267;12;3;78.419;93.690
268;3;12;85.730;81.910
268;12;3;85.730;103.840
269;3;12;76.404;80.630
269;12;3;76.404;102.560
270;3;13;77.631;73.650
270;13;3;77.631;96.110
271;3;13;74.191;81.660
271;13;3;74.191;104.120
272;3;13;84.054;81.150
272;13;3;84.054;103.610
273;3;14;91.181;78.260
273;14;3;91.181;100.740
274;3;14;98.385;72.870
274;14;3;98.385;95.350
275;3;15;64.858;78.870
275;15;3;64.858;101.710
276;3;15;63.242;75.940
276;15;3;63.242;98.780
277;3;16;72.463;80.870
277;16;3;72.463;104.730
278;3;16;65.771;68.480
278;16;3;65.771;92.340
279;3;16;76.119;84.400
279;16;3;76.119;108.260
280;3;17;49.411;75.220
280;17;3;49.411;99.290
281;3;17;49.584;76.580
281;17;3;49.584;100.650
282;3;18;55.686;76.840
282;18;3;55.686;103.370
283;3;19;64.964;66.460
283;19;3;64.964;93.270
284;3;20;66.784;71.580
284;20;3;66.784;98.960
285;3;20;66.707;64.260
285;20;3;66.707;91.640
286;3;20;71.735;65.740
286;20;3;71.735;93.120
287;3;21;57.572;69.840
287;21;3;57.572;99.470
288;3;21;58.686;64.180
288;21;3;58.686;93.810
289;3;21;58.568;70.600
289;21;3;58.568;100.230
290;3;22;81.182;70.920
290;22;3;81.182;102.110
291;3;22;72.446;78.790
291;22;3;72.446;109.980
292;3;22;83.364;79.030
292;22;3;83.364;110.220
293;3;23;62.667;74.690
293;23;3;62.667;105.920
294;3;24;91.542;61.560
294;24;3;91.542;93.180
295;3;25;55.142;63.220
295;25;3;55.142;95.180
296;3;25;56.389;57.750
296;25;3;56.389;89.710
297;3;26;54.785;65.710
297;26;3;54.785;98.710
298;3;26;52.777;63.180
298;26;3;52.777;96.180
299;3;26;55.642;54.370
299;26;3;55.642;87.370
300;3;27;80.886;53.290
300;27;3;80.886;86.440
301;3;27;87.685;58.890
301;27;3;87.685;92.040
302;3;27;85.909;69.800
302;27;3;85.909;102.950
303;3;28;84.488;68.380
303;28;3;84.488;101.640
304;3;28;84.649;54.010
304;28;3;84.649;87.270
305;3;28;83.977;54.770
305;28;3;83.977;88.030
306;3;29;72.657;57.540
306;29;3;72.657;90.990
307;3;29;71.023;60.640
307;29;3;71.023;94.090
308;3;29;79.444;64.120
308;29;3;79.444;97.570
309;3;30;49.410;53.130
309;30;3;49.410;87.470
310;3;31;72.071;71.870
310;31;3;72.071;107.130
311;3;32;67.291;72.960
311;32;3;67.291;108.310
312;3;33;122.350;66.710
312;33;3;122.350;102.630
313;3;33;120.315;71.320
313;33;3;120.315;107.240
314;3;34;83.752;69.550
314;34;3;83.752;106.460
315;3;34;90.404;63.720
315;34;3;90.404;100.630
316;3;35;74.991;70.550
316;35;3;74.991;108.040
317;3;35;75.841;51.550
317;35;3;75.841;89.040
318;3;35;79.556;64.190
318;35;3;79.556;101.680
319;3;36;62.743;65.820
319;36;3;62.743;103.370
320;3;37;95.588;63.500
320;37;3;95.588;101.410
321;3;38;88.215;59.800
321;38;3;88.215;98.240
322;3;38;88.061;50.420
322;38;3;88.061;88.860
323;3;38;82.431;64.100
323;38;3;82.431;102.540
324;3;39;36.549;17.670
324;39;3;81.549;102.890
325;3;39;40.895;0.410
325;39;3;85.895;85.630
326;4;5;54.760;77.610
326;5;4;54.760;81.320
327;4;6;63.721;87.270
327;6;4;63.721;91.960
328;4;6;63.837;95.710
328;6;4;63.837;100.400
329;4;7;93.832;90.750
329;7;4;93.832;96.560
330;4;7;85.996;89.810
330;7;4;85.996;95.620
331;4;7;96.045;84.710
331;7;4;96.045;90.520
332;4;8;129.661;72.960
332;8;4;129.661;80.910
333;4;8;137.073;80.330
333;8;4;137.073;88.280
334;4;9;92.972;74.810
334;9;4;92.972;86.400
335;4;9;96.775;75.890
335;9;4;96.775;87.480
336;4;10;90.108;69.160
336;10;4;90.108;81.220
337;4;10;85.955;68.150
337;10;4;85.955;80.210
338;4;10;96.104;77.130
338;10;4;96.104;89.190
339;4;11;96.088;77.450
339;11;4;96.088;89.650
340;4;11;105.379;68.760
340;11;4;105.379;80.960
341;4;11;97.207;66.940
341;11;4;97.207;79.140
342;4;12;105.469;78.690
342;12;4;105.469;92.080
343;4;12;108.607;81.630
343;12;4;108.607;95.020
344;4;13;94.364;79.070
344;13;4;94.364;92.990
345;4;13;102.532;85.950
345;13;4;102.532;99.870
346;4;13;106.485;69.390
346;13;4;106.485;83.310
347;4;14;118.587;78.410
347;14;4;118.587;92.350
348;4;14;124.340;78.440
348;14;4;124.340;92.380
349;4;15;102.108;63.870
349;15;4;102.108;78.170
350;4;16;80.398;72.990
350;16;4;80.398;88.310
351;4;16;88.173;74.570
351;16;4;88.173;89.890
352;4;16;83.606;76.500
352;16;4;83.606;91.820
353;4;17;97.055;84.970
353;17;4;97.055;100.500
354;4;18;88.017;63.420
354;18;4;88.017;81.410
355;4;19;111.208;80.050
355;19;4;111.208;98.320
356;4;19;97.907;81.240
356;19;4;97.907;99.510
357;4;20;118.841;65.840
357;20;4;118.841;84.680
358;4;20;123.162;79.670
358;20;4;123.162;98.510
359;4;20;133.041;69.970
359;20;4;133.041;88.810
360;4;21;86.229;79.530
360;21;4;86.229;100.620
361;4;21;96.174;60.930
361;21;4;96.174;82.020
362;4;22;105.087;68.470
362;22;4;105.087;91.120
363;4;22;98.265;72.140
363;22;4;98.265;94.790
364;4;23;89.149;70.040
364;23;4;89.149;92.730
365;4;24;51.988;64.680
365;24;4;51.988;87.760
366;4;24;51.633;73.820
366;24;4;51.633;96.900
367;4;24;50.484;73.570
367;24;4;50.484;96.650
368;4;25;89.765;63.580
368;25;4;89.765;87.000
369;4;26;90.434;54.010
369;26;4;90.434;78.470
370;4;26;95.448;65.760
370;26;4;95.448;90.220
371;4;27;81.867;61.320
371;27;4;81.867;85.930
372;4;28;95.763;65.710
372;28;4;95.763;90.430
373;4;28;93.435;71.130
373;28;4;93.435;95.850
374;4;28;101.455;57.220
374;28;4;101.455;81.940
375;4;29;90.992;71.680
375;29;4;90.992;96.590
376;4;29;98.681;56.100
376;29;4;98.681;81.010
377;4;30;100.097;52.310
377;30;4;100.097;78.110
378;4;30;99.432;64.140
378;30;4;99.432;89.940
379;4;30;96.198;74.020
379;30;4;96.198;99.820
380;4;31;90.512;53.430
380;31;4;90.512;80.150
381;4;31;98.280;70.900
381;31;4;98.280;97.620
382;4;31;83.943;50.070
382;31;4;83.943;76.790
383;4;32;89.999;50.850
383;32;4;89.999;77.660
384;4;32;98.003;74.330
384;32;4;98.003;101.140
385;4;33;168.244;64.470
385;33;4;168.244;91.850
386;4;34;80.025;48.880
386;34;4;80.025;77.250
387;4;35;77.067;69.850
387;35;4;77.067;98.800
388;4;36;104.458;47.680
388;36;4;104.458;76.690
389;4;37;125.908;54.120
389;37;4;125.908;83.490
390;4;37;109.213;63.130
390;37;4;109.213;92.500
391;4;37;122.767;56.050
391;37;4;122.767;85.420
392;4;38;55.992;48.020
392;38;4;55.992;77.920
393;4;39;28.285;20.080
393;39;4;73.285;96.760
394;4;39;32.686;11.120
394;39;4;77.686;87.800
395;4;39;25.854;1.310
395;39;4;70.854;77.990
396;5;6;72.076;83.810
396;6;5;72.076;84.790
397;5;6;75.973;83.130
397;6;5;75.973;84.110
398;5;7;90.714;85.730
398;7;5;90.714;87.830
399;5;7;98.942;73.410
399;7;5;98.942;75.510
400;5;8;123.233;71.840
400;8;5;123.233;76.080
401;5;9;90.399;85.570
401;9;5;90.399;93.450
402;5;9;83.357;82.820
402;9;5;83.357;90.700
403;5;10;91.758;66.220
403;10;5;91.758;74.570
404;5;10;88.174;67.370
404;10;5;88.174;75.720
405;5;11;93.521;83.680
405;11;5;93.521;92.170
406;5;11;82.498;86.610
406;11;5;82.498;95.100
407;5;12;106.754;79.260
407;12;5;106.754;88.940
408;5;13;96.362;84.100
408;13;5;96.362;94.310
409;5;13;91.270;66.590
409;13;5;91.270;76.800
410;5;14;120.617;84.490
410;14;5;120.617;94.720
411;5;14;130.959;78.390
411;14;5;130.959;88.620
412;5;15;94.934;81.060
412;15;5;94.934;91.650
413;5;15;95.752;64.830
413;15;5;95.752;75.420
414;5;15;104.823;66.850
414;15;5;104.823;77.440
415;5;16;81.232;68.360
415;16;5;81.232;79.970
416;5;16;81.337;72.700
416;16;5;81.337;84.310
417;5;16;76.934;73.680
417;16;5;76.934;85.290
418;5;17;93.597;72.830
418;17;5;93.597;84.650
419;5;18;84.399;80.040
419;18;5;84.399;94.320
420;5;18;76.923;78.450
420;18;5;76.923;92.730
421;5;18;89.096;72.670
421;18;5;89.096;86.950
422;5;19;104.672;64.760
422;19;5;104.672;79.320
423;5;20;113.337;61.050
423;20;5;113.337;76.180
424;5;20;127.457;79.940
424;20;5;127.457;95.070
425;5;20;121.504;60.530
425;20;5;121.504;75.660
426;5;21;82.798;76.520
426;21;5;82.798;93.900
427;5;21;81.288;75.710
427;21;5;81.288;93.090
428;5;22;106.902;71.040
428;22;5;106.902;89.980
429;5;22;117.458;74.360
429;22;5;117.458;93.300
430;5;23;88.076;56.290
430;23;5;88.076;75.270
431;5;23;87.613;54.320
431;23;5;87.613;73.300
432;5;23;96.578;70.630
432;23;5;96.578;89.610
433;5;24;53.115;75.880
433;24;5;53.115;95.250
434;5;24;51.600;71.510
434;24;5;51.600;90.880
435;5;24;51.651;55.110
435;24;5;51.651;74.480
436;5;25;86.697;64.840
436;25;5;86.697;84.550
437;5;26;87.419;53.500
437;26;5;87.419;74.250
438;5;26;84.155;55.000
438;26;5;84.155;75.750
439;5;26;87.426;74.410
439;26;5;87.426;95.160
440;5;27;84.983;55.100
440;27;5;84.983;76.000
441;5;27;80.769;68.260
441;27;5;80.769;89.160
442;5;28;98.965;69.870
442;28;5;98.965;90.880
443;5;29;92.138;59.550
443;29;5;92.138;80.750
444;5;29;96.584;59.400
444;29;5;96.584;80.600
445;5;30;96.562;57.180
445;30;5;96.562;79.270
446;5;30;91.192;53.280
446;30;5;91.192;75.370
447;5;31;91.546;53.330
447;31;5;91.546;76.340
448;5;31;99.893;74.470
448;31;5;99.893;97.480
449;5;31;101.386;56.830
449;31;5;101.386;79.840
450;5;32;90.011;71.910
450;32;5;90.011;95.010
451;5;32;81.742;57.260
451;32;5;81.742;80.360
452;5;33;167.504;68.840
452;33;5;167.504;92.510
453;5;33;146.868;52.280
453;33;5;146.868;75.950
454;5;33;185.330;62.220
454;33;5;185.330;85.890
455;5;34;83.857;50.050
455;34;5;83.857;74.710
456;5;34;90.645;55.600
456;34;5;90.645;80.260
457;5;35;78.346;54.130
457;35;5;78.346;79.370
458;5;36;102.987;66.680
458;36;5;102.987;91.980
459;5;36;113.644;47.830
459;36;5;113.644;73.130
460;5;37;127.719;72.190
460;37;5;127.719;97.850
461;5;37;147.562;57.450
461;37;5;147.562;83.110
462;5;38;52.390;71.490
462;38;5;52.390;97.680
463;5;39;31.387;2.190
463;39;5;76.387;75.160
464;5;39;28.372;5.430
464;39;5;73.372;78.400
465;6;7;92.882;84.380
465;7;6;92.882;85.500
466;6;8;133.461;74.660
466;8;6;133.461;77.920
467;6;9;91.063;66.940
467;9;6;91.063;73.840
468;6;10;80.483;66.930
468;10;6;80.483;74.300
469;6;11;93.824;76.260
469;11;6;93.824;83.770
470;6;11;91.067;84.220
470;11;6;91.067;91.730
471;6;12;95.168;64.520
471;12;6;95.168;73.220
472;6;12;93.414;71.530
472;12;6;93.414;80.230
473;6;13;83.631;87.710
473;13;6;83.631;96.940
474;6;14;106.384;85.040
474;14;6;106.384;94.290
475;6;15;108.856;70.980
475;15;6;108.856;80.590
476;6;15;98.926;65.990
476;15;6;98.926;75.600
477;6;16;73.971;67.250
477;16;6;73.971;77.880
478;6;16;69.278;66.230
478;16;6;69.278;76.860
479;6;16;79.535;62.870
479;16;6;79.535;73.500
480;6;17;96.433;79.780
480;17;6;96.433;90.620
481;6;18;88.764;73.990
481;18;6;88.764;87.290
482;6;18;94.859;69.450
482;18;6;94.859;82.750
483;6;19;115.996;60.110
483;19;6;115.996;73.690
484;6;19;122.206;69.540
484;19;6;122.206;83.120
485;6;20;120.973;75.890
485;20;6;120.973;90.040
486;6;21;86.877;61.110
486;21;6;86.877;77.510
487;6;22;93.874;60.370
487;22;6;93.874;78.330
488;6;22;95.909;66.230
488;22;6;95.909;84.190
489;6;22;101.758;64.900
489;22;6;101.758;82.860
490;6;23;84.848;54.520
490;23;6;84.848;72.520
491;6;23;79.988;72.520
491;23;6;79.988;90.520
492;6;23;91.182;61.870
492;23;6;91.182;79.870
493;6;24;64.619;68.880
493;24;6;64.619;87.270
494;6;24;61.312;55.220
494;24;6;61.312;73.610
495;6;24;59.852;60.540
495;24;6;59.852;78.930
496;6;25;89.213;63.580
496;25;6;89.213;82.310
497;6;26;89.693;73.360
497;26;6;89.693;93.130
498;6;27;70.626;73.310
498;27;6;70.626;93.230
499;6;28;82.763;70.830
499;28;6;82.763;90.860
500;6;28;88.092;58.090
500;28;6;88.092;78.120
501;6;29;82.210;66.510
501;29;6;82.210;86.730
502;6;29;91.255;73.530
502;29;6;91.255;93.750
503;6;30;99.347;55.210
503;30;6;99.347;76.320
504;6;30;95.229;56.660
504;30;6;95.229;77.770
505;6;31;82.002;71.960
505;31;6;82.002;93.990
506;6;31;89.078;68.970
506;31;6;89.078;91.000
507;6;31;86.023;61.450
507;31;6;86.023;83.480
508;6;32;83.502;60.770
508;32;6;83.502;82.890
509;6;33;159.568;56.170
509;33;6;159.568;78.860
510;6;34;67.692;51.780
510;34;6;67.692;75.460
511;6;34;72.487;69.420
511;34;6;72.487;93.100
512;6;35;70.585;48.030
512;35;6;70.585;72.290
513;6;36;99.329;52.080
513;36;6;99.329;76.400
514;6;37;113.826;55.620
514;37;6;113.826;80.300
515;6;37;97.468;63.670
515;37;6;97.468;88.350
516;6;38;68.396;69.530
516;38;6;68.396;94.740
517;6;38;73.728;55.590
517;38;6;73.728;80.800
518;6;39;19.222;8.650
518;39;6;64.222;80.640
519;6;39;20.961;17.970
519;39;6;65.961;89.960
520;7;8;86.967;81.020
520;8;7;86.967;83.160
521;7;8;87.101;85.350
521;8;7;87.101;87.490
522;7;8;80.619;79.860
522;8;7;80.619;82.000
523;7;9;47.805;79.440
523;9;7;47.805;85.220
524;7;10;67.870;73.900
524;10;7;67.870;80.150
525;7;10;70.839;69.060
525;10;7;70.839;75.310
526;7;10;62.679;80.250
526;10;7;62.679;86.500
527;7;11;48.827;80.210
527;11;7;48.827;86.600
528;7;11;49.216;82.330
528;11;7;49.216;88.720
529;7;12;73.044;80.840
529;12;7;73.044;88.420
530;7;12;77.755;73.390
530;12;7;77.755;80.970
531;7;12;66.120;70.080
531;12;7;66.120;77.660
532;7;13;70.811;74.240
532;13;7;70.811;82.350
533;7;13;67.298;69.420
533;13;7;67.298;77.530
534;7;14;86.666;80.080
534;14;7;86.666;88.210
535;7;14;95.095;62.850
535;14;7;95.095;70.980
536;7;15;70.655;83.540
536;15;7;70.655;92.030
537;7;15;74.728;76.540
537;15;7;74.728;85.030
538;7;16;65.363;81.630
538;16;7;65.363;91.140
539;7;16;64.728;67.300
539;16;7;64.728;76.810
540;7;17;48.558;76.560
540;17;7;48.558;86.280
541;7;18;51.556;76.500
541;18;7;51.556;88.680
542;7;19;72.123;78.040
542;19;7;72.123;90.500
543;7;19;66.767;67.940
543;19;7;66.767;80.400
544;7;19;76.721;73.110
544;19;7;76.721;85.570
545;7;20;73.646;79.450
545;20;7;73.646;92.480
546;7;21;52.941;57.930
546;21;7;52.941;73.210
547;7;22;75.495;64.690
547;22;7;75.495;81.530
548;7;22;71.899;66.340
548;22;7;71.899;83.180
549;7;23;55.416;69.350
549;23;7;55.416;86.230
550;7;23;57.340;65.930
550;23;7;57.340;82.810
551;7;23;56.756;78.610
551;23;7;56.756;95.490
552;7;24;86.989;57.930
552;24;7;86.989;75.200
553;7;25;49.071;68.050
553;25;7;49.071;85.660
554;7;26;48.402;67.770
554;26;7;48.402;86.420
555;7;26;48.732;76.990
555;26;7;48.732;95.640
556;7;26;48.619;52.950
556;26;7;48.619;71.600
557;7;27;73.640;62.000
557;27;7;73.640;80.800
558;7;28;77.620;58.720
558;28;7;77.620;77.630
559;7;28;73.261;56.840
559;28;7;73.261;75.750
560;7;28;79.217;67.460
560;28;7;79.217;86.370
561;7;29;65.620;52.770
561;29;7;65.620;71.870
562;7;29;60.863;70.300
562;29;7;60.863;89.400
563;7;30;51.496;73.670
563;30;7;51.496;93.660
564;7;30;51.908;63.470
564;30;7;51.908;83.460
565;7;30;50.312;75.590
565;30;7;50.312;95.580
566;7;31;65.000;59.850
566;31;7;65.000;80.760
567;7;31;66.239;61.440
567;31;7;66.239;82.350
568;7;31;62.357;74.950
568;31;7;62.357;95.860
569;7;32;60.161;66.700
569;32;7;60.161;87.700
570;7;33;123.082;60.210
570;33;7;123.082;81.780
571;7;33;137.017;70.690
571;33;7;137.017;92.260
572;7;33;140.380;67.360
572;33;7;140.380;88.930
573;7;34;76.539;49.920
573;34;7;76.539;72.480
574;7;34;71.481;55.720
574;34;7;71.481;78.280
575;7;34;83.475;62.890
575;34;7;83.475;85.450
576;7;35;68.066;64.740
576;35;7;68.066;87.880
577;7;35;69.899;62.140
577;35;7;69.899;85.280
578;7;36;59.692;60.640
578;36;7;59.692;83.840
579;7;37;91.809;65.050
579;37;7;91.809;88.610
580;7;38;84.112;53.410
580;38;7;84.112;77.500
581;7;38;80.139;67.670
581;38;7;80.139;91.760
582;7;38;75.114;51.800
582;38;7;75.114;75.890
583;7;39;29.690;1.210
583;39;7;74.690;72.080
584;7;39;27.253;2.490
584;39;7;72.253;73.360
585;8;9;89.461;76.210
585;9;8;89.461;79.850
586;8;9;80.294;84.210
586;9;8;80.294;87.850
587;8;10;108.490;83.320
587;10;8;108.490;87.430
588;8;10;94.600;65.140
588;10;8;94.600;69.250
589;8;11;87.679;74.350
589;11;8;87.679;78.600
590;8;11;80.570;81.710
590;11;8;80.570;85.960
591;8;12;106.687;72.920
591;12;8;106.687;78.360
592;8;12;120.607;80.330
592;12;8;120.607;85.770
593;8;13;110.084;63.230
593;13;8;110.084;69.200
594;8;14;115.123;71.330
594;14;8;115.123;77.320
595;8;15;73.838;80.890
595;15;8;73.838;87.240
596;8;16;107.303;67.730
596;16;8;107.303;75.100
597;8;17;83.570;61.770
597;17;8;83.570;69.350
598;8;17;91.022;79.130
598;17;8;91.022;86.710
599;8;18;89.819;70.060
599;18;8;89.819;80.100
600;8;19;63.562;71.890
600;19;8;63.562;82.210
601;8;19;68.092;76.030
601;19;8;68.092;86.350
602;8;20;58.798;71.630
602;20;8;58.798;82.520
603;8;21;91.677;61.550
603;21;8;91.677;74.690
604;8;22;109.996;63.960
604;22;8;109.996;78.660
605;8;22;107.734;56.170
605;22;8;107.734;70.870
606;8;22;110.984;56.920
606;22;8;110.984;71.620
607;8;23;97.091;71.440
607;23;8;97.091;86.180
608;8;24;122.761;56.570
608;24;8;122.761;71.700
609;8;25;89.946;59.270
609;25;8;89.946;74.740
610;8;25;98.865;72.060
610;25;8;98.865;87.530
611;8;25;88.050;65.960
611;25;8;88.050;81.430
612;8;26;89.630;66.680
612;26;8;89.630;83.190
613;8;27;115.506;73.010
613;27;8;115.506;89.670
614;8;27;133.046;54.320
614;27;8;133.046;70.980
615;8;28;116.810;69.240
615;28;8;116.810;86.010
616;8;28;130.245;73.490
616;28;8;130.245;90.260
617;8;28;128.848;57.800
617;28;8;128.848;74.570
618;8;29;106.024;60.790
618;29;8;106.024;77.750
619;8;29;120.627;59.630
619;29;8;120.627;76.590
620;8;29;115.441;65.430
620;29;8;115.441;82.390
621;8;30;81.251;61.240
621;30;8;81.251;79.090
622;8;31;105.572;64.730
622;31;8;105.572;83.500
623;8;32;101.153;72.980
623;32;8;101.153;91.840
624;8;32;92.328;72.380
624;32;8;92.328;91.240
625;8;33;120.592;52.670
625;33;8;120.592;72.100
626;8;33;104.062;73.680
626;33;8;104.062;93.110
627;8;34;118.478;66.540
627;34;8;118.478;86.960
628;8;35;109.830;50.300
628;35;8;109.830;71.300
629;8;36;89.909;58.780
629;36;8;89.909;79.840
630;8;36;79.092;67.140
630;36;8;79.092;88.200
631;8;36;87.530;68.430
631;36;8;87.530;89.490
632;8;37;116.407;55.110
632;37;8;116.407;76.530
633;8;37;130.511;60.430
633;37;8;130.511;81.850
634;8;37;102.039;67.010
634;37;8;102.039;88.430
635;8;38;118.718;55.960
635;38;8;118.718;77.910
636;8;38;135.407;47.980
636;38;8;135.407;69.930
637;8;39;71.350;13.460
637;39;8;116.350;82.190
638;9;10;65.072;80.790
638;10;9;65.072;81.260
639;9;10;65.675;89.590
639;10;9;65.675;90.060
640;9;10;68.822;86.600
640;10;9;68.822;87.070
641;9;11;48.134;88.780
641;11;9;48.134;89.390
642;9;11;47.459;64.800
642;11;9;47.459;65.410
643;9;11;47.832;81.190
643;11;9;47.832;81.800
644;9;12;70.644;76.410
644;12;9;70.644;78.210
645;9;12;67.806;76.500
645;12;9;67.806;78.300
646;9;13;68.020;77.640
646;13;9;68.020;79.970
647;9;13;73.148;65.790
647;13;9;73.148;68.120
648;9;14;84.493;84.120
648;14;9;84.493;86.470
649;9;14;87.569;68.200
649;14;9;87.569;70.550
650;9;15;73.380;73.500
650;15;9;73.380;76.210
651;9;15;75.861;78.690
651;15;9;75.861;81.400
652;9;15;78.358;84.140
652;15;9;78.358;86.850
653;9;16;63.034;83.560
653;16;9;63.034;87.290
654;9;16;66.852;79.530
654;16;9;66.852;83.260
655;9;16;65.952;79.480
655;16;9;65.952;83.210
656;9;17;50.893;65.700
656;17;9;50.893;69.640
657;9;18;52.406;70.160
657;18;9;52.406;76.560
658;9;18;51.700;61.500
658;18;9;51.700;67.900
659;9;19;74.895;64.080
659;19;9;74.895;70.760
660;9;19;70.056;58.480
660;19;9;70.056;65.160
661;9;20;76.010;67.800
661;20;9;76.010;75.050
662;9;21;53.231;66.030
662;21;9;53.231;75.530
663;9;22;72.982;70.310
663;22;9;72.982;81.370
664;9;22;69.204;66.050
664;22;9;69.204;77.110
665;9;23;52.708;78.660
665;23;9;52.708;89.760
666;9;24;86.226;67.210
666;24;9;86.226;78.700
667;9;24;83.482;55.710
667;24;9;83.482;67.200
668;9;24;94.459;60.370
668;24;9;94.459;71.860
669;9;25;49.209;54.800
669;25;9;49.209;66.630
670;9;25;49.721;68.670
670;25;9;49.721;80.500
671;9;25;48.367;57.030
671;25;9;48.367;68.860
672;9;26;48.504;56.560
672;26;9;48.504;69.430
673;9;27;71.057;73.960
673;27;9;71.057;86.980
674;9;28;74.821;59.440
674;28;9;74.821;72.570
675;9;28;79.171;53.750
675;28;9;79.171;66.880
676;9;28;67.366;71.810
676;28;9;67.366;84.940
677;9;29;62.815;75.020
677;29;9;62.815;88.340
678;9;29;64.032;65.950
678;29;9;64.032;79.270
679;9;29;62.331;75.360
679;29;9;62.331;88.680
680;9;30;53.447;58.970
680;30;9;53.447;73.180
681;9;30;54.526;69.370
681;30;9;54.526;83.580
682;9;31;62.198;59.350
682;31;9;62.198;74.480
683;9;32;57.365;67.430
683;32;9;57.365;82.650
684;9;33;122.694;55.790
684;33;9;122.694;71.580
685;9;34;74.019;58.160
685;34;9;74.019;74.940
686;9;34;79.418;58.930
686;34;9;79.418;75.710
687;9;34;79.402;51.940
687;34;9;79.402;68.720
688;9;35;65.912;68.630
688;35;9;65.912;85.990
689;9;36;58.514;60.060
689;36;9;58.514;77.480
690;9;36;61.175;67.220
690;36;9;61.175;84.640
691;9;37;89.869;54.940
691;37;9;89.869;72.720
692;9;38;83.592;54.650
692;38;9;83.592;72.960
693;9;38;88.354;57.240
693;38;9;88.354;75.550
694;9;38;85.002;65.130
694;38;9;85.002;83.440
695;9;39;27.562;8.910
695;39;9;72.562;74.000
696;9;39;31.739;19.540
696;39;9;76.739;84.630
697;10;11;66.053;73.420
697;11;10;66.053;73.560
698;10;11;69.458;84.750
698;11;10;69.458;84.890
699;10;12;60.372;65.890
699;12;10;60.372;67.220
700;10;12;56.846;86.830
700;12;10;56.846;88.160
701;10;13;49.784;85.210
701;13;10;49.784;87.070
702;10;13;50.271;73.060
702;13;10;50.271;74.920
703;10;14;73.859;81.830
703;14;10;73.859;83.710
704;10;15;92.930;66.810
704;15;10;92.930;69.050
705;10;16;55.748;80.430
705;16;10;55.748;83.690
706;10;16;55.808;83.840
706;16;10;55.808;87.100
707;10;16;56.705;62.020
707;16;10;56.705;65.280
708;10;17;70.659;72.140
708;17;10;70.659;75.610
709;10;17;73.073;79.090
709;17;10;73.073;82.560
710;10;18;69.083;72.930
710;18;10;69.083;78.860
711;10;19;94.936;70.580
711;19;10;94.936;76.790
712;10;19;87.208;61.300
712;19;10;87.208;67.510
713;10;20;94.732;76.940
713;20;10;94.732;83.720
714;10;21;68.190;60.490
714;21;10;68.190;69.520
715;10;22;60.151;75.610
715;22;10;60.151;86.200
716;10;22;61.795;74.230
716;22;10;61.795;84.820
717;10;23;57.704;61.600
717;23;10;57.704;72.230
718;10;23;55.429;58.700
718;23;10;55.429;69.330
719;10;24;84.892;69.870
719;24;10;84.892;80.890
720;10;24;82.323;59.240
720;24;10;82.323;70.260
721;10;24;76.776;73.760
721;24;10;76.776;84.780
722;10;25;66.767;56.040
722;25;10;66.767;67.400
723;10;25;65.971;57.840
723;25;10;65.971;69.200
724;10;25;69.627;64.650
724;25;10;69.627;76.010
725;10;26;66.618;67.090
725;26;10;66.618;79.490
726;10;27;54.971;62.320
726;27;10;54.971;74.870
727;10;28;55.323;61.900
727;28;10;55.323;74.560
728;10;28;55.004;65.970
728;28;10;55.004;78.630
729;10;29;47.493;74.210
729;29;10;47.493;87.060
730;10;29;47.451;67.980
730;29;10;47.451;80.830
731;10;30;72.449;69.560
731;30;10;72.449;83.300
732;10;31;47.930;69.680
732;31;10;47.930;84.340
733;10;32;52.711;55.630
733;32;10;52.711;70.380
734;10;33;124.270;63.060
734;33;10;124.270;78.380
735;10;34;58.189;62.100
735;34;10;58.189;78.410
736;10;34;57.638;52.790
736;34;10;57.638;69.100
737;10;35;58.413;64.660
737;35;10;58.413;81.550
738;10;36;65.993;64.780
738;36;10;65.993;81.730
739;10;36;62.240;72.630
739;36;10;62.240;89.580
740;10;36;62.261;68.330
740;36;10;62.261;85.280
741;10;37;81.006;69.510
741;37;10;81.006;86.820
742;10;38;84.390;59.790
742;38;10;84.390;77.630
743;10;38;74.961;50.740
743;38;10;74.961;68.580
744;10;38;81.454;68.300
744;38;10;81.454;86.140
745;10;39;17.194;23.400
745;39;10;62.194;88.020
746;11;12;69.601;69.330
746;12;11;69.601;70.520
747;11;13;68.447;67.950
747;13;11;68.447;69.670
748;11;14;82.998;83.080
748;14;11;82.998;84.820
749;11;14;89.054;77.390
749;14;11;89.054;79.130
750;11;15;73.717;87.330
750;15;11;73.717;89.430
751;11;16;65.413;66.280
751;16;11;65.413;69.400
752;11;17;49.830;79.360
752;17;11;49.830;82.690
753;11;17;48.749;64.110
753;17;11;48.749;67.440
754;11;18;55.054;60.010
754;18;11;55.054;65.800
755;11;18;57.227;61.250
755;18;11;57.227;67.040
756;11;18;55.341;71.210
756;18;11;55.341;77.000
757;11;19;74.071;62.340
757;19;11;74.071;68.410
758;11;19;78.115;60.950
758;19;11;78.115;67.020
759;11;20;74.047;69.340
759;20;11;74.047;75.980
760;11;20;78.757;79.730
760;20;11;78.757;86.370
761;11;20;74.097;67.730
761;20;11;74.097;74.370
762;11;21;56.138;70.040
762;21;11;56.138;78.930
763;11;21;58.226;70.990
763;21;11;58.226;79.880
764;11;22;72.199;73.230
764;22;11;72.199;83.680
765;11;22;70.238;64.240
765;22;11;70.238;74.690
766;11;22;71.403;76.500
766;22;11;71.403;86.950
767;11;23;54.569;69.120
767;23;11;54.569;79.610
768;11;24;89.354;69.350
768;24;11;89.354;80.230
769;11;24;90.310;63.190
769;24;11;90.310;74.070
770;11;25;52.058;66.340
770;25;11;52.058;77.560
771;11;26;51.317;63.000
771;26;11;51.317;75.260
772;11;27;72.936;66.020
772;27;11;72.936;78.430
773;11;27;68.396;60.120
773;27;11;68.396;72.530
774;11;27;71.965;72.930
774;27;11;71.965;85.340
775;11;28;75.314;62.000
775;28;11;75.314;74.520
776;11;28;79.828;72.970
776;28;11;79.828;85.490
777;11;29;63.660;70.910
777;29;11;63.660;83.620
778;11;29;60.587;65.270
778;29;11;60.587;77.980
779;11;29;63.968;69.460
779;29;11;63.968;82.170
780;11;30;51.439;57.930
780;30;11;51.439;71.530
781;11;30;51.474;51.540
781;30;11;51.474;65.140
782;11;30;52.565;62.340
782;30;11;52.565;75.940
783;11;31;63.125;62.450
783;31;11;63.125;76.970
784;11;32;58.515;66.060
784;32;11;58.515;80.670
785;11;33;119.701;51.180
785;33;11;119.701;66.360
786;11;33;132.705;50.920
786;33;11;132.705;66.100
787;11;34;76.014;72.380
787;34;11;76.014;88.550
788;11;34;82.256;51.600
788;34;11;82.256;67.770
789;11;35;68.466;60.130
789;35;11;68.466;76.880
790;11;35;63.112;51.140
790;35;11;63.112;67.890
791;11;35;67.460;65.170
791;35;11;67.460;81.920
792;11;36;55.896;57.880
792;36;11;55.896;74.690
793;11;37;88.031;67.360
793;37;11;88.031;84.530
794;11;38;86.726;49.580
794;38;11;86.726;67.280
795;11;38;87.363;50.570
795;38;11;87.363;68.270
796;11;38;81.852;61.910
796;38;11;81.852;79.610
797;11;39;30.107;18.980
797;39;11;75.107;83.460
798;11;39;23.299;23.680
798;39;11;68.299;88.160
799;11;39;28.872;0.290
799;39;11;73.872;64.770
800;12;13;56.546;65.470
800;13;12;56.546;66.000
801;12;13;56.926;79.290
801;13;12;56.926;79.820
802;12;13;56.640;63.360
802;13;12;56.640;63.890
803;12;14;59.501;80.790
803;14;12;59.501;81.340
804;12;14;57.965;78.690
804;14;12;57.965;79.240
805;12;14;55.962;84.270
805;14;12;55.962;84.820
806;12;15;98.228;74.810
806;15;12;98.228;75.720
807;12;15;103.507;63.740
807;15;12;103.507;64.650
808;12;15;97.458;80.300
808;15;12;97.458;81.210
809;12;16;70.526;67.480
809;16;12;70.526;69.410
810;12;17;74.210;73.830
810;17;12;74.210;75.970
811;12;18;77.326;80.660
811;18;12;77.326;85.260
812;12;19;97.053;73.340
812;19;12;97.053;78.220
813;12;20;93.168;60.890
813;20;12;93.168;66.340
814;12;21;77.276;66.120
814;21;12;77.276;73.820
815;12;21;81.968;71.090
815;21;12;81.968;78.790
816;12;21;72.625;75.160
816;21;12;72.625;82.860
817;12;22;48.361;70.880
817;22;12;48.361;80.140
818;12;23;66.551;67.530
818;23;12;66.551;76.830
819;12;24;100.131;71.650
819;24;12;100.131;81.340
820;12;24;99.072;66.320
820;24;12;99.072;76.010
821;12;24;92.034;54.660
821;24;12;92.034;64.350
822;12;25;74.198;54.520
822;25;12;74.198;64.550
823;12;25;73.593;76.640
823;25;12;73.593;86.670
824;12;26;73.693;75.710
824;26;12;73.693;86.780
825;12;26;79.657;76.300
825;26;12;79.657;87.370
826;12;27;69.630;68.360
826;27;12;69.630;79.580
827;12;27;65.703;68.940
827;27;12;65.703;80.160
828;12;27;74.194;73.980
828;27;12;74.194;85.200
829;12;28;59.400;63.250
829;28;12;59.400;74.580
830;12;29;59.627;53.600
830;29;12;59.627;65.120
831;12;30;74.451;62.370
831;30;12;74.451;74.780
832;12;30;73.007;57.080
832;30;12;73.007;69.490
833;12;31;60.208;72.280
833;31;12;60.208;85.610
834;12;32;62.568;53.380
834;32;12;62.568;66.800
835;12;33;109.423;58.830
835;33;12;109.423;72.820
836;12;33;103.086;62.890
836;33;12;103.086;76.880
837;12;33;118.638;66.580
837;33;12;118.638;80.570
838;12;34;72.476;57.610
838;34;12;72.476;72.590
839;12;34;68.419;53.880
839;34;12;68.419;68.860
840;12;34;71.878;59.680
840;34;12;71.878;74.660
841;12;35;73.573;54.450
841;35;12;73.573;70.010
842;12;35;69.039;56.330
842;35;12;69.039;71.890
843;12;36;62.085;54.740
843;36;12;62.085;70.360
844;12;36;66.107;54.300
844;36;12;66.107;69.920
845;12;37;66.106;60.970
845;37;12;66.106;76.950
846;12;38;99.364;62.960
846;38;12;99.364;79.470
847;12;39;32.509;20.340
847;39;12;77.509;83.630
848;13;14;69.314;79.660
848;14;13;69.314;79.680
849;13;14;65.151;70.350
849;14;13;65.151;70.370
850;13;14;63.765;74.450
850;14;13;63.765;74.470
851;13;15;96.304;72.660
851;15;13;96.304;73.040
852;13;15;106.675;77.040
852;15;13;106.675;77.420
853;13;15;88.385;76.580
853;15;13;88.385;76.960
854;13;16;60.512;74.510
854;16;13;60.512;75.910
855;13;16;61.504;68.110
855;16;13;61.504;69.510
856;13;16;59.289;62.890
856;16;13;59.289;64.290
857;13;17;73.231;69.660
857;17;13;73.231;71.270
858;13;17;69.776;83.530
858;17;13;69.776;85.140
859;13;17;78.300;72.770
859;17;13;78.300;74.380
860;13;18;72.876;66.430
860;18;13;72.876;70.500
861;13;18;68.370;64.410
861;18;13;68.370;68.480
862;13;18;70.454;69.190
862;18;13;70.454;73.260
863;13;19;97.517;71.620
863;19;13;97.517;75.970
864;13;20;96.287;80.660
864;20;13;96.287;85.580
865;13;20;92.477;61.310
865;20;13;92.477;66.230
866;13;21;72.172;66.980
866;21;13;72.172;74.150
867;13;21;67.094;76.040
867;21;13;67.094;83.210
868;13;21;65.392;69.540
868;21;13;65.392;76.710
869;13;22;55.724;66.860
869;22;13;55.724;75.590
870;13;22;55.931;76.120
870;22;13;55.931;84.850
871;13;22;55.622;71.570
871;22;13;55.622;80.300
872;13;23;61.247;57.750
872;23;13;61.247;66.520
873;13;23;57.888;55.210
873;23;13;57.888;63.980
874;13;24;89.356;73.130
874;24;13;89.356;82.290
875;13;24;96.107;74.730
875;24;13;96.107;83.890
876;13;25;70.295;77.680
876;25;13;70.295;87.180
877;13;25;72.048;61.870
877;25;13;72.048;71.370
878;13;26;70.046;54.130
878;26;13;70.046;64.670
879;13;26;64.205;77.180
879;26;13;64.205;87.720
880;13;27;58.091;61.270
880;27;13;58.091;71.960
881;13;27;57.764;56.310
881;27;13;57.764;67.000
882;13;27;57.350;69.280
882;27;13;57.350;79.970
883;13;28;51.869;52.910
883;28;13;51.869;63.710
884;13;28;52.307;74.650
884;28;13;52.307;85.450
885;13;28;50.279;68.920
885;28;13;50.279;79.720
886;13;29;50.739;63.690
886;29;13;50.739;74.680
887;13;29;50.550;66.150
887;29;13;50.550;77.140
888;13;30;74.633;52.600
888;30;13;74.633;64.480
889;13;30;68.409;54.550
889;30;13;68.409;66.430
890;13;31;51.494;67.110
890;31;13;51.494;79.910
891;13;32;56.129;52.300
891;32;13;56.129;65.190
892;13;33;120.941;73.270
892;33;13;120.941;86.730
893;13;33;111.423;63.140
893;33;13;111.423;76.600
894;13;34;60.946;51.000
894;34;13;60.946;65.450
895;13;34;59.438;68.110
895;34;13;59.438;82.560
896;13;34;60.193;65.060
896;34;13;60.193;79.510
897;13;35;63.039;63.220
897;35;13;63.039;78.250
898;13;35;59.470;62.240
898;35;13;59.470;77.270
899;13;35;60.967;56.420
899;35;13;60.967;71.450
900;13;36;66.079;55.090
900;36;13;66.079;70.180
901;13;36;64.822;55.230
901;36;13;64.822;70.320
902;13;37;76.563;66.500
902;37;13;76.563;81.950
903;13;37;84.443;71.230
903;37;13;84.443;86.680
904;13;38;89.013;58.900
904;38;13;89.013;74.880
905;13;39;21.172;15.770
905;39;13;66.172;78.530
906;13;39;22.109;19.890
906;39;13;67.109;82.650
907;13;39;25.378;9.230
907;39;13;70.378;71.990
908;14;15;110.986;68.740
908;15;14;110.986;69.100
909;14;16;84.479;71.330
909;16;14;84.479;72.710
910;14;16;90.292;79.430
910;16;14;90.292;80.810
911;14;16;80.073;84.230
911;16;14;80.073;85.610
912;14;17;87.271;63.980
912;17;14;87.271;65.570
913;14;18;91.477;80.000
913;18;14;91.477;84.050
914;14;19;108.342;64.800
914;19;14;108.342;69.130
915;14;19;98.946;66.240
915;19;14;98.946;70.570
916;14;19;94.911;60.320
916;19;14;94.911;64.650
917;14;20;102.399;73.350
917;20;14;102.399;78.250
918;14;20;95.347;70.660
918;20;14;95.347;75.560
919;14;21;91.565;72.900
919;21;14;91.565;80.050
920;14;21;102.314;73.550
920;21;14;102.314;80.700
921;14;21;84.816;59.480
921;21;14;84.816;66.630
922;14;22;58.725;62.340
922;22;14;58.725;71.050
923;14;23;81.011;78.760
923;23;14;81.011;87.510
924;14;24;113.670;66.400
924;24;14;113.670;75.540
925;14;24;107.421;76.250
925;24;14;107.421;85.390
926;14;25;88.283;59.690
926;25;14;88.283;69.170
927;14;26;87.726;57.700
927;26;14;87.726;68.220
928;14;26;89.291;68.010
928;26;14;89.291;78.530
929;14;26;79.340;54.000
929;26;14;79.340;64.520
930;14;27;81.838;54.350
930;27;14;81.838;65.020
931;14;27;89.378;76.130
931;27;14;89.378;86.800
932;14;27;85.233;69.830
932;27;14;85.233;80.500
933;14;28;68.621;68.390
933;28;14;68.621;79.170
934;14;28;73.627;67.330
934;28;14;73.627;78.110
935;14;29;73.647;70.800
935;29;14;73.647;81.770
936;14;29;79.084;52.720
936;29;14;79.084;63.690
937;14;29;76.730;64.200
937;29;14;76.730;75.170
938;14;30;86.918;67.350
938;30;14;86.918;79.210
939;14;30;92.943;62.650
939;30;14;92.943;74.510
940;14;30;76.976;67.040
940;30;14;76.976;78.900
941;14;31;74.303;63.790
941;31;14;74.303;76.570
942;14;31;73.817;50.560
942;31;14;73.817;63.340
943;14;32;77.050;56.440
943;32;14;77.050;69.310
944;14;32;74.981;58.680
944;32;14;74.981;71.550
945;14;33;100.480;69.240
945;33;14;100.480;82.680
946;14;34;84.149;51.230
946;34;14;84.149;65.660
947;14;35;87.272;61.710
947;35;14;87.272;76.720
948;14;35;96.714;54.050
948;35;14;96.714;69.060
949;14;36;73.594;60.990
949;36;14;73.594;76.060
950;14;36;75.174;58.710
950;36;14;75.174;73.780
951;14;37;52.444;64.000
951;37;14;52.444;79.430
952;14;37;51.108;61.400
952;37;14;51.108;76.830
953;14;38;113.247;61.050
953;38;14;113.247;77.010
954;14;38;122.418;66.220
954;38;14;122.418;82.180
955;14;39;45.309;21.270
955;39;14;90.309;84.010
956;14;39;41.907;5.620
956;39;14;86.907;68.360
957;14;39;34.085;10.560
957;39;14;79.085;73.300
958;15;16;87.406;78.790
958;16;15;87.406;79.810
959;15;16;96.171;65.910
959;16;15;96.171;66.930
960;15;17;69.021;73.950
960;17;15;69.021;75.180
961;15;17;63.591;81.260
961;17;15;63.591;82.490
962;15;17;72.973;69.080
962;17;15;72.973;70.310
963;15;18;69.134;69.560
963;18;15;69.134;73.250
964;15;19;55.835;75.040
964;19;15;55.835;79.010
965;15;20;67.443;66.730
965;20;15;67.443;71.270
966;15;21;70.455;65.880
966;21;15;70.455;72.670
967;15;21;72.500;57.730
967;21;15;72.500;64.520
968;15;22;100.908;62.520
968;22;15;100.908;70.870
969;15;23;80.236;71.570
969;23;15;80.236;79.960
970;15;23;87.042;59.860
970;23;15;87.042;68.250
971;15;23;84.415;75.090
971;23;15;84.415;83.480
972;15;24;95.417;68.070
972;24;15;95.417;76.850
973;15;24;83.917;65.750
973;24;15;83.917;74.530
974;15;25;71.164;69.170
974;25;15;71.164;78.290
975;15;25;72.329;72.700
975;25;15;72.329;81.820
976;15;25;75.571;58.180
976;25;15;75.571;67.300
977;15;26;71.323;52.770
977;26;15;71.323;62.930
978;15;26;66.231;72.520
978;26;15;66.231;82.680
979;15;27;96.604;69.370
979;27;15;96.604;79.680
980;15;28;103.016;76.650
980;28;15;103.016;87.070
981;15;28;92.928;64.920
981;28;15;92.928;75.340
982;15;28;105.053;61.760
982;28;15;105.053;72.180
983;15;29;90.875;59.380
983;29;15;90.875;69.990
984;15;29;94.997;76.460
984;29;15;94.997;87.070
985;15;30;69.068;65.160
985;30;15;69.068;76.660
986;15;31;90.195;64.480
986;31;15;90.195;76.900
987;15;31;87.674;51.240
987;31;15;87.674;63.660
988;15;31;83.734;53.520
988;31;15;83.734;65.940
989;15;32;85.323;70.490
989;32;15;85.323;83.000
990;15;32;88.307;68.600
990;32;15;88.307;81.110
991;15;33;136.357;67.570
991;33;15;136.357;80.650
992;15;34;98.895;58.480
992;34;15;98.895;72.550
993;15;34;92.102;68.290
993;34;15;92.102;82.360
994;15;34;99.691;67.320
994;34;15;99.691;81.390
995;15;35;88.814;69.130
995;35;15;88.814;83.780
996;15;36;82.429;56.390
996;36;15;82.429;71.100
997;15;36;79.132;65.080
997;36;15;79.132;79.790
998;15;36;82.435;51.780
998;36;15;82.435;66.490
999;15;37;115.128;62.590
999;37;15;115.128;77.660
1000;15;37;112.939;49.980
1000;37;15;112.939;65.050
1001;15;37;98.472;49.420
1001;37;15;98.472;64.490
1002;15;38;91.123;51.130
1002;38;15;91.123;66.730
1003;15;38;87.086;66.870
1003;38;15;87.086;82.470
1004;15;38;93.928;57.010
1004;38;15;93.928;72.610
1005;15;39;49.508;21.790
1005;39;15;94.508;84.170
1006;16;17;68.842;66.400
1006;17;16;68.842;66.610
1007;16;17;70.271;65.070
1007;17;16;70.271;65.280
1008;16;18;63.528;81.450
1008;18;16;63.528;84.120
1009;16;19;91.588;82.340
1009;19;16;91.588;85.290
1010;16;19;99.634;61.570
1010;19;16;99.634;64.520
1011;16;19;92.394;66.770
1011;19;16;92.394;69.720
1012;16;20;93.998;71.650
1012;20;16;93.998;75.170
1013;16;21;62.004;56.310
1013;21;16;62.004;62.080
1014;16;21;64.085;70.720
1014;21;16;64.085;76.490
1015;16;22;70.756;60.950
1015;22;16;70.756;68.280
1016;16;23;56.015;64.620
1016;23;16;56.015;71.990
1017;16;23;58.256;62.920
1017;23;16;58.256;70.290
1018;16;24;74.708;77.990
1018;24;16;74.708;85.750
1019;16;25;62.511;73.840
1019;25;16;62.511;81.940
1020;16;25;60.053;77.450
1020;25;16;60.053;85.550
1021;16;26;62.738;65.050
1021;26;16;62.738;74.190
1022;16;26;64.584;74.610
1022;26;16;64.584;83.750
1023;16;26;61.095;68.600
1023;26;16;61.095;77.740
1024;16;27;54.237;53.720
1024;27;16;54.237;63.010
1025;16;27;55.300;56.220
1025;27;16;55.300;65.510
1026;16;28;64.811;73.040
1026;28;16;64.811;82.440
1027;16;29;55.906;74.520
1027;29;16;55.906;84.110
1028;16;29;53.896;59.040
1028;29;16;53.896;68.630
1029;16;30;71.476;53.210
1029;30;16;71.476;63.690
1030;16;30;73.685;60.370
1030;30;16;73.685;70.850
1031;16;31;55.322;56.780
1031;31;16;55.322;68.180
1032;16;31;57.293;53.650
1032;31;16;57.293;65.050
1033;16;32;54.857;50.780
1033;32;16;54.857;62.270
1034;16;33;132.948;66.880
1034;33;16;132.948;78.940
1035;16;34;56.562;71.820
1035;34;16;56.562;84.870
1036;16;34;57.424;49.970
1036;34;16;57.424;63.020
1037;16;35;48.511;60.400
1037;35;16;48.511;74.030
1038;16;35;47.889;58.720
1038;35;16;47.889;72.350
1039;16;36;70.458;66.090
1039;36;16;70.458;79.780
1040;16;36;65.311;62.310
1040;36;16;65.311;76.000
1041;16;36;70.171;60.520
1041;36;16;70.171;74.210
1042;16;37;91.506;57.700
1042;37;16;91.506;71.750
1043;16;37;84.962;59.980
1043;37;16;84.962;74.030
1044;16;37;95.637;51.330
1044;37;16;95.637;65.380
1045;16;38;73.843;59.250
1045;38;16;73.843;73.830
1046;16;38;81.053;67.960
1046;38;16;81.053;82.540
1047;16;38;72.972;67.370
1047;38;16;72.972;81.950
1048;16;39;9.829;24.090
1048;39;16;54.829;85.450
1049;16;39;8.479;15.960
1049;39;16;53.479;77.320
1050;17;18;54.199;81.680
1050;18;17;54.199;84.140
1051;17;18;52.533;68.220
1051;18;17;52.533;70.680
1052;17;19;69.317;82.950
1052;19;17;69.317;85.690
1053;17;20;70.157;77.430
1053;20;17;70.157;80.740
1054;17;20;73.964;61.960
1054;20;17;73.964;65.270
1055;17;21;55.870;66.550
1055;21;17;55.870;72.110
1056;17;22;76.901;57.200
1056;22;17;76.901;64.320
1057;17;23;58.572;60.420
1057;23;17;58.572;67.580
1058;17;24;90.169;70.210
1058;24;17;90.169;77.760
1059;17;24;95.195;70.150
1059;24;17;95.195;77.700
1060;17;24;100.769;69.950
1060;24;17;100.769;77.500
1061;17;25;52.399;75.220
1061;25;17;52.399;83.110
1062;17;26;51.816;74.570
1062;26;17;51.816;83.500
1063;17;26;50.231;74.280
1063;26;17;50.231;83.210
1064;17;26;50.158;73.370
1064;26;17;50.158;82.300
1065;17;27;76.950;68.270
1065;27;17;76.950;77.350
1066;17;28;80.092;72.590
1066;28;17;80.092;81.780
1067;17;28;78.503;74.170
1067;28;17;78.503;83.360
1068;17;29;68.314;56.490
1068;29;17;68.314;65.870
1069;17;30;48.047;72.330
1069;30;17;48.047;82.600
1070;17;30;48.601;71.880
1070;30;17;48.601;82.150
1071;17;31;67.745;53.510
1071;31;17;67.745;64.700
1072;17;32;63.012;50.770
1072;32;17;63.012;62.050
1073;17;32;64.231;57.080
1073;32;17;64.231;68.360
1074;17;33;121.063;66.640
1074;33;17;121.063;78.490
1075;17;33;121.850;57.300
1075;33;17;121.850;69.150
1076;17;33;129.337;62.850
1076;33;17;129.337;74.700
1077;17;34;79.908;71.920
1077;34;17;79.908;84.760
1078;17;35;71.600;72.600
1078;35;17;71.600;86.020
1079;17;36;59.211;59.420
1079;36;17;59.211;72.900
1080;17;36;62.669;68.580
1080;36;17;62.669;82.060
1081;17;36;58.314;66.890
1081;36;17;58.314;80.370
1082;17;37;91.969;54.360
1082;37;17;91.969;68.200
1083;17;38;87.151;61.120
1083;38;17;87.151;75.490
1084;17;39;33.232;23.350
1084;39;17;78.232;84.500
1085;17;39;25.306;23.620
1085;39;17;70.306;84.770
1086;18;19;73.214;77.730
1086;19;18;73.214;78.010
1087;18;20;77.227;62.810
1087;20;18;77.227;63.660
1088;18;20;79.707;75.880
1088;20;18;79.707;76.730
1089;18;21;46.897;68.030
1089;21;18;46.897;71.130
1090;18;21;46.967;78.320
1090;21;18;46.967;81.420
1091;18;22;79.368;78.690
1091;22;18;79.368;83.350
1092;18;23;56.648;75.200
1092;23;18;56.648;79.900
1093;18;23;58.074;70.880
1093;23;18;58.074;75.580
1094;18;24;81.092;59.650
1094;24;18;81.092;64.740
1095;18;25;48.248;68.550
1095;25;18;48.248;73.980
1096;18;26;48.909;58.740
1096;26;18;48.909;65.210
1097;18;26;48.044;59.120
1097;26;18;48.044;65.590
1098;18;27;72.607;52.190
1098;27;18;72.607;58.810
1099;18;27;70.288;63.230
1099;27;18;70.288;69.850
1100;18;27;71.579;71.020
1100;27;18;71.579;77.640
1101;18;28;79.348;74.020
1101;28;18;79.348;80.750
1102;18;28;76.829;73.310
1102;28;18;76.829;80.040
1103;18;28;77.404;59.330
1103;28;18;77.404;66.060
1104;18;29;67.227;74.310
1104;29;18;67.227;81.230
1105;18;29;71.186;67.570
1105;29;18;71.186;74.490
1106;18;29;67.109;64.970
1106;29;18;67.109;71.890
1107;18;30;57.186;63.730
1107;30;18;57.186;71.540
1108;18;30;60.022;53.630
1108;30;18;60.022;61.440
1109;18;31;66.505;69.780
1109;31;18;66.505;78.510
1110;18;31;62.356;65.630
1110;31;18;62.356;74.360
1111;18;31;69.840;71.350
1111;31;18;69.840;80.080
1112;18;32;61.748;54.930
1112;32;18;61.748;63.750
1113;18;33;129.631;56.840
1113;33;18;129.631;66.230
1114;18;34;75.089;52.260
1114;34;18;75.089;62.640
1115;18;35;65.445;56.060
1115;35;18;65.445;67.020
1116;18;36;65.863;47.900
1116;36;18;65.863;58.920
1117;18;37;97.081;48.510
1117;37;18;97.081;59.890
1118;18;38;77.979;67.570
1118;38;18;77.979;79.480
1119;18;38;75.614;54.270
1119;38;18;75.614;66.180
1120;18;38;77.929;68.370
1120;38;18;77.929;80.280
1121;18;39;26.736;10.710
1121;39;18;71.736;69.400
1122;19;20;57.143;64.940
1122;20;19;57.143;65.510
1123;19;20;57.754;65.200
1123;20;19;57.754;65.770
1124;19;20;55.836;66.080
1124;20;19;55.836;66.650
1125;19;21;74.941;58.830
1125;21;19;74.941;61.650
1126;19;22;100.082;55.990
1126;22;19;100.082;60.370
1127;19;22;98.723;66.600
1127;22;19;98.723;70.980
1128;19;23;82.522;69.870
1128;23;19;82.522;74.290
1129;19;23;84.319;64.020
1129;23;19;84.319;68.440
1130;19;23;89.827;58.140
1130;23;19;89.827;62.560
1131;19;24;104.345;65.520
1131;24;19;104.345;70.330
1132;19;25;74.148;76.320
1132;25;19;74.148;81.470
1133;19;26;74.026;73.010
1133;26;19;74.026;79.200
1134;19;26;72.217;54.400
1134;26;19;72.217;60.590
1135;19;26;80.331;57.720
1135;26;19;80.331;63.910
1136;19;27;100.415;65.090
1136;27;19;100.415;71.430
1137;19;27;94.578;75.030
1137;27;19;94.578;81.370
1138;19;28;104.384;66.290
1138;28;19;104.384;72.740
1139;19;28;92.779;67.040
1139;28;19;92.779;73.490
1140;19;28;90.462;71.310
1140;28;19;90.462;77.760
1141;19;29;92.619;62.030
1141;29;19;92.619;68.670
1142;19;29;94.469;75.750
1142;29;19;94.469;82.390
1143;19;30;68.013;64.510
1143;30;19;68.013;72.040
1144;19;30;65.735;58.570
1144;30;19;65.735;66.100
1145;19;30;69.737;58.610
1145;30;19;69.737;66.140
1146;19;31;92.035;66.370
1146;31;19;92.035;74.820
1147;19;31;100.581;57.090
1147;31;19;100.581;65.540
1148;19;31;97.829;54.420
1148;31;19;97.829;62.870
1149;19;32;87.246;54.950
1149;32;19;87.246;63.490
1150;19;32;89.224;59.000
1150;32;19;89.224;67.540
1151;19;33;127.622;69.500
1151;33;19;127.622;78.610
1152;19;33;139.508;68.340
1152;33;19;139.508;77.450
1153;19;33;129.921;61.410
1153;33;19;129.921;70.520
1154;19;34;103.104;70.150
1154;34;19;103.104;80.250
1155;19;35;93.658;66.880
1155;35;19;93.658;77.560
1156;19;35;86.784;60.500
1156;35;19;86.784;71.180
1157;19;36;80.147;54.920
1157;36;19;80.147;65.660
1158;19;36;79.927;64.660
1158;36;19;79.927;75.400
1159;19;36;81.079;69.590
1159;36;19;81.079;80.330
1160;19;37;111.473;62.530
1160;37;19;111.473;73.630
1161;19;37;113.707;68.330
1161;37;19;113.707;79.430
1162;19;38;100.241;52.740
1162;38;19;100.241;64.370
1163;19;39;54.909;15.160
1163;39;19;99.909;73.570
1164;20;21;79.121;78.300
1164;21;20;79.121;80.550
1165;20;21;84.154;59.490
1165;21;20;84.154;61.740
1166;20;22;96.445;56.390
1166;22;20;96.445;60.200
1167;20;23;83.546;69.730
1167;23;20;83.546;73.580
1168;20;24;111.860;61.810
1168;24;20;111.860;66.050
1169;20;25;76.918;66.940
1169;25;20;76.918;71.520
1170;20;25;82.723;64.100
1170;25;20;82.723;68.680
1171;20;25;81.324;71.850
1171;25;20;81.324;76.430
1172;20;26;76.525;73.980
1172;26;20;76.525;79.600
1173;20;26;76.284;62.110
1173;26;20;76.284;67.730
1174;20;27;101.963;54.010
1174;27;20;101.963;59.780
1175;20;27;101.601;57.410
1175;27;20;101.601;63.180
1176;20;27;112.192;53.480
1176;27;20;112.192;59.250
1177;20;28;103.017;76.940
1177;28;20;103.017;82.820
1178;20;28;113.804;76.620
1178;28;20;113.804;82.500
1179;20;29;92.259;72.380
1179;29;20;92.259;78.450
1180;20;30;67.663;54.360
1180;30;20;67.663;61.320
1181;20;30;65.766;57.180
1181;30;20;65.766;64.140
1182;20;30;69.939;63.590
1182;30;20;69.939;70.550
1183;20;31;91.819;56.820
1183;31;20;91.819;64.700
1184;20;31;103.465;73.880
1184;31;20;103.465;81.760
1185;20;31;92.184;52.760
1185;31;20;92.184;60.640
1186;20;32;87.459;74.580
1186;32;20;87.459;82.550
1187;20;32;83.209;63.450
1187;32;20;83.209;71.420
1188;20;32;89.873;56.740
1188;32;20;89.873;64.710
1189;20;33;115.880;54.740
1189;33;20;115.880;63.280
1190;20;33;131.755;63.780
1190;33;20;131.755;72.320
1191;20;34;104.995;56.410
1191;34;20;104.995;65.940
1192;20;35;96.688;67.790
1192;35;20;96.688;77.900
1193;20;35;109.520;66.920
1193;35;20;109.520;77.030
1194;20;36;76.245;55.070
1194;36;20;76.245;65.240
1195;20;36;79.484;50.890
1195;36;20;79.484;61.060
1196;20;37;104.367;57.820
1196;37;20;104.367;68.350
1197;20;37;92.347;65.420
1197;37;20;92.347;75.950
1198;20;37;94.404;54.140
1198;37;20;94.404;64.670
1199;20;38;108.098;70.740
1199;38;20;108.098;81.800
1200;20;38;112.474;63.990
1200;38;20;112.474;75.050
1201;20;38;121.517;71.640
1201;38;20;121.517;82.700
1202;20;39;58.284;21.200
1202;39;20;103.284;79.040
1203;20;39;72.628;10.860
1203;39;20;117.628;68.700
1204;21;22;79.163;61.050
1204;22;21;79.163;62.610
1205;21;23;56.104;72.860
1205;23;21;56.104;74.460
1206;21;23;53.695;75.090
1206;23;21;53.695;76.690
1207;21;24;79.321;66.130
1207;24;21;79.321;68.120
1208;21;24;78.786;62.570
1208;24;21;78.786;64.560
1209;21;25;49.080;61.700
1209;25;21;49.080;64.030
1210;21;26;49.821;73.970
1210;26;21;49.821;77.340
1211;21;26;49.600;59.520
1211;26;21;49.600;62.890
1212;21;27;71.162;61.960
1212;27;21;71.162;65.480
1213;21;27;69.476;71.690
1213;27;21;69.476;75.210
1214;21;27;67.651;53.570
1214;27;21;67.651;57.090
1215;21;28;78.502;70.950
1215;28;21;78.502;74.580
1216;21;28;76.429;75.550
1216;28;21;76.429;79.180
1217;21;28;83.525;60.680
1217;28;21;83.525;64.310
1218;21;29;66.465;76.490
1218;29;21;66.465;80.310
1219;21;29;62.290;66.080
1219;29;21;62.290;69.900
1220;21;30;58.895;68.070
1220;30;21;58.895;72.780
1221;21;31;65.726;67.760
1221;31;21;65.726;73.390
1222;21;32;61.093;72.430
1222;32;21;61.093;78.150
1223;21;32;57.637;68.110
1223;32;21;57.637;73.830
1224;21;33;130.837;54.580
1224;33;21;130.837;60.870
1225;21;34;73.551;61.060
1225;34;21;73.551;68.340
1226;21;34;68.810;68.440
1226;34;21;68.810;75.720
1227;21;34;80.059;53.770
1227;34;21;80.059;61.050
1228;21;35;63.760;48.190
1228;35;21;63.760;56.050
1229;21;36;66.734;62.840
1229;36;21;66.734;70.760
1230;21;36;63.658;70.200
1230;36;21;63.658;78.120
1231;21;37;97.353;72.270
1231;37;21;97.353;80.550
1232;21;37;86.077;58.350
1232;37;21;86.077;66.630
1233;21;38;76.284;49.780
1233;38;21;76.284;58.590
1234;21;38;71.915;51.930
1234;38;21;71.915;60.740
1235;21;38;69.954;69.360
1235;38;21;69.954;78.170
1236;21;39;24.972;20.720
1236;39;21;69.972;76.310
1237;21;39;19.960;18.100
1237;39;21;64.960;73.690
1238;22;23;68.195;72.340
1238;23;22;68.195;72.380
1239;22;23;69.250;76.900
1239;23;22;69.250;76.940
1240;22;24;100.020;76.950
1240;24;22;100.020;77.380
1241;22;25;76.323;70.800
1241;25;22;76.323;71.570
1242;22;25;74.027;69.500
1242;25;22;74.027;70.270
1243;22;25;76.556;65.310
1243;25;22;76.556;66.080
1244;22;26;75.866;53.520
1244;26;22;75.866;55.330
1245;22;26;80.488;61.600
1245;26;22;80.488;63.410
1246;22;27;68.636;72.080
1246;27;22;68.636;74.040
1247;22;27;65.519;64.830
1247;27;22;65.519;66.790
1248;22;28;57.000;54.890
1248;28;22;57.000;56.960
1249;22;29;59.954;64.390
1249;29;22;59.954;66.650
1250;22;29;58.418;67.900
1250;29;22;58.418;70.160
1251;22;29;58.297;59.730
1251;29;22;58.297;61.990
1252;22;30;77.328;51.480
1252;30;22;77.328;54.630
1253;22;30;71.973;60.740
1253;30;22;71.973;63.890
1254;22;30;72.520;53.610
1254;30;22;72.520;56.760
1255;22;31;60.628;69.480
1255;31;22;60.628;73.550
1256;22;32;63.772;55.790
1256;32;22;63.772;59.950
1257;22;32;62.452;67.310
1257;32;22;62.452;71.470
1258;22;33;111.004;60.020
1258;33;22;111.004;64.750
1259;22;33;112.916;69.980
1259;33;22;112.916;74.710
1260;22;33;105.711;56.110
1260;33;22;105.711;60.840
1261;22;34;71.250;67.210
1261;34;22;71.250;72.930
1262;22;35;73.563;48.710
1262;35;22;73.563;55.010
1263;22;36;65.283;65.080
1263;36;22;65.283;71.440
1264;22;36;69.401;57.940
1264;36;22;69.401;64.300
1265;22;36;65.429;65.240
1265;36;22;65.429;71.600
1266;22;37;65.867;53.940
1266;37;22;65.867;60.660
1267;22;38;99.528;71.190
1267;38;22;99.528;78.440
1268;22;38;103.638;60.100
1268;38;22;103.638;67.350
1269;22;38;91.674;67.240
1269;38;22;91.674;74.490
1270;22;39;31.884;13.410
1270;39;22;76.884;67.440
1271;22;39;39.037;23.270
1271;39;22;84.037;77.300
1272;22;39;30.441;18.410
1272;39;22;75.441;72.440
1273;23;24;82.779;58.000
1273;24;23;82.779;58.390
1274;23;24;88.264;55.250
1274;24;23;88.264;55.640
1275;23;24;89.166;67.330
1275;24;23;89.166;67.720
1276;23;25;54.092;59.420
1276;25;23;54.092;60.150
1277;23;25;56.157;70.840
1277;25;23;56.157;71.570
1278;23;26;53.916;68.810
1278;26;23;53.916;70.580
1279;23;26;54.097;53.140
1279;26;23;54.097;54.910
1280;23;27;63.422;52.440
1280;27;23;63.422;54.360
1281;23;27;59.366;65.770
1281;27;23;59.366;67.690
1282;23;27;60.657;52.760
1282;27;23;60.657;54.680
1283;23;28;67.821;59.050
1283;28;23;67.821;61.080
1284;23;29;55.664;66.510
1284;29;23;55.664;68.730
1285;23;29;54.903;69.530
1285;29;23;54.903;71.750
1286;23;29;56.301;59.920
1286;29;23;56.301;62.140
1287;23;30;60.883;66.160
1287;30;23;60.883;69.270
1288;23;30;60.805;68.730
1288;30;23;60.805;71.840
1289;23;31;54.969;61.000
1289;31;23;54.969;65.030
1290;23;31;56.936;55.110
1290;31;23;56.936;59.140
1291;23;31;52.786;64.350
1291;31;23;52.786;68.380
1292;23;32;50.126;53.520
1292;32;23;50.126;57.640
1293;23;32;50.870;60.630
1293;32;23;50.870;64.750
1294;23;33;124.476;52.070
1294;33;23;124.476;56.760
1295;23;33;104.887;61.440
1295;33;23;104.887;66.130
1296;23;33;129.239;54.360
1296;33;23;129.239;59.050
1297;23;34;66.460;67.310
1297;34;23;66.460;72.990
1298;23;34;66.171;63.900
1298;34;23;66.171;69.580
1299;23;34;61.846;53.550
1299;34;23;61.846;59.230
1300;23;35;59.274;52.970
1300;35;23;59.274;59.230
1301;23;35;56.260;52.240
1301;35;23;56.260;58.500
1302;23;35;57.334;50.710
1302;35;23;57.334;56.970
1303;23;36;60.322;50.690
1303;36;23;60.322;57.010
1304;23;36;63.167;72.660
1304;36;23;63.167;78.980
1305;23;37;87.199;57.310
1305;37;23;87.199;63.990
1306;23;37;83.543;62.480
1306;37;23;83.543;69.160
1307;23;38;80.865;57.300
1307;38;23;80.865;64.510
1308;23;38;79.637;55.180
1308;38;23;79.637;62.390
1309;23;39;20.827;0.660
1309;39;23;65.827;54.650
1310;24;25;82.919;76.050
1310;25;24;82.919;76.390
1311;24;26;83.599;56.700
1311;26;24;83.599;58.080
1312;24;27;77.461;71.110
1312;27;24;77.461;72.640
1313;24;27;70.639;67.400
1313;27;24;70.639;68.930
1314;24;28;91.481;62.640
1314;28;24;91.481;64.280
1315;24;28;82.538;74.160
1315;28;24;82.538;75.800
1316;24;28;84.244;62.040
1316;28;24;84.244;63.680
1317;24;29;85.525;68.270
1317;29;24;85.525;70.100
1318;24;29;87.105;60.020
1318;29;24;87.105;61.850
1319;24;29;79.216;56.150
1319;29;24;79.216;57.980
1320;24;30;93.206;55.100
1320;30;24;93.206;57.820
1321;24;30;91.328;67.050
1321;30;24;91.328;69.770
1322;24;30;98.690;71.960
1322;30;24;98.690;74.680
1323;24;31;84.989;66.810
1323;31;24;84.989;70.450
1324;24;31;77.277;57.480
1324;31;24;77.277;61.120
1325;24;31;76.745;63.310
1325;31;24;76.745;66.950
1326;24;32;84.024;51.200
1326;32;24;84.024;54.930
1327;24;32;77.600;57.890
1327;32;24;77.600;61.620
1328;24;32;80.804;54.570
1328;32;24;80.804;58.300
1329;24;33;162.144;63.380
1329;33;24;162.144;67.680
1330;24;33;186.200;59.700
1330;33;24;186.200;64.000
1331;24;33;147.801;53.280
1331;33;24;147.801;57.580
1332;24;34;76.099;68.730
1332;34;24;76.099;74.020
1333;24;34;79.884;49.270
1333;34;24;79.884;54.560
1334;24;34;71.592;52.080
1334;34;24;71.592;57.370
1335;24;35;71.558;66.570
1335;35;24;71.558;72.440
1336;24;36;98.025;54.080
1336;36;24;98.025;60.010
1337;24;37;120.887;72.150
1337;37;24;120.887;78.440
1338;24;37;131.254;65.330
1338;37;24;131.254;71.620
1339;24;38;49.525;58.560
1339;38;24;49.525;65.380
1340;24;39;23.796;0.280
1340;39;24;68.796;53.880
1341;24;39;19.399;17.380
1341;39;24;64.399;70.980
1342;24;39;26.977;12.840
1342;39;24;71.977;66.440
1343;25;26;45.742;72.760
1343;26;25;45.742;73.800
1344;25;27;71.270;72.390
1344;27;25;71.270;73.580
1345;25;27;67.130;60.350
1345;27;25;67.130;61.540
1346;25;28;76.911;75.580
1346;28;25;76.911;76.880
1347;25;29;64.755;71.670
1347;29;25;64.755;73.160
1348;25;29;69.017;64.430
1348;29;25;69.017;65.920
1349;25;30;55.435;75.610
1349;30;25;55.435;77.990
1350;25;30;55.419;57.780
1350;30;25;55.419;60.160
1351;25;31;64.060;51.660
1351;31;25;64.060;54.960
1352;25;31;59.337;70.100
1352;31;25;59.337;73.400
1353;25;31;63.341;59.000
1353;31;25;63.341;62.300
1354;25;32;59.209;51.690
1354;32;25;59.209;55.080
1355;25;32;61.468;65.810
1355;32;25;61.468;69.200
1356;25;32;57.101;50.930
1356;32;25;57.101;54.320
1357;25;33;126.758;56.740
1357;33;25;126.758;60.700
1358;25;33;129.545;69.600
1358;33;25;129.545;73.560
1359;25;33;114.229;55.540
1359;33;25;114.229;59.500
1360;25;34;73.972;66.340
1360;34;25;73.972;71.290
1361;25;34;68.245;62.990
1361;34;25;68.245;67.940
1362;25;34;75.912;57.910
1362;34;25;75.912;62.860
1363;25;35;64.886;50.630
1363;35;25;64.886;56.160
1364;25;35;65.336;50.210
1364;35;25;65.336;55.740
1365;25;36;62.719;63.260
1365;36;25;62.719;68.850
1366;25;36;64.963;64.920
1366;36;25;64.963;70.510
1367;25;37;93.843;69.140
1367;37;25;93.843;75.090
1368;25;37;91.814;48.470
1368;37;25;91.814;54.420
1369;25;38;80.054;63.210
1369;38;25;80.054;69.690
1370;25;38;80.758;67.170
1370;38;25;80.758;73.650
1371;25;38;72.616;60.820
1371;38;25;72.616;67.300
1372;25;39;26.416;18.470
1372;39;25;71.416;71.730
1373;25;39;23.713;23.150
1373;39;25;68.713;76.410
1374;25;39;27.582;0.310
1374;39;25;72.582;53.570
1375;26;27;71.395;71.630
1375;27;26;71.395;71.780
1376;26;27;68.706;71.580
1376;27;26;68.706;71.730
1377;26;27;66.643;63.510
1377;27;26;66.643;63.660
1378;26;28;76.705;67.620
1378;28;26;76.705;67.880
1379;26;29;64.555;54.600
1379;29;26;64.555;55.050
1380;26;30;54.834;59.560
1380;30;26;54.834;60.900
1381;26;31;63.873;57.860
1381;31;26;63.873;60.120
1382;26;31;67.708;57.240
1382;31;26;67.708;59.500
1383;26;31;62.943;68.270
1383;31;26;62.943;70.530
1384;26;32;59.003;54.920
1384;32;26;59.003;57.270
1385;26;32;61.094;56.080
1385;32;26;61.094;58.430
1386;26;32;58.363;67.660
1386;32;26;58.363;70.010
1387;26;33;126.016;56.680
1387;33;26;126.016;59.600
1388;26;33;118.874;65.550
1388;33;26;118.874;68.470
1389;26;33;119.054;66.940
1389;33;26;119.054;69.860
1390;26;34;74.146;58.990
1390;34;26;74.146;62.900
1391;26;34;71.882;51.290
1391;34;26;71.882;55.200
1392;26;34;69.472;72.630
1392;34;26;69.472;76.540
1393;26;35;65.207;61.730
1393;35;26;65.207;66.220
1394;26;36;62.000;53.970
1394;36;26;62.000;58.520
1395;26;37;93.236;50.910
1395;37;26;93.236;55.820
1396;26;37;95.020;61.680
1396;37;26;95.020;66.590
1397;26;37;83.747;66.860
1397;37;26;83.747;71.770
1398;26;38;80.759;70.770
1398;38;26;80.759;76.210
1399;26;39;26.770;16.730
1399;39;26;71.770;68.950
1400;27;28;59.020;57.700
1400;28;27;59.020;57.810
1401;27;29;56.984;67.930
1401;29;27;56.984;68.230
1402;27;29;58.076;61.040
1402;29;27;58.076;61.340
1403;27;30;79.301;71.390
1403;30;27;79.301;72.580
1404;27;30;81.657;50.920
1404;30;27;81.657;52.110
1405;27;31;56.952;59.750
1405;31;27;56.952;61.860
1406;27;31;59.413;69.330
1406;31;27;59.413;71.440
1407;27;31;59.645;69.260
1407;31;27;59.645;71.370
1408;27;32;59.945;62.340
1408;32;27;59.945;64.540
1409;27;32;62.152;56.010
1409;32;27;62.152;58.210
1410;27;33;133.962;70.440
1410;33;27;133.962;73.210
1411;27;33;150.670;68.900
1411;33;27;150.670;71.670
1412;27;33;115.846;74.110
1412;33;27;115.846;76.880
1413;27;34;48.310;49.350
1413;34;27;48.310;53.110
1414;27;34;48.652;57.610
1414;34;27;48.652;61.370
1415;27;35;53.953;71.450
1415;35;27;53.953;75.790
1416;27;35;53.768;59.150
1416;35;27;53.768;63.490
1417;27;35;52.226;52.400
1417;35;27;52.226;56.740
1418;27;36;75.300;66.630
1418;36;27;75.300;71.030
1419;27;37;89.226;67.410
1419;37;27;89.226;72.170
1420;27;37;78.813;58.680
1420;37;27;78.813;63.440
1421;27;37;99.648;61.730
1421;37;27;99.648;66.490
1422;27;38;77.852;58.910
1422;38;27;77.852;64.200
1423;27;38;84.353;56.490
1423;38;27;84.353;61.780
1424;27;39;8.671;17.370
1424;39;27;53.671;69.440
1425;28;29;57.156;58.420
1425;29;28;57.156;58.610
1426;28;29;55.982;67.190
1426;29;28;55.982;67.380
1427;28;30;81.496;63.720
1427;30;28;81.496;64.800
1428;28;30;75.464;52.920
1428;30;28;75.464;54.000
1429;28;30;72.790;51.870
1429;30;28;72.790;52.950
1430;28;31;57.858;53.600
1430;31;28;57.858;55.600
1431;28;32;62.705;64.060
1431;32;28;62.705;66.150
1432;28;33;122.822;49.900
1432;33;28;122.822;52.560
1433;28;34;60.801;50.940
1433;34;28;60.801;54.590
1434;28;34;63.640;66.630
1434;34;28;63.640;70.280
1435;28;35;66.487;62.310
1435;35;28;66.487;66.540
1436;28;35;70.672;65.890
1436;35;28;70.672;70.120
1437;28;36;72.411;62.060
1437;36;28;72.411;66.350
1438;28;36;75.152;65.160
1438;36;28;75.152;69.450
1439;28;36;77.995;56.710
1439;36;28;77.995;61.000
1440;28;37;76.063;53.380
1440;37;28;76.063;58.030
1441;28;38;91.777;57.330
1441;38;28;91.777;62.510
1442;28;39;22.688;23.800
1442;39;28;67.688;75.760
1443;28;39;21.525;23.240
1443;39;28;66.525;75.200
1444;29;30;70.033;51.490
1444;30;29;70.033;52.380
1445;29;31;45.760;74.950
1445;31;29;45.760;76.760
1446;29;31;45.779;68.400
1446;31;29;45.779;70.210
1447;29;31;45.811;51.120
1447;31;29;45.811;52.930
1448;29;32;50.552;57.150
1448;32;29;50.552;59.050
1449;29;33;122.853;53.100
1449;33;29;122.853;55.570
1450;29;33;129.154;60.500
1450;33;29;129.154;62.970
1451;29;33;128.691;62.890
1451;33;29;128.691;65.360
1452;29;34;60.269;62.780
1452;34;29;60.269;66.240
1453;29;35;58.977;65.310
1453;35;29;58.977;69.350
1454;29;35;61.442;52.370
1454;35;29;61.442;56.410
1455;29;36;63.593;68.900
1455;36;29;63.593;73.000
1456;29;36;65.261;57.290
1456;36;29;65.261;61.390
1457;29;36;63.587;71.840
1457;36;29;63.587;75.940
1458;29;37;80.612;67.840
1458;37;29;80.612;72.300
1459;29;38;84.749;70.510
1459;38;29;84.749;75.500
1460;29;38;82.359;51.790
1460;38;29;82.359;56.780
1461;29;39;18.520;0.110
1461;39;29;63.520;51.880
1462;30;31;69.519;59.570
1462;31;30;69.519;60.490
1463;30;31;68.192;74.210
1463;31;30;68.192;75.130
1464;30;31;65.386;59.540
1464;31;30;65.386;60.460
1465;30;32;64.951;73.380
1465;32;30;64.951;74.390
1466;30;32;65.570;74.460
1466;32;30;65.570;75.470
1467;30;32;66.579;64.510
1467;32;30;66.579;65.520
1468;30;33;118.607;51.340
1468;33;30;118.607;52.920
1469;30;33;100.346;72.770
1469;33;30;100.346;74.350
1470;30;33;121.760;52.510
1470;33;30;121.760;54.090
1471;30;34;82.336;56.130
1471;34;30;82.336;58.700
1472;30;35;74.347;49.750
1472;35;30;74.347;52.900
1473;30;35;80.884;69.890
1473;35;30;80.884;73.040
1474;30;36;58.392;63.890
1474;36;30;58.392;67.100
1475;30;36;59.685;60.810
1475;36;30;59.685;64.020
1476;30;36;55.108;49.600
1476;36;30;55.108;52.810
1477;30;37;91.214;63.170
1477;37;30;91.214;66.740
1478;30;37;91.888;72.160
1478;37;30;91.888;75.730
1479;30;37;92.657;68.450
1479;37;30;92.657;72.020
1480;30;38;90.161;49.310
1480;38;30;90.161;53.410
1481;30;39;35.994;3.540
1481;39;30;80.994;54.420
1482;31;32;49.879;55.510
1482;32;31;49.879;55.600
1483;31;32;50.740;52.170
1483;32;31;50.740;52.260
1484;31;32;48.811;56.260
1484;32;31;48.811;56.350
1485;31;33;123.211;70.410
1485;33;31;123.211;71.070
1486;31;33;126.521;70.440
1486;33;31;126.521;71.100
1487;31;33;132.240;65.300
1487;33;31;132.240;65.960
1488;31;34;60.254;68.070
1488;34;31;60.254;69.720
1489;31;34;57.958;65.240
1489;34;31;57.958;66.890
1490;31;34;62.681;71.540
1490;34;31;62.681;73.190
1491;31;35;58.464;52.730
1491;35;31;58.464;54.960
1492;31;35;57.330;59.230
1492;35;31;57.330;61.460
1493;31;36;63.455;54.940
1493;36;31;63.455;57.230
1494;31;36;63.425;53.740
1494;36;31;63.425;56.030
1495;31;36;63.577;69.170
1495;36;31;63.577;71.460
1496;31;37;81.234;66.990
1496;37;31;81.234;69.640
1497;31;37;80.614;61.760
1497;37;31;80.614;64.410
1498;31;38;84.156;58.820
1498;38;31;84.156;62.000
1499;31;38;93.481;51.330
1499;38;31;93.481;54.510
1500;31;38;90.962;51.550
1500;38;31;90.962;54.730
1501;31;39;18.196;8.310
1501;39;31;63.196;58.270
1502;32;33;123.248;69.250
1502;33;32;123.248;69.820
1503;32;33;132.054;58.730
1503;33;32;132.054;59.300
1504;32;33;126.570;51.190
1504;33;32;126.570;51.760
1505;32;34;63.193;68.300
1505;34;32;63.193;69.860
1506;32;34;60.952;53.010
1506;34;32;60.952;54.570
1507;32;35;58.365;49.120
1507;35;32;58.365;51.260
1508;32;36;60.850;64.190
1508;36;32;60.850;66.390
1509;32;37;83.597;59.990
1509;37;32;83.597;62.550
1510;32;37;89.668;49.250
1510;37;32;89.668;51.810
1511;32;38;82.659;61.820
1511;38;32;82.659;64.910
1512;32;38;76.973;66.440
1512;38;32;76.973;69.530
1513;32;38;81.365;52.310
1513;38;32;81.365;55.400
1514;32;39;19.290;6.980
1514;39;32;64.290;56.850
1515;33;34;136.887;58.280
1515;34;33;136.887;59.270
1516;33;34;153.743;60.160
1516;34;33;153.743;61.150
1517;33;34;135.422;58.260
1517;34;33;135.422;59.250
1518;33;35;136.381;64.340
1518;35;33;136.381;65.910
1519;33;35;149.397;65.240
1519;35;33;149.397;66.810
1520;33;35;135.936;52.450
1520;35;33;135.936;54.020
1521;33;36;109.575;69.580
1521;36;33;109.575;71.210
1522;33;36;110.588;64.960
1522;36;33;110.588;66.590
1523;33;36;104.360;67.650
1523;36;33;104.360;69.280
1524;33;37;93.774;58.700
1524;37;33;93.774;60.690
1525;33;37;83.705;50.060
1525;37;33;83.705;52.050
1526;33;37;105.730;53.840
1526;37;33;105.730;55.830
1527;33;38;160.337;71.010
1527;38;33;160.337;73.530
1528;33;38;188.574;71.450
1528;38;33;188.574;73.970
1529;33;39;96.367;1.320
1529;39;33;141.367;50.620
1530;34;35;55.342;63.000
1530;35;34;55.342;63.580
1531;34;35;54.161;68.480
1531;35;34;54.161;69.060
1532;34;36;78.609;54.480
1532;36;34;78.609;55.120
1533;34;36;79.709;64.830
1533;36;34;79.709;65.470
1534;34;36;86.935;69.600
1534;36;34;86.935;70.240
1535;34;37;91.577;68.110
1535;37;34;91.577;69.110
1536;34;37;81.574;60.740
1536;37;34;81.574;61.740
1537;34;37;82.662;54.900
1537;37;34;82.662;55.900
1538;34;38;76.925;70.420
1538;38;34;76.925;71.950
1539;34;38;69.855;63.120
1539;38;34;69.855;64.650
1540;34;38;73.738;53.940
1540;38;34;73.738;55.470
1541;34;39;7.648;20.230
1541;39;34;52.648;68.540
1542;34;39;7.318;15.510
1542;39;34;52.318;63.820
1543;34;39;6.406;19.340
1543;39;34;51.406;67.650
1544;35;36;73.942;52.120
1544;36;35;73.942;52.180
1545;35;37;94.405;58.020
1545;37;35;94.405;58.440
1546;35;37;102.860;71.550
1546;37;35;102.860;71.970
1547;35;37;89.799;61.280
1547;37;35;89.799;61.700
1548;35;38;70.983;51.060
1548;38;35;70.983;52.010
1549;35;39;6.651;20.580
1549;39;35;51.651;68.310
1550;35;39;5.382;20.180
1550;39;35;50.382;67.910
1551;35;39;7.905;6.470
1551;39;35;52.905;54.200
1552;36;37;77.850;68.310
1552;37;36;77.850;68.670
1553;36;37;80.303;63.990
1553;37;36;80.303;64.350
1554;36;37;72.735;51.360
1554;37;36;72.735;51.720
1555;36;38;95.905;68.880
1555;38;36;95.905;69.770
1556;36;38;92.083;57.290
1556;38;36;92.083;58.180
1557;36;39;35.108;6.670
1557;39;36;80.108;54.340
1558;36;39;31.150;4.660
1558;39;36;76.150;52.330
1559;36;39;29.027;22.280
1559;39;36;74.027;69.950
1560;37;38;120.336;59.370
1560;38;37;120.336;59.900
1561;37;38;126.652;47.910
1561;38;37;126.652;48.440
1562;37;39;52.651;18.940
1562;39;37;97.651;66.250
1563;37;39;53.770;7.480
1563;39;37;98.770;54.790
1564;38;39;24.350;13.210
1564;39;38;69.350;59.990
1565;38;39;25.932;21.780
1565;39;38;70.932;68.560
