40
540.0
0;0;1;68.796;116.720
0;1;0;23.796;16.720
1;0;1;72.403;108.120
1;1;0;27.403;8.120
2;0;1;73.763;122.490
2;1;0;28.763;22.490
3;0;2;94.491;99.380
3;2;0;49.491;1.390
4;0;2;103.222;120.780
4;2;0;58.222;22.790
5;0;2;101.558;100.540
5;2;0;56.558;2.550
6;0;3;75.107;95.940
6;3;0;30.107;9.010
7;0;3;77.577;88.830
7;3;0;32.577;1.900
8;0;4;67.688;89.520
8;4;0;22.688;6.790
9;0;4;63.664;92.400
9;4;0;18.664;9.670
10;0;4;62.254;87.870
10;4;0;17.254;5.140
11;0;5;94.508;85.210
11;5;0;49.508;3.840
12;0;6;67.496;100.230
12;6;0;22.496;20.170
13;0;6;63.935;91.400
13;6;0;18.935;11.340
14;0;6;71.198;88.450
14;6;0;26.198;8.390
15;0;7;78.232;85.590
15;7;0;33.232;5.940
16;0;8;71.736;79.350
16;8;0;26.736;0.980
17;0;9;53.647;100.450
17;9;0;8.647;24.410
18;0;9;55.051;92.930
18;9;0;10.051;16.890
19;0;9;52.763;93.700
19;9;0;7.763;17.660
20;0;10;103.284;86.830
20;10;0;58.284;11.290
21;0;11;73.285;82.340
21;11;0;28.285;7.050
22;0;12;77.509;93.510
22;12;0;32.509;18.970
23;0;13;63.196;81.570
23;13;0;18.196;8.980
24;0;13;67.356;94.960
24;13;0;22.356;22.370
25;0;14;90.309;74.030
25;14;0;45.309;1.470
26;0;14;97.012;86.360
26;14;0;52.012;13.800
27;0;15;53.671;96.300
27;15;0;8.671;23.890
28;0;16;69.972;84.100
28;16;0;24.972;12.000
29;0;16;71.563;95.540
29;16;0;26.563;23.440
30;0;17;62.194;82.320
30;17;0;17.194;10.280
31;0;17;64.185;85.180
31;17;0;19.185;13.140
32;0;18;81.549;93.530
32;18;0;36.549;21.770
33;0;19;76.387;82.100
33;19;0;31.387;11.190
34;0;19;77.939;88.490
34;19;0;32.939;17.580
35;0;19;75.095;94.350
35;19;0;30.095;23.440
36;0;20;76.884;72.490
36;20;0;31.884;2.110
37;0;21;72.562;86.970
37;21;0;27.562;17.610
38;0;21;69.852;72.960
38;21;0;24.852;3.600
39;0;22;71.770;70.820
39;22;0;26.770;1.620
40;0;22;69.919;86.950
40;22;0;24.919;17.750
41;0;22;77.005;71.800
41;22;0;32.005;2.600
42;0;23;141.367;93.010
42;23;0;96.367;24.150
43;0;23;164.772;84.480
43;23;0;119.772;15.620
44;0;23;133.904;78.720
44;23;0;88.904;9.860
45;0;24;54.829;80.840
45;24;0;9.829;12.190
46;0;25;71.416;88.040
46;25;0;26.416;19.390
47;0;25;68.147;71.380
47;25;0;23.147;2.730
48;0;26;64.222;77.620
48;26;0;19.222;10.180
49;0;26;64.649;70.950
49;26;0;19.649;3.510
50;0;26;69.018;68.110
50;26;0;24.018;0.670
51;0;27;138.673;78.590
51;27;0;93.673;12.190
52;0;27;148.535;90.020
52;27;0;103.535;23.620
53;0;28;63.520;65.270
53;28;0;18.520;2.500
54;0;28;61.520;86.660
54;28;0;16.520;23.890
55;0;29;80.108;80.650
55;29;0;35.108;18.500
56;0;29;72.771;72.690
56;29;0;27.771;10.540
57;0;29;75.459;74.910
57;29;0;30.459;12.760
58;0;30;65.827;85.490
58;30;0;20.827;23.870
59;0;30;63.054;83.260
59;30;0;18.054;21.640
60;0;31;63.686;85.420
60;31;0;18.686;23.960
61;0;31;61.791;82.160
61;31;0;16.791;20.700
62;0;31;66.250;68.180
62;31;0;21.250;6.720
63;0;32;64.290;78.800
63;32;0;19.290;17.790
64;0;32;61.905;78.160
64;32;0;16.905;17.150
65;0;32;67.688;69.910
65;32;0;22.688;8.900
66;0;33;74.975;66.140
66;33;0;29.975;7.980
67;0;33;68.343;59.390
67;33;0;23.343;1.230
68;0;33;79.032;61.660
68;33;0;34.032;3.500
69;0;34;63.520;68.340
69;34;0;18.520;10.180
70;0;34;66.710;60.120
70;34;0;21.710;1.960
71;0;34;66.456;72.960
71;34;0;21.456;14.800
72;0;35;70.336;72.340
72;35;0;25.336;14.300
73;0;36;55.043;60.830
73;36;0;10.043;2.940
74;0;36;55.328;79.670
74;36;0;10.328;21.780
75;0;37;51.651;74.350
75;37;0;6.651;16.930
76;0;37;50.335;70.610
76;37;0;5.335;13.190
77;0;38;86.795;61.890
77;38;0;41.795;4.580
78;0;39;0.000;7.300
78;39;0;0.000;7.300
79;1;2;110.336;110.490
79;2;1;110.336;112.500
80;1;3;89.354;91.140
80;3;1;89.354;104.210
81;1;4;91.481;94.590
81;4;1;91.481;111.860
82;1;5;95.417;91.080
82;5;1;95.417;109.710
83;1;5;86.423;92.630
83;5;1;86.423;111.260
84;1;5;107.681;85.270
84;5;1;107.681;103.900
85;1;6;90.080;98.040
85;6;1;90.080;117.980
86;1;6;92.913;89.120
86;6;1;92.913;109.060
87;1;7;90.169;101.430
87;7;1;90.169;121.780
88;1;7;94.114;91.740
88;7;1;94.114;112.090
89;1;8;81.092;83.300
89;8;1;81.092;104.930
90;1;9;76.730;83.700
90;9;1;76.730;107.660
91;1;10;111.860;92.760
91;10;1;111.860;117.220
92;1;10;104.611;84.230
92;10;1;104.611;108.690
93;1;11;51.988;90.620
93;11;1;51.988;115.330
94;1;11;53.439;94.350
94;11;1;53.439;119.060
95;1;11;51.809;84.210
95;11;1;51.809;108.920
96;1;12;100.131;86.740
96;12;1;100.131;112.200
97;1;12;96.330;94.550
97;12;1;96.330;120.010
98;1;12;110.556;85.530
98;12;1;110.556;110.990
99;1;13;84.989;89.880
99;13;1;84.989;117.290
100;1;13;81.411;94.040
100;13;1;81.411;121.450
101;1;13;75.300;96.440
101;13;1;75.300;123.850
102;1;14;113.670;74.960
102;14;1;113.670;102.400
103;1;14;130.596;72.890
103;14;1;130.596;100.330
104;1;14;121.747;74.280
104;14;1;121.747;101.720
105;1;15;77.461;87.710
105;15;1;77.461;115.300
106;1;15;78.966;92.630
106;15;1;78.966;120.220
107;1;15;73.535;96.650
107;15;1;73.535;124.240
108;1;16;79.321;76.640
108;16;1;79.321;104.540
109;1;16;71.027;84.630
109;16;1;71.027;112.530
110;1;16;78.546;88.930
110;16;1;78.546;116.830
111;1;17;84.892;89.010
111;17;1;84.892;116.970
112;1;17;81.197;76.850
112;17;1;81.197;104.810
113;1;18;91.542;89.950
113;18;1;91.542;118.190
114;1;19;53.115;88.750
114;19;1;53.115;117.840
115;1;20;100.020;80.320
115;20;1;100.020;109.940
116;1;20;106.540;95.110
116;20;1;106.540;124.730
117;1;21;86.226;83.340
117;21;1;86.226;113.980
118;1;21;91.030;79.240
118;21;1;91.030;109.880
119;1;22;83.599;86.350
119;22;1;83.599;117.150
120;1;23;162.144;71.390
120;23;1;162.144;102.530
121;1;23;180.036;69.360
121;23;1;180.036;100.500
122;1;23;178.172;70.180
122;23;1;178.172;101.320
123;1;24;74.708;89.280
123;24;1;74.708;120.630
124;1;24;72.141;92.620
124;24;1;72.141;123.970
125;1;25;82.919;84.790
125;25;1;82.919;116.140
126;1;25;79.211;69.370
126;25;1;79.211;100.720
127;1;26;64.619;71.530
127;26;1;64.619;104.090
128;1;26;60.674;91.580
128;26;1;60.674;124.140
129;1;27;142.123;81.020
129;27;1;142.123;114.620
130;1;27;165.689;85.910
130;27;1;165.689;119.510
131;1;28;85.525;86.830
131;28;1;85.525;124.060
132;1;29;98.025;67.500
132;29;1;98.025;105.350
133;1;29;100.332;81.810
133;29;1;100.332;119.660
134;1;29;106.873;86.770
134;29;1;106.873;124.620
135;1;30;82.779;84.470
135;30;1;82.779;122.850
136;1;30;91.999;73.420
136;30;1;91.999;111.800
137;1;30;84.026;63.260
137;30;1;84.026;101.640
138;1;31;86.065;85.630
138;31;1;86.065;124.170
139;1;31;93.472;65.580
139;31;1;93.472;104.120
140;1;31;81.008;78.370
140;31;1;81.008;116.910
141;1;32;84.024;78.870
141;32;1;84.024;117.860
142;1;32;80.869;79.600
142;32;1;80.869;118.590
143;1;33;84.495;79.460
143;33;1;84.495;121.300
144;1;33;83.916;74.750
144;33;1;83.916;116.590
145;1;34;85.525;66.710
145;34;1;85.525;108.550
146;1;35;53.171;77.120
146;35;1;53.171;119.080
147;1;36;78.565;59.740
147;36;1;78.565;101.850
148;1;37;71.558;78.460
148;37;1;71.558;121.040
149;1;37;77.289;72.820
149;37;1;77.289;115.400
150;1;38;93.633;81.630
150;38;1;93.633;124.320
151;1;39;23.796;4.510
151;39;1;68.796;104.510
152;1;39;26.192;7.860
152;39;1;71.192;107.860
153;2;3;65.984;96.150
153;3;2;65.984;107.210
154;2;3;61.170;99.720
154;3;2;61.170;110.780
155;2;4;86.520;104.130
155;4;2;86.520;119.390
156;2;4;91.308;91.570
156;4;2;91.308;106.830
157;2;4;81.990;89.950
157;4;2;81.990;105.210
158;2;5;81.911;88.610
158;5;2;81.911;105.230
159;2;6;77.528;100.490
159;6;2;77.528;118.420
160;2;7;65.896;82.650
160;7;2;65.896;100.990
161;2;7;62.066;89.760
161;7;2;62.066;108.100
162;2;8;74.997;89.560
162;8;2;74.997;109.180
163;2;8;72.500;94.810
163;8;2;72.500;114.430
164;2;9;87.276;88.140
164;9;2;87.276;110.090
165;2;9;78.653;100.610
165;9;2;78.653;122.560
166;2;9;87.601;82.630
166;9;2;87.601;104.580
167;2;10;66.975;79.860
167;10;2;66.975;102.310
168;2;10;67.010;87.290
168;10;2;67.010;109.740
169;2;11;117.069;90.100
169;11;2;117.069;112.800
170;2;11;130.241;95.240
170;11;2;130.241;117.940
171;2;12;74.022;86.130
171;12;2;74.022;109.580
172;2;13;78.322;82.760
172;13;2;78.322;108.160
173;2;13;83.059;96.340
173;13;2;83.059;121.740
174;2;14;80.955;84.100
174;14;2;80.955;109.530
175;2;14;86.551;72.950
175;14;2;86.551;98.380
176;2;14;80.306;81.180
176;14;2;80.306;106.610
177;2;15;90.133;77.370
177;15;2;90.133;102.950
178;2;16;76.517;88.970
178;16;2;76.517;114.860
179;2;16;75.039;72.960
179;16;2;75.039;98.850
180;2;17;80.845;85.960
180;17;2;80.845;111.910
181;2;17;85.287;77.560
181;17;2;85.287;103.510
182;2;17;72.699;76.850
182;17;2;72.699;102.800
183;2;18;66.570;87.820
183;18;2;66.570;114.050
184;2;18;67.275;85.720
184;18;2;67.275;111.950
185;2;19;114.299;93.770
185;19;2;114.299;120.850
186;2;19;112.069;86.410
186;19;2;112.069;113.490
187;2;19;112.959;77.280
187;19;2;112.959;104.360
188;2;20;77.378;94.870
188;20;2;77.378;122.480
189;2;20;79.945;89.650
189;20;2;79.945;117.260
190;2;20;70.099;71.310
190;20;2;70.099;98.920
191;2;21;69.109;81.640
191;21;2;69.109;110.270
192;2;21;67.563;75.130
192;21;2;67.563;103.760
193;2;21;66.170;93.920
193;21;2;66.170;122.550
194;2;22;71.892;81.080
194;22;2;71.892;109.870
195;2;22;77.589;70.400
195;22;2;77.589;99.190
196;2;22;77.558;70.340
196;22;2;77.558;99.130
197;2;23;100.850;82.270
197;23;2;100.850;111.400
198;2;23;105.812;81.890
198;23;2;105.812;111.020
199;2;24;84.694;90.260
199;24;2;84.694;119.600
200;2;24;91.383;75.420
200;24;2;91.383;104.760
201;2;25;72.608;87.520
201;25;2;72.608;116.860
202;2;25;68.554;74.650
202;25;2;68.554;103.990
203;2;25;74.216;75.690
203;25;2;74.216;105.030
204;2;26;113.662;67.710
204;26;2;113.662;98.260
205;2;27;102.209;67.550
205;27;2;102.209;99.140
206;2;28;78.457;80.390
206;28;2;78.457;115.610
207;2;29;59.867;62.420
207;29;2;59.867;98.260
208;2;29;63.416;69.680
208;29;2;63.416;105.520
209;2;29;63.059;86.050
209;29;2;63.059;121.890
210;2;30;73.902;71.230
210;30;2;73.902;107.600
211;2;30;81.011;68.910
211;30;2;81.011;105.280
212;2;31;79.129;65.330
212;31;2;79.129;101.860
213;2;32;75.463;83.440
213;32;2;75.463;120.420
214;2;33;72.129;68.530
214;33;2;72.129;108.360
215;2;34;78.457;78.290
215;34;2;78.457;118.120
216;2;34;79.353;64.860
216;34;2;79.353;104.690
217;2;34;76.422;66.390
217;34;2;76.422;106.220
218;2;35;105.577;82.050
218;35;2;105.577;122.000
219;2;35;109.061;61.670
219;35;2;109.061;101.620
220;2;35;112.881;68.890
220;35;2;112.881;108.840
221;2;36;92.682;64.040
221;36;2;92.682;104.140
222;2;37;88.091;77.460
222;37;2;88.091;118.030
223;2;37;88.187;81.210
223;37;2;88.187;121.780
224;2;37;77.769;66.540
224;37;2;77.769;107.110
225;2;38;70.235;58.060
225;38;2;70.235;98.740
226;2;39;49.491;1.790
226;39;2;94.491;99.780
227;2;39;44.519;0.500
227;39;2;89.519;98.490
228;3;4;75.314;106.770
228;4;3;75.314;110.970
229;3;5;73.717;93.330
229;5;3;73.717;98.890
230;3;5;72.042;97.860
230;5;3;72.042;103.420
231;3;5;71.117;87.460
231;5;3;71.117;93.020
232;3;6;65.740;85.220
232;6;3;65.740;92.090
233;3;6;69.448;92.360
233;6;3;69.448;99.230
234;3;7;49.830;99.660
234;7;3;49.830;106.940
235;3;8;55.054;94.340
235;8;3;55.054;102.900
236;3;9;69.444;79.530
236;9;3;69.444;90.420
237;3;10;74.047;89.510
237;10;3;74.047;100.900
238;3;11;96.088;75.640
238;11;3;96.088;87.280
239;3;12;69.601;97.260
239;12;3;69.601;109.650
240;3;12;70.125;93.970
240;12;3;70.125;106.360
241;3;12;72.826;85.260
241;12;3;72.826;97.650
242;3;13;63.125;94.680
242;13;3;63.125;109.020
243;3;13;66.255;93.540
243;13;3;66.255;107.880
244;3;13;65.349;82.000
244;13;3;65.349;96.340
245;3;14;82.998;89.350
245;14;3;82.998;103.720
246;3;14;84.552;85.270
246;14;3;84.552;99.640
247;3;14;84.457;94.160
247;14;3;84.457;108.530
248;3;15;72.936;80.350
248;15;3;72.936;94.870
249;3;15;67.798;83.990
249;15;3;67.798;98.510
250;3;16;56.138;91.300
250;16;3;56.138;106.130
251;3;16;54.438;82.100
251;16;3;54.438;96.930
252;3;16;55.918;87.480
252;16;3;55.918;102.310
253;3;17;66.053;93.630
253;17;3;66.053;108.520
254;3;18;54.238;95.660
254;18;3;54.238;110.830
255;3;18;52.736;73.130
255;18;3;52.736;88.300
256;3;19;93.521;84.450
256;19;3;93.521;100.470
257;3;19;101.100;88.200
257;19;3;101.100;104.220
258;3;19;87.778;77.390
258;19;3;87.778;93.410
259;3;20;72.199;79.680
259;20;3;72.199;96.230
260;3;20;72.050;84.050
260;20;3;72.050;100.600
261;3;21;48.134;75.730
261;21;3;48.134;93.300
262;3;21;47.881;79.770
262;21;3;47.881;97.340
263;3;22;51.317;70.460
263;22;3;51.317;88.190
264;3;23;119.701;93.370
264;23;3;119.701;111.440
265;3;23;103.045;82.500
265;23;3;103.045;100.570
266;3;23;137.249;75.890
266;23;3;137.249;93.960
267;3;24;65.413;88.310
267;24;3;65.413;106.590
268;3;24;63.555;82.840
268;24;3;63.555;101.120
269;3;24;60.359;74.480
269;24;3;60.359;92.760
270;3;25;52.058;89.550
270;25;3;52.058;107.830
271;3;25;51.474;89.290
271;25;3;51.474;107.570
272;3;25;51.436;85.110
272;25;3;51.436;103.390
273;3;26;93.824;68.940
273;26;3;93.824;88.430
274;3;27;110.940;81.560
274;27;3;110.940;102.090
275;3;28;63.660;77.580
275;28;3;63.660;101.740
276;3;28;59.492;87.560
276;28;3;59.492;111.720
277;3;28;59.352;77.220
277;28;3;59.352;101.380
278;3;29;55.896;75.630
278;29;3;55.896;100.410
279;3;29;55.300;75.300
279;29;3;55.300;100.080
280;3;29;57.171;80.010
280;29;3;57.171;104.790
281;3;30;54.569;63.420
281;30;3;54.569;88.730
282;3;30;53.128;66.210
282;30;3;53.128;91.520
283;3;30;53.118;76.650
283;30;3;53.118;101.960
284;3;31;64.813;76.380
284;31;3;64.813;101.850
285;3;31;64.570;69.840
285;31;3;64.570;95.310
286;3;32;58.515;80.380
286;32;3;58.515;106.300
287;3;33;53.554;63.650
287;33;3;53.554;92.420
288;3;34;63.660;73.930
288;34;3;63.660;102.700
289;3;34;63.038;59.140
289;34;3;63.038;87.910
290;3;34;67.463;61.640
290;34;3;67.463;90.410
291;3;35;84.813;80.140
291;35;3;84.813;109.030
292;3;35;86.901;82.890
292;35;3;86.901;111.780
293;3;36;76.032;62.650
293;36;3;76.032;91.690
294;3;36;81.189;70.640
294;36;3;81.189;99.680
295;3;37;68.466;67.650
295;37;3;68.466;97.160
296;3;38;61.410;79.420
296;38;3;61.410;109.040
297;3;39;30.107;3.860
297;39;3;75.107;90.790
298;3;39;31.900;15.230
298;39;3;76.900;102.160
299;4;5;103.016;92.410
299;5;4;103.016;93.770
300;4;6;54.749;103.060
300;6;4;54.749;105.730
301;4;7;80.092;100.320
301;7;4;80.092;103.400
302;4;8;79.348;95.990
302;8;4;79.348;100.350
303;4;9;60.381;78.940
303;9;4;60.381;85.630
304;4;10;103.017;91.270
304;10;4;103.017;98.460
305;4;10;93.754;79.070
305;10;4;93.754;86.260
306;4;10;100.416;89.050
306;10;4;100.416;96.240
307;4;11;95.763;97.770
307;11;4;95.763;105.210
308;4;12;59.400;96.060
308;12;4;59.400;104.250
309;4;12;62.928;76.080
309;12;4;62.928;84.270
310;4;13;57.858;80.300
310;13;4;57.858;90.440
311;4;13;55.101;77.240
311;13;4;55.101;87.380
312;4;13;57.318;92.790
312;13;4;57.318;102.930
313;4;14;68.621;86.370
313;14;4;68.621;96.540
314;4;15;59.020;81.450
314;15;4;59.020;91.770
315;4;15;59.617;74.210
315;15;4;59.617;84.530
316;4;16;78.502;94.600
316;16;4;78.502;105.230
317;4;16;86.649;74.430
317;16;4;86.649;85.060
318;4;16;76.878;79.190
318;16;4;76.878;89.820
319;4;17;55.323;76.880
319;17;4;55.323;87.570
320;4;17;57.291;92.060
320;17;4;57.291;102.750
321;4;17;56.221;93.910
321;17;4;56.221;104.600
322;4;18;84.488;92.750
322;18;4;84.488;103.720
323;4;19;98.965;95.790
323;19;4;98.965;107.610
324;4;19;86.489;87.930
324;19;4;86.489;99.750
325;4;20;57.000;88.130
325;20;4;57.000;100.480
326;4;20;54.862;89.130
326;20;4;54.862;101.480
327;4;21;74.821;86.510
327;21;4;74.821;99.880
328;4;21;70.925;88.650
328;21;4;70.925;102.020
329;4;21;72.166;76.320
329;21;4;72.166;89.690
330;4;22;76.705;80.380
330;22;4;76.705;93.910
331;4;22;76.537;87.730
331;22;4;76.537;101.260
332;4;23;122.822;75.610
332;23;4;122.822;89.480
333;4;23;115.099;79.390
333;23;4;115.099;93.260
334;4;24;64.811;70.970
334;24;4;64.811;85.050
335;4;25;76.911;70.910
335;25;4;76.911;84.990
336;4;25;74.361;75.100
336;25;4;74.361;89.180
337;4;25;70.726;93.300
337;25;4;70.726;107.380
338;4;26;82.763;72.540
338;26;4;82.763;87.830
339;4;27;140.389;68.160
339;27;4;140.389;84.490
340;4;27;154.803;67.820
340;27;4;154.803;84.150
341;4;28;57.156;85.420
341;28;4;57.156;105.380
342;4;29;72.411;74.250
342;29;4;72.411;94.830
343;4;29;76.516;78.890
343;29;4;76.516;99.470
344;4;29;66.366;71.550
344;29;4;66.366;92.130
345;4;30;67.821;81.000
345;30;4;67.821;102.110
346;4;31;55.905;79.050
346;31;4;55.905;100.320
347;4;31;58.276;71.810
347;31;4;58.276;93.080
348;4;31;56.203;81.950
348;31;4;56.203;103.220
349;4;32;62.705;71.710
349;32;4;62.705;93.430
350;4;33;80.915;69.720
350;33;4;80.915;94.290
351;4;33;83.999;59.720
351;33;4;83.999;84.290
352;4;33;73.011;58.670
352;33;4;73.011;83.240
353;4;34;57.156;82.120
353;34;4;57.156;106.690
354;4;34;57.324;65.320
354;34;4;57.324;89.890
355;4;34;58.014;73.270
355;34;4;58.014;97.840
356;4;35;92.282;60.510
356;35;4;92.282;85.200
357;4;35;80.650;67.600
357;35;4;80.650;92.290
358;4;36;58.441;66.490
358;36;4;58.441;91.330
359;4;36;56.718;69.640
359;36;4;56.718;94.480
360;4;37;66.487;68.520
360;37;4;66.487;93.830
361;4;37;69.910;59.510
361;37;4;69.910;84.820
362;4;37;71.652;71.950
362;37;4;71.652;97.260
363;4;38;91.542;57.940
363;38;4;91.542;83.360
364;4;38;84.126;82.060
364;38;4;84.126;107.480
365;4;38;82.932;70.310
365;38;4;82.932;95.730
366;4;39;22.688;24.300
366;39;4;67.688;107.030
367;4;39;17.435;24.270
367;39;4;62.435;107.000
368;5;6;93.924;97.050
368;6;5;93.924;98.360
369;5;6;102.555;90.660
369;6;5;102.555;91.970
370;5;7;69.021;94.820
370;7;5;69.021;96.540
371;5;8;69.134;97.230
371;8;5;69.134;100.230
372;5;8;68.450;101.120
372;8;5;68.450;104.120
373;5;8;70.816;98.850
373;8;5;70.816;101.850
374;5;9;92.906;90.880
374;9;5;92.906;96.210
375;5;10;67.443;80.100
375;10;5;67.443;85.930
376;5;10;69.020;87.200
376;10;5;69.020;93.030
377;5;11;102.108;92.640
377;11;5;102.108;98.720
378;5;12;98.228;82.540
378;12;5;98.228;89.370
379;5;13;90.195;93.450
379;13;5;90.195;102.230
380;5;14;110.986;94.430
380;14;5;110.986;103.240
381;5;14;125.791;88.500
381;14;5;125.791;97.310
382;5;14;95.833;97.420
382;14;5;95.833;106.230
383;5;15;96.604;95.740
383;15;5;96.604;104.700
384;5;15;98.638;93.980
384;15;5;98.638;102.940
385;5;16;70.455;86.280
385;16;5;70.455;95.550
386;5;16;75.473;82.670
386;16;5;75.473;91.940
387;5;16;74.778;85.250
387;16;5;74.778;94.520
388;5;17;92.930;82.190
388;17;5;92.930;91.520
389;5;17;83.915;79.640
389;17;5;83.915;88.970
390;5;18;64.858;94.990
390;18;5;64.858;104.600
391;5;19;94.934;76.590
391;19;5;94.934;87.050
392;5;20;100.908;82.470
392;20;5;100.908;93.460
393;5;21;73.380;73.560
393;21;5;73.380;85.570
394;5;22;71.323;73.420
394;22;5;71.323;85.590
395;5;22;72.236;77.190
395;22;5;72.236;89.360
396;5;22;67.059;79.570
396;22;5;67.059;91.740
397;5;23;136.357;84.810
397;23;5;136.357;97.320
398;5;23;139.185;90.240
398;23;5;139.185;102.750
399;5;24;87.406;87.850
399;24;5;87.406;100.570
400;5;24;84.065;78.330
400;24;5;84.065;91.050
401;5;24;97.186;69.680
401;24;5;97.186;82.400
402;5;25;71.164;82.700
402;25;5;71.164;95.420
403;5;26;108.856;83.010
403;26;5;108.856;96.940
404;5;26;120.290;81.690
404;26;5;120.290;95.620
405;5;26;110.643;89.060
405;26;5;110.643;102.990
406;5;27;91.711;91.010
406;27;5;91.711;105.980
407;5;28;90.875;70.830
407;28;5;90.875;89.430
408;5;29;82.429;62.710
408;29;5;82.429;81.930
409;5;29;80.088;63.220
409;29;5;80.088;82.440
410;5;29;81.079;69.510
410;29;5;81.079;88.730
411;5;30;80.236;67.980
411;30;5;80.236;87.730
412;5;30;82.150;78.570
412;30;5;82.150;98.320
413;5;30;71.732;80.110
413;30;5;71.732;99.860
414;5;31;92.122;82.960
414;31;5;92.122;102.870
415;5;32;85.323;71.370
415;32;5;85.323;91.730
416;5;32;78.360;82.170
416;32;5;78.360;102.530
417;5;33;67.112;63.980
417;33;5;67.112;87.190
418;5;33;65.474;71.990
418;33;5;65.474;95.200
419;5;34;90.875;61.470
419;34;5;90.875;84.680
420;5;34;90.999;80.710
420;34;5;90.999;103.920
421;5;35;87.680;74.960
421;35;5;87.680;98.290
422;5;35;97.046;79.010
422;35;5;97.046;102.340
423;5;36;99.891;69.310
423;36;5;99.891;92.790
424;5;37;88.814;63.270
424;37;5;88.814;87.220
425;5;38;57.957;58.040
425;38;5;57.957;82.100
426;5;38;58.538;63.860
426;38;5;58.538;87.920
427;5;39;49.508;11.690
427;39;5;94.508;93.060
428;5;39;52.726;14.470
428;39;5;97.726;95.840
429;6;7;70.556;100.400
429;7;6;70.556;100.810
430;6;7;75.745;85.600
430;7;6;75.745;86.010
431;6;8;70.880;94.240
431;8;6;70.880;95.930
432;6;8;77.298;97.280
432;8;6;77.298;98.970
433;6;8;70.149;85.920
433;8;6;70.149;87.610
434;6;9;58.852;100.390
434;9;6;58.852;104.410
435;6;9;59.940;91.900
435;9;6;59.940;95.920
436;6;10;93.284;77.920
436;10;6;93.284;82.440
437;6;11;95.384;91.200
437;11;6;95.384;95.970
438;6;11;87.098;81.310
438;11;6;87.098;86.080
439;6;11;88.269;97.760
439;11;6;88.269;102.530
440;6;12;55.085;77.000
440;12;6;55.085;82.520
441;6;12;52.682;75.210
441;12;6;52.682;80.730
442;6;12;54.452;98.060
442;12;6;54.452;103.580
443;6;13;50.468;85.190
443;13;6;50.468;92.660
444;6;13;49.893;76.020
444;13;6;49.893;83.490
445;6;13;51.771;85.290
445;13;6;51.771;92.760
446;6;14;68.888;97.380
446;14;6;68.888;104.880
447;6;14;74.813;88.750
447;14;6;74.813;96.250
448;6;14;63.221;96.860
448;14;6;63.221;104.360
449;6;15;59.979;73.800
449;15;6;59.979;81.450
450;6;15;58.216;85.910
450;15;6;58.216;93.560
451;6;15;59.236;73.520
451;15;6;59.236;81.170
452;6;16;70.339;78.700
452;16;6;70.339;86.660
453;6;17;50.307;80.750
453;17;6;50.307;88.770
454;6;17;50.988;91.120
454;17;6;50.988;99.140
455;6;18;74.967;91.890
455;18;6;74.967;100.190
456;6;19;96.814;84.850
456;19;6;96.814;94.000
457;6;19;91.559;81.070
457;19;6;91.559;90.220
458;6;19;91.782;77.900
458;19;6;91.782;87.050
459;6;20;55.181;84.710
459;20;6;55.181;94.390
460;6;20;54.615;78.140
460;20;6;54.615;87.820
461;6;20;53.464;75.690
461;20;6;53.464;85.370
462;6;21;65.552;77.500
462;21;6;65.552;88.200
463;6;22;67.821;90.570
463;22;6;67.821;101.430
464;6;23;119.040;75.970
464;23;6;119.040;87.170
465;6;23;125.314;72.040
465;23;6;125.314;83.240
466;6;23;115.529;71.950
466;23;6;115.529;83.150
467;6;24;60.606;70.870
467;24;6;60.606;82.280
468;6;25;68.133;79.510
468;25;6;68.133;90.920
469;6;25;64.135;88.810
469;25;6;64.135;100.220
470;6;26;85.599;83.870
470;26;6;85.599;96.490
471;6;26;76.293;80.580
471;26;6;76.293;93.200
472;6;26;92.704;92.060
472;26;6;92.704;104.680
473;6;27;130.650;72.460
473;27;6;130.650;86.120
474;6;28;49.777;81.650
474;28;6;49.777;98.940
475;6;29;62.990;62.310
475;29;6;62.990;80.220
476;6;30;59.254;68.480
476;30;6;59.254;86.920
477;6;30;57.300;76.190
477;30;6;57.300;94.630
478;6;31;49.023;71.440
478;31;6;49.023;90.040
479;6;31;49.337;81.000
479;31;6;49.337;99.600
480;6;32;54.290;79.560
480;32;6;54.290;98.610
481;6;32;56.115;81.790
481;32;6;56.115;100.840
482;6;33;71.979;63.020
482;33;6;71.979;84.920
483;6;33;76.023;71.710
483;33;6;76.023;93.610
484;6;34;49.777;80.770
484;34;6;49.777;102.670
485;6;34;49.575;66.810
485;34;6;49.575;88.710
486;6;34;50.177;77.350
486;34;6;50.177;99.250
487;6;35;89.188;64.430
487;35;6;89.188;86.450
488;6;35;100.027;67.700
488;35;6;100.027;89.720
489;6;35;82.514;77.240
489;35;6;82.514;99.260
490;6;36;61.512;67.500
490;36;6;61.512;89.670
491;6;37;63.534;64.690
491;37;6;63.534;87.330
492;6;38;82.094;79.910
492;38;6;82.094;102.660
493;6;38;88.607;63.780
493;38;6;88.607;86.530
494;6;38;83.736;67.730
494;38;6;83.736;90.480
495;6;39;22.496;22.830
495;39;6;67.496;102.890
496;7;8;54.199;88.490
496;8;7;54.199;89.770
497;7;9;73.348;92.090
497;9;7;73.348;95.700
498;7;9;71.847;93.680
498;9;7;71.847;97.290
499;7;10;70.157;83.910
499;10;7;70.157;88.020
500;7;11;97.055;77.250
500;11;7;97.055;81.610
501;7;11;107.046;78.960
501;11;7;107.046;83.320
502;7;11;88.332;87.270
502;11;7;88.332;91.630
503;7;12;74.210;84.000
503;12;7;74.210;89.110
504;7;12;81.194;87.650
504;12;7;81.194;92.760
505;7;13;67.745;92.300
505;13;7;67.745;99.360
506;7;13;70.688;84.390
506;13;7;70.688;91.450
507;7;14;87.271;85.510
507;14;7;87.271;92.600
508;7;14;88.353;83.390
508;14;7;88.353;90.480
509;7;15;76.950;89.120
509;15;7;76.950;96.360
510;7;15;79.796;85.230
510;15;7;79.796;92.470
511;7;16;55.870;79.820
511;16;7;55.870;87.370
512;7;16;57.277;83.690
512;16;7;57.277;91.240
513;7;16;55.378;82.800
513;16;7;55.378;90.350
514;7;17;70.659;93.290
514;17;7;70.659;100.900
515;7;18;49.411;92.300
515;18;7;49.411;100.190
516;7;18;50.432;78.340
516;18;7;50.432;86.230
517;7;18;49.990;87.740
517;18;7;49.990;95.630
518;7;19;93.597;77.280
518;19;7;93.597;86.020
519;7;19;83.172;79.610
519;19;7;83.172;88.350
520;7;20;76.901;74.610
520;20;7;76.901;83.880
521;7;20;82.587;81.470
521;20;7;82.587;90.740
522;7;21;50.893;76.230
522;21;7;50.893;86.520
523;7;21;49.587;84.700
523;21;7;49.587;94.990
524;7;22;51.816;87.190
524;22;7;51.816;97.640
525;7;22;50.229;73.340
525;22;7;50.229;83.790
526;7;23;121.063;79.800
526;23;7;121.063;90.590
527;7;24;68.842;73.780
527;24;7;68.842;84.780
528;7;25;52.399;79.900
528;25;7;52.399;90.900
529;7;25;53.182;72.760
529;25;7;53.182;83.760
530;7;25;53.244;85.400
530;25;7;53.244;96.400
531;7;26;96.433;78.810
531;26;7;96.433;91.020
532;7;26;93.155;91.110
532;26;7;93.155;103.320
533;7;26;103.497;77.990
533;26;7;103.497;90.200
534;7;27;106.618;78.230
534;27;7;106.618;91.480
535;7;27;94.481;77.970
535;27;7;94.481;91.220
536;7;27;119.478;71.920
536;27;7;119.478;85.170
537;7;28;68.314;64.030
537;28;7;68.314;80.910
538;7;28;67.800;74.510
538;28;7;67.800;91.390
539;7;29;59.211;71.960
539;29;7;59.211;89.460
540;7;30;58.572;81.930
540;30;7;58.572;99.960
541;7;30;59.823;83.080
541;30;7;59.823;101.110
542;7;30;59.608;73.730
542;30;7;59.608;91.760
543;7;31;69.494;71.590
543;31;7;69.494;89.780
544;7;31;64.513;79.010
544;31;7;64.513;97.200
545;7;32;63.012;70.380
545;32;7;63.012;89.020
546;7;32;59.918;78.770
546;32;7;59.918;97.410
547;7;33;51.249;70.030
547;33;7;51.249;91.520
548;7;33;51.294;71.320
548;33;7;51.294;92.810
549;7;33;51.636;79.500
549;33;7;51.636;100.990
550;7;34;68.314;58.600
550;34;7;68.314;80.090
551;7;34;68.230;81.870
551;34;7;68.230;103.360
552;7;35;84.886;59.860
552;35;7;84.886;81.470
553;7;36;80.128;65.080
553;36;7;80.128;86.840
554;7;37;71.600;75.890
554;37;7;71.600;98.120
555;7;38;56.583;69.980
555;38;7;56.583;92.320
556;7;38;55.802;65.850
556;38;7;55.802;88.190
557;7;38;54.913;71.320
557;38;7;54.913;93.660
558;7;39;33.232;4.400
558;39;7;78.232;84.050
559;7;39;29.976;2.780
559;39;7;74.976;82.430
560;7;39;33.364;15.040
560;39;7;78.364;94.690
561;8;9;68.890;98.330
561;9;8;68.890;100.660
562;8;10;77.227;91.010
562;10;8;77.227;93.840
563;8;10;79.965;91.630
563;10;8;79.965;94.460
564;8;11;88.017;99.530
564;11;8;88.017;102.610
565;8;12;77.326;87.550
565;12;8;77.326;91.380
566;8;13;66.505;94.240
566;13;8;66.505;100.020
567;8;13;70.077;88.240
567;13;8;70.077;94.020
568;8;13;62.202;87.880
568;13;8;62.202;93.660
569;8;14;91.477;86.210
569;14;8;91.477;92.020
570;8;14;86.685;88.970
570;14;8;86.685;94.780
571;8;15;72.607;79.880
571;15;8;72.607;85.840
572;8;16;46.897;85.990
572;16;8;46.897;92.260
573;8;16;46.992;73.510
573;16;8;46.992;79.780
574;8;17;69.083;85.250
574;17;8;69.083;91.580
575;8;18;55.686;89.710
575;18;8;55.686;96.320
576;8;18;56.641;78.340
576;18;8;56.641;84.950
577;8;18;56.768;86.620
577;18;8;56.768;93.230
578;8;19;84.399;89.410
578;19;8;84.399;96.870
579;8;20;79.368;78.450
579;20;8;79.368;86.440
580;8;21;52.406;89.080
580;21;8;52.406;98.090
581;8;22;48.909;80.670
581;22;8;48.909;89.840
582;8;22;48.967;69.690
582;22;8;48.967;78.860
583;8;23;129.631;75.750
583;23;8;129.631;85.260
584;8;23;146.597;78.060
584;23;8;146.597;87.570
585;8;23;123.706;70.180
585;23;8;123.706;79.690
586;8;24;63.528;92.300
586;24;8;63.528;102.020
587;8;24;60.635;80.650
587;24;8;60.635;90.370
588;8;24;58.937;91.940
588;24;8;58.937;101.660
589;8;25;48.248;72.070
589;25;8;48.248;81.790
590;8;25;48.572;84.870
590;25;8;48.572;94.590
591;8;26;88.764;90.130
591;26;8;88.764;101.060
592;8;26;78.914;76.050
592;26;8;78.914;86.980
593;8;27;111.937;88.610
593;27;8;111.937;100.580
594;8;27;105.044;75.290
594;27;8;105.044;87.260
595;8;27;96.342;67.710
595;27;8;96.342;79.680
596;8;28;67.227;65.300
596;28;8;67.227;80.900
597;8;28;68.052;76.520
597;28;8;68.052;92.120
598;8;28;63.459;77.680
598;28;8;63.459;93.280
599;8;29;65.863;70.060
599;29;8;65.863;86.280
600;8;30;56.648;79.060
600;30;8;56.648;95.810
601;8;31;68.479;75.190
601;31;8;68.479;92.100
602;8;31;63.999;71.750
602;31;8;63.999;88.660
603;8;32;61.748;82.820
603;32;8;61.748;100.180
604;8;33;48.532;71.870
604;33;8;48.532;92.080
605;8;33;48.815;60.840
605;33;8;48.815;81.050
606;8;34;67.227;79.000
606;34;8;67.227;99.210
607;8;34;63.010;69.460
607;34;8;63.010;89.670
608;8;35;75.687;71.070
608;35;8;75.687;91.400
609;8;36;75.900;74.510
609;36;8;75.900;94.990
610;8;37;65.445;74.100
610;37;8;65.445;95.050
611;8;38;60.062;79.950
611;38;8;60.062;101.010
612;8;38;56.595;63.200
612;38;8;56.595;84.260
613;8;38;61.184;63.690
613;38;8;61.184;84.750
614;8;39;26.736;16.090
614;39;8;71.736;94.460
615;8;39;32.180;13.060
615;39;8;77.180;91.430
616;8;39;31.225;19.710
616;39;8;76.225;98.080
617;9;10;98.422;78.450
617;10;9;98.422;78.950
618;9;10;110.599;89.290
618;10;9;110.599;89.790
619;9;11;81.692;88.090
619;11;9;81.692;88.840
620;9;11;84.156;81.700
620;11;9;84.156;82.450
621;9;11;85.741;88.210
621;11;9;85.741;88.960
622;9;12;68.885;84.080
622;12;9;68.885;85.580
623;9;13;54.733;82.190
623;13;9;54.733;85.640
624;9;14;81.967;92.100
624;14;9;81.967;95.580
625;9;14;80.072;83.930
625;14;9;80.072;87.410
626;9;14;82.664;75.030
626;14;9;82.664;78.510
627;9;15;48.720;75.670
627;15;9;48.720;79.300
628;9;16;67.456;90.570
628;16;9;67.456;94.510
629;9;16;64.500;96.520
629;16;9;64.500;100.460
630;9;17;53.547;86.830
630;17;9;53.547;90.830
631;9;17;55.106;72.870
631;17;9;55.106;76.870
632;9;17;55.472;76.240
632;17;9;55.472;80.240
633;9;18;77.233;91.870
633;18;9;77.233;96.150
634;9;18;71.168;72.830
634;18;9;71.168;77.110
635;9;19;83.904;95.900
635;19;9;83.904;101.030
636;9;20;68.397;94.590
636;20;9;68.397;100.250
637;9;20;67.790;81.950
637;20;9;67.790;87.610
638;9;21;67.457;88.190
638;21;9;67.457;94.870
639;9;21;63.288;89.880
639;21;9;63.288;96.560
640;9;22;67.698;78.490
640;22;9;67.698;85.330
641;9;22;62.394;83.600
641;22;9;62.394;90.440
642;9;23;132.759;82.750
642;23;9;132.759;89.930
643;9;23;128.176;92.220
643;23;9;128.176;99.400
644;9;23;147.450;77.350
644;23;9;147.450;84.530
645;9;24;50.626;80.910
645;24;9;50.626;88.300
646;9;24;49.248;87.730
646;24;9;49.248;95.120
647;9;25;67.563;74.380
647;25;9;67.563;81.770
648;9;26;72.272;87.920
648;26;9;72.272;96.520
649;9;26;72.157;79.760
649;26;9;72.157;88.360
650;9;27;134.874;86.780
650;27;9;134.874;96.420
651;9;27;148.583;67.670
651;27;9;148.583;77.310
652;9;28;54.975;71.260
652;28;9;54.975;84.530
653;9;29;72.548;81.970
653;29;9;72.548;95.860
654;9;29;66.134;79.620
654;29;9;66.134;93.510
655;9;29;76.476;73.250
655;29;9;76.476;87.140
656;9;30;59.887;85.350
656;30;9;59.887;99.770
657;9;30;56.764;79.400
657;30;9;56.764;93.820
658;9;31;55.056;62.890
658;31;9;55.056;77.470
659;9;32;56.840;82.430
659;32;9;56.840;97.460
660;9;32;56.394;64.870
660;32;9;56.394;79.900
661;9;32;58.389;85.750
661;32;9;58.389;100.780
662;9;33;71.561;79.970
662;33;9;71.561;97.850
663;9;34;54.975;70.370
663;34;9;54.975;88.250
664;9;34;56.738;71.500
664;34;9;56.738;89.380
665;9;35;76.945;75.040
665;35;9;76.945;93.040
666;9;36;52.011;59.750
666;36;9;52.011;77.900
667;9;36;52.771;58.410
667;36;9;52.771;76.560
668;9;37;51.171;57.460
668;37;9;51.171;76.080
669;9;38;83.387;79.590
669;38;9;83.387;98.320
670;9;38;85.432;79.690
670;38;9;85.432;98.420
671;9;38;77.234;71.060
671;38;9;77.234;89.790
672;9;39;8.647;2.220
672;39;9;53.647;78.260
673;10;11;118.841;92.250
673;11;10;118.841;92.500
674;10;11;112.195;78.460
674;11;10;112.195;78.710
675;10;12;93.168;86.240
675;12;10;93.168;87.240
676;10;12;88.288;89.270
676;12;10;88.288;90.270
677;10;13;91.819;82.410
677;13;10;91.819;85.360
678;10;13;93.932;76.680
678;13;10;93.932;79.630
679;10;13;94.187;76.450
679;13;10;94.187;79.400
680;10;14;102.399;90.190
680;14;10;102.399;93.170
681;10;15;101.963;90.320
681;15;10;101.963;93.450
682;10;16;79.121;78.600
682;16;10;79.121;82.040
683;10;16;75.147;92.960
683;16;10;75.147;96.400
684;10;16;84.831;89.400
684;16;10;84.831;92.840
685;10;17;94.732;91.120
685;17;10;94.732;94.620
686;10;17;97.446;88.240
686;17;10;97.446;91.740
687;10;17;100.470;87.460
687;17;10;100.470;90.960
688;10;18;66.784;78.030
688;18;10;66.784;81.810
689;10;18;69.380;82.860
689;18;10;69.380;86.640
690;10;19;113.337;76.660
690;19;10;113.337;81.290
691;10;19;98.949;73.820
691;19;10;98.949;78.450
692;10;20;96.445;78.490
692;20;10;96.445;83.650
693;10;20;96.163;89.500
693;20;10;96.163;94.660
694;10;21;76.010;79.830
694;21;10;76.010;86.010
695;10;21;80.363;83.300
695;21;10;80.363;89.480
696;10;21;78.033;83.230
696;21;10;78.033;89.410
697;10;22;76.525;75.670
697;22;10;76.525;82.010
698;10;23;115.880;84.530
698;23;10;115.880;91.210
699;10;24;93.998;84.150
699;24;10;93.998;91.040
700;10;24;88.784;88.490
700;24;10;88.784;95.380
701;10;25;76.918;73.000
701;25;10;76.918;79.890
702;10;25;82.343;91.340
702;25;10;82.343;98.230
703;10;25;84.418;93.070
703;25;10;84.418;99.960
704;10;26;120.973;88.300
704;26;10;120.973;96.400
705;10;27;82.380;69.700
705;27;10;82.380;78.840
706;10;28;92.259;77.010
706;28;10;92.259;89.780
707;10;29;76.245;68.430
707;29;10;76.245;81.820
708;10;30;83.546;75.870
708;30;10;83.546;89.790
709;10;30;75.687;67.060
709;30;10;75.687;80.980
710;10;30;79.284;65.720
710;30;10;79.284;79.640
711;10;31;93.307;66.750
711;31;10;93.307;80.830
712;10;31;87.821;82.450
712;31;10;87.821;96.530
713;10;31;87.562;69.920
713;31;10;87.562;84.000
714;10;32;87.459;81.600
714;32;10;87.459;96.130
715;10;33;73.729;62.680
715;33;10;73.729;80.060
716;10;33;73.939;82.070
716;33;10;73.939;99.450
717;10;34;92.259;61.030
717;34;10;92.259;78.410
718;10;34;82.446;77.130
718;34;10;82.446;94.510
719;10;35;105.114;71.600
719;35;10;105.114;89.100
720;10;35;101.850;67.140
720;35;10;101.850;84.640
721;10;35;90.632;82.790
721;35;10;90.632;100.290
722;10;36;105.077;68.270
722;36;10;105.077;85.920
723;10;36;92.468;58.390
723;36;10;92.468;76.040
724;10;36;105.023;63.180
724;36;10;105.023;80.830
725;10;37;96.688;57.640
725;37;10;96.688;75.760
726;10;37;98.577;64.910
726;37;10;98.577;83.030
727;10;38;63.228;58.410
727;38;10;63.228;76.640
728;10;39;58.284;9.300
728;39;10;103.284;84.840
729;11;12;105.469;83.830
729;12;11;105.469;84.580
730;11;12;107.626;94.830
730;12;11;107.626;95.580
731;11;12;110.786;88.180
731;12;11;110.786;88.930
732;11;13;90.512;91.710
732;13;11;90.512;94.410
733;11;13;100.199;88.260
733;13;11;100.199;90.960
734;11;14;118.587;84.630
734;14;11;118.587;87.360
735;11;15;81.867;83.750
735;15;11;81.867;86.630
736;11;16;86.229;82.690
736;16;11;86.229;85.880
737;11;16;76.353;95.240
737;16;11;76.353;98.430
738;11;16;91.848;75.570
738;16;11;91.848;78.760
739;11;17;90.108;86.520
739;17;11;90.108;89.770
740;11;18;98.504;85.350
740;18;11;98.504;88.880
741;11;18;108.379;75.300
741;18;11;108.379;78.830
742;11;19;54.760;77.220
742;19;11;54.760;81.600
743;11;19;54.489;84.190
743;19;11;54.489;88.570
744;11;19;54.353;93.370
744;19;11;54.353;97.750
745;11;20;105.087;94.750
745;20;11;105.087;99.660
746;11;20;95.030;85.540
746;20;11;95.030;90.450
747;11;20;105.240;80.720
747;20;11;105.240;85.630
748;11;21;92.972;70.060
748;21;11;92.972;75.990
749;11;21;104.045;69.900
749;21;11;104.045;75.830
750;11;22;90.434;77.570
750;22;11;90.434;83.660
751;11;22;92.185;80.890
751;22;11;92.185;86.980
752;11;23;168.244;81.210
752;23;11;168.244;87.640
753;11;23;177.428;72.060
753;23;11;177.428;78.490
754;11;24;80.398;82.850
754;24;11;80.398;89.490
755;11;24;84.354;89.370
755;24;11;84.354;96.010
756;11;25;89.765;75.980
756;25;11;89.765;82.620
757;11;26;63.721;89.100
757;26;11;63.721;96.950
758;11;26;60.180;79.740
758;26;11;60.180;87.590
759;11;27;148.777;75.580
759;27;11;148.777;84.470
760;11;27;131.910;89.750
760;27;11;131.910;98.640
761;11;27;170.818;71.570
761;27;11;170.818;80.460
762;11;28;90.992;86.230
762;28;11;90.992;98.750
763;11;28;79.881;86.760
763;28;11;79.881;99.280
764;11;28;85.830;66.900
764;28;11;85.830;79.420
765;11;29;104.458;62.930
765;29;11;104.458;76.070
766;11;30;89.149;67.180
766;30;11;89.149;80.850
767;11;30;99.154;81.980
767;30;11;99.154;95.650
768;11;31;91.414;63.830
768;31;11;91.414;77.660
769;11;31;92.756;74.530
769;31;11;92.756;88.360
770;11;31;84.572;85.680
770;31;11;84.572;99.510
771;11;32;89.999;63.420
771;32;11;89.999;77.700
772;11;32;80.638;78.140
772;32;11;80.638;92.420
773;11;33;91.439;70.090
773;33;11;91.439;87.220
774;11;33;86.234;63.850
774;33;11;86.234;80.980
775;11;33;92.790;79.410
775;33;11;92.790;96.540
776;11;34;90.992;75.940
776;34;11;90.992;93.070
777;11;34;83.701;62.980
777;34;11;83.701;80.110
778;11;35;59.458;77.920
778;35;11;59.458;95.170
779;11;35;56.770;60.890
779;35;11;56.770;78.140
780;11;36;82.461;65.420
780;36;11;82.461;82.820
781;11;37;77.067;66.040
781;37;11;77.067;83.910
782;11;37;69.192;62.830
782;37;11;69.192;80.700
783;11;38;100.613;80.930
783;38;11;100.613;98.910
784;11;39;28.285;10.430
784;39;11;73.285;85.720
785;11;39;22.249;4.140
785;39;11;67.249;79.430
786;11;39;33.250;9.290
786;39;11;78.250;84.580
787;12;13;60.208;81.160
787;13;12;60.208;83.110
788;12;14;59.501;96.810
788;14;12;59.501;98.790
789;12;14;56.412;91.760
789;14;12;56.412;93.740
790;12;14;56.843;94.090
790;14;12;56.843;96.070
791;12;15;69.630;76.170
791;15;12;69.630;78.300
792;12;16;77.276;93.790
792;16;12;77.276;96.230
793;12;17;60.372;92.150
793;17;12;60.372;94.650
794;12;18;78.419;90.590
794;18;12;78.419;93.370
795;12;19;106.754;89.270
795;19;12;106.754;92.900
796;12;19;108.713;74.970
796;19;12;108.713;78.600
797;12;20;48.361;77.340
797;20;12;48.361;81.500
798;12;20;48.681;76.030
798;20;12;48.681;80.190
799;12;21;70.644;82.050
799;21;12;70.644;87.230
800;12;22;73.693;93.010
800;22;12;73.693;98.350
801;12;22;68.054;81.210
801;22;12;68.054;86.550
802;12;22;67.069;88.060
802;22;12;67.069;93.400
803;12;23;109.423;76.680
803;23;12;109.423;82.360
804;12;23;118.266;71.660
804;23;12;118.266;77.340
805;12;23;94.855;93.030
805;23;12;94.855;98.710
806;12;24;70.526;82.550
806;24;12;70.526;88.440
807;12;24;69.157;75.000
807;24;12;69.157;80.890
808;12;25;74.198;82.940
808;25;12;74.198;88.830
809;12;25;78.770;90.330
809;25;12;78.770;96.220
810;12;25;74.176;69.010
810;25;12;74.176;74.900
811;12;26;95.168;84.490
811;26;12;95.168;91.590
812;12;26;86.588;87.170
812;26;12;86.588;94.270
813;12;27;130.235;73.630
813;27;12;130.235;81.770
814;12;27;150.677;78.970
814;27;12;150.677;87.110
815;12;28;59.627;66.700
815;28;12;59.627;78.470
816;12;28;63.138;66.110
816;28;12;63.138;77.880
817;12;29;62.085;66.610
817;29;12;62.085;79.000
818;12;30;66.551;73.510
818;30;12;66.551;86.430
819;12;31;59.075;75.080
819;31;12;59.075;88.160
820;12;31;60.582;63.990
820;31;12;60.582;77.070
821;12;31;55.743;72.540
821;31;12;55.743;85.620
822;12;32;62.568;66.020
822;32;12;62.568;79.550
823;12;32;60.473;69.660
823;32;12;60.473;83.190
824;12;32;66.571;67.020
824;32;12;66.571;80.550
825;12;33;77.459;64.040
825;33;12;77.459;80.420
826;12;33;82.398;73.680
826;33;12;82.398;90.060
827;12;33;75.583;69.820
827;33;12;75.583;86.200
828;12;34;59.627;65.950
828;34;12;59.627;82.330
829;12;34;58.121;65.090
829;34;12;58.121;81.470
830;12;35;98.966;72.920
830;35;12;98.966;89.420
831;12;35;101.542;61.680
831;35;12;101.542;78.180
832;12;36;70.602;62.850
832;36;12;70.602;79.500
833;12;36;72.187;81.130
833;36;12;72.187;97.780
834;12;37;73.573;78.470
834;37;12;73.573;95.590
835;12;37;79.367;80.040
835;37;12;79.367;97.160
836;12;37;74.234;65.900
836;37;12;74.234;83.020
837;12;38;85.557;78.710
837;38;12;85.557;95.940
838;12;38;84.440;68.870
838;38;12;84.440;86.100
839;12;39;32.509;6.540
839;39;12;77.509;81.080
840;12;39;36.405;4.970
840;39;12;81.405;79.510
841;13;14;74.303;94.660
841;14;13;74.303;94.690
842;13;14;68.510;75.120
842;14;13;68.510;75.150
843;13;14;67.396;95.290
843;14;13;67.396;95.320
844;13;15;56.952;73.000
844;15;13;56.952;73.180
845;13;16;65.726;76.110
845;16;13;65.726;76.600
846;13;16;68.418;74.030
846;16;13;68.418;74.520
847;13;16;65.169;88.020
847;16;13;65.169;88.510
848;13;17;47.930;88.470
848;17;13;47.930;89.020
849;13;17;48.516;80.980
849;17;13;48.516;81.530
850;13;18;72.071;87.660
850;18;13;72.071;88.490
851;13;18;69.781;83.750
851;18;13;69.781;84.580
852;13;19;91.546;88.300
852;19;13;91.546;89.980
853;13;19;96.820;76.810
853;19;13;96.820;78.490
854;13;19;95.087;73.110
854;19;13;95.087;74.790
855;13;20;60.628;70.910
855;20;13;60.628;73.120
856;13;21;62.198;91.010
856;21;13;62.198;94.240
857;13;21;61.122;92.690
857;21;13;61.122;95.920
858;13;22;63.873;69.310
858;22;13;63.873;72.700
859;13;22;59.780;79.870
859;22;13;59.780;83.260
860;13;22;64.231;73.970
860;22;13;64.231;77.360
861;13;23;123.211;87.000
861;23;13;123.211;90.730
862;13;24;55.322;79.890
862;24;13;55.322;83.830
863;13;25;64.060;87.700
863;25;13;64.060;91.640
864;13;25;63.954;81.980
864;25;13;63.954;85.920
865;13;26;82.002;81.010
865;26;13;82.002;86.160
866;13;26;74.573;70.470
866;26;13;74.573;75.620
867;13;26;88.613;68.680
867;26;13;88.613;73.830
868;13;27;128.972;75.890
868;27;13;128.972;82.080
869;13;28;45.760;70.600
869;28;13;45.760;80.420
870;13;29;63.455;79.780
870;29;13;63.455;90.220
871;13;30;54.969;78.280
871;30;13;54.969;89.250
872;13;31;46.983;64.850
872;31;13;46.983;75.980
873;13;31;47.208;66.550
873;31;13;47.208;77.680
874;13;31;46.806;69.720
874;31;13;46.806;80.850
875;13;32;49.879;67.300
875;32;13;49.879;78.880
876;13;32;48.697;69.160
876;32;13;48.697;80.740
877;13;32;49.512;81.250
877;32;13;49.512;92.830
878;13;33;68.084;82.630
878;33;13;68.084;97.060
879;13;34;45.760;78.100
879;34;13;45.760;92.530
880;13;34;45.944;72.880
880;34;13;45.944;87.310
881;13;34;45.846;59.450
881;34;13;45.846;73.880
882;13;35;83.807;71.730
882;35;13;83.807;86.280
883;13;35;76.742;74.330
883;35;13;76.742;88.880
884;13;36;59.361;73.060
884;36;13;59.361;87.760
885;13;36;58.537;81.000
885;36;13;58.537;95.700
886;13;37;58.464;66.380
886;37;13;58.464;81.550
887;13;37;58.795;58.430
887;37;13;58.795;73.600
888;13;38;78.979;77.760
888;38;13;78.979;93.040
889;13;38;74.516;74.900
889;38;13;74.516;90.180
890;13;39;18.196;4.090
890;39;13;63.196;76.680
891;13;39;15.334;17.460
891;39;13;60.334;90.050
892;13;39;17.874;22.380
892;39;13;62.874;94.970
893;14;15;81.838;80.360
893;15;14;81.838;80.510
894;14;16;91.565;77.170
894;16;14;91.565;77.630
895;14;16;97.018;83.270
895;16;14;97.018;83.730
896;14;16;80.139;93.260
896;16;14;80.139;93.720
897;14;17;73.859;95.970
897;17;14;73.859;96.490
898;14;17;67.304;85.970
898;17;14;67.304;86.490
899;14;17;73.741;88.050
899;17;14;73.741;88.570
900;14;18;91.181;82.490
900;18;14;91.181;83.290
901;14;18;95.951;85.040
901;18;14;95.951;85.840
902;14;19;120.617;85.060
902;19;14;120.617;86.710
903;14;19;107.062;88.810
903;19;14;107.062;90.460
904;14;20;58.725;95.360
904;20;14;58.725;97.540
905;14;20;57.761;90.540
905;20;14;57.761;92.720
906;14;21;84.493;89.680
906;21;14;84.493;92.880
907;14;22;87.726;94.080
907;22;14;87.726;97.440
908;14;22;89.188;73.100
908;22;14;89.188;76.460
909;14;22;79.647;85.640
909;22;14;79.647;89.000
910;14;23;100.480;74.320
910;23;14;100.480;78.020
911;14;23;106.572;70.400
911;23;14;106.572;74.100
912;14;23;93.997;81.000
912;23;14;93.997;84.700
913;14;24;84.479;79.880
913;24;14;84.479;83.790
914;14;24;93.998;73.560
914;24;14;93.998;77.470
915;14;25;88.283;69.700
915;25;14;88.283;73.610
916;14;26;106.384;78.290
916;26;14;106.384;83.410
917;14;27;138.102;75.000
917;27;14;138.102;81.160
918;14;27;116.159;83.190
918;27;14;116.159;89.350
919;14;28;73.647;75.650
919;28;14;73.647;85.440
920;14;28;74.190;78.490
920;28;14;74.190;88.280
921;14;29;73.594;62.830
921;29;14;73.594;73.240
922;14;29;70.445;82.580
922;29;14;70.445;92.990
923;14;30;81.011;86.120
923;30;14;81.011;97.060
924;14;31;72.879;80.780
924;31;14;72.879;91.880
925;14;32;77.050;78.060
925;32;14;77.050;89.610
926;14;32;69.885;85.870
926;32;14;69.885;97.420
927;14;33;91.263;60.590
927;33;14;91.263;74.990
928;14;33;85.303;64.900
928;33;14;85.303;79.300
929;14;34;73.647;67.740
929;34;14;73.647;82.140
930;14;35;113.074;62.770
930;35;14;113.074;77.290
931;14;36;81.905;72.270
931;36;14;81.905;86.940
932;14;36;89.008;58.100
932;36;14;89.008;72.770
933;14;37;87.272;63.750
933;37;14;87.272;78.890
934;14;37;91.282;73.660
934;37;14;91.282;88.800
935;14;38;98.065;70.310
935;38;14;98.065;85.560
936;14;39;45.309;3.910
936;39;14;90.309;76.470
937;15;16;71.162;77.070
937;16;15;71.162;77.380
938;15;17;54.971;83.460
938;17;15;54.971;83.830
939;15;17;53.253;74.530
939;17;15;53.253;74.900
940;15;18;80.886;92.520
940;18;15;80.886;93.170
941;15;18;78.629;94.070
941;18;15;78.629;94.720
942;15;18;84.958;75.670
942;18;15;84.958;76.320
943;15;19;84.983;80.810
943;19;15;84.983;82.310
944;15;19;78.979;93.750
944;19;15;78.979;95.250
945;15;19;79.024;79.190
945;19;15;79.024;80.690
946;15;20;68.636;86.440
946;20;15;68.636;88.470
947;15;20;67.654;75.210
947;20;15;67.654;77.240
948;15;21;71.057;81.150
948;21;15;71.057;84.200
949;15;21;66.673;83.590
949;21;15;66.673;86.640
950;15;22;71.395;77.130
950;22;15;71.395;80.340
951;15;23;133.962;83.520
951;23;15;133.962;87.070
952;15;23;137.251;82.800
952;23;15;137.251;86.350
953;15;23;126.104;84.170
953;23;15;126.104;87.720
954;15;24;54.237;70.560
954;24;15;54.237;74.320
955;15;24;52.489;82.130
955;24;15;52.489;85.890
956;15;24;52.086;71.460
956;24;15;52.086;75.220
957;15;25;71.270;70.150
957;25;15;71.270;73.910
958;15;25;69.283;83.000
958;25;15;69.283;86.760
959;15;25;66.358;82.740
959;25;15;66.358;86.500
960;15;26;70.626;67.960
960;26;15;70.626;72.930
961;15;26;68.955;89.650
961;26;15;68.955;94.620
962;15;27;138.521;75.540
962;27;15;138.521;81.550
963;15;27;122.954;67.960
963;27;15;122.954;73.970
964;15;27;131.276;88.580
964;27;15;131.276;94.590
965;15;28;56.984;79.410
965;28;15;56.984;89.050
966;15;29;75.300;71.210
966;29;15;75.300;81.470
967;15;30;63.422;62.360
967;30;15;63.422;73.150
968;15;30;61.191;86.390
968;30;15;61.191;97.180
969;15;30;60.287;75.470
969;30;15;60.287;86.260
970;15;31;56.693;79.870
970;31;15;56.693;90.820
971;15;31;58.039;84.480
971;31;15;58.039;95.430
972;15;32;59.945;81.330
972;32;15;59.945;92.730
973;15;33;75.277;72.060
973;33;15;75.277;86.310
974;15;33;70.679;77.260
974;33;15;70.679;91.510
975;15;33;74.680;68.440
975;33;15;74.680;82.690
976;15;34;56.984;80.920
976;34;15;56.984;95.170
977;15;34;56.914;67.900
977;34;15;56.914;82.150
978;15;34;54.140;81.850
978;34;15;54.140;96.100
979;15;35;78.563;60.220
979;35;15;78.563;74.590
980;15;35;76.169;70.740
980;35;15;76.169;85.110
981;15;36;48.293;65.740
981;36;15;48.293;80.260
982;15;36;48.271;81.020
982;36;15;48.271;95.540
983;15;37;53.953;66.470
983;37;15;53.953;81.460
984;15;38;87.092;77.020
984;38;15;87.092;92.120
985;15;38;82.920;68.410
985;38;15;82.920;83.510
986;15;39;8.671;20.940
986;39;15;53.671;93.350
987;15;39;7.226;17.850
987;39;15;52.226;90.260
988;15;39;6.674;9.940
988;39;15;51.674;82.350
989;16;17;68.190;91.520
989;17;16;68.190;91.580
990;16;18;57.572;85.140
990;18;16;57.572;85.480
991;16;18;59.164;92.890
991;18;16;59.164;93.230
992;16;19;82.798;74.110
992;19;16;82.798;75.300
993;16;20;79.163;80.280
993;20;16;79.163;82.000
994;16;21;53.231;80.440
994;21;16;53.231;83.180
995;16;21;53.131;85.110
995;21;16;53.131;87.850
996;16;22;49.821;75.410
996;22;16;49.821;78.310
997;16;22;50.040;89.460
997;22;16;50.040;92.360
998;16;22;50.189;70.420
998;22;16;50.189;73.320
999;16;23;130.837;78.320
999;23;16;130.837;81.560
1000;16;23;123.782;79.930
1000;23;16;123.782;83.170
1001;16;23;142.014;74.390
1001;23;16;142.014;77.630
1002;16;24;62.004;69.170
1002;24;16;62.004;72.620
1003;16;25;49.080;85.240
1003;25;16;49.080;88.690
1004;16;25;48.320;71.260
1004;25;16;48.320;74.710
1005;16;25;48.834;74.940
1005;25;16;48.834;78.390
1006;16;26;86.877;76.920
1006;26;16;86.877;81.580
1007;16;26;90.579;81.860
1007;26;16;90.579;86.520
1008;16;27;113.717;76.580
1008;27;16;113.717;82.280
1009;16;27;126.539;76.410
1009;27;16;126.539;82.110
1010;16;28;66.465;66.570
1010;28;16;66.465;75.900
1011;16;29;66.734;76.530
1011;29;16;66.734;86.480
1012;16;29;68.698;79.490
1012;29;16;68.698;89.440
1013;16;30;56.104;82.130
1013;30;16;56.104;92.610
1014;16;30;55.691;72.510
1014;30;16;55.691;82.990
1015;16;31;67.709;66.010
1015;31;16;67.709;76.650
1016;16;32;61.093;63.520
1016;32;16;61.093;74.610
1017;16;33;50.426;69.350
1017;33;16;50.426;83.290
1018;16;34;66.465;75.370
1018;34;16;66.465;89.310
1019;16;34;65.974;75.990
1019;34;16;65.974;89.930
1020;16;35;74.078;67.480
1020;35;16;74.078;81.540
1021;16;35;71.026;60.890
1021;35;16;71.026;74.950
1022;16;35;70.834;71.090
1022;35;16;70.834;85.150
1023;16;36;74.452;81.850
1023;36;16;74.452;96.060
1024;16;36;73.369;59.720
1024;36;16;73.369;73.930
1025;16;37;63.760;71.460
1025;37;16;63.760;86.140
1026;16;37;66.641;78.830
1026;37;16;66.641;93.510
1027;16;38;61.863;67.290
1027;38;16;61.863;82.080
1028;16;38;65.001;73.090
1028;38;16;65.001;87.880
1029;16;39;24.972;16.760
1029;39;16;69.972;88.860
1030;16;39;28.169;0.920
1030;39;16;73.169;73.020
1031;16;39;19.045;4.810
1031;39;16;64.045;76.910
1032;17;18;74.973;81.840
1032;18;17;74.973;82.120
1033;17;18;76.136;85.090
1033;18;17;76.136;85.370
1034;17;18;78.191;82.510
1034;18;17;78.191;82.790
1035;17;19;91.758;86.910
1035;19;17;91.758;88.040
1036;17;19;95.101;88.850
1036;19;17;95.101;89.980
1037;17;20;60.151;91.190
1037;20;17;60.151;92.850
1038;17;20;59.410;74.170
1038;20;17;59.410;75.830
1039;17;20;63.754;90.470
1039;20;17;63.754;92.130
1040;17;21;65.072;93.350
1040;21;17;65.072;96.030
1041;17;22;66.618;91.140
1041;22;17;66.618;93.980
1042;17;22;71.333;90.260
1042;22;17;71.333;93.100
1043;17;23;124.270;78.920
1043;23;17;124.270;82.100
1044;17;23;131.969;91.810
1044;23;17;131.969;94.990
1045;17;24;55.748;74.420
1045;24;17;55.748;77.810
1046;17;24;55.964;88.500
1046;24;17;55.964;91.890
1047;17;24;53.387;86.570
1047;24;17;53.387;89.960
1048;17;25;66.767;90.270
1048;25;17;66.767;93.660
1049;17;25;69.114;70.670
1049;25;17;69.114;74.060
1050;17;25;71.026;91.140
1050;25;17;71.026;94.530
1051;17;26;80.483;72.600
1051;26;17;80.483;77.200
1052;17;27;131.899;80.170
1052;27;17;131.899;85.810
1053;17;27;153.598;82.140
1053;27;17;153.598;87.780
1054;17;27;118.540;81.180
1054;27;17;118.540;86.820
1055;17;28;47.493;68.700
1055;28;17;47.493;77.970
1056;17;28;46.988;67.400
1056;28;17;46.988;76.670
1057;17;28;47.027;82.770
1057;28;17;47.027;92.040
1058;17;29;65.993;66.240
1058;29;17;65.993;76.130
1059;17;29;65.677;77.430
1059;29;17;65.677;87.320
1060;17;29;65.492;83.340
1060;29;17;65.492;93.230
1061;17;30;57.704;81.090
1061;30;17;57.704;91.510
1062;17;30;59.899;76.220
1062;30;17;59.899;86.640
1063;17;30;59.848;78.500
1063;30;17;59.848;88.920
1064;17;31;46.755;64.380
1064;31;17;46.755;74.960
1065;17;32;52.711;75.490
1065;32;17;52.711;86.520
1066;17;33;70.823;77.890
1066;33;17;70.823;91.770
1067;17;34;47.493;60.690
1067;34;17;47.493;74.570
1068;17;34;47.793;67.560
1068;34;17;47.793;81.440
1069;17;35;84.311;71.690
1069;35;17;84.311;85.690
1070;17;35;83.979;60.030
1070;35;17;83.979;74.030
1071;17;36;56.984;69.470
1071;36;17;56.984;83.620
1072;17;36;59.465;76.840
1072;36;17;59.465;90.990
1073;17;36;58.407;61.840
1073;36;17;58.407;75.990
1074;17;37;58.413;74.210
1074;37;17;58.413;88.830
1075;17;38;81.848;81.110
1075;38;17;81.848;95.840
1076;17;38;89.524;58.510
1076;38;17;89.524;73.240
1077;17;38;80.521;73.930
1077;38;17;80.521;88.660
1078;17;39;17.194;21.040
1078;39;17;62.194;93.080
1079;17;39;16.344;6.580
1079;39;17;61.344;78.620
1080;17;39;20.604;3.310
1080;39;17;65.604;75.350
1081;18;19;94.291;87.170
1081;19;18;94.291;88.020
1082;18;19;105.742;75.280
1082;19;18;105.742;76.130
1083;18;20;81.182;93.570
1083;20;18;81.182;94.950
1084;18;20;77.265;75.880
1084;20;18;77.265;77.260
1085;18;20;84.993;88.920
1085;20;18;84.993;90.300
1086;18;21;54.975;79.500
1086;21;18;54.975;81.900
1087;18;21;54.729;76.460
1087;21;18;54.729;78.860
1088;18;22;54.785;84.650
1088;22;18;54.785;87.210
1089;18;22;55.917;71.280
1089;22;18;55.917;73.840
1090;18;23;122.350;78.550
1090;23;18;122.350;81.450
1091;18;24;72.463;81.680
1091;24;18;72.463;84.790
1092;18;24;75.353;85.290
1092;24;18;75.353;88.400
1093;18;25;55.142;68.870
1093;25;18;55.142;71.980
1094;18;25;57.099;85.070
1094;25;18;57.099;88.180
1095;18;25;54.311;74.490
1095;25;18;54.311;77.600
1096;18;26;99.245;79.660
1096;26;18;99.245;83.980
1097;18;27;102.641;71.260
1097;27;18;102.641;76.620
1098;18;27;109.216;84.470
1098;27;18;109.216;89.830
1099;18;28;72.657;72.760
1099;28;18;72.657;81.750
1100;18;29;62.743;76.660
1100;29;18;62.743;86.270
1101;18;29;59.083;71.760
1101;29;18;59.083;81.370
1102;18;29;66.721;81.400
1102;29;18;66.721;91.010
1103;18;30;62.667;83.510
1103;30;18;62.667;93.650
1104;18;31;73.847;70.630
1104;31;18;73.847;80.930
1105;18;32;67.291;62.960
1105;32;18;67.291;73.710
1106;18;32;65.707;66.490
1106;32;18;65.707;77.240
1107;18;32;62.730;68.830
1107;32;18;62.730;79.580
1108;18;33;52.159;74.480
1108;33;18;52.159;88.080
1109;18;34;72.657;61.440
1109;34;18;72.657;75.040
1110;18;34;74.060;61.820
1110;34;18;74.060;75.420
1111;18;34;69.700;80.530
1111;34;18;69.700;94.130
1112;18;35;85.666;66.210
1112;35;18;85.666;79.930
1113;18;36;84.107;73.800
1113;36;18;84.107;87.670
1114;18;36;92.740;69.090
1114;36;18;92.740;82.960
1115;18;36;91.872;71.180
1115;36;18;91.872;85.050
1116;18;37;74.991;62.580
1116;37;18;74.991;76.920
1117;18;38;52.199;61.290
1117;38;18;52.199;75.740
1118;18;39;36.549;22.490
1118;39;18;81.549;94.250
1119;18;39;44.467;2.520
1119;39;18;89.467;74.280
1120;19;20;106.902;94.280
1120;20;19;106.902;94.810
1121;19;20;120.831;88.620
1121;20;19;120.831;89.150
1122;19;21;90.399;89.850
1122;21;19;90.399;91.400
1123;19;22;87.419;73.330
1123;22;19;87.419;75.040
1124;19;22;79.577;92.550
1124;22;19;79.577;94.260
1125;19;22;86.667;91.240
1125;22;19;86.667;92.950
1126;19;23;167.504;71.360
1126;23;19;167.504;73.410
1127;19;24;81.232;71.610
1127;24;19;81.232;73.870
1128;19;24;76.956;78.580
1128;24;19;76.956;80.840
1129;19;25;86.697;90.240
1129;25;19;86.697;92.500
1130;19;25;92.159;85.150
1130;25;19;92.159;87.410
1131;19;26;72.076;68.750
1131;26;19;72.076;72.220
1132;19;26;67.207;74.010
1132;26;19;67.207;77.480
1133;19;26;73.696;89.270
1133;26;19;73.696;92.740
1134;19;27;141.250;72.170
1134;27;19;141.250;76.680
1135;19;27;154.525;85.870
1135;27;19;154.525;90.380
1136;19;27;131.865;76.380
1136;27;19;131.865;80.890
1137;19;28;92.138;68.170
1137;28;19;92.138;76.310
1138;19;28;100.468;81.020
1138;28;19;100.468;89.160
1139;19;28;82.186;63.800
1139;28;19;82.186;71.940
1140;19;29;102.987;78.930
1140;29;19;102.987;87.690
1141;19;29;89.120;73.460
1141;29;19;89.120;82.220
1142;19;30;88.076;71.500
1142;30;19;88.076;80.790
1143;19;31;92.793;67.390
1143;31;19;92.793;76.840
1144;19;32;90.011;69.120
1144;32;19;90.011;79.020
1145;19;33;87.562;63.530
1145;33;19;87.562;76.280
1146;19;34;92.138;65.940
1146;34;19;92.138;78.690
1147;19;34;94.916;59.250
1147;34;19;94.916;72.000
1148;19;34;95.632;73.240
1148;34;19;95.632;85.990
1149;19;35;53.722;81.230
1149;35;19;53.722;94.100
1150;19;35;51.965;60.210
1150;35;19;51.965;73.080
1151;19;35;52.912;82.900
1151;35;19;52.912;95.770
1152;19;36;86.315;67.380
1152;36;19;86.315;80.400
1153;19;36;91.519;79.750
1153;36;19;91.519;92.770
1154;19;37;78.346;58.380
1154;37;19;78.346;71.870
1155;19;37;85.402;68.300
1155;37;19;85.402;81.790
1156;19;38;95.252;72.900
1156;38;19;95.252;86.500
1157;19;38;92.126;71.660
1157;38;19;92.126;85.260
1158;19;39;31.387;12.550
1158;39;19;76.387;83.460
1159;20;21;72.982;85.510
1159;21;20;72.982;86.530
1160;20;21;73.083;72.180
1160;21;20;73.083;73.200
1161;20;22;75.866;83.840
1161;22;20;75.866;85.020
1162;20;22;75.125;70.880
1162;22;20;75.125;72.060
1163;20;22;78.618;90.750
1163;22;20;78.618;91.930
1164;20;23;111.004;73.790
1164;23;20;111.004;75.310
1165;20;23;126.727;88.480
1165;23;20;126.727;90.000
1166;20;24;70.756;84.880
1166;24;20;70.756;86.610
1167;20;24;68.052;81.840
1167;24;20;68.052;83.570
1168;20;24;67.693;89.660
1168;24;20;67.693;91.390
1169;20;25;76.323;72.820
1169;25;20;76.323;74.550
1170;20;25;83.787;76.720
1170;25;20;83.787;78.450
1171;20;26;93.874;86.290
1171;26;20;93.874;89.230
1172;20;27;133.556;87.930
1172;27;20;133.556;91.910
1173;20;27;128.490;68.230
1173;27;20;128.490;72.210
1174;20;28;59.954;78.390
1174;28;20;59.954;86.000
1175;20;29;65.283;68.100
1175;29;20;65.283;76.330
1176;20;29;66.145;83.310
1176;29;20;66.145;91.540
1177;20;30;68.195;76.210
1177;30;20;68.195;84.970
1178;20;30;72.692;67.990
1178;30;20;72.692;76.750
1179;20;31;59.157;75.950
1179;31;20;59.157;84.870
1180;20;31;58.191;85.660
1180;31;20;58.191;94.580
1181;20;32;63.772;84.520
1181;32;20;63.772;93.890
1182;20;33;79.770;76.930
1182;33;20;79.770;89.150
1183;20;33;79.425;82.080
1183;33;20;79.425;94.300
1184;20;33;87.942;79.160
1184;33;20;87.942;91.380
1185;20;34;59.954;66.780
1185;34;20;59.954;79.000
1186;20;34;58.279;77.440
1186;34;20;58.279;89.660
1187;20;35;99.354;82.750
1187;35;20;99.354;95.090
1188;20;36;69.198;82.850
1188;36;20;69.198;95.340
1189;20;36;73.509;70.370
1189;36;20;73.509;82.860
1190;20;37;73.563;65.540
1190;37;20;73.563;78.500
1191;20;37;69.541;71.620
1191;37;20;69.541;84.580
1192;20;38;88.358;82.020
1192;38;20;88.358;95.090
1193;20;39;31.884;4.010
1193;39;20;76.884;74.390
1194;20;39;34.660;0.800
1194;39;20;79.660;71.180
1195;21;22;48.504;93.230
1195;22;21;48.504;93.390
1196;21;22;49.262;76.390
1196;22;21;49.262;76.550
1197;21;22;48.290;92.880
1197;22;21;48.290;93.040
1198;21;23;122.694;69.750
1198;23;21;122.694;70.250
1199;21;23;131.224;93.200
1199;23;21;131.224;93.700
1200;21;24;63.034;86.890
1200;24;21;63.034;87.600
1201;21;24;64.061;82.220
1201;24;21;64.061;82.930
1202;21;24;62.082;69.020
1202;24;21;62.082;69.730
1203;21;25;49.209;91.520
1203;25;21;49.209;92.230
1204;21;25;49.724;73.030
1204;25;21;49.724;73.740
1205;21;26;91.063;85.910
1205;26;21;91.063;87.830
1206;21;27;112.493;89.030
1206;27;21;112.493;91.990
1207;21;27;127.358;66.960
1207;27;21;127.358;69.920
1208;21;27;103.710;66.660
1208;27;21;103.710;69.620
1209;21;28;62.815;67.850
1209;28;21;62.815;74.440
1210;21;28;61.193;78.120
1210;28;21;61.193;84.710
1211;21;28;65.349;69.490
1211;28;21;65.349;76.080
1212;21;29;58.514;77.160
1212;29;21;58.514;84.370
1213;21;30;52.708;72.600
1213;30;21;52.708;80.340
1214;21;30;54.575;79.790
1214;30;21;54.575;87.530
1215;21;31;64.032;86.160
1215;31;21;64.032;94.060
1216;21;31;64.615;77.270
1216;31;21;64.615;85.170
1217;21;32;57.365;65.290
1217;32;21;57.365;73.640
1218;21;33;51.815;82.360
1218;33;21;51.815;93.560
1219;21;33;51.191;68.160
1219;33;21;51.191;79.360
1220;21;33;52.800;75.730
1220;33;21;52.800;86.930
1221;21;34;62.815;67.330
1221;34;21;62.815;78.530
1222;21;35;81.695;59.550
1222;35;21;81.695;70.870
1223;21;36;74.241;77.280
1223;36;21;74.241;88.750
1224;21;36;71.651;82.630
1224;36;21;71.651;94.100
1225;21;37;65.912;81.140
1225;37;21;65.912;93.080
1226;21;37;69.158;72.860
1226;37;21;69.158;84.800
1227;21;37;70.747;78.180
1227;37;21;70.747;90.120
1228;21;38;61.782;61.330
1228;38;21;61.782;73.380
1229;21;38;61.993;64.680
1229;38;21;61.993;76.730
1230;21;38;58.281;78.000
1230;38;21;58.281;90.050
1231;21;39;27.562;16.250
1231;39;21;72.562;85.610
1232;22;23;126.016;84.480
1232;23;22;126.016;84.820
1233;22;23;143.891;87.670
1233;23;22;143.891;88.010
1234;22;24;62.738;74.080
1234;24;22;62.738;74.630
1235;22;24;64.077;77.590
1235;24;22;64.077;78.140
1236;22;24;62.572;79.880
1236;24;22;62.572;80.430
1237;22;25;45.742;75.990
1237;25;22;45.742;76.540
1238;22;25;45.638;83.090
1238;25;22;45.638;83.640
1239;22;25;45.839;82.040
1239;25;22;45.839;82.590
1240;22;26;89.693;75.310
1240;26;22;89.693;77.070
1241;22;26;98.773;75.630
1241;26;22;98.773;77.390
1242;22;26;94.631;77.220
1242;26;22;94.631;78.980
1243;22;27;112.282;85.260
1243;27;22;112.282;88.060
1244;22;28;64.555;77.260
1244;28;22;64.555;83.690
1245;22;29;62.000;77.930
1245;29;22;62.000;84.980
1246;22;29;59.896;65.620
1246;29;22;59.896;72.670
1247;22;30;53.916;85.210
1247;30;22;53.916;92.790
1248;22;30;55.934;74.060
1248;30;22;55.934;81.640
1249;22;31;65.804;61.610
1249;31;22;65.804;69.350
1250;22;31;62.972;64.140
1250;31;22;62.972;71.880
1251;22;32;59.003;85.310
1251;32;22;59.003;93.500
1252;22;33;49.211;77.250
1252;33;22;49.211;88.290
1253;22;33;49.864;58.820
1253;33;22;49.864;69.860
1254;22;33;48.876;69.150
1254;33;22;48.876;80.190
1255;22;34;64.555;76.260
1255;34;22;64.555;87.300
1256;22;34;67.808;68.480
1256;34;22;67.808;79.520
1257;22;34;68.550;64.560
1257;34;22;68.550;75.600
1258;22;35;78.698;65.640
1258;35;22;78.698;76.800
1259;22;35;73.392;76.930
1259;35;22;73.392;88.090
1260;22;35;83.379;80.960
1260;35;22;83.379;92.120
1261;22;36;74.659;82.870
1261;36;22;74.659;94.180
1262;22;37;65.207;72.830
1262;37;22;65.207;84.610
1263;22;37;66.231;78.870
1263;37;22;66.231;90.650
1264;22;37;68.419;68.900
1264;37;22;68.419;80.680
1265;22;38;60.707;68.270
1265;38;22;60.707;80.160
1266;22;39;26.770;19.340
1266;39;22;71.770;88.540
1267;23;24;132.948;80.610
1267;24;23;132.948;80.820
1268;23;24;140.121;89.970
1268;24;23;140.121;90.180
1269;23;25;126.758;88.650
1269;25;23;126.758;88.860
1270;23;25;132.511;78.970
1270;25;23;132.511;79.180
1271;23;26;159.568;90.220
1271;26;23;159.568;91.640
1272;23;26;146.284;79.480
1272;26;23;146.284;80.900
1273;23;26;156.519;70.270
1273;26;23;156.519;71.690
1274;23;27;134.770;85.110
1274;27;23;134.770;87.570
1275;23;27;156.332;69.530
1275;27;23;156.332;71.990
1276;23;28;122.853;65.170
1276;28;23;122.853;71.260
1277;23;29;109.575;75.330
1277;29;23;109.575;82.040
1278;23;29;125.626;62.210
1278;29;23;125.626;68.920
1279;23;30;124.476;71.960
1279;30;23;124.476;79.200
1280;23;30;116.412;77.590
1280;30;23;116.412;84.830
1281;23;31;122.704;70.610
1281;31;23;122.704;78.010
1282;23;31;123.379;61.700
1282;31;23;123.379;69.100
1283;23;32;123.248;77.010
1283;32;23;123.248;84.860
1284;23;32;134.184;66.410
1284;32;23;134.184;74.260
1285;23;33;127.258;68.270
1285;33;23;127.258;78.970
1286;23;33;128.311;71.310
1286;33;23;128.311;82.010
1287;23;33;114.052;58.620
1287;33;23;114.052;69.320
1288;23;34;122.853;75.480
1288;34;23;122.853;86.180
1289;23;35;158.946;80.950
1289;35;23;158.946;91.770
1290;23;35;154.309;76.500
1290;35;23;154.309;87.320
1291;23;36;135.019;72.680
1291;36;23;135.019;83.650
1292;23;37;136.381;73.370
1292;37;23;136.381;84.810
1293;23;37;133.135;60.380
1293;37;23;133.135;71.820
1294;23;38;125.830;64.200
1294;38;23;125.830;75.750
1295;23;38;142.842;81.240
1295;38;23;142.842;92.790
1296;23;39;96.367;0.190
1296;39;23;141.367;69.050
1297;24;25;62.511;90.370
1297;25;24;62.511;90.370
1298;24;25;59.940;84.680
1298;25;24;59.940;84.680
1299;24;25;58.842;84.240
1299;25;24;58.842;84.240
1300;24;26;73.971;75.850
1300;26;24;73.971;77.060
1301;24;26;69.804;80.630
1301;26;24;69.804;81.840
1302;24;27;130.017;73.670
1302;27;24;130.017;75.920
1303;24;27;121.212;91.260
1303;27;24;121.212;93.510
1304;24;27;136.323;80.730
1304;27;24;136.323;82.980
1305;24;28;55.906;87.540
1305;28;24;55.906;93.420
1306;24;28;55.714;69.490
1306;28;24;55.714;75.370
1307;24;29;70.458;72.610
1307;29;24;70.458;79.110
1308;24;29;70.899;75.380
1308;29;24;70.899;81.880
1309;24;29;76.505;70.650
1309;29;24;76.505;77.150
1310;24;30;56.015;77.050
1310;30;24;56.015;84.080
1311;24;30;54.255;66.690
1311;30;24;54.255;73.720
1312;24;31;56.600;68.370
1312;31;24;56.600;75.560
1313;24;32;54.857;61.930
1313;32;24;54.857;69.570
1314;24;33;66.391;68.710
1314;33;24;66.391;79.200
1315;24;34;55.906;65.640
1315;34;24;55.906;76.130
1316;24;34;54.035;59.210
1316;34;24;54.035;69.700
1317;24;34;56.712;62.580
1317;34;24;56.712;73.070
1318;24;35;73.603;76.570
1318;35;24;73.603;87.180
1319;24;36;57.504;63.340
1319;36;24;57.504;74.100
1320;24;37;48.511;79.380
1320;37;24;48.511;90.610
1321;24;38;78.289;60.040
1321;38;24;78.289;71.380
1322;24;38;84.401;73.420
1322;38;24;84.401;84.760
1323;24;39;9.829;8.160
1323;39;24;54.829;76.810
1324;24;39;7.670;17.080
1324;39;24;52.670;85.730
1325;24;39;9.064;9.470
1325;39;24;54.064;78.120
1326;25;26;89.213;70.930
1326;26;25;89.213;72.140
1327;25;27;112.512;67.080
1327;27;25;112.512;69.330
1328;25;27;108.073;82.850
1328;27;25;108.073;85.100
1329;25;28;64.755;73.790
1329;28;25;64.755;79.670
1330;25;28;67.962;86.030
1330;28;25;67.962;91.910
1331;25;29;62.719;86.240
1331;29;25;62.719;92.740
1332;25;29;61.386;72.050
1332;29;25;61.386;78.550
1333;25;30;54.092;68.700
1333;30;25;54.092;75.730
1334;25;31;66.006;64.910
1334;31;25;66.006;72.100
1335;25;31;66.324;65.220
1335;31;25;66.324;72.410
1336;25;32;59.209;65.120
1336;32;25;59.209;72.760
1337;25;32;57.480;84.130
1337;32;25;57.480;91.770
1338;25;33;49.095;80.460
1338;33;25;49.095;90.950
1339;25;33;48.425;64.800
1339;33;25;48.425;75.290
1340;25;34;64.755;76.140
1340;34;25;64.755;86.630
1341;25;34;69.346;66.180
1341;34;25;69.346;76.670
1342;25;35;77.976;72.350
1342;35;25;77.976;82.960
1343;25;36;74.545;79.130
1343;36;25;74.545;89.890
1344;25;36;68.675;64.260
1344;36;25;68.675;75.020
1345;25;37;64.886;72.210
1345;37;25;64.886;83.440
1346;25;37;67.580;61.230
1346;37;25;67.580;72.460
1347;25;37;68.966;70.200
1347;37;25;68.966;81.430
1348;25;38;60.826;59.620
1348;38;25;60.826;70.960
1349;25;39;26.416;15.340
1349;39;25;71.416;83.990
1350;26;27;154.833;90.060
1350;27;26;154.833;91.100
1351;26;27;160.425;84.780
1351;27;26;160.425;85.820
1352;26;27;162.068;78.820
1352;27;26;162.068;79.860
1353;26;28;82.210;78.350
1353;28;26;82.210;83.020
1354;26;29;99.329;66.500
1354;29;26;99.329;71.790
1355;26;29;99.249;69.920
1355;29;26;99.249;75.210
1356;26;29;104.535;75.820
1356;29;26;104.535;81.110
1357;26;30;84.848;63.140
1357;30;26;84.848;68.960
1358;26;30;85.141;74.660
1358;30;26;85.141;80.480
1359;26;30;94.476;62.430
1359;30;26;94.476;68.250
1360;26;31;82.142;78.490
1360;31;26;82.142;84.470
1361;26;31;88.776;65.230
1361;31;26;88.776;71.210
1362;26;32;83.502;72.950
1362;32;26;83.502;79.380
1363;26;32;83.049;67.890
1363;32;26;83.049;74.320
1364;26;33;92.246;73.570
1364;33;26;92.246;82.850
1365;26;33;98.023;77.160
1365;33;26;98.023;86.440
1366;26;34;82.210;58.520
1366;34;26;82.210;67.800
1367;26;34;86.761;66.460
1367;34;26;86.761;75.740
1368;26;34;85.451;62.100
1368;34;26;85.451;71.380
1369;26;35;71.588;77.830
1369;35;26;71.588;87.230
1370;26;35;67.903;76.640
1370;35;26;67.903;86.040
1371;26;36;69.677;72.520
1371;36;26;69.677;82.070
1372;26;36;74.476;78.560
1372;36;26;74.476;88.110
1373;26;36;65.696;70.290
1373;36;26;65.696;79.840
1374;26;37;70.585;63.600
1374;37;26;70.585;73.620
1375;26;37;69.613;62.860
1375;37;26;69.613;72.880
1376;26;37;69.705;75.870
1376;37;26;69.705;85.890
1377;26;38;103.515;71.910
1377;38;26;103.515;82.040
1378;26;38;98.354;64.330
1378;38;26;98.354;74.460
1379;26;38;108.277;72.110
1379;38;26;108.277;82.240
1380;26;39;19.222;13.560
1380;39;26;64.222;81.000
1381;26;39;16.329;11.550
1381;39;26;61.329;78.990
1382;27;28;129.450;65.090
1382;28;27;129.450;68.720
1383;27;29;113.519;71.710
1383;29;27;113.519;75.960
1384;27;29;101.932;76.210
1384;29;27;101.932;80.460
1385;27;30;120.189;72.720
1385;30;27;120.189;77.500
1386;27;31;130.535;79.680
1386;31;27;130.535;84.620
1387;27;31;124.396;71.900
1387;31;27;124.396;76.840
1388;27;32;124.454;70.940
1388;32;27;124.454;76.330
1389;27;33;108.744;63.350
1389;33;27;108.744;71.590
1390;27;34;129.450;63.740
1390;34;27;129.450;71.980
1391;27;35;134.327;70.840
1391;35;27;134.327;79.200
1392;27;35;121.792;64.510
1392;35;27;121.792;72.870
1393;27;35;148.641;59.920
1393;35;27;148.641;68.280
1394;27;36;141.727;67.920
1394;36;27;141.727;76.430
1395;27;36;156.725;78.110
1395;36;27;156.725;86.620
1396;27;36;119.580;72.470
1396;36;27;119.580;80.980
1397;27;37;132.307;65.790
1397;37;27;132.307;74.770
1398;27;37;125.720;71.400
1398;37;27;125.720;80.380
1399;27;37;128.275;80.500
1399;37;27;128.275;89.480
1400;27;38;96.879;80.370
1400;38;27;96.879;89.460
1401;27;39;93.673;17.410
1401;39;27;138.673;83.810
1402;27;39;99.840;21.750
1402;39;27;144.840;88.150
1403;27;39;101.448;11.410
1403;39;27;146.448;77.810
1404;28;29;63.593;82.440
1404;29;28;63.593;83.060
1405;28;30;55.664;79.300
1405;30;28;55.664;80.450
1406;28;31;46.253;73.450
1406;31;28;46.253;74.760
1407;28;31;46.512;67.490
1407;31;28;46.512;68.800
1408;28;32;50.552;73.090
1408;32;28;50.552;74.850
1409;28;32;50.273;63.600
1409;32;28;50.273;65.360
1410;28;32;51.639;83.340
1410;32;28;51.639;85.100
1411;28;33;68.766;72.800
1411;33;28;68.766;77.410
1412;28;34;45.000;76.750
1412;34;28;45.000;81.360
1413;28;35;84.442;68.510
1413;35;28;84.442;73.240
1414;28;36;59.258;75.720
1414;36;28;59.258;80.600
1415;28;36;61.449;69.640
1415;36;28;61.449;74.520
1416;28;37;58.977;63.570
1416;37;28;58.977;68.920
1417;28;37;58.810;78.570
1417;37;28;58.810;83.920
1418;28;37;62.120;68.810
1418;37;28;62.120;74.160
1419;28;38;79.595;80.160
1419;38;28;79.595;85.620
1420;28;38;86.044;61.790
1420;38;28;86.044;67.250
1421;28;39;18.520;19.590
1421;39;28;63.520;82.360
1422;29;30;60.322;82.370
1422;30;29;60.322;82.900
1423;29;30;58.931;71.800
1423;30;29;58.931;72.330
1424;29;30;60.820;70.380
1424;30;29;60.820;70.910
1425;29;31;64.289;81.080
1425;31;29;64.289;81.770
1426;29;31;67.540;72.230
1426;31;29;67.540;72.920
1427;29;32;60.850;76.210
1427;32;29;60.850;77.350
1428;29;32;64.437;62.820
1428;32;29;64.437;63.960
1429;29;32;62.183;64.390
1429;32;29;62.183;65.530
1430;29;33;64.386;79.600
1430;33;29;64.386;83.590
1431;29;33;66.815;72.550
1431;33;29;66.815;76.540
1432;29;33;61.442;79.110
1432;33;29;61.442;83.100
1433;29;34;63.593;58.580
1433;34;29;63.593;62.570
1434;29;35;94.387;78.540
1434;35;29;94.387;82.650
1435;29;35;94.645;63.290
1435;35;29;94.645;67.400
1436;29;36;77.816;73.320
1436;36;29;77.816;77.580
1437;29;36;73.767;82.200
1437;36;29;73.767;86.460
1438;29;37;73.942;63.220
1438;37;29;73.942;67.950
1439;29;37;80.910;65.430
1439;37;29;80.910;70.160
1440;29;37;75.681;77.250
1440;37;29;75.681;81.980
1441;29;38;69.486;62.380
1441;38;29;69.486;67.220
1442;29;38;71.702;59.520
1442;38;29;71.702;64.360
1443;29;38;71.275;63.780
1443;38;29;71.275;68.620
1444;29;39;35.108;21.840
1444;39;29;80.108;83.990
1445;29;39;34.226;2.390
1445;39;29;79.226;64.540
1446;30;31;56.916;62.820
1446;31;30;56.916;62.980
1447;30;31;57.138;75.620
1447;31;30;57.138;75.780
1448;30;31;59.020;76.130
1448;31;30;59.020;76.290
1449;30;32;50.126;70.280
1449;32;30;50.126;70.890
1450;30;33;58.124;71.120
1450;33;30;58.124;74.580
1451;30;34;55.664;79.980
1451;34;30;55.664;83.440
1452;30;34;57.481;59.500
1452;34;30;57.481;62.960
1453;30;34;56.152;74.850
1453;34;30;56.152;78.310
1454;30;35;79.629;72.080
1454;35;30;79.629;75.660
1455;30;36;66.570;79.720
1455;36;30;66.570;83.450
1456;30;36;69.952;70.440
1456;36;30;69.952;74.170
1457;30;36;61.987;81.920
1457;36;30;61.987;85.650
1458;30;37;59.274;68.920
1458;37;30;59.274;73.120
1459;30;37;58.535;73.750
1459;37;30;58.535;77.950
1460;30;37;56.450;70.970
1460;37;30;56.450;75.170
1461;30;38;69.300;62.490
1461;38;30;69.300;66.800
1462;30;38;67.090;64.830
1462;38;30;67.090;69.140
1463;30;38;66.625;60.920
1463;38;30;66.625;65.230
1464;30;39;20.827;3.460
1464;39;30;65.827;65.080
1465;31;32;51.801;65.710
1465;32;31;51.801;66.160
1466;31;32;53.142;73.000
1466;32;31;53.142;73.450
1467;31;32;50.838;83.600
1467;32;31;50.838;84.050
1468;31;33;70.015;74.710
1468;33;31;70.015;78.010
1469;31;33;74.044;65.270
1469;33;31;74.044;68.570
1470;31;33;68.020;76.910
1470;33;31;68.020;80.210
1471;31;34;46.253;74.650
1471;34;31;46.253;77.950
1472;31;34;45.987;82.430
1472;34;31;45.987;85.730
1473;31;35;85.197;60.120
1473;35;31;85.197;63.540
1474;31;35;79.070;64.350
1474;35;31;79.070;67.770
1475;31;35;78.218;78.420
1475;35;31;78.218;81.840
1476;31;36;58.739;62.580
1476;36;31;58.739;66.150
1477;31;36;60.015;69.970
1477;36;31;60.015;73.540
1478;31;36;58.149;65.240
1478;36;31;58.149;68.810
1479;31;37;59.514;80.970
1479;37;31;59.514;85.010
1480;31;37;58.673;57.420
1480;37;31;58.673;61.460
1481;31;37;63.118;76.550
1481;37;31;63.118;80.590
1482;31;38;80.807;68.160
1482;38;31;80.807;72.310
1483;31;39;18.686;21.660
1483;39;31;63.686;83.120
1484;32;33;63.214;65.460
1484;33;32;63.214;68.310
1485;32;33;63.943;65.950
1485;33;32;63.943;68.800
1486;32;34;50.552;69.300
1486;34;32;50.552;72.150
1487;32;35;81.879;82.350
1487;35;32;81.879;85.320
1488;32;35;86.625;75.260
1488;35;32;86.625;78.230
1489;32;36;62.835;60.000
1489;36;32;62.835;63.120
1490;32;36;64.911;60.010
1490;36;32;64.911;63.130
1491;32;37;58.365;78.090
1491;37;32;58.365;81.680
1492;32;37;60.874;67.900
1492;37;32;60.874;71.490
1493;32;38;74.138;78.940
1493;38;32;74.138;82.640
1494;32;38;78.410;68.490
1494;38;32;78.410;72.190
1495;32;38;80.845;60.770
1495;38;32;80.845;64.470
1496;32;39;19.290;6.890
1496;39;32;64.290;67.900
1497;33;34;68.766;76.220
1497;34;33;68.766;76.220
1498;33;35;78.876;71.580
1498;35;33;78.876;71.700
1499;33;36;78.559;65.560
1499;36;33;78.559;65.830
1500;33;36;82.307;76.530
1500;36;33;82.307;76.800
1501;33;36;81.859;68.100
1501;36;33;81.859;68.370
1502;33;37;68.563;62.980
1502;37;33;68.563;63.720
1503;33;37;65.387;73.770
1503;37;33;65.387;74.510
1504;33;37;73.756;66.910
1504;37;33;73.756;67.650
1505;33;38;56.906;79.170
1505;38;33;56.906;80.020
1506;33;38;55.140;59.270
1506;38;33;55.140;60.120
1507;33;38;56.901;60.940
1507;38;33;56.901;61.790
1508;33;39;29.975;12.860
1508;39;33;74.975;71.020
1509;33;39;23.741;15.980
1509;39;33;68.741;74.140
1510;33;39;25.481;5.210
1510;39;33;70.481;63.370
1511;34;35;84.442;75.070
1511;35;34;84.442;75.190
1512;34;35;81.076;77.940
1512;35;34;81.076;78.060
1513;34;36;59.258;80.530
1513;36;34;59.258;80.800
1514;34;37;58.977;67.280
1514;37;34;58.977;68.020
1515;34;37;61.290;81.990
1515;37;34;61.290;82.730
1516;34;37;60.554;78.920
1516;37;34;60.554;79.660
1517;34;38;79.595;79.750
1517;38;34;79.595;80.600
1518;34;38;75.242;65.910
1518;38;34;75.242;66.760
1519;34;38;84.178;72.140
1519;38;34;84.178;72.990
1520;34;39;18.520;19.200
1520;39;34;63.520;77.360
1521;34;39;16.932;1.290
1521;39;34;61.932;59.450
1522;35;36;80.370;70.780
1522;36;35;80.370;70.930
1523;35;36;77.685;80.050
1523;36;35;77.685;80.200
1524;35;37;71.038;61.990
1524;37;35;71.038;62.610
1525;35;37;71.626;77.420
1525;37;35;71.626;78.040
1526;35;38;86.936;75.250
1526;38;35;86.936;75.980
1527;35;39;25.336;8.460
1527;39;35;70.336;66.500
1528;35;39;25.822;16.280
1528;39;35;70.822;74.320
1529;35;39;28.709;18.910
1529;39;35;73.709;76.950
1530;36;37;56.905;82.320
1530;37;36;56.905;82.790
1531;36;37;59.849;81.880
1531;37;36;59.849;82.350
1532;36;38;90.361;80.980
1532;38;36;90.361;81.560
1533;36;38;101.221;71.380
1533;38;36;101.221;71.960
1534;36;39;10.043;20.670
1534;39;36;55.043;78.560
1535;36;39;9.926;5.160
1535;39;36;54.926;63.050
1536;36;39;9.757;2.490
1536;39;36;54.757;60.380
1537;37;38;80.446;57.820
1537;38;37;80.446;57.930
1538;37;38;75.231;62.420
1538;38;37;75.231;62.530
1539;37;39;6.651;8.890
1539;39;37;51.651;66.310
1540;37;39;7.999;5.950
1540;39;37;52.999;63.370
1541;38;39;41.795;3.040
1541;39;38;86.795;60.350
1542;38;39;34.698;17.780
1542;39;38;79.698;75.090
