40
600.0
0;0;1;63.315;98.110
0;1;0;18.315;20.800
1;0;1;59.052;86.970
1;1;0;14.052;9.660
2;0;1;64.349;87.400
2;1;0;19.349;10.090
3;0;2;124.572;95.980
3;2;0;79.572;19.620
4;0;3;68.796;96.540
4;3;0;23.796;21.670
5;0;4;67.688;86.130
5;4;0;22.688;12.320
6;0;5;75.107;81.670
6;5;0;30.107;9.920
7;0;6;73.285;92.120
7;6;0;28.285;20.490
8;0;6;79.371;88.650
8;6;0;34.371;17.020
9;0;7;119.442;80.260
9;7;0;74.442;8.690
10;0;7;116.429;86.760
10;7;0;71.429;15.190
11;0;7;110.416;75.730
11;7;0;65.416;4.160
12;0;8;90.309;69.100
12;8;0;45.309;0.640
13;0;8;85.694;83.070
13;8;0;40.694;14.610
14;0;9;77.509;85.610
14;9;0;32.509;17.600
15;0;9;77.009;83.390
15;9;0;32.009;15.380
16;0;9;83.584;82.450
16;9;0;38.584;14.440
17;0;10;62.194;77.890
17;10;0;17.194;9.920
18;0;10;62.528;92.290
18;10;0;17.528;24.320
19;0;11;75.026;70.960
19;11;0;30.026;5.250
20;0;12;53.647;76.900
20;12;0;8.647;11.820
21;0;12;54.493;66.520
21;12;0;9.493;1.440
22;0;13;94.491;84.970
22;13;0;49.491;20.540
23;0;13;98.317;82.750
23;13;0;53.317;18.320
24;0;13;84.242;79.620
24;13;0;39.242;15.190
25;0;14;138.673;74.120
25;14;0;93.673;12.190
26;0;15;102.583;79.570
26;15;0;57.583;18.740
27;0;16;81.549;81.200
27;16;0;36.549;20.570
28;0;16;76.995;84.320
28;16;0;31.995;23.690
29;0;16;74.241;64.360
29;16;0;29.241;3.730
30;0;17;72.562;66.150
30;17;0;27.562;7.990
31;0;18;126.991;66.540
31;18;0;81.991;8.640
32;0;18;125.267;61.360
32;18;0;80.267;3.460
33;0;19;64.222;63.750
33;19;0;19.222;5.880
34;0;20;63.686;64.230
34;20;0;18.686;6.370
35;0;20;61.614;70.760
35;20;0;16.614;12.900
36;0;20;63.183;78.700
36;20;0;18.183;20.840
37;0;21;70.336;63.740
37;21;0;25.336;6.580
38;0;21;72.230;70.030
38;21;0;27.230;12.870
39;0;21;71.477;61.270
39;21;0;26.477;4.110
40;0;22;63.196;74.040
40;22;0;18.196;16.930
41;0;22;61.185;78.460
41;22;0;16.185;21.350
42;0;23;76.387;65.080
42;23;0;31.387;9.250
43;0;23;74.115;57.790
43;23;0;29.115;1.960
44;0;24;121.973;67.760
44;24;0;76.973;13.580
45;0;24;104.207;67.810
45;24;0;59.207;13.630
46;0;25;51.651;56.890
46;25;0;6.651;2.730
47;0;25;51.782;72.750
47;25;0;6.782;18.590
48;0;25;51.206;67.590
48;25;0;6.206;13.430
49;0;26;67.496;71.240
49;26;0;22.496;17.520
50;0;26;68.517;71.270
50;26;0;23.517;17.550
51;0;26;66.402;61.290
51;26;0;21.402;7.570
52;0;27;74.820;65.170
52;27;0;29.820;12.730
53;0;27;75.691;69.390
53;27;0;30.691;16.950
54;0;27;71.557;62.420
54;27;0;26.557;9.980
55;0;28;64.290;55.710
55;28;0;19.290;3.860
56;0;28;62.739;74.380
56;28;0;17.739;22.530
57;0;28;64.374;72.820
57;28;0;19.374;20.970
58;0;29;65.827;64.840
58;29;0;20.827;13.130
59;0;29;68.598;53.770
59;29;0;23.598;2.060
60;0;29;68.576;59.550
60;29;0;23.576;7.840
61;0;30;63.520;59.700
61;30;0;18.520;8.240
62;0;30;60.783;52.150
62;30;0;15.783;0.690
63;0;31;94.508;73.920
63;31;0;49.508;22.590
64;0;31;104.320;53.200
64;31;0;59.320;1.870
65;0;32;74.769;59.570
65;32;0;29.769;8.510
66;0;32;73.918;55.800
66;32;0;28.918;4.740
67;0;32;69.180;68.530
67;32;0;24.180;17.470
68;0;33;97.651;60.930
68;33;0;52.651;9.980
69;0;33;97.085;56.820
69;33;0;52.085;5.870
70;0;33;106.680;66.470
70;33;0;61.680;15.520
71;0;34;52.648;53.570
71;34;0;7.648;2.700
72;0;35;60.608;68.710
72;35;0;15.608;18.450
73;0;35;60.457;63.710
73;35;0;15.457;13.450
74;0;35;58.937;69.700
74;35;0;13.937;19.440
75;0;36;116.350;74.290
75;36;0;71.350;24.190
76;0;37;57.868;59.330
76;37;0;12.868;9.560
77;0;38;117.243;55.360
77;38;0;72.243;5.980
78;0;38;120.756;65.530
78;38;0;75.756;16.150
79;0;38;114.784;56.080
79;38;0;69.784;6.700
80;0;39;0.000;10.690
80;39;0;0.000;10.690
81;0;39;0.000;9.540
81;39;0;0.000;9.540
82;1;2;110.310;95.330
82;2;1;110.310;96.280
83;1;3;86.710;78.960
83;3;1;86.710;81.400
84;1;4;52.549;92.820
84;4;1;52.549;96.320
85;1;4;52.779;84.560
85;4;1;52.779;88.060
86;1;4;52.523;98.150
86;4;1;52.523;101.650
87;1;5;79.073;93.210
87;5;1;79.073;98.770
88;1;5;86.756;90.560
88;5;1;86.756;96.120
89;1;5;81.284;83.600
89;5;1;81.284;89.160
90;1;6;90.296;89.110
90;6;1;90.296;94.790
91;1;7;104.115;75.420
91;7;1;104.115;81.160
92;1;7;96.225;90.060
92;7;1;96.225;95.800
93;1;8;75.731;70.190
93;8;1;75.731;79.040
94;1;9;66.825;71.370
94;9;1;66.825;80.670
95;1;10;58.035;70.500
95;10;1;58.035;79.840
96;1;11;56.863;68.910
96;11;1;56.863;80.510
97;1;11;56.015;76.600
97;11;1;56.015;88.200
98;1;11;53.940;73.250
98;11;1;53.940;84.850
99;1;12;58.400;73.500
99;12;1;58.400;85.730
100;1;12;56.153;84.140
100;12;1;56.153;96.370
101;1;13;92.752;69.170
101;13;1;92.752;82.050
102;1;13;94.087;86.180
102;13;1;94.087;99.060
103;1;14;144.932;62.280
103;14;1;144.932;77.660
104;1;15;86.861;72.690
104;15;1;86.861;89.170
105;1;16;87.897;77.220
105;16;1;87.897;93.900
106;1;17;77.940;64.750
106;17;1;77.940;83.900
107;1;17;71.777;69.120
107;17;1;71.777;88.270
108;1;18;132.667;64.880
108;18;1;132.667;84.290
109;1;18;150.046;58.620
109;18;1;150.046;78.030
110;1;18;142.914;59.370
110;18;1;142.914;78.780
111;1;19;75.947;58.980
111;19;1;75.947;78.420
112;1;19;71.628;75.020
112;19;1;71.628;94.460
113;1;19;71.712;60.780
113;19;1;71.712;80.220
114;1;20;59.427;74.180
114;20;1;59.427;93.630
115;1;20;61.859;71.570
115;20;1;61.859;91.020
116;1;21;88.638;58.750
116;21;1;88.638;78.900
117;1;21;91.504;65.930
117;21;1;91.504;86.080
118;1;22;60.964;58.310
118;22;1;60.964;78.510
119;1;23;94.527;74.570
119;23;1;94.527;96.050
120;1;24;123.579;61.190
120;24;1;123.579;84.320
121;1;25;64.327;69.250
121;25;1;64.327;92.400
122;1;25;63.842;65.580
122;25;1;63.842;88.730
123;1;25;62.603;69.820
123;25;1;62.603;92.970
124;1;26;60.226;64.520
124;26;1;60.226;88.110
125;1;26;58.314;68.980
125;26;1;58.314;92.570
126;1;26;62.069;73.630
126;26;1;62.069;97.220
127;1;27;62.130;76.340
127;27;1;62.130;101.210
128;1;27;60.505;67.710
128;27;1;60.505;92.580
129;1;27;64.893;69.090
129;27;1;64.893;93.960
130;1;28;65.617;53.480
130;28;1;65.617;78.940
131;1;29;70.351;75.290
131;29;1;70.351;100.890
132;1;30;60.483;61.620
132;30;1;60.483;87.470
133;1;30;60.619;53.650
133;30;1;60.619;79.500
134;1;30;63.539;62.310
134;30;1;63.539;88.160
135;1;31;105.227;69.070
135;31;1;105.227;95.050
136;1;31;104.830;51.890
136;31;1;104.830;77.870
137;1;32;91.408;70.150
137;32;1;91.408;96.400
138;1;33;83.132;69.300
138;33;1;83.132;95.660
139;1;33;81.104;74.250
139;33;1;81.104;100.610
140;1;34;55.697;66.730
140;34;1;55.697;93.170
141;1;34;58.034;63.480
141;34;1;58.034;89.920
142;1;34;55.544;65.260
142;34;1;55.544;91.700
143;1;35;61.864;60.320
143;35;1;61.864;87.370
144;1;36;121.504;74.170
144;36;1;121.504;101.380
145;1;36;131.973;63.970
145;36;1;131.973;91.180
146;1;37;50.480;72.330
146;37;1;50.480;99.870
147;1;38;134.808;52.450
147;38;1;134.808;80.380
148;1;39;18.315;11.010
148;39;1;63.315;88.320
149;1;39;19.715;20.060
149;39;1;64.715;97.370
150;2;3;147.414;92.390
150;3;2;147.414;93.880
151;2;3;139.392;79.400
151;3;2;139.392;80.890
152;2;4;103.279;75.480
152;4;2;103.279;78.030
153;2;5;110.123;74.610
153;5;2;110.123;79.220
154;2;5;118.868;81.520
154;5;2;118.868;86.130
155;2;5;102.262;84.820
155;5;2;102.262;89.430
156;2;6;152.715;92.630
156;6;2;152.715;97.360
157;2;7;53.891;76.750
157;7;2;53.891;81.540
158;2;8;79.657;90.570
158;8;2;79.657;98.470
159;2;9;92.290;80.880
159;9;2;92.290;89.230
160;2;10;107.614;77.830
160;10;2;107.614;86.220
161;2;10;120.115;73.300
161;10;2;120.115;81.690
162;2;11;100.587;79.020
162;11;2;100.587;89.670
163;2;12;116.038;80.870
163;12;2;116.038;92.150
164;2;13;96.851;76.510
164;13;2;96.851;88.440
165;2;13;102.021;65.650
165;13;2;102.021;77.580
166;2;14;145.386;68.230
166;14;2;145.386;82.660
167;2;15;69.273;85.120
167;15;2;69.273;100.650
168;2;16;115.732;68.960
168;16;2;115.732;84.690
169;2;17;112.603;82.610
169;17;2;112.603;100.810
170;2;17;98.933;68.310
170;17;2;98.933;86.510
171;2;18;134.838;81.780
171;18;2;134.838;100.240
172;2;18;140.804;63.660
172;18;2;140.804;82.120
173;2;18;157.279;64.670
173;18;2;157.279;83.130
174;2;19;141.041;61.340
174;19;2;141.041;79.830
175;2;19;133.461;58.660
175;19;2;133.461;77.150
176;2;19;162.714;60.360
176;19;2;162.714;78.850
177;2;20;106.364;66.270
177;20;2;106.364;84.770
178;2;21;145.892;79.420
178;21;2;145.892;98.620
179;2;22;107.439;78.130
179;22;2;107.439;97.380
180;2;22;119.559;77.510
180;22;2;119.559;96.760
181;2;22;91.840;81.170
181;22;2;91.840;100.420
182;2;23;153.905;64.940
182;23;2;153.905;85.470
183;2;24;115.801;66.990
183;24;2;115.801;89.170
184;2;25;120.858;58.070
184;25;2;120.858;80.270
185;2;25;102.023;78.270
185;25;2;102.023;100.470
186;2;25;108.959;72.920
186;25;2;108.959;95.120
187;2;26;102.363;64.160
187;26;2;102.363;86.800
188;2;26;112.759;72.390
188;26;2;112.759;95.030
189;2;26;110.443;67.500
189;26;2;110.443;90.140
190;2;27;94.818;52.880
190;27;2;94.818;76.800
191;2;27;84.318;60.020
191;27;2;84.318;83.940
192;2;28;109.018;62.520
192;28;2;109.018;87.030
193;2;28;118.236;64.880
193;28;2;118.236;89.390
194;2;28;95.149;56.230
194;28;2;95.149;80.740
195;2;29;111.786;61.030
195;29;2;111.786;85.680
196;2;30;106.891;59.280
196;30;2;106.891;84.180
197;2;31;133.529;73.350
197;31;2;133.529;98.380
198;2;32;154.307;51.490
198;32;2;154.307;76.790
199;2;32;161.560;51.420
199;32;2;161.560;76.720
200;2;32;180.434;56.340
200;32;2;180.434;81.640
201;2;33;72.216;75.200
201;33;2;72.216;100.610
202;2;33;75.293;55.850
202;33;2;75.293;81.260
203;2;34;118.727;66.900
203;34;2;118.727;92.390
204;2;34;119.379;75.690
204;34;2;119.379;101.180
205;2;34;110.991;70.250
205;34;2;110.991;95.740
206;2;35;110.684;59.360
206;35;2;110.684;85.460
207;2;36;126.254;52.810
207;36;2;126.254;79.070
208;2;36;128.145;53.230
208;36;2;128.145;79.490
209;2;37;114.031;63.300
209;37;2;114.031;89.890
210;2;37;96.818;58.940
210;37;2;96.818;85.530
211;2;37;110.279;65.890
211;37;2;110.279;92.480
212;2;38;180.954;74.190
212;38;2;180.954;101.170
213;2;38;213.075;59.310
213;38;2;213.075;86.290
214;2;39;79.572;12.110
214;39;2;124.572;88.470
215;2;39;99.389;14.370
215;39;2;144.389;90.730
216;2;39;66.713;16.630
216;39;2;111.713;92.990
217;3;4;91.481;92.150
217;4;3;91.481;93.210
218;3;5;89.354;95.670
218;5;3;89.354;98.790
219;3;5;95.337;86.480
219;5;3;95.337;89.600
220;3;6;51.988;86.000
220;6;3;51.988;89.240
221;3;6;51.965;80.300
221;6;3;51.965;83.540
222;3;7;142.767;82.040
222;7;3;142.767;85.340
223;3;7;129.952;90.660
223;7;3;129.952;93.960
224;3;8;113.670;86.320
224;8;3;113.670;92.730
225;3;9;100.131;86.070
225;9;3;100.131;92.930
226;3;10;84.892;80.760
226;10;3;84.892;87.660
227;3;11;98.562;67.420
227;11;3;98.562;76.580
228;3;11;110.527;87.110
228;11;3;110.527;96.270
229;3;11;98.141;87.340
229;11;3;98.141;96.500
230;3;12;76.730;70.090
230;12;3;76.730;79.880
231;3;13;110.336;73.160
231;13;3;110.336;83.600
232;3;14;142.123;69.640
232;14;3;142.123;82.580
233;3;15;126.132;60.920
233;15;3;126.132;74.960
234;3;15;130.198;82.700
234;15;3;130.198;96.740
235;3;15;144.383;65.380
235;15;3;144.383;79.420
236;3;16;91.542;83.350
236;16;3;91.542;97.590
237;3;16;100.602;78.520
237;16;3;100.602;92.760
238;3;17;86.226;60.200
238;17;3;86.226;76.910
239;3;17;80.231;70.050
239;17;3;80.231;86.760
240;3;18;131.923;69.620
240;18;3;131.923;86.590
241;3;18;149.376;71.590
241;18;3;149.376;88.560
242;3;18;114.026;61.830
242;18;3;114.026;78.800
243;3;19;64.619;63.080
243;19;3;64.619;80.080
244;3;20;86.065;79.400
244;20;3;86.065;96.410
245;3;20;88.451;73.490
245;20;3;88.451;90.500
246;3;21;53.171;69.590
246;21;3;53.171;87.300
247;3;22;84.989;68.780
247;22;3;84.989;86.540
248;3;22;79.365;66.020
248;22;3;79.365;83.780
249;3;22;77.290;69.610
249;22;3;77.290;87.370
250;3;23;53.115;58.680
250;23;3;53.115;77.720
251;3;23;52.689;68.470
251;23;3;52.689;87.510
252;3;23;52.916;68.620
252;23;3;52.916;87.660
253;3;24;132.213;74.890
253;24;3;132.213;95.580
254;3;24;117.774;62.700
254;24;3;117.774;83.390
255;3;24;135.391;69.090
255;24;3;135.391;89.780
256;3;25;71.558;68.140
256;25;3;71.558;88.850
257;3;25;68.851;56.360
257;25;3;68.851;77.070
258;3;25;78.006;67.930
258;25;3;78.006;88.640
259;3;26;90.080;57.640
259;26;3;90.080;78.790
260;3;26;84.979;75.350
260;26;3;84.979;96.500
261;3;27;98.131;75.060
261;27;3;98.131;97.490
262;3;27;90.144;73.540
262;27;3;90.144;95.970
263;3;28;84.024;58.520
263;28;3;84.024;81.540
264;3;28;78.670;59.540
264;28;3;78.670;82.560
265;3;28;77.234;62.130
265;28;3;77.234;85.150
266;3;29;82.779;59.080
266;29;3;82.779;82.240
267;3;29;77.544;61.520
267;29;3;77.544;84.680
268;3;30;85.525;53.240
268;30;3;85.525;76.650
269;3;30;79.373;57.440
269;30;3;79.373;80.850
270;3;30;84.754;72.000
270;30;3;84.754;95.410
271;3;31;95.417;59.000
271;31;3;95.417;82.540
272;3;31;89.362;73.410
272;31;3;89.362;96.950
273;3;32;54.263;75.020
273;32;3;54.263;98.830
274;3;32;55.900;73.090
274;32;3;55.900;96.900
275;3;32;52.829;65.880
275;32;3;52.829;89.690
276;3;33;120.887;68.610
276;33;3;120.887;92.530
277;3;34;76.099;56.120
277;34;3;76.099;80.120
278;3;34;76.659;63.840
278;34;3;76.659;87.840
279;3;35;81.786;74.930
279;35;3;81.786;99.540
280;3;35;73.089;56.950
280;35;3;73.089;81.560
281;3;35;84.711;65.750
281;35;3;84.711;90.360
282;3;36;122.761;67.570
282;36;3;122.761;92.340
283;3;36;116.337;54.640
283;36;3;116.337;79.410
284;3;37;81.426;65.440
284;37;3;81.426;90.540
285;3;37;74.198;63.350
285;37;3;74.198;88.450
286;3;38;99.294;54.940
286;38;3;99.294;80.430
287;3;38;106.861;49.460
287;38;3;106.861;74.950
288;3;38;98.639;58.090
288;38;3;98.639;83.580
289;3;39;23.796;17.420
289;39;3;68.796;92.290
290;3;39;19.638;5.390
290;39;3;64.638;80.260
291;3;39;18.281;3.670
291;39;3;63.281;78.540
292;4;5;75.314;76.090
292;5;4;75.314;78.150
293;4;6;95.763;83.950
293;6;4;95.763;86.130
294;4;6;92.099;90.340
294;6;4;92.099;92.520
295;4;7;97.433;78.630
295;7;4;97.433;80.870
296;4;7;99.883;86.580
296;7;4;99.883;88.820
297;4;7;99.355;94.230
297;7;4;99.355;96.470
298;4;8;68.621;68.790
298;8;4;68.621;74.140
299;4;8;70.737;75.110
299;8;4;70.737;80.460
300;4;9;59.400;82.830
300;9;4;59.400;88.630
301;4;10;55.323;89.280
301;10;4;55.323;95.120
302;4;10;54.447;74.520
302;10;4;54.447;80.360
303;4;11;54.344;84.220
303;11;4;54.344;92.320
304;4;11;56.593;78.320
304;11;4;56.593;86.420
305;4;11;52.890;67.680
305;11;4;52.890;75.780
306;4;12;60.381;87.760
306;12;4;60.381;96.490
307;4;12;56.853;74.590
307;12;4;56.853;83.320
308;4;13;86.520;84.020
308;13;4;86.520;93.400
309;4;14;140.389;66.440
309;14;4;140.389;78.320
310;4;14;121.740;64.350
310;14;4;121.740;76.230
311;4;15;80.299;74.030
311;15;4;80.299;87.010
312;4;15;78.954;62.330
312;15;4;78.954;75.310
313;4;16;84.488;81.950
313;16;4;84.488;95.130
314;4;17;74.821;76.800
314;17;4;74.821;92.450
315;4;17;72.074;68.490
315;17;4;72.074;84.140
316;4;17;79.386;60.830
316;17;4;79.386;76.480
317;4;18;128.027;74.310
317;18;4;128.027;90.220
318;4;18;140.314;64.530
318;18;4;140.314;80.440
319;4;19;82.763;70.040
319;19;4;82.763;85.980
320;4;19;82.767;66.490
320;19;4;82.767;82.430
321;4;20;55.905;58.590
321;20;4;55.905;74.540
322;4;21;92.282;58.960
322;21;4;92.282;75.610
323;4;22;57.858;72.070
323;22;4;57.858;88.770
324;4;22;60.435;64.980
324;22;4;60.435;81.680
325;4;23;98.965;69.440
325;23;4;98.965;87.420
326;4;23;88.132;74.540
326;23;4;88.132;92.520
327;4;23;93.578;58.430
327;23;4;93.578;76.410
328;4;24;117.778;68.700
328;24;4;117.778;88.330
329;4;24;112.759;73.250
329;24;4;112.759;92.880
330;4;25;66.487;69.030
330;25;4;66.487;88.680
331;4;25;67.870;78.780
331;25;4;67.870;98.430
332;4;26;54.749;78.210
332;26;4;54.749;98.300
333;4;26;53.102;57.440
333;26;4;53.102;77.530
334;4;26;52.863;63.500
334;26;4;52.863;83.590
335;4;27;54.587;57.520
335;27;4;54.587;78.890
336;4;27;54.264;64.280
336;27;4;54.264;85.650
337;4;27;52.304;69.870
337;27;4;52.304;91.240
338;4;28;62.705;58.950
338;28;4;62.705;80.910
339;4;28;62.639;59.530
339;28;4;62.639;81.490
340;4;28;66.410;59.190
340;28;4;66.410;81.150
341;4;29;67.821;57.070
341;29;4;67.821;79.170
342;4;30;57.156;62.860
342;30;4;57.156;85.210
343;4;31;103.016;70.850
343;31;4;103.016;93.330
344;4;31;100.859;75.210
344;31;4;100.859;97.690
345;4;31;114.032;52.080
345;31;4;114.032;74.560
346;4;32;97.078;56.730
346;32;4;97.078;79.480
347;4;32;105.177;66.570
347;32;4;105.177;89.320
348;4;32;105.605;65.360
348;32;4;105.605;88.110
349;4;33;76.063;63.450
349;33;4;76.063;86.310
350;4;33;83.546;51.460
350;33;4;83.546;74.320
351;4;33;75.558;73.650
351;33;4;75.558;96.510
352;4;34;60.801;62.780
352;34;4;60.801;85.720
353;4;35;60.128;55.780
353;35;4;60.128;79.330
354;4;35;61.314;68.080
354;35;4;61.314;91.630
355;4;35;61.576;59.060
355;35;4;61.576;82.610
356;4;36;116.810;58.750
356;36;4;116.810;82.460
357;4;36;100.338;58.980
357;36;4;100.338;82.690
358;4;36;106.683;62.680
358;36;4;106.683;86.390
359;4;37;55.797;60.090
359;37;4;55.797;84.130
360;4;38;136.617;57.740
360;38;4;136.617;82.170
361;4;38;132.173;70.310
361;38;4;132.173;94.740
362;4;38;151.257;52.150
362;38;4;151.257;76.580
363;4;39;22.688;2.560
363;39;4;67.688;76.370
364;5;6;96.088;94.120
364;6;5;96.088;94.240
365;5;6;107.457;83.820
365;6;5;107.457;83.940
366;5;6;89.321;80.930
366;6;5;89.321;81.050
367;5;7;108.137;93.570
367;7;5;108.137;93.750
368;5;8;82.998;73.670
368;8;5;82.998;76.960
369;5;8;91.398;73.950
369;8;5;91.398;77.240
370;5;9;69.601;82.240
370;9;5;69.601;85.980
371;5;10;66.053;68.510
371;10;5;66.053;72.290
372;5;10;68.797;71.710
372;10;5;68.797;75.490
373;5;11;84.115;72.940
373;11;5;84.115;78.980
374;5;11;74.466;75.730
374;11;5;74.466;81.770
375;5;12;69.444;69.970
375;12;5;69.444;76.640
376;5;12;70.082;73.040
376;12;5;70.082;79.710
377;5;12;67.029;73.070
377;12;5;67.029;79.740
378;5;13;65.984;72.320
378;13;5;65.984;79.640
379;5;13;67.172;87.080
379;13;5;67.172;94.400
380;5;13;61.575;78.850
380;13;5;61.575;86.170
381;5;14;110.940;61.940
381;14;5;110.940;71.760
382;5;15;94.880;71.980
382;15;5;94.880;82.900
383;5;16;54.238;64.670
383;16;5;54.238;75.790
384;5;16;55.879;84.620
384;16;5;55.879;95.740
385;5;16;53.513;74.740
385;16;5;53.513;85.860
386;5;17;48.134;62.190
386;17;5;48.134;75.780
387;5;17;48.563;74.900
387;17;5;48.563;88.490
388;5;17;48.692;70.700
388;17;5;48.692;84.290
389;5;18;98.755;82.190
389;18;5;98.755;96.040
390;5;18;92.270;71.040
390;18;5;92.270;84.890
391;5;18;106.151;66.740
391;18;5;106.151;80.590
392;5;19;93.824;67.870
392;19;5;93.824;81.750
393;5;19;86.542;71.530
393;19;5;86.542;85.410
394;5;19;98.145;82.050
394;19;5;98.145;95.930
395;5;20;64.813;66.290
395;20;5;64.813;80.180
396;5;20;68.839;79.020
396;20;5;68.839;92.910
397;5;20;68.273;63.060
397;20;5;68.273;76.950
398;5;21;84.813;72.180
398;21;5;84.813;86.770
399;5;21;83.185;64.330
399;21;5;83.185;78.920
400;5;22;63.125;65.810
400;22;5;63.125;80.450
401;5;22;64.256;80.310
401;22;5;64.256;94.950
402;5;22;63.879;63.360
402;22;5;63.879;78.000
403;5;23;93.521;71.860
403;23;5;93.521;87.780
404;5;23;92.857;72.690
404;23;5;92.857;88.610
405;5;23;104.629;61.010
405;23;5;104.629;76.930
406;5;24;91.911;63.000
406;24;5;91.911;80.570
407;5;24;99.176;65.690
407;24;5;99.176;83.260
408;5;25;68.466;70.330
408;25;5;68.466;87.920
409;5;25;67.563;68.080
409;25;5;67.563;85.670
410;5;25;69.085;74.910
410;25;5;69.085;92.500
411;5;26;65.740;69.230
411;26;5;65.740;87.260
412;5;27;72.339;53.500
412;27;5;72.339;72.810
413;5;28;58.515;52.470
413;28;5;58.515;72.370
414;5;28;61.494;70.270
414;28;5;61.494;90.170
415;5;29;54.569;65.630
415;29;5;54.569;85.670
416;5;30;63.660;55.810
416;30;5;63.660;76.100
417;5;31;73.717;61.460
417;31;5;73.717;81.880
418;5;32;98.226;58.650
418;32;5;98.226;79.340
419;5;32;91.630;68.500
419;32;5;91.630;89.190
420;5;33;88.031;62.240
420;33;5;88.031;83.040
421;5;33;91.288;72.400
421;33;5;91.288;93.200
422;5;33;78.736;73.940
422;33;5;78.736;94.740
423;5;34;76.014;64.430
423;34;5;76.014;85.310
424;5;35;62.643;61.540
424;35;5;62.643;83.030
425;5;35;59.902;70.040
425;35;5;59.902;91.530
426;5;36;87.679;71.570
426;36;5;87.679;93.220
427;5;37;76.379;54.380
427;37;5;76.379;76.360
428;5;37;71.594;58.880
428;37;5;71.594;80.860
429;5;38;116.126;69.740
429;38;5;116.126;92.110
430;5;38;123.226;63.650
430;38;5;123.226;86.020
431;5;38;109.590;63.560
431;38;5;109.590;85.930
432;5;39;30.107;11.850
432;39;5;75.107;83.600
433;5;39;26.751;15.820
433;39;5;71.751;87.570
434;5;39;28.191;17.280
434;39;5;73.191;89.030
435;6;7;147.722;95.450
435;7;6;147.722;95.510
436;6;8;118.587;79.070
436;8;6;118.587;82.240
437;6;8;121.691;83.330
437;8;6;121.691;86.500
438;6;8;122.381;69.800
438;8;6;122.381;72.970
439;6;9;105.469;79.790
439;9;6;105.469;83.410
440;6;9;114.517;76.590
440;9;6;114.517;80.210
441;6;9;110.599;68.930
441;9;6;110.599;72.550
442;6;10;90.108;69.720
442;10;6;90.108;73.380
443;6;10;80.835;92.770
443;10;6;80.835;96.430
444;6;11;102.121;88.620
444;11;6;102.121;94.540
445;6;12;81.692;81.020
445;12;6;81.692;87.570
446;6;12;76.400;78.420
446;12;6;76.400;84.970
447;6;12;88.693;71.750
447;12;6;88.693;78.300
448;6;13;117.069;76.440
448;13;6;117.069;83.640
449;6;14;148.777;83.150
449;14;6;148.777;92.850
450;6;14;124.131;84.620
450;14;6;124.131;94.320
451;6;14;124.079;65.420
451;14;6;124.079;75.120
452;6;15;130.857;77.580
452;15;6;130.857;88.380
453;6;15;111.780;84.380
453;15;6;111.780;95.180
454;6;16;98.504;85.470
454;16;6;98.504;96.470
455;6;16;93.851;64.560
455;16;6;93.851;75.560
456;6;17;92.972;80.150
456;17;6;92.972;93.620
457;6;18;138.718;73.650
457;18;6;138.718;87.380
458;6;18;135.900;75.690
458;18;6;135.900;89.420
459;6;18;144.530;72.560
459;18;6;144.530;86.290
460;6;19;63.721;66.210
460;19;6;63.721;79.970
461;6;19;59.329;75.410
461;19;6;59.329;89.170
462;6;19;64.364;58.250
462;19;6;64.364;72.010
463;6;20;91.414;81.800
463;20;6;91.414;95.570
464;6;20;85.935;82.300
464;20;6;85.935;96.070
465;6;21;59.458;79.190
465;21;6;59.458;93.660
466;6;21;56.347;78.840
466;21;6;56.347;93.310
467;6;21;59.946;58.590
467;21;6;59.946;73.060
468;6;22;90.512;63.580
468;22;6;90.512;78.100
469;6;22;82.857;78.750
469;22;6;82.857;93.270
470;6;23;54.760;78.260
470;23;6;54.760;94.060
471;6;24;139.200;64.530
471;24;6;139.200;81.980
472;6;24;142.896;65.130
472;24;6;142.896;82.580
473;6;25;77.067;58.070
473;25;6;77.067;75.540
474;6;25;69.315;73.240
474;25;6;69.315;90.710
475;6;25;75.357;62.850
475;25;6;75.357;80.320
476;6;26;95.384;73.340
476;26;6;95.384;91.250
477;6;27;103.075;75.950
477;27;6;103.075;95.140
478;6;27;113.539;70.150
478;27;6;113.539;89.340
479;6;27;116.781;58.530
479;27;6;116.781;77.720
480;6;28;89.999;57.230
480;28;6;89.999;77.010
481;6;29;89.149;59.300
481;29;6;89.149;79.220
482;6;29;80.726;66.290
482;29;6;80.726;86.210
483;6;30;90.992;63.210
483;30;6;90.992;83.380
484;6;31;102.108;53.400
484;31;6;102.108;73.700
485;6;31;100.932;66.210
485;31;6;100.932;86.510
486;6;32;47.288;52.120
486;32;6;47.288;72.690
487;6;32;46.726;63.880
487;32;6;46.726;84.450
488;6;32;46.774;70.860
488;32;6;46.774;91.430
489;6;33;125.908;61.860
489;33;6;125.908;82.540
490;6;34;80.025;68.140
490;34;6;80.025;88.900
491;6;34;80.108;64.140
491;34;6;80.108;84.900
492;6;35;87.419;58.740
492;35;6;87.419;80.110
493;6;35;78.393;66.850
493;35;6;78.393;88.220
494;6;36;129.661;72.120
494;36;6;129.661;93.650
495;6;36;128.198;55.260
495;36;6;128.198;76.790
496;6;36;139.242;54.730
496;36;6;139.242;76.260
497;6;37;85.279;59.270
497;37;6;85.279;81.130
498;6;38;101.499;72.630
498;38;6;101.499;94.880
499;6;39;28.285;23.930
499;39;6;73.285;95.560
500;6;39;33.811;24.140
500;39;6;78.811;95.770
501;6;39;27.800;11.510
501;39;6;72.800;83.140
502;7;8;74.136;89.660
502;8;7;74.136;92.770
503;7;8;74.035;86.170
503;8;7;74.035;89.280
504;7;8;68.545;70.990
504;8;7;68.545;74.100
505;7;9;87.910;86.270
505;9;7;87.910;89.830
506;7;10;102.892;73.080
506;10;7;102.892;76.680
507;7;11;93.727;79.930
507;11;7;93.727;85.790
508;7;12;111.092;76.080
508;12;7;111.092;82.570
509;7;13;97.504;73.350
509;13;7;97.504;80.490
510;7;14;149.258;85.630
510;14;7;149.258;95.270
511;7;14;132.583;84.540
511;14;7;132.583;94.180
512;7;14;152.549;76.970
512;14;7;152.549;86.610
513;7;15;62.276;85.360
513;15;7;62.276;96.100
514;7;15;64.660;74.900
514;15;7;64.660;85.640
515;7;16;114.654;61.260
515;16;7;114.654;72.200
516;7;16;98.539;82.770
516;16;7;98.539;93.710
517;7;17;110.343;60.530
517;17;7;110.343;73.940
518;7;18;138.199;78.410
518;18;7;138.199;92.080
519;7;18;142.455;76.800
519;18;7;142.455;90.470
520;7;18;124.061;68.300
520;18;7;124.061;81.970
521;7;19;135.045;70.340
521;19;7;135.045;84.040
522;7;19;121.336;61.300
522;19;7;121.336;75.000
523;7;20;101.809;80.360
523;20;7;101.809;94.070
524;7;21;141.875;71.810
524;21;7;141.875;86.220
525;7;21;151.867;74.500
525;21;7;151.867;88.910
526;7;22;103.090;65.670
526;22;7;103.090;80.130
527;7;22;92.035;64.930
527;22;7;92.035;79.390
528;7;22;108.747;67.480
528;22;7;108.747;81.940
529;7;23;149.601;74.700
529;23;7;149.601;90.440
530;7;24;119.772;62.570
530;24;7;119.772;79.960
531;7;25;116.292;75.470
531;25;7;116.292;92.880
532;7;26;97.787;71.460
532;26;7;97.787;89.310
533;7;27;89.666;54.460
533;27;7;89.666;73.590
534;7;28;105.251;76.490
534;28;7;105.251;96.210
535;7;29;108.550;66.010
535;29;7;108.550;85.870
536;7;30;102.478;69.160
536;30;7;102.478;89.270
537;7;31;133.328;58.160
537;31;7;133.328;78.400
538;7;31;139.739;52.150
538;31;7;139.739;72.390
539;7;31;145.373;63.270
539;31;7;145.373;83.510
540;7;32;149.196;64.860
540;32;7;149.196;85.370
541;7;32;148.855;52.370
541;32;7;148.855;72.880
542;7;32;130.043;59.070
542;32;7;130.043;79.580
543;7;33;66.887;59.610
543;33;7;66.887;80.230
544;7;33;62.969;69.240
544;33;7;62.969;89.860
545;7;34;113.151;59.890
545;34;7;113.151;80.590
546;7;35;106.402;67.890
546;35;7;106.402;89.200
547;7;35;120.417;65.380
547;35;7;120.417;86.690
548;7;36;128.961;65.830
548;36;7;128.961;87.300
549;7;36;136.315;51.370
549;36;7;136.315;72.840
550;7;36;146.764;74.040
550;36;7;146.764;95.510
551;7;37;108.227;69.930
551;37;7;108.227;91.730
552;7;38;179.262;70.710
552;38;7;179.262;92.900
553;7;38;204.089;54.020
553;38;7;204.089;76.210
554;7;39;74.442;9.960
554;39;7;119.442;81.530
555;7;39;80.465;23.340
555;39;7;125.465;94.910
556;7;39;89.293;20.590
556;39;7;134.293;92.160
557;8;9;59.501;72.970
557;9;8;59.501;73.420
558;8;9;61.831;71.240
558;9;8;61.831;71.690
559;8;9;62.736;89.190
559;9;8;62.736;89.640
560;8;10;73.859;75.540
560;10;8;73.859;76.030
561;8;10;76.359;87.910
561;10;8;76.359;88.400
562;8;10;79.013;73.550
562;10;8;79.013;74.040
563;8;11;67.057;68.350
563;11;8;67.057;71.100
564;8;11;64.370;73.120
564;11;8;64.370;75.870
565;8;11;62.314;86.440
565;11;8;62.314;89.190
566;8;12;81.967;84.620
566;12;8;81.967;88.000
567;8;12;73.770;72.140
567;12;8;73.770;75.520
568;8;12;77.938;67.460
568;12;8;77.938;70.840
569;8;13;80.955;75.070
569;13;8;80.955;79.100
570;8;13;78.566;83.100
570;13;8;78.566;87.130
571;8;14;138.102;71.520
571;14;8;138.102;78.050
572;8;14;156.105;64.490
572;14;8;156.105;71.020
573;8;15;57.717;80.630
573;15;8;57.717;88.260
574;8;15;55.870;73.770
574;15;8;55.870;81.400
575;8;15;60.393;72.640
575;15;8;60.393;80.270
576;8;16;91.181;81.000
576;16;8;91.181;88.830
577;8;17;84.493;62.950
577;17;8;84.493;73.250
578;8;18;125.897;66.190
578;18;8;125.897;76.750
579;8;18;139.244;65.220
579;18;8;139.244;75.780
580;8;19;106.384;72.260
580;19;8;106.384;82.850
581;8;19;116.520;74.140
581;19;8;116.520;84.730
582;8;20;72.879;72.270
582;20;8;72.879;82.870
583;8;20;67.938;70.580
583;20;8;67.938;81.180
584;8;21;113.074;64.450
584;21;8;113.074;75.750
585;8;21;106.075;69.340
585;21;8;106.075;80.640
586;8;21;123.429;63.060
586;21;8;123.429;74.360
587;8;22;74.303;69.790
587;22;8;74.303;81.140
588;8;22;78.753;72.580
588;22;8;78.753;83.930
589;8;23;120.617;73.530
589;23;8;120.617;86.160
590;8;24;111.005;69.640
590;24;8;111.005;83.920
591;8;25;87.272;71.590
591;25;8;87.272;85.890
592;8;25;82.559;58.050
592;25;8;82.559;72.350
593;8;25;88.996;73.470
593;25;8;88.996;87.770
594;8;26;68.888;70.170
594;26;8;68.888;84.910
595;8;27;60.541;55.860
595;27;8;60.541;71.880
596;8;27;59.483;59.510
596;27;8;59.483;75.530
597;8;28;77.050;59.280
597;28;8;77.050;75.890
598;8;28;83.750;70.320
598;28;8;83.750;86.930
599;8;28;70.873;64.730
599;28;8;70.873;81.340
600;8;29;81.011;68.510
600;29;8;81.011;85.260
601;8;30;73.647;70.620
601;30;8;73.647;87.620
602;8;30;67.902;68.580
602;30;8;67.902;85.580
603;8;31;110.986;69.440
603;31;8;110.986;86.570
604;8;31;106.825;68.750
604;31;8;106.825;85.880
605;8;31;116.631;73.750
605;31;8;116.631;90.880
606;8;32;120.070;63.140
606;32;8;120.070;80.540
607;8;32;107.220;69.090
607;32;8;107.220;86.490
608;8;33;52.444;51.310
608;33;8;52.444;68.820
609;8;33;52.139;59.300
609;33;8;52.139;76.810
610;8;33;50.993;75.470
610;33;8;50.993;92.980
611;8;34;84.149;54.580
611;34;8;84.149;72.170
612;8;34;79.292;55.350
612;34;8;79.292;72.940
613;8;35;77.631;56.720
613;35;8;77.631;74.920
614;8;35;80.005;55.180
614;35;8;80.005;73.380
615;8;35;73.486;67.830
615;35;8;73.486;86.030
616;8;36;115.123;50.560
616;36;8;115.123;68.920
617;8;36;106.254;60.530
617;36;8;106.254;78.890
618;8;37;79.380;62.820
618;37;8;79.380;81.510
619;8;38;152.971;70.030
619;38;8;152.971;89.110
620;8;39;45.309;24.630
620;39;8;90.309;93.090
621;8;39;55.517;1.230
621;39;8;100.517;69.690
622;9;10;60.372;68.480
622;10;9;60.372;68.520
623;9;10;63.506;89.740
623;10;9;63.506;89.780
624;9;11;63.996;70.460
624;11;9;63.996;72.760
625;9;12;68.885;66.210
625;12;9;68.885;69.140
626;9;13;74.022;66.500
626;13;9;74.022;70.080
627;9;14;130.235;82.390
627;14;9;130.235;88.470
628;9;15;72.178;80.650
628;15;9;72.178;87.830
629;9;15;77.631;70.980
629;15;9;77.631;78.160
630;9;15;67.527;80.790
630;15;9;67.527;87.970
631;9;16;78.419;62.150
631;16;9;78.419;69.530
632;9;16;75.215;76.390
632;16;9;75.215;83.770
633;9;16;82.430;85.390
633;16;9;82.430;92.770
634;9;17;70.644;80.640
634;17;9;70.644;90.490
635;9;17;69.264;60.840
635;17;9;69.264;70.690
636;9;18;117.833;68.440
636;18;9;117.833;78.550
637;9;18;103.865;65.810
637;18;9;103.865;75.920
638;9;18;125.974;66.430
638;18;9;125.974;76.540
639;9;19;95.168;74.260
639;19;9;95.168;84.400
640;9;20;59.075;59.440
640;20;9;59.075;69.590
641;9;21;98.966;79.880
641;21;9;98.966;90.730
642;9;21;98.198;68.370
642;21;9;98.198;79.220
643;9;21;100.375;57.240
643;21;9;100.375;68.090
644;9;22;60.208;67.040
644;22;9;60.208;77.940
645;9;22;56.646;62.240
645;22;9;56.646;73.140
646;9;22;58.471;74.890
646;22;9;58.471;85.790
647;9;23;106.754;74.430
647;23;9;106.754;86.610
648;9;23;93.732;65.330
648;23;9;93.732;77.510
649;9;24;105.565;61.500
649;24;9;105.565;75.330
650;9;24;91.583;78.380
650;24;9;91.583;92.210
651;9;25;73.573;77.580
651;25;9;73.573;91.430
652;9;25;72.300;67.690
652;25;9;72.300;81.540
653;9;26;55.085;55.310
653;26;9;55.085;69.600
654;9;26;53.430;68.680
654;26;9;53.430;82.970
655;9;27;50.206;73.060
655;27;9;50.206;88.630
656;9;27;50.560;66.460
656;27;9;50.560;82.030
657;9;28;62.568;54.570
657;28;9;62.568;70.730
658;9;28;58.790;72.750
658;28;9;58.790;88.910
659;9;29;66.551;69.210
659;29;9;66.551;85.510
660;9;29;62.763;54.010
660;29;9;62.763;70.310
661;9;29;69.204;74.370
661;29;9;69.204;90.670
662;9;30;59.627;52.930
662;30;9;59.627;69.480
663;9;30;60.847;53.540
663;30;9;60.847;70.090
664;9;31;98.228;69.710
664;31;9;98.228;86.390
665;9;31;89.256;60.780
665;31;9;89.256;77.460
666;9;32;107.109;75.330
666;32;9;107.109;92.280
667;9;33;66.106;69.580
667;33;9;66.106;86.640
668;9;34;72.476;62.480
668;34;9;72.476;79.620
669;9;34;74.678;67.110
669;34;9;74.678;84.250
670;9;34;70.131;64.400
670;34;9;70.131;81.540
671;9;35;63.504;64.870
671;35;9;63.504;82.620
672;9;35;62.673;58.310
672;35;9;62.673;76.060
673;9;35;60.306;71.300
673;35;9;60.306;89.050
674;9;36;106.687;73.540
674;36;9;106.687;91.450
675;9;37;68.627;55.900
675;37;9;68.627;74.140
676;9;37;71.368;63.020
676;37;9;71.368;81.260
677;9;38;138.576;72.430
677;38;9;138.576;91.060
678;9;39;32.509;9.770
678;39;9;77.509;77.780
679;9;39;37.796;24.600
679;39;9;82.796;92.610
680;10;11;64.667;71.280
680;11;10;64.667;73.540
681;10;11;62.408;77.480
681;11;10;62.408;79.740
682;10;12;53.547;76.380
682;12;10;53.547;79.270
683;10;13;80.845;77.340
683;13;10;80.845;80.880
684;10;14;131.899;80.410
684;14;10;131.899;86.450
685;10;14;129.486;71.550
685;14;10;129.486;77.590
686;10;14;141.993;72.540
686;14;10;141.993;78.580
687;10;15;86.462;63.280
687;15;10;86.462;70.420
688;10;16;74.973;69.350
688;16;10;74.973;76.690
689;10;16;73.553;72.330
689;16;10;73.553;79.670
690;10;16;81.901;80.720
690;16;10;81.901;88.060
691;10;17;65.072;67.720
691;17;10;65.072;77.530
692;10;17;68.862;69.230
692;17;10;68.862;79.040
693;10;17;70.012;80.490
693;17;10;70.012;90.300
694;10;18;119.643;71.130
694;18;10;119.643;81.200
695;10;18;124.935;74.760
695;18;10;124.935;84.830
696;10;18;110.424;80.100
696;18;10;110.424;90.170
697;10;19;80.483;74.680
697;19;10;80.483;84.780
698;10;20;46.755;74.170
698;20;10;46.755;84.280
699;10;20;46.547;61.920
699;20;10;46.547;72.030
700;10;21;84.311;77.030
700;21;10;84.311;87.840
701;10;21;93.126;73.850
701;21;10;93.126;84.660
702;10;22;47.930;64.650
702;22;10;47.930;75.510
703;10;22;48.605;65.070
703;22;10;48.605;75.930
704;10;23;91.758;57.640
704;23;10;91.758;69.780
705;10;23;92.746;63.340
705;23;10;92.746;75.480
706;10;24;111.028;58.790
706;24;10;111.028;72.580
707;10;25;58.413;64.970
707;25;10;58.413;78.780
708;10;26;50.307;55.920
708;26;10;50.307;70.170
709;10;27;58.406;62.690
709;27;10;58.406;78.220
710;10;27;60.755;67.310
710;27;10;60.755;82.840
711;10;28;52.711;70.930
711;28;10;52.711;87.050
712;10;28;54.340;69.760
712;28;10;54.340;85.880
713;10;29;57.704;71.760
713;29;10;57.704;88.020
714;10;29;59.990;69.060
714;29;10;59.990;85.320
715;10;30;47.493;71.110
715;30;10;47.493;87.620
716;10;30;46.988;59.640
716;30;10;46.988;76.150
717;10;31;92.930;57.760
717;31;10;92.930;74.400
718;10;32;91.738;52.060
718;32;10;91.738;68.970
719;10;33;81.006;52.550
719;33;10;81.006;69.570
720;10;33;86.171;75.800
720;33;10;86.171;92.820
721;10;33;72.741;58.850
721;33;10;72.741;75.870
722;10;34;58.189;51.360
722;34;10;58.189;68.460
723;10;34;57.446;75.510
723;34;10;57.446;92.610
724;10;35;49.840;63.050
724;35;10;49.840;80.760
725;10;35;49.505;57.450
725;35;10;49.505;75.160
726;10;35;49.771;62.100
726;35;10;49.771;79.810
727;10;36;108.490;64.700
727;36;10;108.490;82.570
728;10;37;56.204;55.690
728;37;10;56.204;73.890
729;10;37;58.559;67.030
729;37;10;58.559;85.230
730;10;38;126.893;56.810
730;38;10;126.893;75.400
731;10;39;17.194;14.420
731;39;10;62.194;82.390
732;10;39;16.679;20.680
732;39;10;61.679;88.650
733;11;12;68.888;67.290
733;12;11;68.888;67.920
734;11;12;71.057;77.590
734;12;11;71.057;78.220
735;11;12;64.499;79.740
735;12;11;64.499;80.370
736;11;13;92.913;83.670
736;13;11;92.913;84.950
737;11;13;101.832;80.360
737;13;11;101.832;81.640
738;11;13;89.626;67.180
738;13;11;89.626;68.460
739;11;14;148.288;70.220
739;14;11;148.288;74.000
740;11;14;166.118;85.200
740;14;11;166.118;88.980
741;11;15;76.508;76.660
741;15;11;76.508;81.540
742;11;16;93.346;81.370
742;16;11;93.346;86.450
743;11;16;105.304;66.390
743;16;11;105.304;71.470
744;11;17;83.871;62.840
744;17;11;83.871;70.390
745;11;17;85.730;80.150
745;17;11;85.730;87.700
746;11;17;78.962;67.510
746;17;11;78.962;75.060
747;11;18;135.886;62.360
747;18;11;135.886;70.170
748;11;18;114.598;60.480
748;18;11;114.598;68.290
749;11;19;87.085;74.490
749;19;11;87.085;82.330
750;11;19;82.312;81.820
750;19;11;82.312;89.660
751;11;19;97.014;81.270
751;19;11;97.014;89.110
752;11;20;65.174;68.800
752;20;11;65.174;76.650
753;11;20;66.317;58.800
753;20;11;66.317;66.650
754;11;21;100.244;64.070
754;21;11;100.244;72.620
755;11;21;94.184;63.280
755;21;11;94.184;71.830
756;11;21;88.263;76.580
756;21;11;88.263;85.130
757;11;22;67.147;68.160
757;22;11;67.147;76.760
758;11;22;64.821;80.230
758;22;11;64.821;88.830
759;11;22;63.553;71.830
759;22;11;63.553;80.430
760;11;23;106.346;57.740
760;23;11;106.346;67.620
761;11;23;120.052;68.190
761;23;11;120.052;78.070
762;11;24;124.455;66.880
762;24;11;124.455;78.410
763;11;25;75.057;60.110
763;25;11;75.057;71.660
764;11;26;63.382;64.540
764;26;11;63.382;76.530
765;11;26;62.369;72.040
765;26;11;62.369;84.030
766;11;27;58.908;70.430
766;27;11;58.908;83.700
767;11;27;58.915;61.530
767;27;11;58.915;74.800
768;11;27;55.551;75.080
768;27;11;55.551;88.350
769;11;28;71.949;60.930
769;28;11;71.949;74.790
770;11;29;77.075;57.910
770;29;11;77.075;71.910
771;11;29;71.694;71.230
771;29;11;71.694;85.230
772;11;30;66.427;71.570
772;30;11;66.427;85.820
773;11;30;68.754;55.130
773;30;11;68.754;69.380
774;11;30;61.380;71.480
774;30;11;61.380;85.730
775;11;31;112.183;55.110
775;31;11;112.183;69.490
776;11;32;103.187;53.130
776;32;11;103.187;67.780
777;11;32;103.593;73.750
777;32;11;103.593;88.400
778;11;32;115.921;58.520
778;32;11;115.921;73.170
779;11;33;73.986;61.080
779;33;11;73.986;75.840
780;11;34;67.490;71.880
780;34;11;67.490;86.720
781;11;35;69.469;52.480
781;35;11;69.469;67.930
782;11;35;74.441;63.410
782;35;11;74.441;78.860
783;11;35;75.060;60.040
783;35;11;75.060;75.490
784;11;36;124.672;58.870
784;36;11;124.672;74.480
785;11;36;137.779;59.540
785;36;11;137.779;75.150
786;11;37;62.176;52.210
786;37;11;62.176;68.150
787;11;37;61.960;74.440
787;37;11;61.960;90.380
788;11;37;65.486;58.360
788;37;11;65.486;74.300
789;11;38;145.562;64.310
789;38;11;145.562;80.640
790;11;38;144.270;71.190
790;38;11;144.270;87.520
791;11;39;30.026;12.840
791;39;11;75.026;78.550
792;11;39;34.958;11.870
792;39;11;79.958;77.580
793;11;39;33.580;19.510
793;39;11;78.580;85.220
794;12;13;87.276;82.500
794;13;12;87.276;83.150
795;12;13;76.986;69.860
795;13;12;76.986;70.510
796;12;13;93.255;71.210
796;13;12;93.255;71.860
797;12;14;134.874;68.460
797;14;12;134.874;71.610
798;12;14;146.169;70.190
798;14;12;146.169;73.340
799;12;15;94.403;80.380
799;15;12;94.403;84.630
800;12;15;85.954;77.950
800;15;12;85.954;82.200
801;12;16;77.233;73.240
801;16;12;77.233;77.690
802;12;16;69.798;80.660
802;16;12;69.798;85.110
803;12;16;71.461;60.840
803;16;12;71.461;65.290
804;12;17;67.457;78.280
804;17;12;67.457;85.200
805;12;17;63.588;82.760
805;17;12;63.588;89.680
806;12;17;70.216;65.980
806;17;12;70.216;72.900
807;12;18;122.863;71.250
807;18;12;122.863;78.430
808;12;18;114.854;74.810
808;18;12;114.854;81.990
809;12;19;72.272;66.600
809;19;12;72.272;73.810
810;12;19;73.284;76.300
810;19;12;73.284;83.510
811;12;20;55.056;75.670
811;20;12;55.056;82.890
812;12;20;55.532;66.170
812;20;12;55.532;73.390
813;12;20;57.175;65.570
813;20;12;57.175;72.790
814;12;21;76.945;75.550
814;21;12;76.945;83.470
815;12;22;54.733;63.370
815;22;12;54.733;71.340
816;12;22;54.102;67.790
816;22;12;54.102;75.760
817;12;23;83.904;70.470
817;23;12;83.904;79.720
818;12;23;89.760;64.880
818;23;12;89.760;74.130
819;12;24;116.122;71.600
819;24;12;116.122;82.500
820;12;25;51.171;76.550
820;25;12;51.171;87.470
821;12;26;58.852;56.810
821;26;12;58.852;68.170
822;12;26;55.566;54.810
822;26;12;55.566;66.170
823;12;26;57.850;69.170
823;26;12;57.850;80.530
824;12;27;66.427;52.980
824;27;12;66.427;65.620
825;12;27;68.660;56.220
825;27;12;68.660;68.860
826;12;27;63.885;53.890
826;27;12;63.885;66.530
827;12;28;56.840;57.200
827;28;12;56.840;70.430
828;12;28;57.092;67.130
828;28;12;57.092;80.360
829;12;29;59.887;62.240
829;29;12;59.887;75.610
830;12;29;63.493;63.990
830;29;12;63.493;77.360
831;12;29;60.828;58.640
831;29;12;60.828;72.010
832;12;30;54.975;66.930
832;30;12;54.975;80.550
833;12;30;53.001;65.400
833;30;12;53.001;79.020
834;12;30;52.505;69.270
834;30;12;52.505;82.890
835;12;31;92.906;75.310
835;31;12;92.906;89.060
836;12;31;98.502;52.830
836;31;12;98.502;66.580
837;12;32;83.269;57.330
837;32;12;83.269;71.350
838;12;32;87.670;61.570
838;32;12;87.670;75.590
839;12;32;78.518;61.010
839;32;12;78.518;75.030
840;12;33;89.241;51.010
840;33;12;89.241;65.140
841;12;34;51.574;54.350
841;34;12;51.574;68.560
842;12;35;52.652;59.210
842;35;12;52.652;74.030
843;12;35;51.186;65.160
843;35;12;51.186;79.980
844;12;35;52.206;70.730
844;35;12;52.206;85.550
845;12;36;111.918;54.560
845;36;12;111.918;69.540
846;12;36;127.148;53.620
846;36;12;127.148;68.600
847;12;37;53.509;61.800
847;37;12;53.509;77.110
848;12;37;53.794;63.480
848;37;12;53.794;78.790
849;12;38;121.725;57.670
849;38;12;121.725;73.370
850;12;38;105.834;59.230
850;38;12;105.834;74.930
851;12;39;8.647;3.060
851;39;12;53.647;68.140
852;12;39;8.838;18.430
852;39;12;53.838;83.510
853;13;14;102.209;70.910
853;14;13;102.209;73.410
854;13;14;105.695;67.620
854;14;13;105.695;70.120
855;13;14;110.995;79.940
855;14;13;110.995;82.440
856;13;15;89.204;83.900
856;15;13;89.204;87.500
857;13;16;66.570;75.760
857;16;13;66.570;79.560
858;13;16;66.551;71.310
858;16;13;66.551;75.110
859;13;16;68.140;74.760
859;16;13;68.140;78.560
860;13;17;69.109;73.860
860;17;13;69.109;80.130
861;13;18;89.955;72.140
861;18;13;89.955;78.670
862;13;18;95.135;75.190
862;18;13;95.135;81.720
863;13;19;113.662;65.630
863;19;13;113.662;72.190
864;13;19;121.190;77.530
864;19;13;121.190;84.090
865;13;19;110.266;66.470
865;19;13;110.266;73.030
866;13;20;79.129;60.920
866;20;13;79.129;67.490
867;13;20;71.100;70.130
867;20;13;71.100;76.700
868;13;21;105.577;75.720
868;21;13;105.577;82.990
869;13;21;98.357;65.410
869;21;13;98.357;72.680
870;13;22;78.322;70.270
870;22;13;78.322;77.590
871;13;22;77.861;71.510
871;22;13;77.861;78.830
872;13;23;114.299;60.210
872;23;13;114.299;68.810
873;13;23;129.443;68.570
873;23;13;129.443;77.170
874;13;23;127.969;59.320
874;23;13;127.969;67.920
875;13;24;76.549;55.950
875;24;13;76.549;66.200
876;13;24;80.587;75.980
876;24;13;80.587;86.230
877;13;24;68.698;65.680
877;24;13;68.698;75.930
878;13;25;88.091;67.500
878;25;13;88.091;77.770
879;13;25;89.609;70.000
879;25;13;89.609;80.270
880;13;25;85.610;64.020
880;25;13;85.610;74.290
881;13;26;77.528;66.800
881;26;13;77.528;77.510
882;13;26;76.083;55.050
882;26;13;76.083;65.760
883;13;26;78.123;76.040
883;26;13;78.123;86.750
884;13;27;79.007;61.330
884;27;13;79.007;73.320
885;13;28;75.463;67.480
885;28;13;75.463;80.060
886;13;29;73.902;52.400
886;29;13;73.902;65.120
887;13;29;74.134;62.750
887;29;13;74.134;75.470
888;13;30;78.457;57.030
888;30;13;78.457;70.000
889;13;30;83.695;73.120
889;30;13;83.695;86.090
890;13;31;81.911;68.110
890;31;13;81.911;81.210
891;13;32;119.200;51.740
891;32;13;119.200;65.110
892;13;32;115.220;68.010
892;32;13;115.220;81.380
893;13;33;82.436;71.540
893;33;13;82.436;85.020
894;13;33;82.844;69.120
894;33;13;82.844;82.600
895;13;33;73.413;65.170
895;33;13;73.413;78.650
896;13;34;93.438;52.780
896;34;13;93.438;66.340
897;13;34;95.111;63.070
897;34;13;95.111;76.630
898;13;34;93.178;56.640
898;34;13;93.178;70.200
899;13;35;79.637;70.370
899;35;13;79.637;84.540
900;13;35;82.036;70.660
900;35;13;82.036;84.830
901;13;35;84.237;52.990
901;35;13;84.237;67.160
902;13;36;79.185;52.940
902;36;13;79.185;67.270
903;13;36;72.732;59.010
903;36;13;72.732;73.340
904;13;36;71.910;52.660
904;36;13;71.910;66.990
905;13;37;92.035;69.640
905;37;13;92.035;84.300
906;13;37;102.714;59.330
906;37;13;102.714;73.990
907;13;37;96.574;58.300
907;37;13;96.574;72.960
908;13;38;130.958;53.510
908;38;13;130.958;68.560
909;13;38;123.387;69.080
909;38;13;123.387;84.130
910;13;38;123.110;51.530
910;38;13;123.110;66.580
911;13;39;49.491;19.420
911;39;13;94.491;83.850
912;13;39;45.287;1.390
912;39;13;90.287;65.820
913;13;39;39.357;3.400
913;39;13;84.357;67.830
914;14;15;145.154;80.920
914;15;14;145.154;82.020
915;14;16;102.641;77.140
915;16;14;102.641;78.440
916;14;16;107.901;78.760
916;16;14;107.901;80.060
917;14;17;112.493;66.190
917;17;14;112.493;69.960
918;14;17;103.326;68.290
918;17;14;103.326;72.060
919;14;18;57.409;59.460
919;18;14;57.409;63.490
920;14;18;60.195;77.410
920;18;14;60.195;81.440
921;14;19;154.833;66.580
921;19;14;154.833;70.640
922;14;19;180.280;60.390
922;19;14;180.280;64.450
923;14;20;130.535;68.010
923;20;14;130.535;72.080
924;14;20;114.669;69.660
924;20;14;114.669;73.730
925;14;21;134.327;79.000
925;21;14;134.327;83.770
926;14;22;128.972;61.630
926;22;14;128.972;66.450
927;14;23;141.250;78.620
927;23;14;141.250;84.720
928;14;24;74.586;64.570
928;24;14;74.586;72.320
929;14;24;76.813;54.670
929;24;14;76.813;62.420
930;14;25;132.307;61.240
930;25;14;132.307;69.010
931;14;25;139.348;55.910
931;25;14;139.348;63.680
932;14;25;126.938;60.670
932;25;14;126.938;68.440
933;14;26;130.650;55.280
933;26;14;130.650;63.490
934;14;26;139.176;57.890
934;26;14;139.176;66.100
935;14;27;134.762;62.430
935;27;14;134.762;71.920
936;14;27;115.829;68.160
936;27;14;115.829;77.650
937;14;28;124.454;76.810
937;28;14;124.454;86.890
938;14;28;124.435;54.250
938;28;14;124.435;64.330
939;14;29;120.189;66.440
939;29;14;120.189;76.660
940;14;29;105.191;56.950
940;29;14;105.191;67.170
941;14;30;129.450;51.790
941;30;14;129.450;62.260
942;14;31;91.711;74.300
942;31;14;91.711;84.900
943;14;31;85.311;64.810
943;31;14;85.311;75.410
944;14;31;100.483;70.650
944;31;14;100.483;81.250
945;14;32;151.029;72.450
945;32;14;151.029;83.320
946;14;32;152.727;56.080
946;32;14;152.727;66.950
947;14;32;176.838;59.770
947;32;14;176.838;70.640
948;14;33;138.798;55.930
948;33;14;138.798;66.910
949;14;33;117.426;65.260
949;33;14;117.426;76.240
950;14;33;133.516;59.680
950;33;14;133.516;70.660
951;14;34;141.388;61.500
951;34;14;141.388;72.560
952;14;35;128.549;64.910
952;35;14;128.549;76.580
953;14;35;121.200;74.980
953;35;14;121.200;86.650
954;14;36;68.616;72.860
954;36;14;68.616;84.690
955;14;36;63.988;65.430
955;36;14;63.988;77.260
956;14;37;142.279;54.320
956;37;14;142.279;66.480
957;14;37;139.260;73.410
957;37;14;139.260;85.570
958;14;37;161.211;73.570
958;37;14;161.211;85.730
959;14;38;126.135;59.550
959;38;14;126.135;72.100
960;14;38;143.796;53.170
960;38;14;143.796;65.720
961;14;39;93.673;21.630
961;39;14;138.673;83.560
962;14;39;111.082;4.120
962;39;14;156.082;66.050
963;14;39;109.247;11.350
963;39;14;154.247;73.280
964;15;16;102.552;82.810
964;16;15;102.552;83.010
965;15;16;106.625;63.440
965;16;15;106.625;63.640
966;15;16;101.318;74.500
966;16;15;101.318;74.700
967;15;17;96.627;79.580
967;17;15;96.627;82.250
968;15;17;88.831;77.830
968;17;15;88.831;80.500
969;15;18;133.290;64.800
969;18;15;133.290;67.730
970;15;19;117.802;73.940
970;19;15;117.802;76.900
971;15;19;125.070;70.400
971;19;15;125.070;73.360
972;15;19;105.981;69.900
972;19;15;105.981;72.860
973;15;20;85.544;58.920
973;20;15;85.544;61.890
974;15;20;94.357;57.940
974;20;15;94.357;60.910
975;15;21;125.739;66.780
975;21;15;125.739;70.450
976;15;21;117.532;60.890
976;21;15;117.532;64.560
977;15;22;87.003;61.860
977;22;15;87.003;65.580
978;15;22;88.413;79.480
978;22;15;88.413;83.200
979;15;23;133.195;56.100
979;23;15;133.195;61.100
980;15;23;132.221;67.190
980;23;15;132.221;72.190
981;15;23;126.691;58.520
981;23;15;126.691;63.520
982;15;24;116.704;54.850
982;24;15;116.704;61.500
983;15;24;127.305;60.400
983;24;15;127.305;67.050
984;15;25;99.858;58.490
984;25;15;99.858;65.160
985;15;26;81.571;56.020
985;26;15;81.571;63.130
986;15;27;73.068;64.470
986;27;15;73.068;72.860
987;15;27;77.762;53.800
987;27;15;77.762;62.190
988;15;27;77.357;58.940
988;27;15;77.357;67.330
989;15;28;89.744;55.930
989;28;15;89.744;64.910
990;15;28;100.489;56.120
990;28;15;100.489;65.100
991;15;28;89.984;73.120
991;28;15;89.984;82.100
992;15;29;93.598;52.260
992;29;15;93.598;61.380
993;15;29;93.774;59.920
993;29;15;93.774;69.040
994;15;30;86.339;65.900
994;30;15;86.339;75.270
995;15;31;122.122;67.450
995;31;15;122.122;76.950
996;15;31;115.459;68.240
996;31;15;115.459;77.740
997;15;32;132.263;57.520
997;32;15;132.263;67.290
998;15;32;131.663;69.550
998;32;15;131.663;79.320
999;15;32;148.141;51.350
999;32;15;148.141;61.120
1000;15;33;52.003;61.930
1000;33;15;52.003;71.810
1001;15;33;51.872;60.940
1001;33;15;51.872;70.820
1002;15;33;51.800;58.760
1002;33;15;51.800;68.640
1003;15;34;96.076;62.330
1003;34;15;96.076;72.290
1004;15;34;87.588;65.880
1004;34;15;87.588;75.840
1005;15;35;90.330;73.960
1005;35;15;90.330;84.530
1006;15;36;123.008;59.010
1006;36;15;123.008;69.740
1007;15;37;91.073;72.600
1007;37;15;91.073;83.660
1008;15;37;96.229;69.710
1008;37;15;96.229;80.770
1009;15;38;165.412;73.000
1009;38;15;165.412;84.450
1010;15;38;182.194;67.570
1010;38;15;182.194;79.020
1011;15;38;178.933;52.850
1011;38;15;178.933;64.300
1012;15;39;57.583;22.410
1012;39;15;102.583;83.240
1013;15;39;64.879;7.700
1013;39;15;109.879;68.530
1014;16;17;54.975;65.040
1014;17;16;54.975;67.510
1015;16;17;54.212;78.250
1015;17;16;54.212;80.720
1016;16;17;54.870;75.290
1016;17;16;54.870;77.760
1017;16;18;90.674;72.500
1017;18;16;90.674;75.230
1018;16;18;80.175;64.370
1018;18;16;80.175;67.100
1019;16;18;101.486;81.090
1019;18;16;101.486;83.820
1020;16;19;99.245;65.300
1020;19;16;99.245;68.060
1021;16;20;73.847;71.300
1021;20;16;73.847;74.070
1022;16;21;85.666;76.430
1022;21;16;85.666;79.900
1023;16;22;72.071;67.100
1023;22;16;72.071;70.620
1024;16;22;76.764;65.350
1024;22;16;76.764;68.870
1025;16;23;94.291;59.400
1025;23;16;94.291;64.200
1026;16;23;83.539;78.000
1026;23;16;83.539;82.800
1027;16;23;105.469;57.340
1027;23;16;105.469;62.140
1028;16;24;86.270;64.150
1028;24;16;86.270;70.600
1029;16;25;74.991;68.420
1029;25;16;74.991;74.890
1030;16;25;79.356;75.530
1030;25;16;79.356;82.000
1031;16;25;70.617;61.640
1031;25;16;70.617;68.110
1032;16;26;74.967;70.230
1032;26;16;74.967;77.140
1033;16;26;77.395;53.840
1033;26;16;77.395;60.750
1034;16;26;69.072;73.730
1034;26;16;69.072;80.640
1035;16;27;81.461;70.000
1035;27;16;81.461;78.190
1036;16;28;67.291;72.940
1036;28;16;67.291;81.720
1037;16;28;62.218;57.910
1037;28;16;62.218;66.690
1038;16;29;62.667;63.860
1038;29;16;62.667;72.780
1039;16;29;61.759;60.750
1039;29;16;61.759;69.670
1040;16;29;66.000;75.440
1040;29;16;66.000;84.360
1041;16;30;72.657;72.940
1041;30;16;72.657;82.110
1042;16;31;64.858;54.320
1042;31;16;64.858;63.620
1043;16;31;68.741;57.520
1043;31;16;68.741;66.820
1044;16;32;100.748;52.220
1044;32;16;100.748;61.790
1045;16;32;94.818;53.570
1045;32;16;94.818;63.140
1046;16;32;91.604;70.320
1046;32;16;91.604;79.890
1047;16;33;95.588;57.040
1047;33;16;95.588;66.720
1048;16;33;86.055;55.020
1048;33;16;86.055;64.700
1049;16;33;99.487;54.380
1049;33;16;99.487;64.060
1050;16;34;83.752;59.670
1050;34;16;83.752;69.430
1051;16;35;71.148;68.340
1051;35;16;71.148;78.710
1052;16;35;71.185;67.410
1052;35;16;71.185;77.780
1053;16;35;72.840;69.500
1053;35;16;72.840;79.870
1054;16;36;79.854;70.170
1054;36;16;79.854;80.700
1055;16;36;84.219;66.900
1055;36;16;84.219;77.430
1056;16;36;73.288;56.660
1056;36;16;73.288;67.190
1057;16;37;84.788;70.900
1057;37;16;84.788;81.760
1058;16;38;110.337;73.090
1058;38;16;110.337;84.340
1059;16;38;123.544;62.490
1059;38;16;123.544;73.740
1060;16;39;36.549;15.150
1060;39;16;81.549;75.780
1061;16;39;38.328;22.890
1061;39;16;83.328;83.520
1062;17;18;100.425;63.720
1062;18;17;100.425;63.980
1063;17;19;91.063;78.990
1063;19;17;91.063;79.280
1064;17;20;64.032;58.090
1064;20;17;64.032;58.390
1065;17;21;81.695;79.020
1065;21;17;81.695;80.020
1066;17;21;86.727;58.860
1066;21;17;86.727;59.860
1067;17;22;62.198;80.090
1067;22;17;62.198;81.140
1068;17;22;64.742;66.840
1068;22;17;64.742;67.890
1069;17;22;64.753;81.790
1069;22;17;64.753;82.840
1070;17;23;90.399;78.180
1070;23;17;90.399;80.510
1071;17;23;87.575;70.740
1071;23;17;87.575;73.070
1072;17;23;92.319;75.000
1072;23;17;92.319;77.330
1073;17;24;94.420;63.830
1073;24;17;94.420;67.810
1074;17;25;65.912;61.530
1074;25;17;65.912;65.530
1075;17;26;65.552;63.550
1075;26;17;65.552;67.990
1076;17;26;66.246;68.810
1076;26;17;66.246;73.250
1077;17;27;72.854;55.270
1077;27;17;72.854;60.990
1078;17;27;75.884;64.940
1078;27;17;75.884;70.660
1079;17;27;77.674;76.050
1079;27;17;77.674;81.770
1080;17;28;57.365;69.840
1080;28;17;57.365;76.150
1081;17;28;56.756;61.670
1081;28;17;56.756;67.980
1082;17;29;52.708;65.610
1082;29;17;52.708;72.060
1083;17;29;52.770;57.680
1083;29;17;52.770;64.130
1084;17;29;53.584;71.580
1084;29;17;53.584;78.030
1085;17;30;62.815;68.960
1085;30;17;62.815;75.660
1086;17;31;73.380;72.440
1086;31;17;73.380;79.270
1087;17;31;75.672;76.300
1087;31;17;75.672;83.130
1088;17;31;71.850;74.720
1088;31;17;71.850;81.550
1089;17;32;95.115;68.380
1089;32;17;95.115;75.480
1090;17;32;97.656;75.630
1090;32;17;97.656;82.730
1091;17;33;89.869;67.690
1091;33;17;89.869;74.900
1092;17;33;85.919;69.730
1092;33;17;85.919;76.940
1093;17;33;79.574;64.810
1093;33;17;79.574;72.020
1094;17;34;74.019;55.850
1094;34;17;74.019;63.140
1095;17;34;80.905;69.080
1095;34;17;80.905;76.370
1096;17;34;68.446;74.890
1096;34;17;68.446;82.180
1097;17;35;61.173;61.500
1097;35;17;61.173;69.400
1098;17;35;64.357;67.090
1098;35;17;64.357;74.990
1099;17;35;58.170;72.370
1099;35;17;58.170;80.270
1100;17;36;89.461;65.010
1100;36;17;89.461;73.070
1101;17;37;74.834;60.310
1101;37;17;74.834;68.700
1102;17;37;67.540;54.260
1102;37;17;67.540;62.650
1103;17;38;113.988;56.610
1103;38;17;113.988;65.390
1104;17;38;115.610;66.510
1104;38;17;115.610;75.290
1105;17;39;27.562;6.870
1105;39;17;72.562;65.030
1106;17;39;24.366;20.990
1106;39;17;69.366;79.150
1107;18;19;143.653;70.020
1107;19;18;143.653;70.050
1108;18;19;146.582;68.870
1108;19;18;146.582;68.900
1109;18;19;159.938;68.180
1109;19;18;159.938;68.210
1110;18;20;118.254;65.560
1110;20;18;118.254;65.600
1111;18;20;130.897;66.190
1111;20;18;130.897;66.230
1112;18;21;124.353;81.700
1112;21;18;124.353;82.440
1113;18;21;129.749;76.350
1113;21;18;129.749;77.090
1114;18;22;116.720;70.070
1114;22;18;116.720;70.860
1115;18;23;131.713;74.830
1115;23;18;131.713;76.900
1116;18;23;111.213;79.930
1116;23;18;111.213;82.000
1117;18;24;64.736;76.890
1117;24;18;64.736;80.610
1118;18;25;120.540;75.310
1118;25;18;120.540;79.050
1119;18;25;124.666;73.190
1119;25;18;124.666;76.930
1120;18;25;133.023;75.340
1120;25;18;133.023;79.080
1121;18;26;118.294;62.240
1121;26;18;118.294;66.420
1122;18;26;100.704;70.400
1122;26;18;100.704;74.580
1123;18;26;130.336;78.130
1123;26;18;130.336;82.310
1124;18;27;122.353;63.890
1124;27;18;122.353;69.350
1125;18;27;134.136;53.930
1125;27;18;134.136;59.390
1126;18;28;112.256;64.610
1126;28;18;112.256;70.660
1127;18;29;108.095;73.240
1127;29;18;108.095;79.430
1128;18;30;117.184;63.860
1128;30;18;117.184;70.300
1129;18;30;135.135;76.160
1129;30;18;135.135;82.600
1130;18;30;125.039;57.800
1130;30;18;125.039;64.240
1131;18;31;81.779;74.490
1131;31;18;81.779;81.060
1132;18;32;140.994;75.550
1132;32;18;140.994;82.390
1133;18;32;141.019;75.580
1133;32;18;141.019;82.420
1134;18;33;126.826;52.240
1134;33;18;126.826;59.190
1135;18;33;115.641;64.150
1135;33;18;115.641;71.100
1136;18;34;129.406;68.280
1136;34;18;129.406;75.310
1137;18;35;116.392;59.250
1137;35;18;116.392;66.890
1138;18;35;114.228;58.210
1138;35;18;114.228;65.850
1139;18;36;56.221;56.520
1139;36;18;56.221;64.320
1140;18;36;56.029;64.250
1140;36;18;56.029;72.050
1141;18;37;130.129;53.950
1141;37;18;130.129;62.080
1142;18;37;126.729;56.170
1142;37;18;126.729;64.300
1143;18;38;122.043;59.840
1143;38;18;122.043;68.360
1144;18;38;118.940;52.360
1144;38;18;118.940;60.880
1145;18;39;81.991;23.940
1145;39;18;126.991;81.840
1146;19;20;82.142;66.410
1146;20;19;82.142;66.420
1147;19;20;77.448;58.520
1147;20;19;77.448;58.530
1148;19;21;71.588;58.890
1148;21;19;71.588;59.600
1149;19;21;69.704;78.350
1149;21;19;69.704;79.060
1150;19;21;74.421;64.030
1150;21;19;74.421;64.740
1151;19;22;82.002;79.300
1151;22;19;82.002;80.060
1152;19;23;72.076;56.800
1152;23;19;72.076;58.840
1153;19;23;77.597;72.620
1153;23;19;77.597;74.660
1154;19;24;140.326;78.820
1154;24;19;140.326;82.510
1155;19;24;133.170;77.260
1155;24;19;133.170;80.950
1156;19;24;121.717;62.060
1156;24;19;121.717;65.750
1157;19;25;70.585;56.110
1157;25;19;70.585;59.820
1158;19;25;72.321;66.650
1158;25;19;72.321;70.360
1159;19;25;69.675;64.540
1159;25;19;69.675;68.250
1160;19;26;85.599;72.850
1160;26;19;85.599;77.000
1161;19;26;80.430;68.570
1161;26;19;80.430;72.720
1162;19;26;90.001;64.790
1162;26;19;90.001;68.940
1163;19;27;91.570;63.000
1163;27;19;91.570;68.430
1164;19;27;96.939;64.300
1164;27;19;96.939;69.730
1165;19;28;83.502;55.730
1165;28;19;83.502;61.750
1166;19;28;83.871;54.050
1166;28;19;83.871;60.070
1167;19;28;79.335;68.870
1167;28;19;79.335;74.890
1168;19;29;84.848;61.820
1168;29;19;84.848;67.980
1169;19;29;90.942;71.280
1169;29;19;90.942;77.440
1170;19;30;82.210;58.930
1170;30;19;82.210;65.340
1171;19;30;88.040;70.940
1171;30;19;88.040;77.350
1172;19;30;89.409;57.040
1172;30;19;89.409;63.450
1173;19;31;108.856;60.170
1173;31;19;108.856;66.710
1174;19;32;63.710;71.410
1174;32;19;63.710;78.220
1175;19;33;113.826;74.160
1175;33;19;113.826;81.080
1176;19;33;100.437;59.250
1176;33;19;100.437;66.170
1177;19;33;105.099;69.470
1177;33;19;105.099;76.390
1178;19;34;67.692;57.950
1178;34;19;67.692;64.950
1179;19;34;63.214;71.880
1179;34;19;63.214;78.880
1180;19;34;73.315;66.730
1180;34;19;73.315;73.730
1181;19;35;79.699;60.050
1181;35;19;79.699;67.660
1182;19;36;133.461;55.730
1182;36;19;133.461;63.500
1183;19;36;122.149;51.720
1183;36;19;122.149;59.490
1184;19;36;131.615;67.680
1184;36;19;131.615;75.450
1185;19;37;72.034;51.760
1185;37;19;72.034;59.860
1186;19;37;71.574;61.550
1186;37;19;71.574;69.650
1187;19;38;118.896;50.430
1187;38;19;118.896;58.920
1188;19;38;134.112;72.490
1188;38;19;134.112;80.980
1189;19;39;19.222;9.300
1189;39;19;64.222;67.170
1190;19;39;14.573;23.470
1190;39;19;59.573;81.340
1191;20;21;85.197;73.630
1191;21;20;85.197;74.330
1192;20;21;85.434;80.850
1192;21;20;85.434;81.550
1193;20;22;46.983;58.920
1193;22;20;46.983;59.670
1194;20;22;46.977;73.320
1194;22;20;46.977;74.070
1195;20;23;92.793;72.450
1195;23;20;92.793;74.480
1196;20;23;99.383;73.340
1196;23;20;99.383;75.370
1197;20;23;83.514;59.050
1197;23;20;83.514;61.080
1198;20;24;109.413;61.940
1198;24;20;109.413;65.620
1199;20;24;119.755;63.230
1199;24;20;119.755;66.910
1200;20;24;124.611;64.720
1200;24;20;124.611;68.400
1201;20;25;59.514;73.720
1201;25;20;59.514;77.420
1202;20;25;61.307;77.930
1202;25;20;61.307;81.630
1203;20;25;56.211;74.620
1203;25;20;56.211;78.320
1204;20;26;49.023;76.340
1204;26;20;49.023;80.480
1205;20;26;48.931;68.750
1205;26;20;48.931;72.890
1206;20;26;49.520;64.440
1206;26;20;49.520;68.580
1207;20;27;57.604;67.900
1207;27;20;57.604;73.320
1208;20;27;60.612;76.550
1208;27;20;60.612;81.970
1209;20;27;60.612;53.610
1209;27;20;60.612;59.030
1210;20;28;51.801;57.020
1210;28;20;51.801;63.030
1211;20;28;53.208;53.890
1211;28;20;53.208;59.900
1212;20;29;56.916;62.080
1212;29;20;56.916;68.230
1213;20;29;56.228;59.080
1213;29;20;56.228;65.230
1214;20;29;57.143;73.200
1214;29;20;57.143;79.350
1215;20;30;46.253;56.900
1215;30;20;46.253;63.300
1216;20;30;45.998;58.340
1216;30;20;45.998;64.740
1217;20;31;92.122;71.710
1217;31;20;92.122;78.240
1218;20;32;93.082;68.750
1218;32;20;93.082;75.550
1219;20;32;102.871;61.120
1219;32;20;102.871;67.920
1220;20;32;100.939;52.660
1220;32;20;100.939;59.460
1221;20;33;79.926;65.160
1221;33;20;79.926;72.070
1222;20;33;84.120;75.040
1222;33;20;84.120;81.950
1223;20;34;59.928;52.480
1223;34;20;59.928;59.470
1224;20;35;49.963;61.180
1224;35;20;49.963;68.780
1225;20;35;48.724;52.730
1225;35;20;48.724;60.330
1226;20;36;107.083;61.200
1226;36;20;107.083;68.960
1227;20;37;57.906;50.590
1227;37;20;57.906;58.680
1228;20;37;60.211;73.120
1228;37;20;60.211;81.210
1229;20;37;58.865;59.290
1229;37;20;58.865;67.380
1230;20;38;127.095;56.990
1230;38;20;127.095;65.470
1231;20;38;134.541;58.820
1231;38;20;134.541;67.300
1232;20;39;18.686;18.860
1232;39;20;63.686;76.720
1233;20;39;14.497;14.550
1233;39;20;59.497;72.410
1234;21;22;83.807;59.310
1234;22;21;83.807;59.360
1235;21;23;53.722;64.970
1235;23;21;53.722;66.300
1236;21;23;55.466;69.810
1236;23;21;55.466;71.140
1237;21;23;53.969;56.830
1237;23;21;53.969;58.160
1238;21;24;125.577;55.830
1238;24;21;125.577;58.810
1239;21;25;71.038;70.180
1239;25;21;71.038;73.180
1240;21;26;89.188;63.130
1240;26;21;89.188;66.570
1241;21;27;97.714;59.990
1241;27;21;97.714;64.710
1242;21;28;81.879;58.600
1242;28;21;81.879;63.910
1243;21;29;79.629;58.870
1243;29;21;79.629;64.320
1244;21;29;73.841;61.050
1244;29;21;73.841;66.500
1245;21;29;73.805;68.660
1245;29;21;73.805;74.110
1246;21;30;84.442;63.900
1246;30;21;84.442;69.600
1247;21;30;75.008;54.730
1247;30;21;75.008;60.430
1248;21;30;94.138;55.620
1248;30;21;94.138;61.320
1249;21;31;87.680;57.270
1249;31;21;87.680;63.100
1250;21;32;61.702;58.390
1250;32;21;61.702;64.490
1251;21;32;60.497;62.620
1251;32;21;60.497;68.720
1252;21;32;65.603;60.500
1252;32;21;65.603;66.600
1253;21;33;120.039;63.550
1253;33;21;120.039;69.760
1254;21;33;117.460;67.960
1254;33;21;117.460;74.170
1255;21;33;104.867;62.230
1255;33;21;104.867;68.440
1256;21;34;77.982;63.600
1256;34;21;77.982;69.890
1257;21;34;85.378;71.230
1257;34;21;85.378;77.520
1258;21;35;80.485;70.910
1258;35;21;80.485;77.810
1259;21;36;115.480;73.500
1259;36;21;115.480;80.560
1260;21;37;83.170;74.560
1260;37;21;83.170;81.950
1261;21;37;78.145;60.080
1261;37;21;78.145;67.470
1262;21;38;93.319;62.060
1262;38;21;93.319;69.840
1263;21;38;98.139;57.880
1263;38;21;98.139;65.660
1264;21;39;25.336;22.230
1264;39;21;70.336;79.390
1265;22;23;91.546;58.200
1265;23;22;91.546;59.480
1266;22;23;89.680;63.640
1266;23;22;89.680;64.920
1267;22;23;97.450;69.760
1267;23;22;97.450;71.040
1268;22;24;108.257;66.700
1268;24;22;108.257;69.630
1269;22;25;58.464;71.490
1269;25;22;58.464;74.440
1270;22;25;56.309;64.310
1270;25;22;56.309;67.260
1271;22;25;57.891;62.830
1271;25;22;57.891;65.780
1272;22;26;50.468;64.360
1272;26;22;50.468;67.750
1273;22;26;49.642;69.500
1273;26;22;49.642;72.890
1274;22;27;59.241;65.260
1274;27;22;59.241;69.930
1275;22;27;58.323;61.930
1275;27;22;58.323;66.600
1276;22;28;49.879;55.270
1276;28;22;49.879;60.530
1277;22;28;49.924;63.220
1277;28;22;49.924;68.480
1278;22;29;54.969;57.020
1278;29;22;54.969;62.420
1279;22;29;55.685;60.090
1279;29;22;55.685;65.490
1280;22;30;45.760;59.690
1280;30;22;45.760;65.340
1281;22;30;45.582;62.710
1281;30;22;45.582;68.360
1282;22;30;45.743;70.580
1282;30;22;45.743;76.230
1283;22;31;90.195;72.460
1283;31;22;90.195;78.240
1284;22;31;95.414;55.020
1284;31;22;95.414;60.800
1285;22;31;95.535;72.860
1285;31;22;95.535;78.640
1286;22;32;92.239;56.920
1286;32;22;92.239;62.970
1287;22;32;84.491;52.700
1287;32;22;84.491;58.750
1288;22;32;88.158;62.040
1288;32;22;88.158;68.090
1289;22;33;81.234;68.070
1289;33;22;81.234;74.230
1290;22;34;60.254;50.870
1290;34;22;60.254;57.110
1291;22;34;58.567;71.800
1291;34;22;58.567;78.040
1292;22;35;48.328;72.860
1292;35;22;48.328;79.710
1293;22;36;105.572;73.720
1293;36;22;105.572;80.730
1294;22;37;58.896;71.940
1294;37;22;58.896;79.280
1295;22;37;58.648;53.800
1295;37;22;58.648;61.140
1296;22;38;125.239;53.300
1296;38;22;125.239;61.030
1297;22;39;18.196;16.140
1297;39;22;63.196;73.250
1298;22;39;22.309;9.800
1298;39;22;67.309;66.910
1299;22;39;14.049;21.320
1299;39;22;59.049;78.430
1300;23;24;133.825;67.230
1300;24;23;133.825;68.880
1301;23;24;128.926;56.480
1301;24;23;128.926;58.130
1302;23;25;78.346;71.590
1302;25;23;78.346;73.260
1303;23;26;96.814;65.430
1303;26;23;96.814;67.540
1304;23;26;105.847;56.340
1304;26;23;105.847;58.450
1305;23;26;93.740;54.540
1305;26;23;93.740;56.650
1306;23;27;105.129;54.700
1306;27;23;105.129;58.090
1307;23;28;90.011;62.090
1307;28;23;90.011;66.070
1308;23;28;80.738;58.440
1308;28;23;80.738;62.420
1309;23;29;88.076;75.570
1309;29;23;88.076;79.690
1310;23;29;93.283;76.050
1310;29;23;93.283;80.170
1311;23;29;91.820;70.320
1311;29;23;91.820;74.440
1312;23;30;92.138;56.250
1312;30;23;92.138;60.620
1313;23;31;94.934;66.660
1313;31;23;94.934;71.160
1314;23;32;56.417;62.960
1314;32;23;56.417;67.730
1315;23;32;55.145;64.590
1315;32;23;55.145;69.360
1316;23;32;58.194;51.650
1316;32;23;58.194;56.420
1317;23;33;127.719;65.770
1317;33;23;127.719;70.650
1318;23;33;145.923;66.950
1318;33;23;145.923;71.830
1319;23;33;108.936;52.830
1319;33;23;108.936;57.710
1320;23;34;83.857;75.060
1320;34;23;83.857;80.020
1321;23;35;88.259;59.650
1321;35;23;88.259;65.220
1322;23;35;95.446;64.370
1322;35;23;95.446;69.940
1323;23;36;123.233;67.020
1323;36;23;123.233;72.750
1324;23;36;112.243;70.640
1324;36;23;112.243;76.370
1325;23;37;89.173;51.070
1325;37;23;89.173;57.130
1326;23;37;82.079;57.690
1326;37;23;82.079;63.750
1327;23;38;92.049;67.750
1327;38;23;92.049;74.200
1328;23;38;86.897;58.480
1328;38;23;86.897;64.930
1329;23;39;31.387;8.170
1329;39;23;76.387;64.000
1330;23;39;32.406;1.970
1330;39;23;77.406;57.800
1331;24;25;115.322;57.180
1331;25;24;115.322;57.200
1332;24;26;108.438;68.210
1332;26;24;108.438;68.670
1333;24;26;121.094;62.040
1333;26;24;121.094;62.500
1334;24;26;111.099;63.390
1334;26;24;111.099;63.850
1335;24;27;110.552;74.030
1335;27;24;110.552;75.770
1336;24;28;104.499;70.570
1336;28;24;104.499;72.900
1337;24;28;105.412;61.580
1337;28;24;105.412;63.910
1338;24;29;101.410;73.560
1338;29;24;101.410;76.030
1339;24;29;108.991;54.480
1339;29;24;108.991;56.950
1340;24;30;108.546;72.310
1340;30;24;108.546;75.030
1341;24;31;86.633;67.640
1341;31;24;86.633;70.490
1342;24;32;141.476;69.080
1342;32;24;141.476;72.200
1343;24;32;124.649;72.900
1343;32;24;124.649;76.020
1344;24;32;157.136;73.110
1344;32;24;157.136;76.230
1345;24;33;110.697;52.790
1345;33;24;110.697;56.020
1346;24;34;122.629;63.370
1346;34;24;122.629;66.680
1347;24;34;123.869;53.090
1347;34;24;123.869;56.400
1348;24;34;105.024;69.830
1348;34;24;105.024;73.140
1349;24;35;108.818;73.430
1349;35;24;108.818;77.350
1350;24;35;120.060;62.240
1350;35;24;120.060;66.160
1351;24;36;60.436;68.310
1351;36;24;60.436;72.390
1352;24;37;122.149;69.480
1352;37;24;122.149;73.890
1353;24;38;134.190;54.980
1353;38;24;134.190;59.780
1354;24;38;121.254;73.750
1354;38;24;121.254;78.550
1355;24;39;76.973;13.950
1355;39;24;121.973;68.130
1356;24;39;67.448;24.660
1356;39;24;112.448;78.840
1357;24;39;64.138;14.390
1357;39;24;109.138;68.570
1358;25;26;63.534;71.420
1358;26;25;63.534;71.860
1359;25;27;71.790;61.320
1359;27;25;71.790;63.040
1360;25;27;75.332;69.140
1360;27;25;75.332;70.860
1361;25;28;58.365;72.270
1361;28;25;58.365;74.580
1362;25;28;55.715;61.410
1362;28;25;55.715;63.720
1363;25;28;56.911;69.260
1363;28;25;56.911;71.570
1364;25;29;59.274;74.190
1364;29;25;59.274;76.640
1365;25;29;59.550;60.640
1365;29;25;59.550;63.090
1366;25;30;58.977;64.630
1366;30;25;58.977;67.330
1367;25;31;88.814;67.770
1367;31;25;88.814;70.600
1368;25;32;78.830;53.940
1368;32;25;78.830;57.040
1369;25;33;94.405;63.100
1369;33;25;94.405;66.310
1370;25;33;97.803;51.690
1370;33;25;97.803;54.900
1371;25;34;55.342;58.310
1371;34;25;55.342;61.600
1372;25;35;55.358;57.700
1372;35;25;55.358;61.600
1373;25;35;54.681;75.160
1373;35;25;54.681;79.060
1374;25;36;109.830;55.050
1374;36;25;109.830;59.110
1375;25;36;104.409;67.200
1375;36;25;104.409;71.260
1376;25;37;59.098;67.350
1376;37;25;59.098;71.740
1377;25;38;115.590;63.520
1377;38;25;115.590;68.300
1378;25;39;6.651;6.030
1378;39;25;51.651;60.190
1379;25;39;5.794;4.910
1379;39;25;50.794;59.070
1380;26;27;53.790;73.620
1380;27;26;53.790;74.900
1381;26;27;55.497;70.930
1381;27;26;55.497;72.210
1382;26;27;55.077;75.510
1382;27;26;55.077;76.790
1383;26;28;54.290;74.190
1383;28;26;54.290;76.060
1384;26;29;59.254;64.130
1384;29;26;59.254;66.140
1385;26;30;49.777;64.700
1385;30;26;49.777;66.960
1386;26;30;50.458;55.110
1386;30;26;50.458;57.370
1387;26;31;93.924;52.760
1387;31;26;93.924;55.150
1388;26;31;82.269;54.720
1388;31;26;82.269;57.110
1389;26;32;97.029;57.770
1389;32;26;97.029;60.430
1390;26;33;75.906;71.950
1390;33;26;75.906;74.720
1391;26;34;63.056;69.100
1391;34;26;63.056;71.950
1392;26;34;63.659;55.080
1392;34;26;63.659;57.930
1393;26;34;63.039;57.570
1393;34;26;63.039;60.420
1394;26;35;53.778;58.200
1394;35;26;53.778;61.660
1395;26;36;107.080;69.220
1395;36;26;107.080;72.840
1396;26;36;96.067;62.530
1396;36;26;96.067;66.150
1397;26;36;112.391;70.780
1397;36;26;112.391;74.400
1398;26;37;60.107;61.140
1398;37;26;60.107;65.090
1399;26;38;130.539;54.090
1399;38;26;130.539;58.430
1400;26;39;22.496;15.390
1400;39;26;67.496;69.110
1401;26;39;25.459;24.670
1401;39;26;70.459;78.390
1402;27;28;62.836;72.180
1402;28;27;62.836;72.770
1403;27;29;67.519;61.280
1403;29;27;67.519;62.010
1404;27;29;70.647;53.530
1404;29;27;70.647;54.260
1405;27;30;58.526;68.810
1405;30;27;58.526;69.790
1406;27;30;59.558;61.800
1406;30;27;59.558;62.780
1407;27;31;101.036;52.140
1407;31;27;101.036;53.250
1408;27;31;111.727;64.150
1408;31;27;111.727;65.260
1409;27;32;104.589;73.790
1409;32;27;104.589;75.170
1410;27;33;67.834;62.980
1410;33;27;67.834;64.470
1411;27;33;73.278;59.930
1411;33;27;73.278;61.420
1412;27;34;68.993;58.540
1412;34;27;68.993;60.110
1413;27;34;74.128;62.670
1413;34;27;74.128;64.240
1414;27;35;62.518;58.080
1414;35;27;62.518;60.260
1415;27;36;111.166;57.670
1415;36;27;111.166;60.010
1416;27;36;107.112;59.250
1416;36;27;107.112;61.590
1417;27;37;64.625;60.390
1417;37;27;64.625;63.060
1418;27;37;68.723;65.710
1418;37;27;68.723;68.380
1419;27;38;139.249;72.360
1419;38;27;139.249;75.420
1420;27;39;29.820;17.130
1420;39;27;74.820;69.570
1421;27;39;30.200;20.640
1421;39;27;75.200;73.080
1422;28;29;50.126;55.330
1422;29;28;50.126;55.470
1423;28;29;49.811;68.180
1423;29;28;49.811;68.320
1424;28;29;49.824;56.230
1424;29;28;49.824;56.370
1425;28;30;50.552;60.150
1425;30;28;50.552;60.540
1426;28;30;50.033;58.830
1426;30;28;50.033;59.220
1427;28;31;85.323;76.310
1427;31;28;85.323;76.830
1428;28;32;91.874;52.560
1428;32;28;91.874;53.350
1429;28;32;102.736;53.900
1429;32;28;102.736;54.690
1430;28;33;83.597;66.680
1430;33;28;83.597;67.580
1431;28;33;93.160;73.660
1431;33;28;93.160;74.560
1432;28;33;92.055;64.770
1432;33;28;92.055;65.670
1433;28;34;63.193;71.080
1433;34;28;63.193;72.060
1434;28;35;49.319;52.800
1434;35;28;49.319;54.390
1435;28;36;101.153;64.450
1435;36;28;101.153;66.200
1436;28;36;107.208;68.500
1436;36;28;107.208;70.250
1437;28;37;62.927;62.150
1437;37;28;62.927;64.230
1438;28;38;121.432;63.070
1438;38;28;121.432;65.540
1439;28;38;137.119;54.800
1439;38;28;137.119;57.270
1440;28;38;126.870;67.150
1440;38;28;126.870;69.620
1441;28;39;19.290;6.220
1441;39;28;64.290;58.070
1442;29;30;55.664;67.760
1442;30;29;55.664;68.010
1443;29;31;80.236;68.680
1443;31;29;80.236;69.060
1444;29;31;76.456;70.730
1444;31;29;76.456;71.110
1445;29;31;75.667;68.060
1445;31;29;75.667;68.440
1446;29;32;91.158;72.320
1446;32;29;91.158;72.970
1447;29;33;87.199;71.870
1447;33;29;87.199;72.630
1448;29;33;96.844;62.360
1448;33;29;96.844;63.120
1449;29;33;80.979;71.570
1449;33;29;80.979;72.330
1450;29;34;66.460;67.020
1450;34;29;66.460;67.860
1451;29;34;65.066;54.820
1451;34;29;65.066;55.660
1452;29;35;53.507;70.910
1452;35;29;53.507;72.360
1453;29;35;54.609;65.690
1453;35;29;54.609;67.140
1454;29;36;97.091;70.210
1454;36;29;97.091;71.820
1455;29;36;105.490;74.940
1455;36;29;105.490;76.550
1456;29;36;107.991;64.710
1456;36;29;107.991;66.320
1457;29;37;67.127;50.700
1457;37;29;67.127;52.640
1458;29;38;117.040;69.760
1458;38;29;117.040;72.090
1459;29;39;20.827;0.190
1459;39;29;65.827;51.900
1460;30;31;90.875;72.220
1460;31;30;90.875;72.350
1461;30;31;79.612;53.860
1461;31;30;79.612;53.990
1462;30;32;92.699;67.050
1462;32;30;92.699;67.450
1463;30;33;80.612;64.910
1463;33;30;80.612;65.420
1464;30;34;60.269;68.350
1464;34;30;60.269;68.940
1465;30;35;49.002;59.940
1465;35;30;49.002;61.140
1466;30;35;48.963;58.330
1466;35;30;48.963;59.530
1467;30;35;48.266;68.180
1467;35;30;48.266;69.380
1468;30;36;106.024;52.070
1468;36;30;106.024;53.430
1469;30;36;108.219;74.420
1469;36;30;108.219;75.780
1470;30;37;58.646;54.760
1470;37;30;58.646;56.450
1471;30;38;125.991;62.470
1471;38;30;125.991;64.550
1472;30;38;107.699;56.070
1472;38;30;107.699;58.150
1473;30;39;18.520;22.070
1473;39;30;63.520;73.530
1474;31;32;104.369;66.220
1474;32;31;104.369;66.490
1475;31;32;96.693;56.980
1475;32;31;96.693;57.250
1476;31;33;115.128;50.980
1476;33;31;115.128;51.360
1477;31;33;102.051;66.790
1477;33;31;102.051;67.170
1478;31;33;127.976;53.270
1478;33;31;127.976;53.650
1479;31;34;98.895;70.730
1479;34;31;98.895;71.190
1480;31;34;85.938;74.810
1480;34;31;85.938;75.270
1481;31;35;88.480;58.620
1481;35;31;88.480;59.690
1482;31;36;73.838;62.140
1482;36;31;73.838;63.370
1483;31;36;79.941;64.170
1483;36;31;79.941;65.400
1484;31;37;101.234;53.490
1484;37;31;101.234;55.050
1485;31;37;104.301;71.880
1485;37;31;104.301;73.440
1486;31;38;95.224;60.020
1486;38;31;95.224;61.970
1487;31;38;94.226;55.420
1487;38;31;94.226;57.370
1488;31;38;83.046;57.180
1488;38;31;83.046;59.130
1489;31;39;49.508;10.480
1489;39;31;94.508;61.810
1490;32;33;127.420;74.570
1490;33;32;127.420;74.680
1491;32;34;81.293;75.800
1491;34;32;81.293;75.990
1492;32;34;73.587;66.000
1492;34;32;73.587;66.190
1493;32;35;89.188;75.060
1493;35;32;89.188;75.860
1494;32;36;131.948;56.020
1494;36;32;131.948;56.980
1495;32;37;86.496;67.950
1495;37;32;86.496;69.240
1496;32;38;102.633;58.800
1496;38;32;102.633;60.480
1497;32;38;100.706;71.170
1497;38;32;100.706;72.850
1498;32;38;103.286;54.020
1498;38;32;103.286;55.700
1499;32;39;29.769;18.950
1499;39;32;74.769;70.010
1500;32;39;23.353;3.210
1500;39;32;68.353;54.270
1501;32;39;28.497;3.260
1501;39;32;73.497;54.320
1502;33;34;91.577;67.500
1502;34;33;91.577;67.580
1503;33;34;90.232;64.500
1503;34;33;90.232;64.580
1504;33;34;87.773;68.620
1504;34;33;87.773;68.700
1505;33;35;84.554;55.070
1505;35;33;84.554;55.760
1506;33;36;116.407;57.980
1506;36;33;116.407;58.830
1507;33;37;86.824;66.190
1507;37;33;86.824;67.370
1508;33;37;84.155;51.890
1508;37;33;84.155;53.070
1509;33;38;158.771;71.130
1509;38;33;158.771;72.700
1510;33;38;144.981;60.240
1510;38;33;144.981;61.810
1511;33;38;170.365;53.280
1511;38;33;170.365;54.850
1512;33;39;52.651;3.090
1512;39;33;97.651;54.040
1513;33;39;48.625;19.460
1513;39;33;93.625;70.410
1514;33;39;61.344;22.120
1514;39;33;106.344;73.070
1515;34;35;58.893;59.790
1515;35;34;58.893;60.400
1516;34;35;55.438;60.050
1516;35;34;55.438;60.660
1517;34;35;61.956;66.220
1517;35;34;61.956;66.830
1518;34;36;118.478;70.620
1518;36;34;118.478;71.390
1519;34;36;105.101;66.780
1519;36;34;105.101;67.550
1520;34;37;50.327;74.050
1520;37;34;50.327;75.150
1521;34;37;51.195;59.070
1521;37;34;51.195;60.170
1522;34;38;124.668;63.170
1522;38;34;124.668;64.660
1523;34;38;141.018;59.300
1523;38;34;141.018;60.790
1524;34;39;7.648;11.790
1524;39;34;52.648;62.660
1525;34;39;8.806;17.210
1525;39;34;53.806;68.080
1526;34;39;8.942;19.550
1526;39;34;53.942;70.420
1527;35;36;105.322;55.530
1527;36;35;105.322;55.690
1528;35;36;97.140;58.450
1528;36;35;97.140;58.610
1529;35;37;58.737;56.370
1529;37;35;58.737;56.860
1530;35;37;59.936;65.810
1530;37;35;59.936;66.300
1531;35;38;122.172;62.510
1531;38;35;122.172;63.390
1532;35;38;141.216;70.990
1532;38;35;141.216;71.870
1533;35;38;128.028;53.430
1533;38;35;128.028;54.310
1534;35;39;15.608;0.410
1534;39;35;60.608;50.670
1535;36;37;119.055;65.760
1535;37;36;119.055;66.090
1536;36;37;131.105;71.200
1536;37;36;131.105;71.530
1537;36;38;119.180;65.130
1537;38;36;119.180;65.850
1538;36;38;103.991;58.430
1538;38;36;103.991;59.150
1539;36;39;71.350;14.080
1539;39;36;116.350;64.180
1540;36;39;86.215;9.550
1540;39;36;131.215;59.650
1541;36;39;87.665;21.570
1541;39;36;132.665;71.670
1542;37;38;129.405;55.260
1542;38;37;129.405;55.650
1543;37;39;12.868;21.750
1543;39;37;57.868;71.520
1544;37;39;10.352;23.090
1544;39;37;55.352;72.860
1545;38;39;72.243;9.710
1545;39;38;117.243;59.090
